#t    E^kin_scal0    E^grad_scal0    E^kin_cmplxscal0    E^grad_cmplxscal0    E^kin_SU2matter    E^grad_SU2matter    E^kin_U10    E^grad_U10    E^kin_SU2    E^grad_SU2    Vpot_term_0    Vpot_term_1    Vpot_term_2    E_tot
0    2.95489131385008e-13    2.76651757152094e-13    5.45576514161132e-13    5.41418588207566e-13    0.500000557913355    5.73194690779486e-12    3.67394812668183e-12    3.65557209490977e-13    1.19885323339503e-11    7.99775449100648e-13    1.00000000000018    0    0    1.50000055793775
0.0707107    2.08265595890587e-13    2.01088129714226e-13    3.92529896012438e-13    3.87922110771336e-13    0.452339865131074    9.37709191952956e-12    1.29995352396679e-12    2.55884683134695e-13    5.44101973884296e-12    5.67287802208041e-13    0.811638321596927    0    0    1.26397818674613
0.1414214    1.46864954023774e-13    1.47491259346749e-13    2.83437488738536e-13    2.77754992509176e-13    0.40587874164557    7.31720768919079e-12    1.36441891834434e-12    1.78358675781415e-13    3.40872989588457e-12    3.69563177214049e-13    0.646707142723897    0    0    1.05258588438296
0.2121321    1.04602845803436e-13    1.08601002788439e-13    2.05486420355034e-13    1.99440334710731e-13    0.361037173392695    3.22850677714833e-12    1.34296876492566e-12    1.28547360710716e-13    4.14847656838699e-12    2.59790952294162e-13    0.50506408341021    0    0    0.866101256812631
0.2828428    7.58043456107108e-14    7.99274101391552e-14    1.4962909352997e-13    1.44255453585147e-13    0.318239748106456    3.27488238601448e-12    4.24037266832233e-13    8.99174628126873e-14    2.74615654081059e-12    1.90400363009658e-13    0.385991487335582    0    0    0.704231235449214
0.3535535    5.60651153105618e-14    5.87132970772459e-14    1.0957571032966e-13    1.05541225408975e-13    0.27789324300057    2.31025750131359e-12    7.68207234770444e-13    6.34777534035296e-14    1.70822279750198e-12    1.31549383099965e-13    0.28819952144218    0    0    0.566092764448062
0.424264200000001    4.22614453476901e-14    4.31419535226082e-14    8.09125982205395e-14    7.83146887712216e-14    0.240361472810511    2.03946239131041e-12    3.68406434213982e-13    4.75979046848904e-14    1.13518732119296e-12    9.38996384134453e-14    0.209883266287806    0    0    0.450244739102246
0.494974900000001    3.23437592898694e-14    3.18705696003513e-14    6.04663010659345e-14    5.89803713081304e-14    0.205940278057474    1.12886285776038e-12    2.47691334542187e-13    3.67810432408728e-14    1.20405446269497e-12    7.441780758074e-14    0.148832637497026    0    0    0.354772915557376
0.5656856    2.50385417416099e-14    2.38209833777399e-14    4.59038888372943e-14    4.50487984058378e-14    0.174836186869169    7.24913118235201e-13    3.17015383722685e-13    2.89915938146735e-14    9.00299340968608e-13    5.85409409843312e-14    0.102583183031579    0    0    0.277419369902917
0.6363963    1.95675167064407e-14    1.81148605242929e-14    3.54986554215509e-14    3.48551413683754e-14    0.147152188058821    1.00079101553455e-12    1.06915683353745e-13    2.24775490583698e-14    3.71404238928882e-13    4.38044666724481e-14    0.0685865451729825    0    0    0.215738733233457
0.707106999999999    1.54383604689665e-14    1.40616168402402e-14    2.79877279668068e-14    2.7304738367671e-14    0.122883069750577    5.11177212089475e-13    1.38421742404933e-13    1.80336501130499e-14    4.2201584589129e-13    3.5374985192894e-14    0.0443749991233431    0    0    0.16725806887513
