#t    <phi>    <pi>    <phi^2>    <pi^2>    rms(phi)    rms(pi)
0    0.707106781186549    -0.500000278955979    0.500000000000029    0.250000278956662    1.62893449077805e-07    7.78333726191107e-07
0.0707107    0.671159339834255    -0.516538268734219    0.450454859446778    0.266811783067249    1.60246068375e-07    5.51974275728532e-07
0.1414214    0.634106078872217    -0.531170974732804    0.402090519262719    0.282142604398836    1.45863457399923e-07    4.88610704916311e-07
0.2121321    0.59610343384235    -0.543279011781805    0.355339303838658    0.295152084642941    1.30027877482642e-07    5.70411776916455e-07
0.2828428    0.557351833150953    -0.552245652577941    0.31064106591674    0.304975260791459    1.13029424842128e-07    4.73211933796766e-07
0.3535535    0.518093705589713    -0.557509829333574    0.268421087771694    0.310817209803709    1.17053176034892e-07    3.97288043806685e-07
0.424264200000001    0.478607451294185    -0.558626046887018    0.229065092434327    0.312063060260773    1.06760744768925e-07    3.9568635935359e-07
0.494974900000001    0.439197183793914    -0.55532225380528    0.192894166252516    0.308382805571577    1.02627140832167e-07    4.48787213608013e-07
0.5656856    0.400178769798639    -0.547544684762534    0.16014304779756    0.299805181811854    8.72530931956759e-08    3.89692477985744e-07
0.6363963    0.361863462116889    -0.53547950000583    0.130945165215228    0.286738294926576    8.6136949547364e-08    2.85889834662376e-07
0.707106999999999    0.324541016089325    -0.519545115038216    0.105326871124296    0.269927126560202    7.10893326247992e-08    3.59785493941319e-07
