#t    <phi>    <pi>    <phi^2>    <pi^2>    rms(phi)    rms(pi)
0    0.707106781186547    -0.500000278955977    0.50000000000003    0.250000278956715    1.74930660322405e-07    8.12802809985232e-07
0.0707107    0.671159339834254    -0.516538268734215    0.45045485944678    0.266811783067267    1.68155600077152e-07    5.71493939367415e-07
0.1414214    0.634106078872219    -0.531170974732781    0.402090519262723    0.282142604398824    1.49770560518765e-07    5.01474336505797e-07
0.2121321    0.596103433842358    -0.543279011781779    0.355339303838664    0.295152084642927    1.17015622053252e-07    5.84140980588459e-07
0.2828428    0.557351833150961    -0.552245652577915    0.310641065916745    0.304975260791438    8.8765191700876e-08    4.81001647210474e-07
0.3535535    0.518093705589722    -0.557509829333541    0.268421087771701    0.310817209803675    1.08801552552177e-07    4.01905113170782e-07
0.424264200000001    0.478607451294193    -0.558626046886994    0.229065092434336    0.312063060260734    1.12416824564738e-07    3.7971818358183e-07
0.494974900000001    0.439197183793924    -0.555322253805263    0.192894166252524    0.308382805571542    1.0102773428849e-07    4.29989136196428e-07
0.5656856    0.400178769798653    -0.547544684762524    0.160143047797569    0.299805181811831    7.96414717942964e-08    3.71906062737717e-07
0.6363963    0.361863462116902    -0.535479500005832    0.130945165215236    0.28673829492657    7.77174715285021e-08    2.708355746911e-07
0.707106999999999    0.324541016089338    -0.519545115038231    0.105326871124305    0.269927126560214    7.05274823869313e-08    3.54372994243042e-07
