#t    <phi>    <pi>    <phi^2>    <pi^2>    rms(phi)    rms(pi)
0    0.70710678118655    -0.500000278955979    0.500000000000029    0.250000278956658    1.58616800405725e-07    7.75726160065865e-07
0.0707107    0.671159339834251    -0.516538268734212    0.45045485944678    0.266811783067236    1.82023928339291e-07    5.46870427238107e-07
0.1414214    0.634106078872221    -0.531170974732775    0.402090519262722    0.282142604398805    1.35404666585535e-07    4.88620129762288e-07
0.2121321    0.596103433842354    -0.543279011781772    0.355339303838666    0.295152084642899    1.39533884890143e-07    5.65538753156467e-07
0.2828428    0.557351833150959    -0.552245652577903    0.310641065916748    0.304975260791415    1.14661516329635e-07    4.69539821144585e-07
0.3535535    0.518093705589723    -0.557509829333532    0.268421087771704    0.310817209803655    1.13821354310643e-07    3.88519586600444e-07
0.424264200000001    0.478607451294196    -0.55862604688699    0.229065092434338    0.31206306026072    1.08173855771477e-07    3.66211488729389e-07
0.494974900000001    0.439197183793927    -0.555322253805267    0.192894166252527    0.308382805571548    1.00083817829552e-07    4.32429844942142e-07
0.5656856    0.400178769798653    -0.547544684762528    0.160143047797573    0.299805181811842    9.6558758101336e-08    3.81391849116792e-07
0.6363963    0.361863462116902    -0.535479500005839    0.130945165215238    0.28673829492658    8.90194789092924e-08    2.78321133138978e-07
0.707106999999999    0.324541016089338    -0.519545115038233    0.105326871124306    0.269927126560225    7.70174858754692e-08    3.66886807991868e-07
