#t    <phi>    <pi>    <phi^2>    <pi^2>    rms(phi)    rms(pi)
0    1.00000000000002    0.70710717569052    1.00000000000006    0.500000557913355    1.12501299906829e-07    5.75887092961486e-07
0.0707107    0.949162640906999    0.730495425128882    0.900909718893557    0.533623566134495    8.91865606572218e-08    5.18948856873754e-07
0.1414214    0.896761416724331    0.751189196406223    0.804181038525445    0.564285208797651    1.25536507849413e-07    4.73626379475761e-07
0.2121321    0.843017560717044    0.768312546614758    0.710678607677325    0.590304169285862    9.51380186273144e-08    4.54118303003415e-07
0.2828428    0.788214521455603    0.780993291637447    0.621282131833485    0.609950521582883    2.5157145956644e-08    4.3502691609394e-07
0.3535535    0.732695145025125    0.788437961799911    0.536842175543398    0.621634419607376    9.74793929137249e-08    4.22477382861072e-07
0.424264200000001    0.676853148673076    0.790016531802561    0.458130184868665    0.624126120521495    8.57699042464961e-08    3.84658406106117e-07
0.494974900000001    0.621118613877442    0.785344262819169    0.385788332505038    0.616765611143114    5.29293195800958e-08    3.60746937544436e-07
0.5656856    0.565938243623036    0.774345119196594    0.320286095595131    0.599610363623684    6.68671986203764e-08    3.10453271556575e-07
0.6363963    0.51175221585301    0.757282371281059    0.261890330430466    0.573476589853149    2.53632401489405e-08    2.93415479553923e-07
0.707106999999999    0.458970306499884    0.734747747951864    0.210653742248601    0.539854253120417    6.10182056894966e-08    2.83407607430127e-07
