#t    rel_diff_friedmann    LHS_friedmann    RHS_friedmann
0    -8.11461084058853e-17    1.36817778009997    1.36817778009997
0.0707107    -6.20446666006626e-06    1.60444773933845    1.60446764894699
0.1414214    -1.13127506340794e-05    1.85568198036797    1.85572396657795
0.2121321    -1.52320525626458e-05    2.11180790548625    2.11187224080424
0.2828428    -1.78468623524879e-05    2.35956130049266    2.35964552352726
0.3535535    -1.90613151293247e-05    2.58366553644236    2.58376403444582
0.424264200000001    -1.8846541653933e-05    2.76884340265412    2.76894777086614
0.494974900000001    -1.72824560242475e-05    2.90231315459361    2.90241347452631
0.5656856    -1.45808785831561e-05    2.97612273536138    2.97620952559537
0.6363963    -1.10790632434849e-05    2.98859835709114    2.98866457956524
0.707106999999999    -7.20032986263808e-06    2.94442764726652    2.94447004927246
