#t    <|E|>    <|B|>    <|E|^2>    <|B|^2>    rms(|E|)    rms(|B|)
0    8.3190869508535    2.62335647396965    81.6432917040412    8.123493544244    3.52648323520476    1.11422365561208
0.0707107    5.84385242985748    2.5902309228358    40.2027336980178    7.91356274190041    2.46010619203047    1.09739077282689
0.1414214    7.05984147756234    2.55150884167373    58.6057112977213    7.66101738971317    2.9604644246151    1.07276279790732
0.2121321    8.20471894608713    2.55109170397915    79.7813275433745    7.63657305928899    3.53042696555154    1.06231077240972
0.2828428    5.41677745673409    2.50073004836635    34.6156015173132    7.34026772086338    2.29654599377641    1.04240920278986
0.3535535    8.50371430573964    2.45227801930505    85.4240212272275    7.05867467626778    3.62089273986217    1.02225593287645
0.424264200000001    6.84143242584036    2.45848388939336    55.1988077409112    7.13165500265244    2.8971727776526    1.04283841904955
0.494974900000001    6.48233474466981    2.49338596859631    49.3691910991085    7.33110165496708    2.71081673249135    1.05552265090529
0.5656856    8.37537442123949    2.5328634720351    82.8597145472299    7.57766124641589    3.56550387060192    1.07808342833298
0.6363963    5.5327717554877    2.53315660712503    36.0850110091778    7.58637629006187    2.33954006395604    1.08143140967917
0.707106999999999    7.09919420207715    2.56331553474707    59.3691386977271    7.73463948789147    2.99509271624792    1.07891285895378
