#t    <phi>    <pi>    <phi^2>    <pi^2>    rms(phi)    rms(pi)
0    1.68484050942486e-07    6.54205933169945e-07    3.6024529600385e-14    5.45576514161132e-13    8.73936735604743e-08    3.4291560356212e-07
0.0707107    1.55215348895361e-07    6.02546730368568e-07    3.05399352581003e-14    4.63065979965894e-13    8.03002535823626e-08    3.1623316980994e-07
0.1414214    1.43162736076382e-07    5.55598863008069e-07    2.59410505037265e-14    3.94057549960512e-13    7.37935058311404e-08    2.92177092504962e-07
0.2121321    1.32237854798009e-07    5.13359105951691e-07    2.210868334728e-14    3.35975072947036e-13    6.79840650866115e-08    2.69142158131194e-07
0.2828428    1.22294858256594e-07    4.74920517160337e-07    1.89360635217381e-14    2.86784866395912e-13    6.30874881869428e-08    2.47457812113641e-07
0.3535535    1.13343045331555e-07    4.39162024293551e-07    1.63186408671535e-14    2.45115830663446e-13    5.89236365317238e-08    2.28588160414831e-07
0.424264200000001    1.05434191139622e-07    4.06585138749574e-07    1.41535248761509e-14    2.10098837547528e-13    5.51104002424633e-08    2.116302494813e-07
0.494974900000001    9.8385144253639e-08    3.77698481718729e-07    1.2345590183762e-14    1.81089078262226e-13    5.16328729972737e-08    1.96043197203046e-07
0.5656856    9.20775375841821e-08    3.52113600554205e-07    1.08150489344099e-14    1.57429923234759e-13    4.83402110757021e-08    1.82882299688933e-07
0.6363963    8.64338435830642e-08    3.29664079746136e-07    9.50211446151988e-15    1.38344173634615e-13    4.50700027177531e-08    1.72237534120028e-07
0.707106999999999    8.12476441192189e-08    3.10491786039397e-07    8.36685235787312e-15    1.22956677504282e-13    4.2019908173982e-08    1.62946397033956e-07
