#t    <phi>    <pi>    <phi^2>    <pi^2>    rms(phi)    rms(pi)
0    -1.15805285757424e-23    -1.6130021944784e-23    3.59146646951655e-14    5.90978262770017e-13    1.89511647914226e-07    7.68751105865882e-07
0.0707107    2.8951321439356e-24    6.20385459414771e-23    3.09293931763317e-14    4.91380214521033e-13    1.75867544408659e-07    7.00985174251947e-07
0.1414214    3.68095372586097e-23    -4.96308367531817e-24    2.68580144886743e-14    4.08366897514093e-13    1.63884149595604e-07    6.39035912538641e-07
0.2121321    1.90251540887196e-23    -5.37667398159468e-24    2.33887211630669e-14    3.42056167882594e-13    1.52933714932538e-07    5.84855681243326e-07
0.2828428    -5.16987882845642e-24    1.48892510259545e-23    2.0320080387198e-14    2.90579039347623e-13    1.42548519414261e-07    5.39053837151376e-07
0.3535535    2.04727201606874e-23    -6.70016296167952e-23    1.75564991633982e-14    2.50830175213939e-13    1.32500940235902e-07    5.00829487164982e-07
0.424264200000001    1.94387443949962e-23    2.58493941422821e-23    1.50762944174747e-14    2.19473375862354e-13    1.22785562740392e-07    4.68479856410449e-07
0.494974900000001    -4.46677530778635e-23    3.92910790962688e-23    1.28918758636254e-14    1.93731101591644e-13    1.13542396767135e-07    4.40148953868623e-07
0.5656856    2.99852972050473e-23    2.37814426108995e-23    1.10174915651709e-14    1.71742124867184e-13    1.04964239458831e-07    4.14417814369971e-07
0.6363963    1.01329625037746e-23    -1.42688655665397e-23    9.45167456976139e-15    1.52515744423978e-13    9.72197231520507e-08    3.90532641944278e-07
0.707106999999999    -1.34416849539867e-23    5.99705944100945e-24    8.17374873527719e-15    1.35648703719636e-13    9.04087868256022e-08    3.68305177427139e-07
