1:binCentralValue 2:valuesAverage 3:valuesAverage 4:multiplicity
0.707107 9.207976398920991e-16 2.579807054332113e-15 18
1.41421 6.692476188133274e-15 1.602945146487874e-14 62
2.12132 9.6234340699553e-15 4.171910427028858e-14 98
2.82843 1.755048044533332e-14 1.655124960071296e-13 210
3.53554 3.063902603400552e-14 4.649249130595027e-13 350
4.24264 3.956582060598804e-14 7.852155117289834e-13 450
4.94975 5.377164717636074e-14 1.26409739524593e-12 602
5.65686 2.918739975801655e-14 9.652772891731959e-13 762
6.36396 8.137383440080772e-46 1.409402647057952e-44 1142
7.07107 8.890198930253214e-46 1.248167952668473e-44 1250
7.77818 9.626152043269706e-46 1.431538424734835e-44 1458
8.48528 1.014354136072452e-45 1.690508897086467e-44 1814
9.19239 1.074784364681801e-45 1.850236426400688e-44 2178
9.8995 1.300653876667422e-45 1.890361894397252e-44 2498
10.6066 1.267951381939373e-45 2.190565646866095e-44 2622
11.3137 1.330201389450023e-45 2.085727938603674e-44 3338
12.0208 1.452890184227827e-45 2.334965154922302e-44 3722
12.7279 1.915558831045604e-45 2.756594797574438e-44 4170
13.435 1.834587454349852e-45 3.062556059982653e-44 4358
14.1421 2.18402681476563e-45 3.76193064259851e-44 5034
14.8492 1.947249761509813e-45 3.654240916448415e-44 5714
15.5564 2.125442609490588e-45 3.131578758934627e-44 5982
16.2635 2.090035972606562e-45 3.644134852082566e-44 6602
16.9706 2.003126946140562e-45 3.616231229438311e-44 7130
17.6777 2.692736821694214e-45 4.750119542628779e-44 8034
18.3848 3.041130287243314e-45 5.675546759120872e-44 8606
19.0919 3.089881492986149e-45 5.611301779588367e-44 9066
19.799 3.966966012800164e-45 6.659625416609602e-44 9962
20.5061 4.96477081586828e-45 7.385078229559671e-44 10550
21.2132 4.843138597043223e-45 7.927575802277174e-44 11226
21.9203 5.521942939466035e-45 7.826188353793712e-44 12146
22.6274 4.345956720117633e-45 7.80561217039785e-44 12303
23.3345 3.161624122281158e-45 5.152084523132266e-44 12584
24.0416 2.593693828846076e-45 4.678924862831324e-44 12120
24.7487 2.367560460082995e-45 4.174995869372233e-44 11180
25.4559 2.340372737771143e-45 4.010800052402939e-44 11096
26.163 2.190311758466919e-45 3.931217580996795e-44 10056
26.8701 2.128914835597589e-45 3.747875516155049e-44 9716
27.5772 1.804986334976436e-45 3.056344674227131e-44 8604
28.2843 1.697140691452513e-45 2.933853414005969e-44 8060
28.9914 1.615968901085528e-45 2.924676780887994e-44 7320
29.6985 1.457143624046104e-45 2.349768596366211e-44 6356
30.4056 1.162495834438024e-45 1.964323346153521e-44 5348
31.1127 8.518779851039507e-46 1.492970980018115e-44 4308
31.8198 6.730068335723719e-46 1.094463705134455e-44 3563
32.5269 4.016951455461661e-46 7.075019452031428e-45 2448
33.234 3.413903755831192e-46 5.746385351171991e-45 1868
33.9411 2.519473063441732e-46 3.832975972317446e-45 1358
34.6482 2.009955474904602e-46 3.369597439464308e-45 1062
35.3554 1.458682570551889e-46 2.668211770323458e-45 776
36.0625 8.805447430899327e-47 1.566621069253739e-45 432
36.7696 4.243705368756271e-47 6.890589660288201e-46 200
37.4767 3.798124289688723e-47 5.021595340507257e-46 168
38.1838 1.004792809496114e-47 1.727995534813827e-46 56
38.8909 6.780360416175924e-49 1.591536006631361e-47 7

0.707107 2.506104507403365e-16 2.557820023211803e-16 18
1.41421 1.951603358682478e-15 3.757663540850347e-15 62
2.12132 1.715382548146438e-15 1.159028634084122e-14 98
2.82843 4.152832184887363e-15 3.825712596156954e-14 210
3.53554 6.836615738749216e-15 1.124791672533243e-13 350
4.24264 8.619646138387415e-15 1.806940064030275e-13 450
4.94975 1.187042547003145e-14 2.884921389838763e-13 602
5.65686 6.701027773038855e-15 2.100937262378584e-13 762
6.36396 3.81336878949455e-46 1.79774534118502e-44 1142
7.07107 2.968022398419056e-46 2.148046850928157e-44 1250
7.77818 3.49195001848242e-46 2.374108632020715e-44 1458
8.48528 5.249673053921807e-46 2.59216167766453e-44 1814
9.19239 7.121912753464429e-46 2.654446494218288e-44 2178
9.8995 8.731863616482707e-46 3.352691882094129e-44 2498
10.6066 7.311522412498404e-46 4.831002623249198e-44 2622
11.3137 6.619120169387027e-46 7.497547026386687e-44 3338
12.0208 6.656288679431483e-46 1.127125185218186e-43 3722
12.7279 7.463680826796518e-46 1.51125708218161e-43 4170
13.435 9.538582512141019e-46 1.512119352872401e-43 4358
14.1421 1.299901834799516e-45 1.568759725642072e-43 5034
14.8492 1.53762538590544e-45 1.482809451448695e-43 5714
15.5564 1.724764697809724e-45 1.578817357889736e-43 5982
16.2635 1.705557068251979e-45 2.020163556889285e-43 6602
16.9706 1.647839420392245e-45 2.550368193567244e-43 7130
17.6777 2.130146101515164e-45 3.418512699825085e-43 8034
18.3848 2.063360651927268e-45 4.125034271448591e-43 8606
19.0919 2.11415913997342e-45 4.630929464474695e-43 9066
19.799 2.728372593048833e-45 5.62637201036842e-43 9962
20.5061 3.044072069169344e-45 6.34278098978658e-43 10550
21.2132 3.120103400731968e-45 6.908610542580158e-43 11226
21.9203 3.475906547758523e-45 7.600273472252677e-43 12146
22.6274 3.210979579647741e-45 7.6696545931264e-43 12303
23.3345 2.924624223229798e-45 7.695578222634341e-43 12584
24.0416 2.876739052321057e-45 7.720232709064886e-43 12120
24.7487 2.606756412653113e-45 7.727617052095185e-43 11180
25.4559 2.498165366036878e-45 8.439755804140407e-43 11096
26.163 2.216570860176134e-45 8.802604631444931e-43 10056
26.8701 2.048711447146669e-45 9.071736921941907e-43 9716
27.5772 1.87613574137827e-45 8.415000310980249e-43 8604
28.2843 1.846471358254609e-45 8.023579555138068e-43 8060
28.9914 1.734828348644063e-45 7.3433026297602e-43 7320
29.6985 1.625680683111825e-45 6.577561041858767e-43 6356
30.4056 1.387582037926949e-45 5.723067899328245e-43 5348
31.1127 1.113122549378927e-45 4.484190817635708e-43 4308
31.8198 9.332997330940448e-46 4.013699457617872e-43 3563
32.5269 6.325263202857612e-46 2.803875640028829e-43 2448
33.234 4.505154763467092e-46 2.713870329872019e-43 1868
33.9411 3.514893259681527e-46 1.955969567236995e-43 1358
34.6482 2.594424774639601e-46 1.687544402231029e-43 1062
35.3554 2.074807659287056e-46 1.3429987568751e-43 776
36.0625 1.129794401193217e-46 7.475713914809582e-44 432
36.7696 5.212356023141843e-47 3.605317054978524e-44 200
37.4767 3.854565446638018e-47 2.868376798393092e-44 168
38.1838 1.53099840263245e-47 5.469521418230728e-45 56
38.8909 2.219624288383802e-48 7.425348545533646e-46 7

