1:binCentralValue 2:valuesAverage 3:valuesAverage 4:multiplicity
0.707107 0.3224524195858464 0.01179420114036285 18
1.41421 1.029911375339375 0.04600189143326767 62
2.12132 1.777394383173499 0.1201751590683363 98
2.82843 5.255715866159946 0.241796467750158 210
3.53554 7.981317404308789 0.3795819737323491 350
4.24264 10.16617161217177 0.4176442789289451 450
4.94975 12.65650449942821 0.5213303670382922 602
5.65686 12.67355502325157 0.6305405910573295 762
6.36396 14.43682833653164 0.8748875317637477 1142
7.07107 11.36748080709046 0.954908235936869 1250
7.77818 9.428528580582386 1.042175353079834 1458
8.48528 8.719478536861502 1.134432680661593 1814
9.19239 6.205590827825134 0.9892324057512701 2178
9.8995 3.162922342422021 0.6715140629485056 2498
10.6066 1.032971565773395 0.2325844594119698 2622
11.3137 0.29133280431933 0.03274005094859959 3338
12.0208 0.20504954008087 0.01937521179642584 3722
12.7279 0.1558097490197181 0.01792146027492827 4170
13.435 0.1157131516635113 0.01560599722648733 4358
14.1421 0.08948808706249195 0.0144268145382642 5034
14.8492 0.06954159785540855 0.01198914600043085 5714
15.5564 0.04614091673029852 0.00956094758473843 5982
16.2635 0.03512658854076349 0.007654642521230041 6602
16.9706 0.02347443616615127 0.006055975735223875 7130
17.6777 0.01703747027210867 0.004617562648134803 8034
18.3848 0.01175778074737801 0.003436493226724638 8606
19.0919 0.008106455187388636 0.00260779026724049 9066
19.799 0.005996705896632982 0.002160753252985983 9962
20.5061 0.004440832029223443 0.001902782680667151 10550
21.2132 0.003483857530885941 0.00187886389619 11226
21.9203 0.00269202554278607 0.001811398975544983 12146
22.6274 0.002072512504385524 0.001779055838351633 12303
23.3345 0.00158443283200868 0.001691192273153221 12584
24.0416 0.001139839161430339 0.00148855750728721 12120
24.7487 0.000795989322667099 0.00130022112152407 11180
25.4559 0.0005698583927977702 0.00119914293230863 11096
26.163 0.0004003077977213631 0.001078864558741133 10056
26.8701 0.0002962494583454836 0.001024522754734731 9716
27.5772 0.0002016247762313412 0.0008559643993289647 8604
28.2843 0.0001491125492457464 0.0007958272301566037 8060
28.9914 0.0001094718690369579 0.0007359284888090566 7320
29.6985 7.78815998640682e-05 0.0006343379608313495 6356
30.4056 5.588773673017103e-05 0.000515788737742721 5348
31.1127 3.801206349827081e-05 0.0004146645462371477 4308
31.8198 2.672268243921406e-05 0.0003344966960989262 3563
32.5269 1.474429290490066e-05 0.0002232305493930729 2448
33.234 9.318586538031848e-06 0.0001734517483850678 1868
33.9411 6.346356147155285e-06 0.0001234525810835689 1358
34.6482 3.747909513990034e-06 9.967498913137676e-05 1062
35.3554 2.616927016412872e-06 6.836116231435411e-05 776
36.0625 1.37981043552278e-06 3.930609203988309e-05 432
36.7696 5.58707820487651e-07 1.975208991610003e-05 200
37.4767 5.559039648352334e-07 1.540490965687542e-05 168
38.1838 1.631381233673217e-07 5.23450548278772e-06 56
38.8909 1.939859161924668e-08 1.074522646491921e-06 7

0.707107 0.06124209044165468 0.02092848326208348 18
1.41421 0.5276793529579946 0.07502819827996686 62
2.12132 1.015825997803511 0.1687059054896169 98
2.82843 2.722251179904999 0.3877700197096176 210
3.53554 4.553394659567563 0.5219670264569798 350
4.24264 5.858319172108652 0.6608496788047743 450
4.94975 7.582769368351274 0.7833730656670608 602
5.65686 7.687553322504669 0.8195434085938411 762
6.36396 10.99421097170707 1.177448050001989 1142
7.07107 9.566831974280882 1.261495105486851 1250
7.77818 9.045215713939415 1.293813623677752 1458
8.48528 8.857151742713988 1.405310375221546 1814
9.19239 6.349397071408352 1.295338086401726 2178
9.8995 3.603317761400297 0.9751623408897054 2498
10.6066 1.144831228015152 0.4465095060801685 2622
11.3137 0.2610286292763915 0.2222406183222359 3338
12.0208 0.1800463397383452 0.2219462031495376 3722
12.7279 0.1546074510642117 0.2333822945797817 4170
13.435 0.1220439020052187 0.2261461306876074 4358
14.1421 0.09936106383304223 0.2275581752534689 5034
14.8492 0.08153127484108057 0.2414656581098155 5714
15.5564 0.05764515470754736 0.239412303259729 5982
16.2635 0.0427369672612372 0.2489427650541202 6602
16.9706 0.0296481456523113 0.2487303367017938 7130
17.6777 0.02085331378941473 0.2656306623036676 8034
18.3848 0.01515710838989033 0.2723882220628905 8606
19.0919 0.01019535511760201 0.2784466878406513 9066
19.799 0.007497308022176023 0.2904954679220538 9962
20.5061 0.005770479251778203 0.301441043741285 10550
21.2132 0.004432816299718057 0.3105352190753639 11226
21.9203 0.00356647900886872 0.3315319441253364 12146
22.6274 0.002869017174751583 0.3224183582013032 12303
23.3345 0.002256670270769989 0.3147042927910568 12584
24.0416 0.001595942356094554 0.284998969312749 12120
24.7487 0.001107657744134073 0.2428256826223974 11180
25.4559 0.0008399127172189337 0.2280226092461446 11096
26.163 0.0005788154080777701 0.1914823608550014 10056
26.8701 0.0004340995397319041 0.1729109996756586 9716
27.5772 0.0003046113139881113 0.1418779640154966 8604
28.2843 0.0002324179016871877 0.1253873535959861 8060
28.9914 0.0001689047212743557 0.1049987924830339 7320
29.6985 0.0001216638304298992 0.08204082548050955 6356
30.4056 8.958270795757204e-05 0.06530808653207758 5348
31.1127 5.956780878550394e-05 0.0465790846265572 4308
31.8198 4.092970392637224e-05 0.03415636148869044 3563
32.5269 2.233767057194154e-05 0.02052865151741698 2448
33.234 1.427139592875572e-05 0.01317028848044884 1868
33.9411 9.342452549357383e-06 0.00859205532395084 1358
34.6482 6.063190351809269e-06 0.005167198613933168 1062
35.3554 3.624709252767766e-06 0.003389883310427171 776
36.0625 1.673996606104738e-06 0.001640378270960202 432
36.7696 7.748119802349317e-07 0.0006455915253350785 200
37.4767 7.296142875446237e-07 0.0005533627196479116 168
38.1838 1.9420910630603e-07 0.0001567360953032839 56
38.8909 3.979496904731475e-08 1.621013726136127e-05 7

