1:binCentralValue 2:valuesAverage 3:valuesAverage 4:multiplicity
0.707107 9.401208729552148e-16 7.348134503161153e-15 18
1.41421 5.281131201049813e-15 4.850132904403482e-14 62
2.12132 1.148859688891239e-14 1.040533141751e-13 98
2.82843 2.79830848199638e-14 3.767432936374983e-13 210
3.53554 5.619461297938895e-14 9.64971767408029e-13 350
4.24264 7.271843352529128e-14 1.576312630496569e-12 450
4.94975 1.005865261609664e-13 2.763716134498579e-12 602
5.65686 5.599570509277152e-14 1.872471834542046e-12 762
6.36396 3.50688651247147e-33 3.606646525387263e-33 1142
7.07107 4.077616061469515e-33 1.608110575112482e-33 1250
7.77818 4.475699548555676e-33 2.886015768832175e-33 1458
8.48528 9.179481556759895e-33 4.020867817886224e-33 1814
9.19239 1.012539907241196e-32 4.010206025390752e-33 2178
9.8995 9.758593790730806e-33 4.786739348125005e-33 2498
10.6066 7.641974326261573e-33 3.391057986357438e-33 2622
11.3137 1.76874450465777e-32 1.10615653862101e-32 3338
12.0208 1.319102258109137e-32 5.11963797067004e-33 3722
12.7279 1.762257454949074e-32 6.710575639520243e-33 4170
13.435 1.77315762462221e-32 9.865045557688821e-33 4358
14.1421 2.430114940120683e-32 9.386787531372352e-33 5034
14.8492 2.117145726435176e-32 1.143143642132405e-32 5714
15.5564 3.171527660859111e-32 1.003276444570524e-32 5982
16.2635 2.701304139702523e-32 1.161204792237269e-32 6602
16.9706 3.909794926556757e-32 3.573367465751167e-32 7130
17.6777 2.862588516404042e-32 1.074578060123235e-32 8034
18.3848 5.50929282320911e-32 1.397808891939232e-32 8606
19.0919 3.597745450720675e-32 1.339976409355751e-32 9066
19.799 6.120500146095726e-32 2.552658526674265e-32 9962
20.5061 4.912093334070413e-32 1.625187228871567e-32 10550
21.2132 5.619046409747412e-32 1.76384689087825e-32 11226
21.9203 4.666452018152498e-32 1.859574758603256e-32 12146
22.6274 4.547547001118964e-32 1.759033002294279e-32 12303
23.3345 4.301926727341039e-32 1.745750425935033e-32 12584
24.0416 4.35104588361003e-32 1.550985957276522e-32 12120
24.7487 3.808565603554229e-32 1.384127959486144e-32 11180
25.4559 3.534872699644343e-32 1.348597611872884e-32 11096
26.163 2.885484879047374e-32 1.1769801167e-32 10056
26.8701 3.088923022262494e-32 1.244396955601932e-32 9716
27.5772 2.528840946365204e-32 9.866984571744298e-33 8604
28.2843 2.548411188821614e-32 1.009626515929666e-32 8060
28.9914 2.645953471860449e-32 8.473050088633456e-33 7320
29.6985 1.913694622088191e-32 7.630503895886754e-33 6356
30.4056 2.22355700631498e-32 7.617448834514995e-33 5348
31.1127 1.318227782246117e-32 5.026585889472225e-33 4308
31.8198 1.432005031408466e-32 4.852233007957278e-33 3563
32.5269 7.48566759993361e-33 2.859138307270059e-33 2448
33.234 5.992177007374206e-33 2.183915810847554e-33 1868
33.9411 4.648895559522155e-33 1.845748138450837e-33 1358
34.6482 3.224841825701445e-33 1.259119556526063e-33 1062
35.3554 2.666669179200798e-33 9.660879001533829e-34 776
36.0625 1.552840539433672e-33 5.613342172596825e-34 432
36.7696 1.189721718779754e-33 3.953899493935302e-34 200
37.4767 7.987065995403423e-34 3.112431229673671e-34 168
38.1838 4.455286135109463e-34 1.511524510916194e-34 56
38.8909 1.168843960887115e-34 4.037248585208982e-35 7

0.707107 2.025446498978245e-16 1.402348092693098e-15 18
1.41421 1.095028663629015e-15 8.672288756332783e-15 62
2.12132 2.148939017006903e-15 1.969528491134004e-14 98
2.82843 5.482317683381982e-15 6.836735157064622e-14 210
3.53554 1.05386158330948e-14 1.860806635060349e-13 350
4.24264 1.284974562612698e-14 3.19443603673824e-13 450
4.94975 1.628755980393298e-14 6.127401172812783e-13 602
5.65686 9.114884735652857e-15 4.098527978479185e-13 762
6.36396 3.196701892422707e-26 2.523845195629557e-25 1142
7.07107 2.030388333505542e-26 1.868982486773957e-25 1250
7.77818 1.518712576526699e-26 1.477785691346575e-25 1458
8.48528 1.114677309447626e-26 1.285863855623235e-25 1814
9.19239 6.775467411989372e-27 9.741098944882569e-26 2178
9.8995 2.951649367649978e-27 5.810301954179354e-26 2498
10.6066 7.019483771367313e-28 1.795891196861456e-26 2622
11.3137 2.74494224983708e-29 7.903829202962655e-28 3338
12.0208 9.518929793345826e-32 4.105948309323385e-30 3722
12.7279 9.644214558522548e-32 4.443981375975136e-30 4170
13.435 9.337213209535054e-32 4.461531853223115e-30 4358
14.1421 1.031450115853605e-31 4.800906481215236e-30 5034
14.8492 1.029495368738607e-31 5.146580703204605e-30 5714
15.5564 1.007336833969001e-31 5.352742560656606e-30 5982
16.2635 1.0187848532958e-31 6.092286826095934e-30 6602
16.9706 1.055815102464422e-31 7.044645608706403e-30 7130
17.6777 1.098201738056534e-31 8.288704502790698e-30 8034
18.3848 1.144659599449126e-31 9.79463156421922e-30 8606
19.0919 1.065819717852592e-31 1.035790240313704e-29 9066
19.799 1.170570467694203e-31 1.227447257829477e-29 9962
20.5061 1.192145491028372e-31 1.289145113811125e-29 10550
21.2132 1.173320777161813e-31 1.472829928348957e-29 11226
21.9203 1.251758796957598e-31 1.570147170934176e-29 12146
22.6274 1.318518482712771e-31 1.614309987131281e-29 12303
23.3345 1.174875197288077e-31 1.744506238560663e-29 12584
24.0416 1.059734732933406e-31 1.740785342735731e-29 12120
24.7487 9.261574199447025e-32 1.673299588806053e-29 11180
25.4559 8.748857209071288e-32 1.737002810483706e-29 11096
26.163 7.801912806109779e-32 1.610878151426742e-29 10056
26.8701 7.458605976550684e-32 1.710254493503371e-29 9716
27.5772 6.407755592458516e-32 1.568655950082669e-29 8604
28.2843 6.063734332177041e-32 1.54866962087375e-29 8060
28.9914 5.472512139108096e-32 1.471635048047094e-29 7320
29.6985 4.584157580535835e-32 1.343617979825213e-29 6356
30.4056 4.202225817567246e-32 1.162302052070691e-29 5348
31.1127 3.224956318612992e-32 9.807977611384229e-30 4308
31.8198 2.80831906262958e-32 8.440780533266006e-30 3563
32.5269 1.85288566277631e-32 6.029872379000034e-30 2448
33.234 1.342398339024747e-32 4.811709190519679e-30 1868
33.9411 9.81370240566845e-33 3.674767556220254e-30 1358
34.6482 7.909796803932976e-33 2.988481789093451e-30 1062
35.3554 5.897967949226964e-33 2.335990854953421e-30 776
36.0625 3.363367444457307e-33 1.352430938216847e-30 432
36.7696 1.734306512896201e-33 6.408629007983071e-31 200
37.4767 1.270675356002994e-33 5.777126127121559e-31 168
38.1838 5.115818606089977e-34 2.241793787874123e-31 56
38.8909 9.861364623976159e-35 2.766788871228042e-32 7

