1:binCentralValue 2:valuesAverage 3:valuesAverage 4:multiplicity
0.707107 1.54107310926143e-15 2.844564047724184e-15 18
1.41421 6.414837306298131e-15 2.188694764534317e-14 62
2.12132 7.262005695116639e-15 4.548505836480112e-14 98
2.82843 2.034439939590005e-14 1.69938279350534e-13 210
3.53554 3.308528473255251e-14 4.072228283600261e-13 350
4.24264 3.870511022667663e-14 7.26749693806113e-13 450
4.94975 5.033419867122278e-14 1.200495744141096e-12 602
5.65686 2.8086087702635e-14 8.005865093732256e-13 762
6.36396 7.349417334463629e-46 1.067528823958102e-44 1142
7.07107 8.154923089210253e-46 1.254050855912904e-44 1250
7.77818 8.77954366862717e-46 1.395139478502318e-44 1458
8.48528 9.917241383109801e-46 1.675793087301758e-44 1814
9.19239 1.094424353035122e-45 1.856001849794022e-44 2178
9.8995 1.098572421916813e-45 1.760152298316337e-44 2498
10.6066 1.225874957840644e-45 1.8420336123393e-44 2622
11.3137 1.259658107121757e-45 1.838223049519855e-44 3338
12.0208 1.465585969136809e-45 2.023991702134901e-44 3722
12.7279 1.694028605510454e-45 2.527072529548481e-44 4170
13.435 1.858101133154834e-45 2.945652805740038e-44 4358
14.1421 2.062927290528019e-45 3.124679528080513e-44 5034
14.8492 2.160446155675937e-45 3.428772671458963e-44 5714
15.5564 2.137913111226463e-45 3.23464574246767e-44 5982
16.2635 2.312128062945583e-45 3.664334203795216e-44 6602
16.9706 2.082960674873376e-45 3.341745789184642e-44 7130
17.6777 2.724171893769422e-45 4.290780557145557e-44 8034
18.3848 2.844232678858934e-45 4.943337797829493e-44 8606
19.0919 3.300279034730461e-45 5.249987672091662e-44 9066
19.799 4.082940643911609e-45 6.360870221726652e-44 9962
20.5061 4.603557074159838e-45 7.839798667178199e-44 10550
21.2132 4.563677116541774e-45 7.263963608256173e-44 11226
21.9203 4.920703032611709e-45 8.164703451054851e-44 12146
22.6274 4.413546820960379e-45 7.005312781331304e-44 12303
23.3345 3.029303839275857e-45 4.915166825821871e-44 12584
24.0416 2.612534464405646e-45 4.170833539510503e-44 12120
24.7487 2.394984485305085e-45 3.749245620216435e-44 11180
25.4559 2.378526751277266e-45 3.645179370775468e-44 11096
26.163 2.108945447068365e-45 3.378927972431293e-44 10056
26.8701 2.111916540606179e-45 3.248654918850866e-44 9716
27.5772 1.755831964892803e-45 2.866416974181693e-44 8604
28.2843 1.853820070913098e-45 2.806663089802443e-44 8060
28.9914 1.602724063841064e-45 2.4951036185287e-44 7320
29.6985 1.442461184260462e-45 2.235563143570017e-44 6356
30.4056 1.165516383479507e-45 1.771824948880275e-44 5348
31.1127 8.739161228589294e-46 1.313959885139711e-44 4308
31.8198 6.411658327295405e-46 9.708290189212103e-45 3563
32.5269 4.030453564094431e-46 6.394578629496721e-45 2448
33.234 3.309964564309071e-46 5.057304769943075e-45 1868
33.9411 2.583277414963493e-46 3.726060556673085e-45 1358
34.6482 2.048392632994357e-46 3.063911919625683e-45 1062
35.3554 1.612766751390272e-46 2.366512636714139e-45 776
36.0625 1.025131188376628e-46 1.375557635658278e-45 432
36.7696 4.04651244460453e-47 5.649658043569968e-46 200
37.4767 4.160471335642763e-47 5.564276028290788e-46 168
38.1838 1.469084509268202e-47 2.107696780315959e-46 56
38.8909 1.264940188852612e-48 9.184559034529581e-48 7

0.707107 4.221311684631739e-16 3.372583112967943e-16 18
1.41421 1.980381410066442e-15 3.591466070126644e-15 62
2.12132 2.029734513666795e-15 9.292198188195472e-15 98
2.82843 4.250141181664126e-15 4.162835638157268e-14 210
3.53554 7.29206173794895e-15 8.653939234847783e-14 350
4.24264 8.451365788167388e-15 1.647454800614394e-13 450
4.94975 1.114243362121956e-14 2.740784174693431e-13 602
5.65686 6.053339790808481e-15 1.871974363842879e-13 762
6.36396 9.295263596284307e-28 3.886949964378778e-26 1142
7.07107 6.297683110213479e-28 2.846845248450107e-26 1250
7.77818 4.287633339625371e-28 2.574550996954232e-26 1458
8.48528 3.160661508728466e-28 2.767522526241668e-26 1814
9.19239 1.815022872949631e-28 2.238015558765109e-26 2178
9.8995 8.259050948327685e-29 1.258468514531117e-26 2498
10.6066 2.314367539954912e-29 3.618253543854303e-27 2622
11.3137 1.087805099979297e-30 1.441330757366373e-28 3338
12.0208 7.412796940320522e-41 4.200654324289003e-39 3722
12.7279 3.759612255400809e-41 2.388825409130434e-39 4170
13.435 1.6718240588797e-41 1.101941010857745e-39 4358
14.1421 6.561899876474557e-42 5.222196954833976e-40 5034
14.8492 1.884454722465061e-42 1.789889072734179e-40 5714
15.5564 3.083104702691769e-43 3.668949109627515e-41 5982
16.2635 2.53610955472264e-44 3.421098590181332e-42 6602
16.9706 1.916410486416471e-45 2.794975607641819e-43 7130
17.6777 2.24720884924053e-45 3.531288563774697e-43 8034
18.3848 2.367298506030634e-45 4.461248418557615e-43 8606
19.0919 2.425570483669968e-45 4.965662826502191e-43 9066
19.799 2.950144656236063e-45 6.055087411349114e-43 9962
20.5061 3.270164490369817e-45 6.719985289952845e-43 10550
21.2132 3.389894500436543e-45 7.591290224483324e-43 11226
21.9203 3.984455463367396e-45 7.968333568447722e-43 12146
22.6274 3.625467935780225e-45 8.209495591288363e-43 12303
23.3345 3.434639089656822e-45 8.145936099712039e-43 12584
24.0416 3.309981924094584e-45 8.15174457518319e-43 12120
24.7487 2.963915010761664e-45 8.415571953172065e-43 11180
25.4559 2.893623009842768e-45 9.090575803023844e-43 11096
26.163 2.49473010579153e-45 9.251431145612036e-43 10056
26.8701 2.392226286239132e-45 9.666407488243239e-43 9716
27.5772 2.15899446760828e-45 8.974298694661469e-43 8604
28.2843 2.100334762372466e-45 8.548211677571495e-43 8060
28.9914 2.014970092728126e-45 7.789017853727357e-43 7320
29.6985 1.82749532922809e-45 6.902004328640435e-43 6356
30.4056 1.55839996047952e-45 5.971715129929994e-43 5348
31.1127 1.284924736479135e-45 4.871801907316521e-43 4308
31.8198 1.000526848790527e-45 4.244993247584901e-43 3563
32.5269 6.873165156025147e-46 3.197519759283481e-43 2448
33.234 5.05718999969365e-46 2.733816139447275e-43 1868
33.9411 3.504606864934617e-46 2.123329988737193e-43 1358
34.6482 2.835886399024291e-46 1.768350528816397e-43 1062
35.3554 2.118498198731757e-46 1.381833332163986e-43 776
36.0625 1.116922803680175e-46 7.519497255034773e-44 432
36.7696 4.374201882368058e-47 4.199543118942818e-44 200
37.4767 5.200999130989274e-47 3.082043527285088e-44 168
38.1838 1.18789775465399e-47 1.089525595765073e-44 56
38.8909 1.27929872298039e-48 1.267471558128241e-45 7

