#t    <|E|>    <|B|>    <|E|^2>    <|B|^2>    rms(|E|)    rms(|B|)
0    15.8691134939173    4.09984550446488    266.411829643341    17.7727877577919    3.81877815020889    0.981862820006439
0.3535535    13.3843326207165    -nan    189.952989128291    14.6281855133618    3.28825628963369    0
0.707106999999999    13.0807934090088    -nan    181.002759046883    15.1723490123724    3.14572771194747    0
1.0606605    10.838348413895    -nan    124.129743678119    18.6475771245336    2.58068737687053    0
1.414214    8.01592978607517    -nan    67.8819049310699    25.6951197397567    1.90440925112823    0
1.76776750000001    7.24212329943468    -nan    55.5236863979984    24.7442163074344    1.75366374022608    0
2.121321    15.3685929501067    -nan    251.387898801002    7.10023430564316    3.89798018657532    0
2.4748745    17.8026445226711    -nan    335.53967188629    2.04407058738439    4.3134116295222    0
2.82842799999999    14.8926873292725    -nan    234.458939177673    -1.01912997528679    3.559045277908    0
3.18198149999998    15.3385949048155    -nan    249.159345363988    1.75623447707889    3.72650663624208    0
3.53553499999997    10.1193335234849    -nan    108.205362695647    8.1362621953169    2.40924297988429    0
3.88908849999997    8.5192664707499    -nan    77.0742453617432    20.3826020385235    2.1204584792209    0
4.24264199999997    10.4996539286749    -nan    116.654998064547    1.08861995711626    2.5322451387273    0
4.59619549999999    15.7206660978835    -nan    261.89279165271    -7.04362565925004    3.84102188116214    0
4.949749    16.5983907374786    -nan    291.133521554157    -11.0736908593616    3.9530932799698    0
5.30330250000002    18.2173942255822    -nan    351.513114599799    -9.4004469661088    4.43166585264765    0
5.65685600000003    14.9205414865032    -nan    235.862369795841    -4.9885585525107    3.63865518363274    0
6.01040950000005    10.0594017303106    -nan    107.034168278779    4.06085629856809    2.41714813509703    0
6.36396300000006    8.20641413748671    -nan    71.1819175698329    19.8213764160655    1.95874566340075    0
6.71751650000007    18.7681413493982    -nan    373.399762860969    -12.5667172081776    4.59963402348271    0
7.07107000000009    20.1936962552443    -nan    431.680297823896    -17.080456608222    4.88824399706344    0
7.4246235000001    16.4100241657257    -nan    284.030639003618    -16.5596660950144    3.83949812917209    0
7.77817700000012    15.8217760612002    -nan    264.721746346741    -15.4553572074434    3.79383033568621    0
8.13173050000013    12.1295311073184    -nan    156.123539205226    -6.04727557534415    2.99966903538046    0
8.48528400000015    11.2785888965556    -nan    135.068243195617    12.6095951910367    2.80386798870946    0
8.83883750000016    12.1011672266076    -nan    156.147547784545    13.4562921444749    3.11597489370877    0
9.19239100000018    22.0602243266668    -nan    525.759225943228    -10.4051290768488    6.25345733177775    0
9.54594450000019    17.3791802647759    -nan    319.250893200084    -17.6406522304026    4.14909466323767    0
9.89949800000021    22.2375283255342    -nan    524.643823442444    -18.0215636403649    5.48964091844891    0
10.2530515000002    26.3902435915158    -nan    753.836660629664    -12.644319286454    7.5757312393012    0
10.6066050000002    17.6679880023828    -nan    337.095036587951    -4.66330472721001    4.99371970935588    0
10.9601585000002    12.952736503233    -nan    180.371129273039    73.8621042118545    3.54933040880306    0
11.3137120000003    38.6871054003896    -nan    1652.16835238766    -18.0535147555272    12.4690107116325    0
11.6672655000003    25.0858604501232    -nan    669.43735332357    -8.19877054821685    6.33537361175453    0
12.0208190000003    24.4317638998887    -nan    633.729869996085    -0.477566382714215    6.06784827893546    0
12.3743725000003    32.4498818111262    -nan    1162.57306197194    -1.25345503839408    10.4679621902205    0
12.7279260000003    15.7906249489725    -nan    265.883336576727    28.3459432282537    4.066878446378    0
13.0814795000003    23.7812651610926    -nan    622.387127441771    66.6119419682926    7.53913488270216    0
13.4350330000004    18.142195345669    -nan    360.210917151035    206.37869962189    5.57419637173115    0
13.7885865000004    36.4001800115143    -nan    1457.52720374368    66.0379000186124    11.5132140982886    0
14.1421400000004    38.8522428127086    -nan    1684.22885636001    49.606310236779    13.2186264332698    0
14.4956935000004    51.3813395563053    -nan    2863.12529102463    24.9362201788163    14.935971224674    0
14.8492470000004    67.2589690485381    -nan    5125.49179313484    -1.71325053927315    24.530040270302    0
15.2028005000004    44.2962160705437    -nan    2211.3026538454    7.68763248842857    15.7844193962623    0
15.5563540000004    32.2709435119517    -nan    1178.1622809855    589.974302970975    11.6939508222808    0
15.9099075000005    106.695779737599    -nan    13093.672287599    8.8939781002009    41.3483116195188    0
16.2634610000004    60.1444837818399    -nan    3911.78742082889    197.267554827957    17.1589187143271    0
16.6170145000003    89.5339617688814    -nan    9108.34831428627    155.983373713601    33.045695699361    0
16.9705680000003    110.680961372944    -nan    14284.7845314438    122.214781270847    45.1055353698919    0
17.3241215000002    27.2059717891378    -nan    814.975511872219    453.581297717783    8.64931274037755    0
17.6776750000001    68.6083713766554    -nan    5381.81513892161    526.07029420738    25.9751133965674    0
18.0312285    35.7741524087278    -nan    1452.7458083379    2298.57484858198    13.1512671547276    0
18.384782    64.8785659120006    -nan    4647.88125312139    1025.39182018222    20.9440430271612    0
18.7383354999999    168.902221811942    -nan    33430.5703937099    545.371977651516    70.01863938052    0
19.0918889999998    193.23331811119    -nan    42886.4232786075    383.518964574346    74.4802527543176    0
19.4454424999997    199.124193806551    -nan    45892.5512947363    104.020224018319    79.0070043453584    0
19.7989959999997    133.799791012138    -nan    20664.7761596098    166.839728604594    52.5584634927432    0
20.1525494999996    101.886964342967    -nan    12030.5634817296    5757.17315880533    40.6153909091675    0
20.5061029999995    332.166233654778    -nan    128569.250367914    462.116742008309    135.036452810022    0
20.8596564999994    252.688584957204    -nan    73513.6480420877    2169.38083017741    98.2961193252999    0
21.2132099999994    376.921695393775    -nan    165259.909015401    1139.49119802976    152.282449930659    0
21.5667634999993    405.901951301263    -nan    193370.573729279    689.461005674081    169.157263098887    0
21.9203169999992    87.6642643366914    -nan    8883.11700326307    5166.39992092245    34.6134910341295    0
22.2738704999991    225.956704251481    -nan    59285.1029258781    4632.96223946454    90.7120208665148    0
22.6274239999991    76.4639215956697    153.971881259851    6805.30622456183    27412.533102401    30.9608610793225    60.8702955775925
22.980977499999    116.690284621985    -nan    14829.0522983521    13152.3483613231    34.8199622801679    0
23.3345309999989    712.123926444551    -nan    594631.174050024    3410.17954893754    295.822053666084    0
23.6880844999988    761.937249459466    -nan    676952.166201688    2338.18218037998    310.489603832127    0
24.0416379999988    610.338633275335    -nan    433714.072345096    2704.60049991852    247.388005118864    0
24.3951914999987    435.493688663555    -nan    220922.433964376    2916.06066116303    176.826697923664    0
24.7487449999986    351.487035753031    230.362794513964    143966.217024212    61895.5990442167    142.909344417221    93.9605339913198
25.1022984999985    1074.82982458641    98.3396187149865    1350014.60270021    10999.4259604553    441.311059095229    36.4519595007778
25.4558519999985    1098.27247017874    123.376602106445    1407361.5196859    17768.9050881645    448.507637541882    50.4689918745399
25.8094054999984    1494.94151539615    -nan    2609063.39588167    5112.94786023602    611.729729068923    0
26.1629589999983    1460.04496031549    -nan    2497026.83459101    2325.53750734753    604.396846821975    0
26.5165124999982    412.47437568289    223.769766601851    198842.024217752    58274.5415560437    169.43114714468    90.562868279428
26.8700659999982    785.949149374075    192.168512679114    720367.191071302    43368.9159581921    320.392143582627    80.2507239399702
27.2236194999981    168.932183213342    539.783207687655    33502.0943575318    340842.637413118    70.4557437850581    222.433644288681
27.577172999998    545.573030536314    368.718660534147    340300.440832212    159784.82263643    206.519997055089    154.374129990534
27.9307264999979    2775.57421720358    108.742090255783    9011683.79727976    13317.150450088    1143.62212381298    38.6304058597764
28.2842799999979    2871.07071794916    81.0629294862968    9632033.41170296    7522.49673529515    1178.55264805518    30.8431223840069
28.6378334999978    1824.82194897335    228.971503320579    3886722.51249519    61312.8618140431    746.155055628712    94.2598137127234
28.9913869999977    1450.80895908833    214.593271932554    2459621.52589849    53404.8673603782    595.629826425368    85.7589354041854
29.3449404999977    1251.76910251777    767.543019310365    1827700.47983104    692598.569004263    510.660938209393    321.677295611909
29.6984939999976    3492.14402829877    450.085938297844    14258014.3532639    235389.031867251    1436.29538705696    181.139945936285
30.0520474999975    4477.10959799797    310.04812700409    23410322.0569455    112374.684036425    1834.61486543087    127.455258729015
30.4056009999974    5515.2942951557    -nan    35530287.3895884    9749.23402794822    2260.93260125361    0
30.7591544999974    5018.08724207003    152.427772397318    29457214.2255932    25712.3732330344    2067.85266800301    49.7809947171179
31.1127079999973    1965.64630747246    741.107019352651    4503611.83701756    644497.535327084    799.904013577522    308.63881997136
31.4662614999972    2795.74829487046    588.139034606007    9125061.37571838    408734.547540858    1144.05106854865    250.653193703117
31.8198149999971    565.403992043552    1907.21878959739    374517.990940372    4276773.43470566    234.171554040167    799.556078903992
32.1733684999971    3217.81938506891    1242.59563586925    12020804.6448741    1820141.086052    1290.90783944824    525.449494976152
32.5269219999972    10065.4556563553    165.11510951841    118402960.482562    30059.2975067066    4133.95245648848    52.8800351307583
32.8804754999974    10135.198898505    192.141825492717    120056263.089862    41806.981842802    4163.41282814999    69.9178141758467
33.2340289999975    5097.38729273128    993.279968040778    30398413.2300269    1157862.4176706    2101.20346895024    413.832481518196
33.5875824999976    4826.18970811232    900.73058194982    27260737.8087949    945786.316789141    1992.14224143399    366.702516393711
33.9411359999977    4503.34907627281    2580.7201842478    23651845.8519281    7858415.24960667    1836.21702125893    1094.66825121708
34.2946894999978    11242.3162898402    1955.04970014075    147815351.893759    4474812.77198936    4628.78778223331    807.832558126323
34.6482429999979    17129.619529415    616.365818349387    342655904.698604    442992.50425629    7016.55467277837    251.168633047162
35.001796499998    18872.9756518627    515.090064637257    416241029.046926    309361.910337029    7749.31087846682    209.866947490584
35.3553499999981    16228.8111120651    958.975328777539    308100670.317715    1066123.74721462    6687.77692560283    382.740206942814
35.7089034999982    8872.92095317958    2406.30374130214    91673579.3592169    6823691.46065572    3597.89565132781    1016.55976964025
36.0624569999983    10037.1121967886    1783.09060688664    117657932.525671    3769074.34652538    4112.70121389186    767.894676474581
36.4160104999984    2767.85327137569    6740.13091654091    8924450.08889459    53533915.3515108    1124.02773854986    2846.84923720948
36.7695639999985    15884.1597540529    4037.02851463445    293666413.419415    19243975.0542115    6431.16492768941    1716.50104172408
37.1231174999986    34054.4656310209    1193.99919345835    1355611233.00418    1652327.32408022    13996.5925706864    476.123145941288
37.4766709999987    33182.2302176306    1541.98514440467    1287637364.32213    2764013.54764661    13659.3177760198    621.526638272189
37.8302244999988    12537.3215943291    4022.08068412047    184540426.53355    19021284.0845225    5230.29576352222    1686.46110389404
38.1837779999989    15823.0288718706    3691.23201544459    293412752.59248    15934218.6345195    6560.83149550635    1519.54757828652
38.537331499999    16243.2281537334    8696.54422154846    307731688.694476    89394120.5173799    6624.89455314112    3710.01874928308
38.8908849999991    35661.2426960426    8130.66392239686    1488169925.82071    77634713.1754503    14712.0935014244    3395.14614655753
39.2444384999992    62028.4390030693    961.511394021344    4494561324.89304    1057659.57801038    25436.8645814603    364.904668615664
39.5979919999993    59373.8941450834    3694.17023578077    4123313699.65533    15972494.2525432    24455.1506579649    1524.99197427877
39.9515454999994    48369.9623800374    5008.27150382118    2739399098.45363    29381444.1809235    19993.6449355138    2073.32118229093
40.3050989999995    38134.5639154702    7562.54564573775    1694357083.2596    67566097.632589    15495.5515628361    3220.8696013223
40.6586524999996    36156.691822864    5279.85725335896    1527492832.15694    33092040.1019531    14838.6814974709    2283.66974103216
41.0122059999997    13218.7886972551    23749.5032053297    203069810.838397    665441416.686262    5322.91613833223    10069.8815378481
41.3657594999998    70110.2998736064    12539.93302948    5728161610.43181    185924659.24931    28508.0245205591    5354.87991139535
41.7193129999999    106771.32331285    7652.68691311502    13333608879.0044    68596028.6358444    43971.5066495022    3167.39824551359
42.0728665    98654.4113883449    8810.58469480675    11387779867.0231    91004724.656594    40682.760238734    3657.63885481208
42.4264200000001    23722.2140274193    15418.4845487811    664257501.257086    279991205.634794    10075.4187453622    6500.88762045551
42.7799735000002    50300.562618022    14849.324114786    2966318286.55415    258607461.824083    20884.7237679744    6172.92760026538
43.1335270000003    58630.8040097451    29151.328606605    4012437534.50259    1005060161.59032    23976.3707777772    12460.3451822189
43.4870805000005    110666.066698257    32701.981803736    14337867381.5535    1258216970.3598    45726.2404215616    13740.3550342748
43.8406340000006    212897.834305426    7541.10919672054    52959058926.2398    66186358.8447713    87370.3100274857    3052.54499195476
44.1941875000007    165682.377572161    19219.1931504341    32060418519.4583    434251768.331815    67895.2743679124    8054.46354378265
44.5477410000008    124513.552024332    22761.7885245794    18089087117.8422    609695127.346614    50847.4432014649    9570.58569309848
44.9012945000009    158567.501840185    22216.6672611719    29411384177.1425    582778987.461847    65327.8771835225    9444.50545387209
45.254848000001    129685.416654452    14327.3424880982    19667204015.4115    242677321.116532    53375.057120089    6115.92824886519
45.6084015000011    59061.1999809927    82600.5275180829    4064715973.36211    8049271428.29548    24010.2192861143    35020.3409753518
45.9619550000012    287532.456483683    36110.7640283317    96447324415.3666    1540992578.30773    117355.915418974    15394.9764403158
46.3155085000013    294660.75109531    38629.9804030269    100874181385.69    1757594244.30748    118529.418920529    16288.6113088021
46.6690620000014    236577.031383623    42039.9541262723    64416876103.0842    2084678605.59077    91914.0050525301    17813.5022567627
47.0226155000015    72505.7041225202    55706.5096650904    6414548341.9569    3656068354.71341    34021.6285861576    23512.8291714673
47.3761690000016    136341.23749956    60906.635545637    21395703321.3607    4382238433.10753    52978.9607150724    25934.9220091073
47.7297225000017    210908.900796324    90823.6268188371    52174397630.9911    9688424161.34186    87703.0968431418    37940.6506640895
48.0832760000018    315345.562824032    126086.842827443    115738051712.567    18741646159.9831    127652.76228802    53326.8621408655
48.4368295000019    652866.517724959    52122.9278168341    493038447682.69    3219597371.53255    258464.229084755    22423.1524842885
48.790383000002    290765.823013577    86634.6773282354    93750267214.511    8866066558.37124    95945.3145377526    36884.9460160075
49.1439365000021    135970.315339074    94071.0058982894    22045041567.9079    10431175025.4604    59641.5535889269    39772.1117712456
49.4974900000022    645196.959570045    37774.348856979    491975510117.242    1666106596.88517    275129.775703778    15466.2589308604
49.8510435000023    414633.883405228    34105.6464592453    198423398615.856    1583637808.31312    162794.782926714    20504.6991665347
50.2045970000024    261014.062740111    240420.970469153    80844600520.4473    67009959237.7564    112766.393807502    95956.8454901832
50.5581505000025    1004060.81895646    67466.9680132479    1157604394476.9    5261659541.92042    386608.673355095    26643.3438032805
50.9117040000026    350870.148457368    160210.026826098    135172055093.671    30054896761.5048    109828.020173249    66239.2939718241
51.2652575000027    314659.964363943    152905.155685535    170143378477.494    27176624902.7206    266706.740267238    61616.8667452596
51.6188110000028    963759.193114991    113148.29218496    1178972779659.04    14775606102.714    500140.977470737    44419.2534644707
51.9723645000029    326571.933011484    223466.700325833    177436402050.268    57511931174.4115    266058.592455518    87031.9769963654
52.325918000003    530681.939118743    102262.468213225    320294776183.068    14308901595.9693    196650.592870295    62058.7559568221
52.6794715000031    291281.395274626    265695.701451963    102299327789.266    80766030083.6401    132115.391064528    100855.462487609
53.0330250000032    705004.541666767    172506.439075278    560167105983.346    34130420507.7273    251268.187824439    66120.7152509295
53.3865785000033    630820.075660723    160057.854453773    508279153204.72    29447959387.511    332182.457917512    61882.4903762438
53.7401320000034    1006604.29114284    133208.921967234    1232016015455.74    20356231640.2255    467721.943582472    51103.9602042037
54.0936855000036    921736.514872282    127308.094546882    941120406861.243    20426519108.1141    302526.369119029    64955.1242855886
54.4472390000037    342143.828484337    252562.659949926    133875703497.593    76675803377.7498    129666.125598298    113524.914343803
54.8007925000038    455988.557811556    176693.252897661    239305154918.066    37916809203.0203    177142.852136355    81830.9451458519
55.1543460000039    867522.184472229    82329.8618085309    858608599910.945    9582768083.95417    325597.695568437    52958.1149451373
55.507899500004    560734.163578782    143822.92625426    391278408811.039    23912019018.2718    277228.437586483    56806.5568568763
55.8614530000041    816695.177974282    119152.057931616    793876822960.196    16624695575.8959    356210.344085839    49269.4902201828
56.2150065000042    986727.07559339    88015.1756975658    1128292320583.71    9573238714.87096    393270.897568867    42738.3617116706
56.5685600000043    521878.868891078    190102.159703371    331248105365.58    41575863303.4145    242673.75542186    73736.2338306505
56.9221135000044    437707.522364543    168154.709619177    224844431718.473    38315248470.6528    182363.802833692    100196.018401647
57.2756670000045    363077.135254536    260190.870975271    167013537083.416    79685836025.8396    187586.06275194    109483.088588921
57.6292205000046    634586.695163006    173902.310101402    484717022755.328    35404216039.242    286385.664930041    71848.4695775629
57.9827740000047    751754.744559728    149557.162192859    709599437091.101    26724798348.1243    380084.518394317    66011.0110886293
58.3363275000048    976928.253087948    129346.541513212    1195548777920.39    19861346363.1318    491080.407101442    55953.7180328767
58.6898810000049    867022.236533202    129166.738905375    862537408215.738    21409888722.1183    332881.134299771    68744.7618562241
59.043434500005    459926.639385411    215861.017997651    247657775123.366    58869733182.1932    190066.466024411    110786.976180466
59.3969880000051    448663.49600926    283639.897487126    243178079274.564    96642463256.3141    204643.950859323    127243.356643115
59.7505415000052    1115249.82548396    100719.907128176    1439856038041.11    13109507472.2341    442802.286352621    54451.8850025017
60.1040950000053    722349.853831045    196102.287668379    645865993796.521    45759459489.3339    352245.202191298    85459.652822616
60.4576485000054    1204979.7975387    143359.76030673    1768917731703.91    24479581642.2526    562975.50499778    62670.2542443349
60.8112020000055    1304704.35619566    102693.128514989    1997680790559.69    13241585839.0386    543532.274555763    51920.2002581137
61.1647555000056    771534.656658416    234403.502487748    754062725234.577    64360044901.9812    398493.41124987    97031.1440902223
61.5183090000057    533807.770701482    229238.334699333    336534994543.552    66345527106.3313    227121.682105135    117453.450398904
61.8718625000058    431054.343533881    344116.38957504    230199602887.628    140573992277.384    210693.511547466    148855.307944405
62.2254160000059    643948.348284778    240546.658911561    501645156794.825    69007576248.0551    294916.397536881    105569.319096696
62.578969500006    1150726.86775464    166879.117005392    1593825869471.6    33172887213.2555    519281.759066503    72967.4415116499
62.9325230000061    1323577.03509933    131980.897952574    2116917102804.44    20754283853.9751    604202.726708604    57752.2850596178
63.2860765000062    835527.504365864    199233.97452711    812580732752.235    49950537472.7176    338340.837322938    101273.69286665
63.6396300000063    531842.312953533    286832.590687228    334618935209.355    103021226188.7    227514.152002883    144042.671137245
63.9931835000064    510794.630629027    369712.093171126    318992170429.026    162247490388.416    241000.032675477    159876.385221336
64.3467370000062    1249764.75175085    141525.783540588    1822661596106.8    25161697527.8806    510636.525708776    71639.0265225816
64.7002905000059    1052128.64550047    233194.936291575    1362858605963.27    64930423838.3444    505849.700287175    102715.848467084
65.0538440000057    1584666.04026337    138688.13578275    3026378884472.04    22983154647.0681    717782.9931867    61227.0825711425
65.4073975000054    1399591.75720863    149396.144520717    2270074479998.5    29549577573.6577    557868.616389328    85031.5798747892
65.7609510000052    1037295.75866698    251812.390806322    1372992101319.46    74511891097.1125    544985.880891374    105367.978691426
66.1145045000049    612246.959931272    304868.907092997    447109390331.892    121462299110.44    268817.875869161    168870.508373611
66.4680580000047    484242.332517854    434866.606839759    301834369142.095    224709156181.464    259506.71000913    188680.127297864
66.8216115000044    672698.459506378    314810.533796478    560369989831.686    118297985054.725    328400.323400315    138536.323271198
67.1751650000042    1567299.7674372    153876.216424068    2950849043013.02    28802616035.5482    703150.397855486    71587.1919728787
67.5287185000039    1582181.59629046    145877.084140325    2946628615850.79    28041146612.4653    665830.317881773    82225.4397080488
67.8822720000037    756796.738663847    300836.30563418    713499617135.746    109263185512.162    375177.709203933    136969.714625315
68.2358255000034    565273.624301392    405805.050642223    408858856770.812    201203108451.764    298872.190810689    191116.114770644
68.5893790000032    595995.453149938    388516.270727412    432110481194.119    187551947505.443    277308.314009369    191329.702047296
68.9429325000029    1214702.39429972    236688.081535733    1750185710210.72    72549406410.2686    524102.8558339    128561.885756249
69.2964860000027    1417125.10715172    208874.808326988    2441472332991.75    53665284291.3237    658201.157452637    100182.826560683
69.6500395000024    1649064.88286556    167921.109559729    3195577395789.19    37601070376.8817    690045.221625945    96972.0131847912
70.0035930000022    1160726.97190923    239141.746886209    1605146396914.63    74697115899.6476    507798.477348101    132319.087042876
70.3571465000019    1205682.75021532    239472.078028717    1790908276129.81    78009016623.9235    580721.432326229    143743.314517689
70.7107000000017    600286.515587545    410211.965486835    443610318208.483    235887522246.54    288559.209543286    260026.278706532
71.0642535000014    583486.382450805    451003.093202949    474127734995.31    249167295847.936    365610.96330633    213924.06542815
71.4178070000012    873821.340266396    323945.712934037    947226199328.76    132159102579.279    428558.589487832    164979.627987631
71.7713605000009    1646895.55074521    193561.249518962    3210709724517.37    51034054887.2563    706006.210633448    116482.177056897
72.1249140000007    1429891.38143515    215385.572245009    2459541181670.63    64905059023.1694    644167.539517553    136066.580363657
72.4784675000004    1011246.02710973    305012.368891445    1410869648706.58    130829874502.978    623098.003015073    194415.352599034
72.8320210000002    760041.209829014    400933.375482375    810294224888.062    223130949041.913    482318.965260242    249766.646024288
73.1855744999999    601470.848800665    490073.753369238    475693694195.366    332192090592.133    337530.016796097    303347.666631409
73.5391279999996    1302624.50007606    297409.345333017    2131684802944.88    129526900483.048    659434.769136778    202668.650243777
73.8926814999994    1662866.97228842    250179.171899535    3387389412226.25    99629300750.7357    788836.386520426    192456.963236976
74.2462349999991    1502060.55076809    251682.380088018    2816130028710.83    107548807255.145    748294.147068574    210249.344370858
74.5997884999989    1208636.55536997    315470.123379646    2108692326088.36    176757835974.226    804916.146633783    277914.442282256
74.9533419999986    1193815.03324558    331383.467039869    1879486105853.78    261889445777.423    674011.700381115    389967.233944159
75.3068954999984    726138.630811759    498777.873757228    811303296504.071    489186052674.134    532940.883538592    490312.844339563
75.6604489999981    658160.869572395    574186.17973004    728343308662.187    530875613060.698    543293.271103091    448537.450016964
76.0140024999979    1263753.52397719    410105.281215831    2279104457783.86    295694764835.309    825851.977305318    357083.216007408
76.3675559999976    1562586.60593335    325231.821562188    3183600112996.4    216031595849.808    861349.645587732    332047.975589597
76.7211094999974    1449454.2623949    368092.197267477    3063354973062.95    279720294236.293    981038.895400281    379774.180990617
77.0746629999971    1443855.26176798    411382.105007247    2913230911294.46    412062810263.51    910226.836760688    492775.378791713
77.4282164999969    1054759.51992818    513348.4036344    1717344061839.85    604199100857.157    777705.86789655    583671.583463826
77.7817699999966    777014.465125883    673100.121596532    1060293107403.79    870038024703.005    675678.64283913    645735.434221894
78.1353234999964    1379297.78339266    520814.210214175    2609599562724.21    575735855884.861    840914.494733152    551804.688566386
78.4888769999961    1748081.20843227    451643.597799763    3792485571371.73    434473945104.44    858310.934392494    480095.829674583
78.8424304999959    1702074.26837923    453692.622488385    4139325848776.52    403148524890.811    1114571.23311963    444197.624026089
79.1959839999956    1709112.74359001    491816.158320043    4058587445446.12    498185627061.681    1066546.33051938    506263.264988678
79.5495374999954    1367296.19316717    578169.237199765    2746154933373.37    739235348484.345    936299.126093765    636361.282323325
79.9030909999951    988381.669573451    733505.709202188    1584902683527.66    1055514524714.47    779746.342587679    719363.53763745
80.2566444999949    933795.379886208    814388.075058634    1489828212752.89    1120954508442.8    786037.150048308    676554.928771565
80.6101979999946    1731663.14682265    638919.334815225    3893928468857.45    725349212756.57    946187.727036092    563144.116861607
80.9637514999944    1733013.30510316    581603.543832722    4136671883852.6    585622420338.694    1064582.9080856    497352.730102
81.3173049999941    1923589.97188711    583378.237344615    4844728756928.4    589380067608.021    1069827.26502167    499048.995390945
81.6708584999939    1663634.00696906    643714.453106294    3825480526857.62    737623212241.198    1028495.22007332    568555.111755459
82.0244119999936    1307924.01551813    766740.109310791    2476683843211.25    1038503523844.95    875224.892723104    671277.236780024
82.3779654999934    1026603.62150827    933076.596652375    1632094855416.11    1407187979567.41    760381.3909626    732499.859622535
82.7315189999931    1435721.66590171    814269.138081381    2835959996935.48    1060384808980.35    880149.586715755    630357.501540635
83.0850724999928    1715151.63593211    726980.366972254    3754588475078.82    853423110016.815    901578.249980676    570019.873384869
83.4386259999926    1998852.30390919    705266.868617467    5084246261280.74    810457168223.066    1043472.91696414    559513.907113646
83.7921794999923    1872349.81218112    738890.509195768    4598207949434.55    931343805554.895    1045234.00741646    620793.541344717
84.1457329999921    1601098.82876417    839154.046556656    3496824801984.32    1201245696123.24    966078.331458849    705029.206679289
84.4992864999918    1247196.98801468    990387.851645275    2264540323248.37    1591873185544.64    842045.127255946    781668.144968244
84.8528399999916    1195878.08635658    1075057.97004496    2119285789349.59    1697781442874.66    830157.450079022    736228.092317509
85.2063934999913    1890807.37448835    918194.725879357    4410205714329.6    1258562163913.8    913812.446243796    644577.853545354
85.5599469999911    2049237.37019762    875835.881862604    5246710174651.78    1123264177513.55    1023394.53547364    596804.56227772
85.9135004999908    2109878.45732607    864384.740565848    5464717899654.98    1091760126710.77    1006543.98560935    587025.678303495
86.2670539999906    1906117.80255195    935364.351132454    4620870706891.75    1255371942485.14    993773.429754619    616818.833301729
86.6206074999903    1584325.18867394    1061856.61378333    3248789279602.68    1590169328557.56    859478.316268642    680168.993943537
86.9741609999901    1330961.43729253    1212601.72570917    2359349532417.18    1964661417257.82    766740.624238329    703035.185509918
87.3277144999898    1548703.36604821    1165364.90521766    3018624588626.55    1781995212358.44    787491.252406974    651091.276278122
87.6812679999896    1967590.26709103    1066857.95324467    4647182991154.48    1509480843816.18    880778.934808922    609339.766808936
88.0348214999893    2238726.43571456    1026139.4404984    5884666324209.82    1431525690055.99    934221.745755582    615275.17316207
88.3883749999891    2156329.05792056    1051597.60865751    5601580694442.59    1504263788488.73    975615.543341756    631194.310774848
88.7419284999888    1944803.07919489    1137997.13558828    4598571952917.63    1743698695088.3    903500.379674361    669821.778147863
89.0954819999886    1597479.04381041    1286250.62087601    3224322620236.92    2176750415396.36    819989.832146411    722710.00802011
89.4490354999883    1463910.49616187    1386593.96912149    2744514692874.35    2442220857003.68    775551.901616812    720817.606471704
89.8025889999881    1958789.99729008    1255865.45003972    4478665736836.89    2030371181241.35    801128.880613613    673181.366823157
90.1561424999878    2234460.65858013    1196705.71115465    5766112034507.09    1850818862774.29    879373.41315549    647081.37329406
90.5096959999876    2316623.13967988    1183059.21566139    6235901130190.98    1818376045492.28    932286.629149394    647106.589157412
90.8632494999873    2247155.94049702    1222240.12317067    5836614643496.74    1932512107488.35    887076.559596584    662299.923599642
91.2168029999871    1957717.10911066    1329692.86049017    4511917731276.67    2240466653633.04    824173.192946755    687301.644399689
91.5703564999868    1659070.45363088    1465850.50073824    3327093368535.06    2647091060364.01    758009.629506171    705955.642975871
91.9239099999865    1648530.24726328    1510120.15464373    3270864632842.81    2745930898044.56    743782.667652905    682252.164953221
92.2774634999863    2183581.85964662    1370716.42745492    5398659041357.38    2302122954327.25    794121.718365381    650583.914520244
92.631016999986    2372890.99890336    1322107.86014885    6348425799884.54    2164949946166.54    847239.108639326    645740.46822168
92.9845704999858    2440518.7215944    1317494.49429887    6673807771860.61    2167034084639.68    847157.683910059    656690.446201135
93.3381239999855    2288344.25662768    1369068.18321761    5906450745627.2    2314440228458.63    818493.316274661    663394.707666458
93.6916774999853    1987052.66928385    1484109.64308039    4558938454590.14    2667151372514.23    781383.480809556    681593.676489181
94.045230999985    1731716.61393634    1617712.3987019    3516859116229.58    3111006132708.78    719733.759974094    702860.389974367
94.3987844999848    1828883.37205934    1601322.6481724    3861808223963.91    3022328876771.32    719022.833690809    676826.900485982
94.7523379999845    2313451.76904331    1475665.78942446    5966966704615.61    2598791389154.74    784160.45355907    649000.668009685
95.1058914999843    2502623.5221832    1426771.71696569    6921917696805.46    2446671229109.24    811660.768437668    641087.900974607
95.459444999984    2526908.56956467    1432296.17587487    7047788275996.23    2466504783041.35    813954.149234981    644230.120077889
95.8129984999838    2338602.02043543    1494427.7407374    6074653410123.97    2657956183473.52    778199.203378742    651645.541063563
96.1665519999835    2018388.29942223    1617239.80110679    4598742559126.7    3066199808200.79    724466.170281359    671368.180596043
96.5201054999833    1806522.29029538    1733824.33740511    3749726108883.24    3454999449970.09    697282.814609098    669964.638612987
96.873658999983    2001571.05026506    1668796.17653401    4490139795741.21    3223620130859.62    695595.519308468    662374.10278867
97.2272124999828    2415351.05545742    1563297.46631491    6434714864710.72    2849195375649.23    775109.117228941    636628.94017049
97.5807659999825    2602280.28182382    1519000.82580341    7395480570648.59    2721238428024.82    789694.817938875    643331.111662876
97.9343194999823    2573888.82408028    1527536.11518236    7265404428741.61    2740052118346.91    800312.907565693    637719.009564951
98.287872999982    2367698.19726357    1606052.49197712    6166575384744.4    2997737163616.44    748719.327531499    646786.32996573
98.6414264999818    2058029.41662408    1723117.64178124    4733807763000.53    3405040566751.11    705919.742825264    660231.898148955
98.9949799999815    1889304.85919305    1821721.17831572    4046008568432.04    3750720168095.04    690315.665084872    657306.714229386
99.3485334999813    2164266.75771832    1726513.0822198    5171309021802.43    3403731805284.56    698038.984038768    650295.611401815
99.702086999981    2495849.90477881    1640184.89426077    6809913775014.44    3090538788144.39    762001.986762548    632718.18433104
100.055640499981    2671918.35972144    1600185.83527609    7758228393902.55    2958014308258.75    786816.797536794    630412.2467406
100.409193999981    2608420.14321512    1618380.41121859    7448318457945.03    3025162499423.95    802784.413410372    637187.055744148
100.76274749998    2399691.13570772    1699956.45715697    6318633780104.76    3309598224435    748409.134972671    647878.281936762
101.11630099998    2106286.99110126    1817257.98560391    4949038963645.46    3733822712200.35    715956.754813473    656807.525808871
101.46985449998    1966455.68616059    1907944.64194391    4330594148446.38    4082978688678.76    680915.694350669    665376.533968761
101.823407999979    2286605.61106612    1797859.35583898    5720038155625.26    3656715286331.95    701051.307014114    651472.96410074
102.176961499979    2592080.69497976    1712821.60914425    7311624288782.86    3334485665038.45    769897.369456533    633030.647194082
102.530514999979    2748393.50344277    1676122.41004355    8203630957711.56    3204582813057.49    806203.51521507    628646.545848537
102.884068499979    2674444.49673461    1695547.72784261    7789081454543.48    3268951968230.09    797764.431664793    627749.847341949
103.237621999978    2429555.30896303    1784078.40303138    6440689989607.7    3596058745940.09    733451.423270322    642746.449058314
103.591175499978    2156620.01519559    1903552.33069081    5141245897872.15    4043153710821.94    700168.556798961    647797.989456219
103.944728999978    2039534.86233027    1985472.65749883    4611829360668.34    4379194399513.09    672403.826586225    661129.885754385
104.298282499978    2416525.01431124    1858753.07067741    6347160941242.43    3854465839183.27    712437.924629577    632062.387293022
104.651835999977    2670557.90932653    1792177.04038655    7725200880894.22    3594714213741.85    770273.544805821    618720.994999486
105.005389499977    2822964.47873838    1747287.49689903    8626714924755.16    3424288412296.46    810917.058974901    609323.243834338
105.358942999977    2717232.46604218    1776754.96416978    7991953050897.03    3525841619026.21    780128.692193393    607440.051629997
105.712496499977    2474065.73946181    1862379.00193198    6656165908993.52    3851198329539.4    731549.469150789    618662.090888263
106.066049999976    2189307.30758231    1987133.67426063    5244361737089.6    4359372959643.68    671785.121937298    640837.514712691
106.419603499976    2120278.05432921    2039060.03863793    4940417595949.73    4564068656831.41    666962.194040754    637418.869866038
106.773156999976    2511324.51075317    1915418.20022567    6804908749635.57    4046280651151.39    705803.054205579    614372.663288039
107.126710499976    2733952.20090715    1850043.89344508    8045133785968.54    3783112575182.62    755406.611781698    600375.022389508
107.480263999975    2854736.84084334    1816202.20988144    8778344203275.07    3651619921397.27    792982.832605376    594162.817937176
107.833817499975    2751916.40668437    1848807.18238035    8163471362975.43    3778405720979.1    768392.772998811    600264.71107166
108.187370999975    2500438.49848572    1940335.45197726    6758890423458.16    4135435880524.34    711827.042720808    608715.21611057
108.540924499975    2231782.04757987    2060920.10077736    5418535482543.78    4646648522040.96    661577.187215515    631867.755351393
108.894477999974    2190750.70331209    2099105.9523857    5229038138159.44    4798472215770.01    655476.53969995    626279.822786044
109.248031499974    2600492.73355757    1974057.10965687    7255272055673.22    4270911696548.54    701932.759163947    611563.753309243
109.601584999974    2792298.95815173    1911680.94516972    8354273716457.33    4018153896816.92    746552.238468325    603017.297174749
109.955138499974    2886335.04960821    1886618.71575671    8941730585149.73    3925168837739.12    781537.309763847    604845.979647389
110.308691999973    2776458.15427127    1917895.1354504    8281287459664.28    4046232610296.32    756681.952503723    606556.559367739
110.662245499973    2515565.0653121    2020169.15220142    6825820989210.82    4470668221538.83    705516.40051254    624167.299714279
111.015798999973    2274979.22966099    2129335.77632593    5634518740104.45    4948597577496.58    677486.711836865    643837.502134701
111.369352499973    2260697.8678939    2151875.59608091    5568477164045.01    5041773983894.43    676551.782308626    641252.994445912
111.722905999972    2673980.03979681    2027129.35479443    7662870502591.57    4498493896866.46    716031.59801772    623891.397438032
112.076459499972    2837475.93365422    1969054.89733692    8627747384179.34    4262589153383.02    759261.292383876    620815.564122305
112.430012999972    2901791.69128828    1941903.55451566    9025984797804.11    4154965955580.45    778196.490723542    619658.406333581
112.783566499972    2791979.28265848    1981622.1195897    8358316478019.66    4317560908236.22    750445.309949694    625087.740552499
113.137119999971    2550111.18840425    2071428.69854209    7007450284561.35    4679483473667.77    710199.41659849    623431.327833287
113.490673499971    2308955.63805967    2187684.56578295    5779414143185.28    5202980116768.77    669431.1052362    645768.036839722
113.844226999971    2307859.5236566    2198329.87184651    5770650020951.08    5245609083173.87    666659.163305051    642615.637625771
114.197780499971    2713896.96674179    2076670.09790966    7870081131436.93    4705157130991.43    710524.021653485    626576.759415264
114.55133399997    2856851.15799812    2020246.50893993    8727705371356.58    4469375783517.59    752400.712653414    622880.26669145
114.90488749997    2928153.83690931    2001087.76037413    9176913381416.21    4386232091059.03    776420.304222837    617964.292123658
115.25844099997    2833521.96696195    2035053.13006905    8591935644782.1    4526621622377.76    750392.502312064    620629.019764568
115.61199449997    2579495.39375306    2130379.7831465    7142785312945.71    4945128908623.8    699277.360245896    637660.480337671
115.965547999969    2362717.16838801    2229289.53891226    6038772898068.42    5385878866090.51    675529.77748799    645094.580497211
116.319101499969    2355248.59057611    2247546.59796225    5995419130475.68    5475437510941.65    669494.740132372    651131.170295177
116.672654999969    2758116.08483526    2124408.70808948    8123278983901.11    4907933526850.08    718383.356206212    628347.967167611
117.026208499969    2890525.5282773    2080618.38859953    8926102106587.07    4718455235263.34    755621.781689977    624085.215563412
117.379761999968    2983267.97065102    2050730.31367512    9509993985187.87    4592966283547.22    781092.952519484    622472.058908003
117.733315499968    2861402.65755443    2095229.9507729    8749415045471.95    4781967787403.97    749526.435032424    626082.455262995
118.086868999968    2609655.08189212    2183096.01065486    7305690550776.91    5169337761170.99    703840.112761068    635161.057869428
118.440422499968    2402532.36365813    2280445.99158905    6225105079241.45    5622577454104.84    673010.639452856    649725.737177053
118.793975999967    2404910.38990262    2291100.38581436    6241060268418.92    5665979080903.71    676362.539587553    645630.00474343
119.147529499967    2776550.65885653    2175494.59834233    8224933043027.44    5134254178556.88    718122.191434596    633622.467357522
119.501082999967    2913961.76249114    2130357.8848154    9052932339432.92    4931326035665.97    749505.961398856    626818.409326669
119.854636499967    2986467.30081164    2103209.95699058    9508372992942.46    4812753583822.34    767714.826042395    623908.214914673
120.208189999966    2880061.84770176    2145855.76808439    8845869530613.98    5003846308624.78    742370.045211094    631782.661366802
120.561743499966    2642185.8044871    2224752.2584389    7481742510300.16    5362297310199.26    707528.575300667    642475.446044665
120.915296999966    2431967.95199679    2327642.47297872    6375558004435.3    5848450394006.39    679035.99675998    656148.544151323
121.268850499966    2442858.0696546    2331327.66521307    6435795560195.61    5856669902823.51    684280.652743454    649292.861685441
121.622403999965    2792804.81789    2221818.03320905    8309434833392.29    5343732402905.77    713916.019264659    638166.929739254
121.975957499965    2928313.97888486    2172676.4528777    9131965277102.81    5123076383653.13    746285.815335062    634470.97235721
122.329510999965    3014014.8625762    2147028.23825186    9683918892230.55    5013092474117.35    774359.929490362    635108.036688632
122.683064499965    2903503.9501197    2183298.62097449    8985316018567.4    5172564601310.15    744970.355253612    637002.145177751
123.036617999964    2651354.37259352    2278735.14318896    7510830300771.18    5613927479748.69    693649.977798879    649071.357359319
123.390171499964    2474103.27329894    2357058.26673827    6578006640118.53    5984023492845.53    675884.334165266    654446.193392781
123.743724999964    2466345.55893137    2374673.79039873    6541250438677.1    6062717507609.16    677045.066902204    650877.78945242
124.097278499964    2813150.70368272    2257844.12278676    8420295173283.01    5500214655947.92    711672.882476529    634314.254250356
124.450831999963    2948674.08168423    2211663.41686397    9245394597721.28    5290533565702.9    742102.255571931    631726.599256742
124.804385499963    3032634.18921253    2191506.87352327    9767469343073.24    5207042762585.06    755380.180764954    635877.650091039
125.157938999963    2925269.97198791    2223736.96107987    9104503941717.13    5344761297507.37    739796.953699446    632261.991135515
125.511492499963    2694611.94165978    2302442.68128355    7744448806859.12    5712108064951.76    695352.63767647    640988.115611802
125.865045999962    2500098.59804704    2395247.70394241    6698204016197.98    6160354661174.7    669112.110368068    650494.502615748
126.218599499962    2502716.11189034    2398728.7701479    6720064542033.15    6173308174810.9    675630.524264304    647617.527616131
126.572152999962    2812389.96047177    2296632.14411455    8404617980911.63    5679435475762.24    703619.706339471    636330.315466781
126.925706499962    2941551.6222178    2254133.05461002    9194937314781.43    5483121367351.34    736350.031309329    634039.06777567
127.279259999961    3039109.04920489    2233993.39684141    9802640659160.49    5394153762299.25    752633.274710507    635159.243944551
127.632813499961    2951955.47087061    2265886.35537963    9257653573744.62    5539846010929.19    737300.801397711    636871.286394359
127.986366999961    2710971.65638891    2348387.81203046    7836723839654.55    5932981340717.96    698109.244968512    646572.521086959
128.339920499961    2549839.10586686    2423415.07741283    6949834437285.07    6302935776336.71    669443.777682009    655740.145869443
128.69347399996    2530173.81146386    2442351.85498527    6859824312430.21    6390983754119.22    676790.068051112    652611.040796291
129.04702749996    2818030.32783671    2337137.53845041    8441775980674.26    5872846351512.22    707446.854588224    640807.676201053
129.40058099996    2952754.80296593    2296990.67524802    9262774159465.9    5678390174499.32    737572.527299882    634211.330963862
129.75413449996    3059287.95871068    2268316.36752744    9933703904152.71    5555593653906.27    757932.114269167    640573.579468741
130.107687999959    2966199.2950569    2293019.99927306    9347085098619.47    5663546597610.7    740774.487022472    636871.949880408
130.461241499959    2739845.74822916    2372996.32144715    7996468600395.86    6048632091400.9    699795.596089628    646158.300882381
130.814794999959    2570454.22822002    2453847.2231118    7056923536999.89    6446701514005.01    670588.247455721    652177.368230087
131.168348499959    2554818.81256178    2470771.01143085    6976368553375.17    6526946582770.77    670275.606266249    649797.80843256
131.521901999958    2816209.1572893    2374873.76005485    8422585061199.03    6048942922841.7    701107.012943743    639466.611047563
131.875455499958    2972568.65562872    2328884.29480425    9373449079268.94    5824607840329.89    732997.044224994    633171.210451022
132.229008999958    3057816.97678639    2309197.0313636    9914627802691.71    5738879046766.58    751254.37713775    637564.206263266
132.582562499958    2978613.88496266    2332083.27918391    9410198792070.87    5844553158892.67    733524.448384999    637134.787814567
132.936115999957    2760834.62427202    2410272.63768521    8104822042483.59    6232421523619.71    694704.411893538    650390.141104301
133.289669499957    2601486.82809952    2485165.06580412    7214467964231.52    6602337264789.2    668381.812631251    652910.300497715
133.643222999957    2577088.66659539    2507745.23735173    7086773686378.28    6714953262572.5    667373.726545992    652814.741800641
133.996776499957    2829543.85436686    2413727.4152605    8495646682983.69    6239919864746.13    699520.020584426    643303.839228381
134.350329999956    2974336.75747488    2372338.83770446    9376627787314.63    6030146466954.34    727975.714188616    634156.846587159
134.703883499956    3065152.55983631    2344373.28602979    9961582141965.85    5901649811355.29    752610.076264425    636838.839193367
135.057436999956    2974981.78720122    2371761.69824005    9382621705123.93    6037918601007.21    729455.324845181    642390.105596794
135.410990499956    2780661.18333439    2439208.59620273    8215398542808.28    6372967390570.53    695213.583228685    650560.385192042
135.764543999955    2627730.03674566    2512675.84639585    7358266833458.02    6741479264325.28    673276.828238332    654170.738618123
136.118097499955    2607592.95652645    2533229.85902094    7245812506808.91    6845847976824.82    668035.537888942    654671.259633085
136.471650999955    2831110.65334867    2451960.81484154    8502199130785.46    6428107156065.37    697862.163525952    644976.990711273
136.825204499955    2981016.18411687    2401370.86379013    9415108757195.42    6170202022043.01    727084.08539088    635310.944800143
137.178757999954    3057774.68230307    2377148.43015222    9905150702709.91    6063158639197.42    745093.749119038    642124.58310069
137.532311499954    2960640.30169604    2415701.76310271    9290224834763.61    6252277790760.83    724454.166070407    645494.215700888
137.885864999954    2805481.49643439    2473205.70510079    8364269142368.27    6540064700223.18    702525.953636246    650629.111306954
138.239418499954    2647418.00923348    2549862.0436711    7462901074093.49    6939271339429.71    673853.81091134    661418.851919999
138.592971999953    2632636.35841103    2560473.44349355    7387318802235.58    6988708158104.47    675680.846707873    657787.126104453
138.946525499953    2832984.40714004    2483779.63713449    8513688307575.07    6589858322939.92    698489.553591515    648611.622695713
139.300078999953    2991090.17591115    2436441.39975783    9479060789859.83    6347375689033.5    729685.102922907    641193.414329584
139.653632499953    3044032.30077851    2414750.69381288    9815874202796.93    6243749035624.42    741445.584391759    642439.197398961
140.007185999952    2982927.32640705    2435155.25009063    9431508490419.12    6347357275808.06    730515.609547956    646046.580181404
140.360739499952    2826371.3561023    2497388.96231143    8481188030206.15    6661690451432.07    702006.401402847    651719.8956278
140.714292999952    2672989.04658531    2565089.43215278    7610490090180.71    7008229328795.62    682363.280823101    654633.892991934
141.067846499952    2653666.49563238    2580202.98519233    7499205414851.44    7090523457598.1    676209.689970201    658085.110607043
141.421399999951    2828855.89565212    2511642.69935055    8483902690785.72    6738206263051.85    693885.44617968    655634.96997256
141.774953499951    2994024.62594375    2460046.37192037    9501579256280.8    6463484434503.73    733072.844622686    641604.459542764
142.128506999951    3056937.74729303    2439764.75469723    9898665472244.76    6366879403476.23    744175.437259097    643760.316587916
142.482060499951    2992080.14514647    2460208.40089718    9485690577504.18    6472626831027.59    730169.146516367    648075.192537504
142.83561399995    2850948.33095625    2517019.07197109    8626570990589.53    6760468938129.56    706161.882862084    651984.608302482
143.18916749995    2696896.97665126    2586300.35431059    7735749909524.79    7125702461983.16    680071.030741684    660872.86165802
143.54272099995    2664743.19336023    2605189.17528335    7558517591275.28    7223524303232.94    676506.692291824    660691.807289466
143.89627449995    2808248.19950987    2547820.19110136    8369458470957.91    6925139606948.96    695126.262564912    658598.421471836
144.249827999949    2985320.75550318    2494771.67147518    9441467983921.84    6644448722001.94    727549.290896322    648508.31082329
144.603381499949    3048868.40679061    2472802.42476322    9849096781881.04    6533969348833.42    743974.609751666    647470.089593752
144.956934999949    3003312.12007905    2486289.16969217    9558593592870.81    6608260904157.21    733968.597596044    653166.953258235
145.310488499949    2885438.25133114    2534794.16351435    8824550238816.54    6856058277685.21    706255.14976646    656412.085734876
145.664041999948    2737109.77905334    2598919.68609952    7965576358292.2    7191869869103.97    688335.975888802    661427.4973936
146.017595499948    2678655.4858513    2634382.41765877    7637969877744.53    7382933903523.6    680275.433823129    665554.791924687
146.371148999948    2790201.40862371    2583942.63584975    8264980796354.26    7116202714082.52    692644.855368535    662905.097823487
146.724702499948    2984159.67549643    2519375.36586493    9434962831687.79    6777098677971.96    727841.921593457    655626.75650473
147.078255999947    3040685.91209055    2498600.98051758    9790862014584.96    6674221865370.19    738302.917913099    656669.631951072
147.431809499947    3017155.55920877    2509246.80183302    9640177500828.36    6731769638099.83    732768.607654521    659886.449012687
147.785362999947    2917282.61474443    2547912.73672187    9023866022675.38    6934539167668.52    716469.237570799    665341.907382195
148.138916499947    2767923.24245836    2612252.82794011    8140132562433.23    7277842967428.02    691905.691761565    673778.992212533
148.492469999946    2697605.80411669    2650091.97527296    7746965499990.29    7478836407166.97    685484.081205575    675165.853521068
148.846023499946    2768139.26235168    2619635.36728236    8147854328802.99    7315463275811.96    696605.593596592    673033.296572582
149.199576999946    2958442.38209091    2554722.12120167    9274204557246.74    6968551029149.08    722373.330830401    664790.126725647
149.553130499945    3029404.94879686    2530777.97940424    9719379716393.64    6850371195806.83    736264.471911232    667483.344188773
149.906683999945    3032684.44736059    2529086.21417691    9738963237482.56    6843488977108.38    736062.687697004    668739.03607361
150.260237499945    2952631.90390281    2557242.84280244    9237289828458.1    6992507978336.18    720593.275373416    673065.391527372
150.613790999945    2801778.02476339    2622192.5896792    8341003522239.09    7337854776082.65    700744.905220199    679676.981156597
150.967344499944    2715325.47990168    2660766.26135306    7856300600945.24    7540423701581.31    695203.667382392    678783.178950809
151.320897999944    2751016.39312994    2642753.55136175    8054097208336.39    7444191590264.48    697141.314990548    678266.36141663
151.674451499944    2917629.13519291    2587253.02998571    9018940041811    7147914329276.76    711604.012976631    673822.000313535
152.028004999944    3008775.65739096    2556051.12306532    9582895137673.56    6983538950351.84    728123.740284017    670925.9322968
152.381558499943    3039193.39155234    2548681.94970784    9779136729289.19    6947302351928.55    736505.43652698    671954.366874716
152.735111999943    2980457.67481406    2571042.41988441    9408528727179.31    7062460281645.03    724845.346140314    672459.037265428
153.088665499943    2851211.27964969    2623992.78089181    8635131658849.19    7343622520873.72    711144.076574912    676967.064709499
153.442218999943    2748775.39686151    2671966.07603367    8037325822903.56    7597909375304.47    693944.983779281    677131.201341154
153.795772499942    2738509.99337338    2681976.97419647    7977492571756.8    7659650040815.43    691415.640516551    683117.523340872
154.149325999942    2880145.99242226    2622719.93703424    8795137930122.67    7332775143593.43    707033.940102341    673880.757609657
154.502879499942    2995881.48020836    2579996.73925505    9501470602063.12    7105038511851.8    725372.151800517    669817.390999292
154.856432999942    3051423.11659682    2562078.35110732    9858400515190.98    7006751187785.13    739741.494503    665211.027097661
155.209986499941    3003465.36703381    2577460.20239193    9556029039948.74    7092102216113.53    731590.615697877    669926.205786354
155.563539999941    2899088.02791789    2622873.41293743    8914790889405.83    7335009147679.2    714198.498870587    674940.150965381
155.917093499941    2783671.21565545    2675281.85452404    8235752034268.37    7614980650961.46    697801.259241964    676644.404259617
156.270646999941    2735586.33401526    2704542.78812655    7961900141583.54    7783629749681.88    691713.488904561    684892.733845617
156.62420049994    2829862.25284032    2660562.3613526    8496092672962.89    7537498224484.45    698550.143448855    677426.118361486
156.97775399994    2984802.85202685    2604741.9597815    9433558377480.99    7239056421273.56    724230.841661236    674073.990172592
157.33130749994    3049317.76955929    2584014.84252411    9845081393648.32    7126254550062.36    739420.404031628    670165.534534177
157.68486099994    3031936.88141099    2589355.09928795    9734424947401.52    7152280212949.39    736059.572685057    668969.642615324
158.038414499939    2948675.62927672    2621676.95757566    9211410051239.92    7322836803308.46    718833.836536297    670557.032194347
158.391967999939    2831939.99611809    2667958.30979104    8512283344296.82    7575731779171.5    701711.623591533    676557.637151798
158.745521499939    2748258.81121472    2717261.01392577    8028185934849.96    7848003623720.81    689390.630506857    681539.584998506
159.099074999939    2794620.9689955    2692911.85910682    8292535775115.45    7711904701215.22    694715.348013937    678329.138617154
159.452628499938    2950499.02144864    2639522.72138835    9214705952364.94    7419140006637.8    713625.585861049    672353.93202721
159.806181999938    3036446.44507634    2603065.02475785    9756009604975.35    7218869656542.22    732121.978333266    665523.954057726
160.159735499938    3056260.34528035    2599789.47659298    9882714750198.63    7207213896163.86    736197.970701807    669558.491515303
160.513288999938    2993753.52618443    2623099.09310256    9491053902691.55    7330118697405.74    726975.740413576    670425.122717122
160.866842499937    2871280.57978051    2675404.73406374    8741417562812.28    7615450221127.11    705099.563882711    676505.528489206
161.220395999937    2778478.52775166    2719639.76109685    8195655826469.22    7859490436769.27    689719.433749841    680477.778204651
161.573949499937    2777666.47960264    2721378.22578875    8196034970661.01    7865655973734.6    693256.012417426    678053.483095156
161.927502999937    2893182.47848623    2673030.0965545    8868824193787.68    7600842472993.36    705917.374745781    675094.494057822
162.281056499936    3011789.32103059    2630822.09709512    9602518819792.08    7371730516085.34    729139.153741019    671197.14653846
162.634609999936    3055199.97364447    2618201.12990656    9877283578714.84    7300792390565.29    736910.238602809    667693.967264416
162.988163499936    3025187.58231519    2627776.71581507    9686827790761.47    7354993182711.6    731483.344012313    670658.418669102
163.341716999936    2929082.98393997    2664562.95669393    9092189934180.74    7551195369787.32    716004.753737043    671788.374119268
163.695270499935    2819554.61515908    2712759.30051839    8435651544526.05    7815847995634.11    696967.227824363    675858.693134225
164.048823999935    2773301.9406522    2740740.11286258    8163495530584.4    7976067735068.92    687234.95004195    681477.342847805
164.402377499935    2842698.40706216    2705611.18240605    8568157360176.03    7775451521791.14    698013.700913034    674625.563872649
164.755930999935    2988872.82192099    2657218.11847098    9454846662810.62    7512403866328.22    722139.818312669    672008.732977328
165.109484499934    3046299.73920293    2630240.48656453    9822434811245.91    7361703170700.62    736541.044462617    665986.601620022
165.463037999934    3052608.19191219    2628202.16549225    9859033664635.01    7345987667264.53    735266.544394323    662224.31589784
165.816591499934    2971335.9161135    2661332.23561939    9345017097695.3    7531409452311.53    718456.659311643    669865.795487903
166.170144999934    2869289.40217729    2704616.82827433    8721791510510.61    7767144579137.89    699263.782176433    672452.519776058
166.523698499933    2781949.94948971    2754295.84884281    8210677459779.44    8050327876520.8    686609.014151179    681309.220228273
166.877251999933    2813674.0739277    2735291.37693321    8397455889888.04    7939604049531    693321.062419939    676598.206327667
167.230805499933    2947003.21209718    2683536.46552772    9191230408414.94    7655216012563.82    711619.614895384    673682.455424515
167.584358999933    3024371.60365642    2654743.65024826    9678445803673.09    7490812722337.38    729124.27381742    665694.279533724
167.937912499932    3059823.21573687    2645923.18701219    9904480167616.79    7448171363422.56    736180.722414315    668776.384043131
168.291465999932    3010075.27164474    2663767.96825033    9591899730200.66    7544020358362.88    728935.243511739    669597.319055557
168.645019499932    2918772.82819239    2701083.49380763    9021143787998.45    7748635271316.51    708455.337621391    672891.693214062
168.998572999932    2821338.61896776    2748123.61465512    8441605430750.83    8012573663580.85    694012.844169262    678520.642394702
169.352126499931    2800765.22421533    2763637.73695541    8322294679666.35    8096713036706.28    691381.832631135    677509.775266948
169.705679999931    2884887.20461789    2725052.1946193    8811636676271.28    7886824499926.55    699330.031461023    678907.237056055
170.059233499931    3014240.67566989    2675369.37502803    9613699534847.08    7603619807999.78    726672.336052648    667846.176272564
170.412786999931    3059035.35653507    2653822.13556714    9900178341444.52    7483502529231.51    736533.114607117    663875.441634492
170.76634049993    3046780.0779253    2661286.11697678    9819151357563.08    7528117727357    732313.125869369    667588.144699753
171.11989399993    2962636.93216018    2698330.677796    9291653598529.15    7735938455723.8    717241.944346323    674499.821340816
171.47344749993    2861507.9474343    2744080.27740642    8675755849269.96    7988364855040.04    698232.136212806    677043.784543632
171.82700099993    2802070.29248912    2775715.45340027    8325604534774.89    8173811820346.99    688481.380085785    684993.096389983
172.180554499929    2841933.24158157    2755782.80356599    8558535412166.3    8060482972811.4    694226.809162533    682747.473361396
172.534107999929    2978879.69659484    2701158.83035585    9391749630783.63    7749971705965.54    719739.802983452    673581.976567193
172.887661499929    3042968.41795445    2677465.71124089    9796038376936.44    7621205669195.93    732380.764540004    672594.256833366
173.241214999929    3066731.85707461    2672774.64947018    9949142985663.14    7593500360987.92    737766.021491116    670653.43817616
173.594768499928    2998767.34035029    2699352.49970552    9517006042440.77    7739094758792.12    724155.011644061    672748.720642167
173.948321999928    2909310.09325684    2734322.63647714    8963140799549.35    7938446563879.24    706438.66034016    679651.589807576
174.301875499928    2825819.76015177    2775947.2568748    8464765405336.47    8176947508176.33    692465.225460651    686341.267319402
174.655428999928    2822054.8134601    2781143.42512096    8443341171645.99    8203533143245.79    692349.479289678    684671.010159079
175.008982499927    2921552.41104583    2735051.42511194    9031336582205.64    7941768705833.84    704179.019651925    679163.020067338
175.362535999927    3034071.71738193    2694864.72517645    9737660428010.72    7714696001274.1    729430.76559312    672606.953780396
175.716089499927    3059137.24349927    2684445.26827312    9898777186947.96    7656781625526.7    735157.474547915    671219.209478355
176.069642999927    3034572.10082534    2696406.97781889    9743327920498.58    7725409344926.08    731231.89576978    674387.688867215
176.423196499926    2949676.67542995    2730194.05132643    9210669053508.14    7912720233200.69    714196.44631757    677318.73981343
176.776749999926    2859076.10191632    2771835.44700499    8660102640589.52    8150973949054.87    696983.84776157    684033.773860248
177.130303499926    2818985.10499987    2794698.7396206    8426783017673.77    8281240913528.91    692896.814441124    686221.442605764
177.483856999926    2874547.84895796    2765162.07472784    8753534460786.2    8114744560522.72    700363.566183563    684560.633552307
177.837410499925    2999150.89961673    2721181.32324505    9519067479292.42    7864581811298.16    723989.889860752    678051.633226045
178.190963999925    3049471.38875685    2697141.61193615    9842518154039.01    7727114554050.73    737049.796955669    672712.181555532
178.544517499925    3055258.71550915    2702800.64918512    9875512190385.41    7762491281488.23    735463.372093275    676283.913939042
178.898070999925    2991645.61769783    2731769.48221714    9469837128890.87    7926561179862.76    721036.494915621    681173.014651846
179.251624499924    2900922.90066722    2771842.24357434    8910915204530.12    8154478254141.6    703961.312086543    686563.056738695
179.605177999924    2839262.7768196    2801429.97358821    8547681464124.13    8322477879850.8    697329.440286852    688816.363722846
179.958731499924    2851525.6346114    2796359.07494121    8624930803721.21    8292570223113.23    702660.913154625    687710.801941614
180.312284999924    2950739.4753566    2753171.40822777    9217752340831.09    8045109206105.78    714764.918979206    682023.755468166
180.665838499923    3044905.99406695    2715921.32822664    9806494153631.23    7837014300182.67    731465.406513781    678811.932029989
181.019391999923    3057202.67288692    2710060.33705131    9883684259176.14    7804687697589.14    732936.611221723    678425.137454732
181.372945499923    3016506.23903429    2725006.1518665    9626052431875.01    7889934507647.46    725770.309217867    681378.000772832
181.726498999923    2943002.8292382    2756728.02026294    9167624129260.32    8068532977307.38    711588.69886774    684823.772663104
182.080052499922    2857627.00838599    2800073.69153009    8657997491082.98    8315818319467.86    701402.432292541    689496.658054907
182.433605999922    2839686.40498585    2809238.27564346    8552570119677.42    8367303163247.86    699107.460277709    689553.097235919
182.787159499922    2898491.16940796    2779901.9872307    8899098974431.98    8201369254284.69    705583.386493796    688123.677601259
183.140712999922    3002285.31947962    2745369.62793001    9537689624019    8002611112661.33    723859.436946259    682317.168698518
183.494266499921    3049492.7572968    2722757.78394479    9836672131123.45    7876441970619.1    732984.347935054    680464.562330151
183.847819999921    3046693.41940819    2724010.3468691    9816388674588.73    7882479507263.36    730785.798112927    679887.591748425
184.201373499921    2981025.54659334    2753629.41734921    9402847433936.05    8050958765289.03    718563.932085318    684458.762233383
184.554926999921    2901101.2998715    2789238.86267769    8915006122547.58    8252496379696.01    706128.43763118    687490.324749713
184.90848049992    2848539.92718616    2817213.80271994    8599338344355.54    8416634267689.08    696533.292515028    692777.494909683
185.26203399992    2869616.8061405    2808131.92215664    8729863410388.85    8361496059079.99    703678.0487587    689848.655028665
185.61558749992    2968149.08270965    2767621.94991238    9319427943084.12    8128393483679.48    713805.972161902    684589.092845254
185.96914099992    3037260.16995064    2744456.99266986    9760478463900.88    7995709438122.08    731798.55420211    680929.697918635
186.322694499919    3056196.12229479    2738248.41307523    9882718716888.6    7961781535189.66    736467.228706658    681011.867356701
186.676247999919    3013129.88036406    2753559.77612933    9607818525600.44    8045929038346.9    727232.321653613    681056.236759858
187.029801499919    2943145.33713051    2782548.46564308    9167694705893.17    8216352354117.56    711048.683579458    688314.16552682
187.383354999919    2870341.93962459    2817869.220175    8733619371431.84    8419268511639.48    703389.309745289    692012.694702803
187.736908499918    2858114.92835925    2825498.29927919    8661904581201.23    8461472626934.61    702199.143755682    691398.573693206
188.090461999918    2917040.72928673    2796341.36663874    9008277505239.82    8299614700688.64    706506.113860413    692885.027918521
188.444015499918    3015645.18931211    2757950.36546837    9622035146675.05    8078417576839.49    726580.510923435    687115.243938301
188.797568999918    3048684.33481653    2747394.48542826    9832101374549.79    8015201083917.59    733229.296464678    683391.999774646
189.151122499917    3041780.37363875    2750104.30559181    9790360752330.89    8033533695842.91    733439.098274025    685900.870540557
189.504675999917    2978624.5496632    2776265.51420977    9389387493876.06    8180752644953.07    719154.563372675    687824.424953495
189.858229499917    2905503.49794804    2808134.83008536    8939841006216.08    8362368728431.63    705613.51292884    690469.046730611
190.211782999917    2858123.12173824    2835162.0326608    8659022199679.38    8520007163351.35    700110.291785974    694163.822098225
190.565336499916    2885323.30842638    2820640.2941499    8816723365252.52    8433853478494.01    701165.295136562    691261.028492124
190.918889999916    2970011.19406824    2786362.33022412    9332658703346.62    8240217532409.23    715326.645984885    690219.166002561
191.272443499916    3035506.9422169    2760176.34186753    9742549588627.62    8088927371752.39    726806.158738798    685823.544030946
191.625996999916    3049386.80785381    2754817.67965378    9835768380448.89    8057235987672.35    732808.622039907    684262.770826627
191.979550499915    3014007.35304186    2768966.70633916    9609535601869.7    8136585797987.84    724772.569623943    685134.422703389
192.333103999915    2946512.11435084    2797845.9800521    9192212694419.59    8304620872485.89    714338.193297338    690419.252622775
192.686657499915    2881359.70351535    2828836.79619851    8795740438009.49    8483699543524.8    702500.318126214    693816.923977909
193.040210999915    2866285.64892838    2838575.98617416    8705901978559.58    8541196277481.8    700220.363390555    695472.967265587
193.393764499914    2918431.97361393    2813204.92278476    9017083175251.11    8394261213379.75    706992.213987538    692920.829387703
193.747317999914    3017577.06125105    2773001.2883673    9632029522726.9    8157965778755.96    725436.559692434    684419.194258339
194.100871499914    3046177.41969722    2764345.12846011    9812696485813.87    8110206367367.01    730410.578743667    684545.38061832
194.454424999913    3045576.66108233    2765230.68325858    9812620110081.43    8116067504966.33    732859.407766631    685249.424174611
194.807978499913    2992419.20991826    2787127.43487443    9475914537176.43    8236508349651.27    722040.033023505    684418.739823463
195.161531999913    2922105.47767763    2818028.48897678    9043367077848.24    8419689323388.61    710398.940859722    691668.098659942
195.515085499913    2875550.78491865    2844436.12313262    8760002680526.32    8573771551725.31    700864.012401876    694949.417687075
195.868638999912    2887114.24148463    2841903.03830312    8827821072577.57    8556764876155.44    701706.797169735    693074.30845395
196.222192499912    2976152.84769002    2800886.89953497    9367683203859.89    8322019700467.77    714281.058860223    690689.710710345
196.575745999912    3042545.66554823    2775901.48949317    9791847599559.58    8177203020761.88    731275.237248776    686712.415346816
196.929299499912    3063019.74032782    2767436.52736807    9927494275033.55    8127506725282.62    738514.959493489    684691.019564007
197.282852999911    3022587.73276419    2786933.22665829    9665045305213.76    8237243475563.66    727329.844676531    685745.335902252
197.636406499911    2960898.97678174    2812600.32039999    9279900240005.92    8387009880730.54    716224.468514413    690137.173623048
197.989959999911    2899347.3874638    2842563.43570097    8904121719979.69    8559871890662.66    705624.862647678    692607.39577236
198.343513499911    2886560.44884977    2849250.65186762    8829455058449.07    8596935832123.04    705141.002626617    691886.229776972
198.69706699991    2929249.7319293    2829858.53829532    9082755241227.68    8483476974216.7    708696.866946509    689476.342925393
199.05062049991    3013255.09336912    2799264.62231236    9605448119281.34    8309627149647.44    725080.589704633    688291.162167495
199.40417399991    3058869.72970647    2776600.63629241    9897164986101.07    8176473234456.18    735174.103724098    683346.28190747
199.75772749991    3051032.85749239    2785720.07520174    9849702029133.04    8225223007528.58    735459.401758427    681899.310856515
200.111280999909    3004225.67610055    2804579.62381303    9552490230671.39    8336063110549.65    726029.143856908    685854.389970925
200.464834499909    2931385.67669141    2840824.30638794    9099449400932.19    8549970142992.28    711637.137465864    692594.688997646
200.818387999909    2887754.6296844    2863344.30172354    8828918779452.32    8685342500138.32    699851.397218463    697568.570052896
201.171941499909    2899182.17490909    2859224.55633629    8897557910836.73    8660356997259.63    701641.380996115    696557.200596762
201.525494999908    2981916.23706779    2817607.8460713    9406681795165.27    8413293298221.41    717535.609065344    688752.004700424
201.879048499908    3046417.31052227    2796058.14079083    9816301289292.41    8287991293006.01    731876.259652335    685602.046615479
202.232601999908    3060255.91139007    2788930.92604337    9906888443920.04    8242925443237.31    736017.799188407    681754.892168848
202.586155499908    3029699.73128075    2804807.46644274    9706753140864.89    8337232751617.3    726410.819813579    685775.347912393
202.939708999907    2974706.25027576    2825438.33382616    9363724766898.58    8457056754981.09    717528.739124037    688443.880593564
203.293262499907    2913831.69843325    2854796.51421423    8989806464491.02    8633423829000.8    706676.232582245    695385.282725385
203.646815999907    2893068.92524267    2869216.12386056    8862004727069.29    8715114620828.77    701538.966034323    694775.831047197
204.000369499907    2936456.65407701    2845707.65323936    9126574507624.79    8578903449821.86    709786.465320129    693434.497351281
204.353922999906    3022249.90791806    2813719.71786482    9660188611255.18    8390360993640.77    725392.380263586    687998.795739863
204.707476499906    3059815.10950127    2800863.68301315    9905153094407.16    8313913887154.6    736671.290383234    684891.609185451
205.061029999906    3054751.29129445    2801120.19686836    9871610709422.34    8315474789762.29    734918.538177705    684982.06725317
205.414583499906    3002775.36679356    2822728.70970242    9541135844474.4    8443216283402.6    724207.111986747    689506.28338276
205.768136999905    2943688.91171028    2849031.34370722    9173750730600.06    8600748734956.15    713054.220711148    695535.144712302
206.121690499905    2903075.21380325    2870306.31854571    8926204492404.02    8722763951382.58    705945.320407491    695776.967928039
206.475243999905    2909910.41226886    2870270.36800113    8963493451500.74    8721878550873.56    704212.215223505    695288.83598706
206.828797499905    2983808.97600748    2831457.86956789    9419780963234.78    8491734507203.02    718794.099817182    688898.279911562
207.182350999904    3050872.05274462    2811367.67289056    9841856073730.32    8373744150416.55    730777.525319539    685533.338534645
207.535904499904    3063367.51995957    2803829.83845646    9923193030386.76    8330339201413.31    734147.44298642    684746.258401266
207.889457999904    3034805.84134353    2816979.19988301    9740799835644.11    8406081596535.11    728528.201918994    686082.927904176
208.243011499904    2977414.8073305    2841357.14314229    9382176749407.16    8552742316657.81    719150.759226649    692410.212065141
208.596564999903    2917829.47451623    2873157.81393184    9013971198478.55    8739787333515.96    707278.132083068    696240.985405453
208.950118499903    2904712.17223051    2880074.3449754    8932515130598.72    8781452659547.84    703677.715360263    697584.709524506
209.303671999903    2941279.35567185    2861156.70647519    9157074957204.17    8667959175545.14    711302.122239744    694075.987581465
209.657225499903    3030938.25944798    2824083.65398478    9716378966720.68    8449737979079.72    727868.280759034    688686.789749659
210.010778999902    3056691.70485125    2815172.0347851    9886726578889.72    8396781654697.49    737131.196181017    686722.701868394
210.364332499902    3056706.16173979    2816747.2036291    9882162630511.94    8407219053980.57    733968.712748676    687862.082708611
210.717885999902    3002499.0883832    2839178.56906159    9537759492854.25    8540538624269.87    723020.550961236    692534.242656102
211.071439499902    2953107.92340639    2861265.76871752    9225489393843.67    8664653061571.28    710382.281984887    691238.932885457
211.424992999901    2914751.28652619    2881576.53345467    8989907169911.74    8791374089358.9    702945.309114198    698491.783203106
211.778546499901    2925991.07222544    2875481.97986639    9064547177648.95    8755249460733.49    709311.936249467    697748.410386687
