#t    av|LHS-RHS|_over_av|LHS+RHS|    av|LHS|    av|RHS|
0    3.52434979758776e-07    33.6594819899312    33.6594819706184
0.3535535    5.38111692943402e-07    22.0454181140601    22.0454181669061
0.707106999999999    4.39494981299741e-07    26.9919916850506    26.991991650111
1.0606605    5.66500587820188e-07    20.940618492776    20.9406185894848
1.414214    1.14253896736356e-06    10.3829232551376    10.3829230349612
1.76776750000001    1.15677541581493e-06    10.255139191678    10.2551390425728
2.121321    5.11898399470661e-07    23.1742848634574    23.1742849752716
2.4748745    3.87511171805134e-07    30.6130424084029    30.6130422416522
2.82842799999999    3.88084521495597e-07    30.5679147280972    30.5679147398734
3.18198149999998    4.37953832409896e-07    27.0871759383045    27.0871760307909
3.53553499999997    6.58535280153724e-07    18.0141425950823    18.0141426274106
3.88908849999997    1.03112487463574e-06    11.5048843827392    11.5048840895679
4.24264199999997    7.40522739080771e-07    16.0197365315255    16.0197364819819
4.59619549999999    4.59548726376244e-07    25.8144511365888    25.814451151676
4.949749    3.80713329445123e-07    31.1601137120073    31.1601136757303
5.30330250000002    3.71095629863311e-07    31.9677491797111    31.9677490085967
5.65685600000003    4.97354750468244e-07    23.8524977183821    23.8524978030853
6.01040950000005    7.65835518961034e-07    15.4904656795486    15.4904654655933
6.36396300000006    8.94768180619643e-07    13.258346553941    13.2583463492414
6.71751650000007    4.15485606161975e-07    28.5524567142121    28.5524568535201
7.07107000000009    3.62742086314571e-07    32.7041473961742    32.7041474013123
7.4246235000001    3.95067698068699e-07    30.0285729086117    30.0285729843109
7.77817700000012    4.54812190350636e-07    26.0841994810254    26.0841995657639
8.13173050000013    5.61573101266344e-07    21.1253519478715    21.1253517507592
8.48528400000015    8.64099379807146e-07    13.7292331725708    13.7292330771925
8.83883750000016    6.94624677202801e-07    17.078900363035    17.0789003885782
9.19239100000018    3.61549445164682e-07    32.8127388229406    32.8127387434064
9.54594450000019    4.14040696360876e-07    28.6528116627473    28.6528116433092
9.89949800000021    3.51324235425144e-07    33.7680719767457    33.7680719675384
10.2530515000002    3.50665875686558e-07    33.8315553465948    33.8315553989614
10.6066050000002    5.557928813523e-07    21.3453504989893    21.3453503967943
10.9601585000002    6.96356830993144e-07    17.0366655085245    17.0366654306815
11.3137120000003    3.05105346804762e-07    38.8836549119486    38.8836550886032
11.6672655000003    3.73407295159166e-07    31.7712325865086    31.7712325503891
12.0208190000003    3.53996911694596e-07    33.5133968747283    33.5133968136699
12.3743725000003    3.34132669751639e-07    35.5058195139811    35.5058195300708
12.7279260000003    4.93193179108458e-07    24.0547816111239    24.054781531896
13.0814795000003    5.84826106910802e-07    20.2857763513536    20.2857764025255
13.4350330000004    7.02702637863586e-07    16.882893745461    16.8828938842629
13.7885865000004    3.27441363769086e-07    36.2313692565683    36.2313689927722
14.1421400000004    3.01512597911712e-07    39.3473046041232    39.347304632103
14.4956935000004    2.59111754187229e-07    45.7862668903286    45.7862670886354
14.8492470000004    2.19542139654073e-07    54.0385997204398    54.0385996220013
15.2028005000004    3.51337822880275e-07    33.76741130268    33.7674115126127
15.5563540000004    4.521197069051e-07    26.2403319739657    26.2403321475088
15.9099075000005    1.94801336663924e-07    60.9019345407689    60.9019344990613
16.2634610000004    2.53459833866472e-07    46.8075276809955    46.8075278224813
16.6170145000003    1.90023205115488e-07    62.4339705927498    62.4339704073473
16.9705680000003    1.82195515174319e-07    65.1165571983375    65.1165571319537
17.3241215000002    4.25187782299652e-07    27.9028613260444    27.9028613338963
17.6776750000001    3.39246201825696e-07    34.9715255257375    34.9715256280616
18.0312285    6.8130489293822e-07    17.4135907354299    17.4135908766998
18.384782    3.19495143202061e-07    37.1333895166436    37.1333894093523
18.7383354999999    1.4213006512619e-07    83.4724757151184    83.4724758176911
19.0918889999998    1.2806484647362e-07    92.641345385331    92.6413454866616
19.4454424999997    1.28298812064966e-07    92.473062901111    92.4730629454312
19.7989959999997    1.99391931714815e-07    59.5017019948439    59.5017019505542
20.1525494999996    2.55887711283995e-07    46.3646993806299    46.3646993255981
20.5061029999995    1.15222449779371e-07    102.967469760025    102.967469844819
20.8596564999994    1.17676056464382e-07    100.820834307987    100.820834267411
21.2132099999994    8.62266087811808e-08    137.593700012684    137.593699858783
21.5667634999993    8.91088204005035e-08    133.14348024334    133.143480472091
21.9203169999992    3.03835670602393e-07    39.0483529551149    39.0483526035879
22.2738704999991    1.80952568985054e-07    65.5657415248747    65.5657416432803
22.6274239999991    3.9675982934692e-07    29.9029496564093    29.9029498467871
22.980977499999    2.20258935114902e-07    53.8652986780347    53.8652984698347
23.3345309999989    6.25890767171519e-08    189.559351080423    189.559351461695
23.6880844999988    6.02880720703805e-08    196.794929790817    196.794929847884
24.0416379999988    7.40310104924165e-08    160.263429267677    160.263429128422
24.3951914999987    1.07901645865968e-07    109.956440340007    109.956440235698
24.7487449999986    1.36204110496783e-07    87.1081022640929    87.1081023914664
25.1022984999985    6.54835906121182e-08    181.182646276176    181.182646621683
25.4558519999985    5.13682359908e-08    230.96967748026    230.96967720658
25.8094054999984    4.0322056912222e-08    294.245749939268    294.245749855445
26.1629589999983    4.33036021679949e-08    273.987003630246    273.987003814089
26.5165124999982    1.45782653555454e-07    81.3857888360425    81.3857885757274
26.8700659999982    9.17220099413605e-08    129.354250175513    129.354250127705
27.2236194999981    1.78732868610806e-07    66.3819362274178    66.3819362845345
27.577172999998    8.23260329300419e-08    144.11768337765    144.11768354117
27.9307264999979    2.90444177717431e-08    408.50009329266    408.500093375045
28.2842799999979    2.86724654061314e-08    413.800443910869    413.800443739057
28.6378334999978    4.33501437074836e-08    273.694579980091    273.6945802012
28.9913869999977    5.60958696825013e-08    211.507862983879    211.507862744993
29.3449404999977    6.88385635208506e-08    172.355677466187    172.35567731638
29.6984939999976    3.70638465062951e-08    320.115580154948    320.115580287885
30.0520474999975    2.30329210428606e-08    515.121529624223    515.121529536532
30.4056009999974    1.9566198760177e-08    606.391072689947    606.391072788492
30.7591544999974    2.1965580109612e-08    540.154580847556    540.154580813871
31.1127079999973    5.79469107982348e-08    204.75412038505    204.754120393264
31.4662614999972    4.45442174469818e-08    266.362242497031    266.36224234787
31.8198149999971    7.59772953976402e-08    156.163725143795    156.163725067
32.1733684999971    3.04706221954651e-08    389.389367057326    389.389367244237
32.5269219999972    1.42927713716325e-08    830.141960837193    830.14196081773
32.8804754999974    1.42953411291631e-08    829.995799211759    829.995799000783
33.2340289999975    2.68648600063965e-08    441.656518637263    441.656518951031
33.5875824999976    2.88690155922038e-08    410.995195292266    410.995194907767
33.9411359999977    3.39907935600231e-08    349.065880263776    349.065880089191
34.2946894999978    2.11071394438811e-08    562.133392927892    562.133393184771
34.6482429999979    1.07692404476319e-08    1101.75042504858    1101.75042482912
35.001796499998    1.01501978008705e-08    1168.95045314431    1168.95045338662
35.3553499999981    1.17747856203864e-08    1007.6689044264    1007.6689044611
35.7089034999982    2.24388420866829e-08    528.774754079289    528.774753919579
36.0624569999983    2.11830920652197e-08    560.120842764364    560.12084246429
36.4160104999984    3.2520888753799e-08    364.84526571333    364.845265498196
36.7695639999985    1.20202854962503e-08    987.087712812771    987.087713062632
37.1231174999986    7.5141027431517e-09    1579.05139470335    1579.05139454076
37.4766709999987    7.64663196897217e-09    1551.69855870298    1551.69855841054
37.8302244999988    1.84969022800626e-08    641.475385936422    641.475386330564
38.1837779999989    1.48793331650121e-08    797.434892503909    797.434892103198
38.537331499999    1.65237415421192e-08    718.076073297045    718.076073076095
38.8908849999991    1.22852827805106e-08    965.815755808627    965.815756163705
39.2444384999992    5.27603055535131e-09    2248.91035467995    2248.91035448258
39.5979919999993    5.72944896659075e-09    2070.94852796467    2070.94852817607
39.9515454999994    6.84601617767467e-09    1733.18686397687    1733.18686389479
40.3050989999995    8.84988744049928e-09    1340.74928385692    1340.74928368916
40.6586524999996    9.95989942983615e-09    1191.32573053614    1191.32573042115
41.0122059999997    1.4142504760172e-08    838.994534222019    838.994534289798
41.3657594999998    5.02674926176137e-09    2360.46743606776    2360.46743618629
41.7193129999999    4.26255991795081e-09    2783.65401720475    2783.65401725115
42.0728665    4.50666465591038e-09    2632.89426293445    2632.89426273711
42.4264200000001    1.53307672815092e-08    773.971904112754    773.971904429315
42.7799735000002    7.84079342369851e-09    1513.31469694561    1513.31469664299
43.1335270000003    7.9460339589506e-09    1493.27128830151    1493.27128832953
43.4870805000005    7.34805922855469e-09    1614.79511975179    1614.79511998854
43.8406340000006    2.71346504614431e-09    4372.85111702639    4372.85111662741
44.1941875000007    3.65437463717025e-09    3246.96843023591    3246.96843037513
44.5477410000008    4.48156669085292e-09    2647.65110473806    2647.65110485708
44.9012945000009    3.50956852867205e-09    3380.95564338053    3380.95564330048
45.254848000001    4.64059935897215e-09    2556.92607051655    2556.92607052038
45.6084015000011    6.16363945700589e-09    1925.10750655424    1925.10750663
45.9619550000012    2.17752217543812e-09    5449.18652033282    5449.1865204606
46.3155085000013    2.36239664668626e-09    5022.78688937702    5022.7868893522
46.6690620000014    2.20651125367828e-09    5377.65766917951    5377.65766919158
47.0226155000015    2.83462334632529e-09    4186.03628796973    4186.03628811704
47.3761690000016    3.15726243138691e-09    3758.2860398532    3758.28603988227
47.7297225000017    3.6226992835073e-09    3275.42677196924    3275.42677208023
48.0832760000018    2.88541059122171e-09    4112.38305714017    4112.38305695603
48.4368295000019    1.04276839620714e-09    11379.2027090311    11379.2027089844
48.790383000002    6.03107217821086e-10    19674.6313952631    19674.6313952197
49.1439365000021    4.84301404439653e-10    24501.3410997269    24501.3410996146
49.4974900000022    1.01574079434618e-09    11682.2531684101    11682.2531684413
49.8510435000023    1.20092803931304e-09    9880.75435589611    9880.75435625719
50.2045970000024    1.73981257189292e-09    6820.3063238993    6820.30632407687
50.5581505000025    3.87189745931806e-10    30647.0343568189    30647.0343566079
50.9117040000026    1.8437194649812e-10    64359.7283362986    64359.7283363269
51.2652575000027    1.264003802237e-10    93876.774422941    93876.7744232623
51.6188110000028    2.00799364749255e-10    59094.2994194894    59094.2994196543
51.9723645000029    1.77424033851523e-10    66880.3269510843    66880.3269510667
52.325918000003    2.69782886467186e-10    43983.9353842955    43983.935384597
52.6794715000031    2.13925336477963e-10    55468.1869471046    55468.1869469212
53.0330250000032    8.42027779276143e-11    140924.12421308    140924.1242131
53.3865785000033    8.70428099370972e-11    136326.327912373    136326.327911897
53.7401320000034    8.32894998842011e-11    142470.497635326    142470.497635108
54.0936855000036    6.92783120927776e-11    171282.027958852    171282.027958986
54.4472390000037    1.10007259408284e-10    107867.684191116    107867.684191151
54.8007925000038    1.23187004204917e-10    96326.5260995441    96326.5260997325
55.1543460000039    5.02329300802376e-11    236219.968299421    236219.968299491
55.507899500004    6.65554067380288e-11    178288.717251884    178288.717251854
55.8614530000041    5.58269759216525e-11    212553.275472594    212553.275472814
56.2150065000042    4.85533518867894e-11    244399.487107901    244399.487108072
56.5685600000043    8.59392733045336e-11    138077.663899176    138077.663899416
56.9221135000044    9.39164015359439e-11    126350.499613868    126350.499613905
57.2756670000045    1.11792324029396e-10    106144.538651651    106144.538651634
57.6292205000046    5.19951479727054e-11    228223.654529873    228223.654529775
57.9827740000047    3.99057093569671e-11    297355.14479096    297355.144790964
58.3363275000048    3.75538260569245e-11    315975.984967385    315975.984967553
58.6898810000049    4.04442523682121e-11    293394.455091429    293394.455091566
59.043434500005    6.50640198855762e-11    182380.935953364    182380.935953385
59.3969880000051    7.51430108001089e-11    157918.503494201    157918.503494151
59.7505415000052    3.2947831855705e-11    360147.394101163    360147.394101102
60.1040950000053    3.56983474230644e-11    332411.444029901    332411.444029763
60.4576485000054    2.80193038041689e-11    423521.41792049    423521.417920513
60.8112020000055    2.71876433236966e-11    436477.879469961    436477.87947003
61.1647555000056    4.46355090248082e-11    265844.763052984    265844.76305309
61.5183090000057    6.25749259037397e-11    189635.588815894    189635.588815901
61.8718625000058    6.25899369248394e-11    189589.676383611    189589.676383213
62.2254160000059    3.63011326798491e-11    326885.321272339    326885.321272541
62.578969500006    2.24006654599417e-11    529732.35000959    529732.350009282
62.9325230000061    2.11193060776143e-11    561880.638924018    561880.638924072
63.2860765000062    2.9015297795502e-11    408973.189956319    408973.189956358
63.6396300000063    4.46890706495156e-11    265535.955457653    265535.955457886
63.9931835000064    5.13315878220361e-11    231174.731357631    231174.731357825
64.3467370000062    2.51900787384828e-11    471081.086170583    471081.086170137
64.7002905000059    2.0578154498518e-11    576660.450290235    576660.450290345
65.0538440000057    1.70658002873176e-11    695358.255099791    695358.255099994
65.4073975000054    1.97646223422936e-11    600414.448385319    600414.448385584
65.7609510000052    2.63007779033848e-11    451193.335224124    451193.335224228
66.1145045000049    4.76452696957383e-11    249065.034546818    249065.034546724
66.4680580000047    4.17458358796365e-11    284256.636652355    284256.636652402
66.8216115000044    2.51306156559178e-11    472201.822130798    472201.822130889
67.1751650000042    1.53865622527324e-11    771222.710356812    771222.710356585
67.5287185000039    1.51394776821491e-11    783806.944290249    783806.944290249
67.8822720000037    2.25638918780395e-11    525902.603959505    525902.60396002
68.2358255000034    3.23412773565091e-11    366927.478584302    366927.478583967
68.5893790000032    4.00878395512819e-11    296018.224314674    296018.224314251
68.9429325000029    1.9987255569323e-11    593710.192352473    593710.192352324
69.2964860000027    1.45714249584612e-11    814393.884748294    814393.884748202
69.6500395000024    1.28612907175965e-11    922715.130413322    922715.130413553
70.0035930000022    1.58174300037684e-11    750269.614678753    750269.614678335
70.3571465000019    1.83698255463347e-11    645989.190896209    645989.19089656
70.7107000000017    3.47427540910452e-11    341566.932868801    341566.932868252
71.0642535000014    3.21503711432342e-11    369098.707456781    369098.707456186
71.4178070000012    1.80441633181615e-11    657654.731158537    657654.731158576
71.7713605000009    1.13570290719918e-11    1044835.44069503    1044835.44069478
72.1249140000007    1.20345117137124e-11    986027.774007749    986027.774008201
72.4784675000004    1.53249823466574e-11    774359.620527502    774359.620527499
72.8320210000002    2.17639877748993e-11    545254.730946073    545254.730946383
73.1855744999999    3.17579721480544e-11    373673.6163973    373673.616397334
73.5391279999996    1.52143288572225e-11    779979.291154116    779979.291153954
73.8926814999994    1.0307787873592e-11    1151307.0792107    1151307.0792107
74.2462349999991    9.9143108393184e-12    1196972.38946918    1196972.38946916
74.5997884999989    1.07925283589947e-11    1099562.03192869    1099562.03192917
74.9533419999986    1.26820873966641e-11    935723.950264622    935723.950264289
75.3068954999984    2.31516428076975e-11    512576.525949081    512576.525949235
75.6604489999981    2.24716938043021e-11    528088.323963318    528088.323963612
76.0140024999979    1.07577437574937e-11    1103086.66652346    1103086.66652336
76.3675559999976    8.06767406486051e-12    1470886.92281294    1470886.92281302
76.7211094999974    7.55279964738174e-12    1571252.68530396    1571252.68530393
77.0746629999971    8.3764971935122e-12    1416760.34842261    1416760.34842258
77.4282164999969    1.25859000690929e-11    942873.827008001    942873.827007971
77.7817699999966    2.03409040568063e-11    583402.401345814    583402.401346136
78.1353234999964    1.07815893039819e-11    1100696.56665654    1100696.56665679
78.4888769999961    6.92109557267548e-12    1714652.95865493    1714652.95865467
78.8424304999959    5.77050494725169e-12    2056518.51198874    2056518.5119889
79.1959839999956    5.6080133642195e-12    2116290.56022934    2116290.56022919
79.5495374999954    7.16647118349189e-12    1655904.52119365    1655904.52119373
79.9030909999951    1.29669678720918e-11    915196.463461197    915196.463460815
80.2566444999949    1.24563187511785e-11    952722.652170362    952722.652169925
80.6101979999946    5.82167016322592e-12    2038462.82661265    2038462.82661267
80.9637514999944    4.53600812044826e-12    2616137.66452402    2616137.66452403
81.3173049999941    4.17270146588674e-12    2844286.31275444    2844286.31275429
81.6708584999939    4.7644757628186e-12    2490700.35108048    2490700.35108045
82.0244119999936    7.15394125692225e-12    1658926.81850009    1658926.81849997
82.3779654999934    1.24569798940884e-11    952649.600418824    952649.600418902
82.7315189999931    6.59053728490423e-12    1800701.30721924    1800701.30721928
83.0850724999928    4.26241144845727e-12    2784060.19894267    2784060.19894253
83.4386259999926    3.51127144560177e-12    3379810.88170503    3379810.88170491
83.7921794999923    3.58490479706525e-12    3310490.44533257    3310490.44533229
84.1457329999921    4.56243536249631e-12    2601047.92269545    2601047.92269566
84.4992864999918    8.1800373675726e-12    1450817.63635164    1450817.63635145
84.8528399999916    8.13809540871054e-12    1458246.53573659    1458246.53573649
85.2063934999913    4.06900462902969e-12    2916528.35421891    2916528.3542191
85.5599469999911    3.09524574978558e-12    3834234.4056178    3834234.40561747
85.9135004999908    2.87243403268709e-12    4131725.14645401    4131725.14645409
86.2670539999906    3.21693304259675e-12    3688990.20594019    3688990.20594005
86.6206074999903    4.66004723968764e-12    2546561.51272953    2546561.51272972
86.9741609999901    8.58216639128866e-12    1382808.81709648    1382808.81709646
87.3277144999898    5.03198758864832e-12    2358476.54502242    2358476.54502238
87.6812679999896    3.09976999341416e-12    3828457.25287465    3828457.25287475
88.0348214999893    2.55035044819698e-12    4653379.33660338    4653379.33660324
88.3883749999891    2.57723229025582e-12    4604960.85385281    4604960.85385295
88.7419284999888    3.16639873814156e-12    3747852.02729264    3747852.02729273
89.0954819999886    5.33406745622526e-12    2224908.11081497    2224908.11081464
89.4490354999883    7.25897580312545e-12    1634876.57120379    1634876.57120337
89.8025889999881    3.58896994418498e-12    3306519.61401447    3306519.61401439
90.1561424999878    2.55399502221244e-12    4646794.43163848    4646794.43163861
90.5096959999876    2.26863903568256e-12    5231342.07250685    5231342.07250679
90.8632494999873    2.42849676776188e-12    4886647.81850296    4886647.81850293
91.2168029999871    3.24579188974293e-12    3656391.666934    3656391.66693412
91.5703564999868    6.12950675333623e-12    1936066.33275488    1936066.33275478
91.9239099999865    5.44819029409958e-12    2178309.62845568    2178309.62845557
92.2774634999863    2.88419858493584e-12    4114579.63292773    4114579.6329277
92.631016999986    2.24526672769363e-12    5285830.21810844    5285830.21810853
92.9845704999858    2.10243376614555e-12    5644610.07104953    5644610.07104948
93.3381239999855    2.40198122431232e-12    4940725.84415543    4940725.84415536
93.6916774999853    3.47079115300844e-12    3419434.18180384    3419434.18180384
94.045230999985    6.8821345938029e-12    1724376.30047582    1724376.3004759
94.3987844999848    4.38845417934139e-12    2704248.15583255    2704248.15583266
94.7523379999845    2.5594313193737e-12    4636728.6223715    4636728.62237151
95.1058914999843    2.06522420603314e-12    5746584.61443761    5746584.61443757
95.459444999984    2.02822244368664e-12    5851502.08472859    5851502.08472845
95.8129984999838    2.38680153571601e-12    4972262.75434319    4972262.75434339
96.1665519999835    3.71898907467867e-12    3190980.74316588    3190980.74316588
96.5201054999833    7.16531283748649e-12    1656223.82514108    1656223.82514097
96.873658999983    3.78161732588574e-12    3138421.65748883    3138421.65748874
97.2272124999828    2.35900249537465e-12    5030840.39007789    5030840.39007788
97.5807659999825    1.95856110669419e-12    6059599.97925446    6059599.97925447
97.9343194999823    1.98462318019706e-12    5979980.67674491    5979980.6767449
98.287872999982    2.41770522251603e-12    4908671.6498927    4908671.64989263
98.6414264999818    4.01306410819472e-12    2957350.88115558    2957350.88115581
98.9949799999815    6.84844653539841e-12    1732918.14360065    1732918.14360098
99.3485334999813    3.33460049589826e-12    3558888.52454555    3558888.52454558
99.702086999981    2.22011156568296e-12    5345836.88428166    5345836.88428149
100.055640499981    1.89322774909508e-12    6268408.68845205    6268408.68845204
100.409193999981    1.95824465713484e-12    6060616.36830379    6060616.36830387
100.76274749998    2.44843175535849e-12    4847274.73515126    4847274.73515139
101.11630099998    4.27330351226971e-12    2777287.51390113    2777287.51390101
101.46985449998    6.50045683976035e-12    1825583.45330018    1825583.45330015
101.823407999979    3.06455071811235e-12    3872701.96952161    3872701.96952176
102.176961499979    2.11774657033355e-12    5604137.42829429    5604137.42829424
102.530514999979    1.84728058383718e-12    6424492.90161981    6424492.90161975
102.884068499979    1.93896986859604e-12    6120917.01032971    6120917.01032974
103.237621999978    2.48377449248928e-12    4778124.10407611    4778124.10407611
103.591175499978    4.55421606126662e-12    2606005.45557464    2606005.45557443
103.944728999978    6.14602015978927e-12    1931006.09023187    1931006.09023158
104.298282499978    2.87982615835208e-12    4120986.24050401    4120986.24050423
104.651835999977    2.04493688818555e-12    5803714.1910002    5803714.19100004
105.005389499977    1.81408604703359e-12    6541964.65903258    6541964.65903262
105.358942999977    1.94849515592263e-12    6091213.66839751    6091213.66839743
105.712496499977    2.54691628424129e-12    4659823.01097904    4659823.01097921
106.066049999976    4.8947987792999e-12    2424523.57222324    2424523.57222334
106.419603499976    5.64073285543962e-12    2103977.03206448    2103977.0320645
106.773156999976    2.72510732506865e-12    4355131.61353282    4355131.61353286
107.126710499976    1.99451107271702e-12    5950221.29427359    5950221.29427353
107.480263999975    1.80088719237769e-12    6590424.22474642    6590424.22474648
107.833817499975    1.95064009792764e-12    6084152.46766442    6084152.46766448
108.187370999975    2.6198240207768e-12    4530077.21405565    4530077.21405558
108.540924499975    5.26349282201621e-12    2254668.81290127    2254668.81290115
108.894477999974    5.24691927408529e-12    2261919.04103029    2261919.04103019
109.248031499974    2.61547607509558e-12    4537725.45247544    4537725.45247545
109.601584999974    1.96604997751943e-12    6036582.16795435    6036582.16795436
109.955138499974    1.80009511237726e-12    6593074.88764546    6593074.88764548
110.308691999973    1.99006365701539e-12    5963974.56818069    5963974.56818046
110.662245499973    2.73965186339193e-12    4331898.24599647    4331898.24599672
111.015798999973    5.6526297237682e-12    2099609.30258315    2099609.30258313
111.369352499973    4.86066307540239e-12    2441515.75454848    2441515.75454847
111.722905999972    2.51978254215018e-12    4710010.25999592    4710010.25999596
112.076459499972    1.93793938066258e-12    6124370.47105863    6124370.4710586
112.430012999972    1.8023262723561e-12    6584678.21090597    6584678.21090591
112.783566499972    2.00667742503404e-12    5914494.39501569    5914494.39501574
113.137119999971    2.79155057214267e-12    4251409.93335695    4251409.93335696
113.490673499971    5.91116383917011e-12    2007698.61343463    2007698.61343458
113.844226999971    4.76388219851343e-12    2491319.62556794    2491319.62556783
114.197780499971    2.49528650558837e-12    4756472.93106765    4756472.93106764
114.55133399997    1.93474959710564e-12    6134017.34480485    6134017.34480479
114.90488749997    1.8045277860657e-12    6576877.95542641    6576877.95542648
115.25844099997    2.01983231941488e-12    5876382.78519506    5876382.78519495
115.61199449997    2.83985663870411e-12    4179102.50015589    4179102.50015594
115.965547999969    6.05516000046233e-12    1959944.44863667    1959944.44863683
116.319101499969    4.7350887948696e-12    2506380.66708448    2506380.66708458
116.672654999969    2.50976616661837e-12    4729014.21464754    4729014.21464745
117.026208499969    1.94362613143456e-12    6106373.32176758    6106373.32176752
117.379761999968    1.81936734498247e-12    6522965.46819212    6522965.46819222
117.733315499968    2.04595557168698e-12    5801453.14478293    5801453.14478277
118.086868999968    2.8847647054058e-12    4113852.03051469    4113852.03051469
118.440422499968    6.21354686738717e-12    1910096.2583651    1910096.25836499
118.793975999967    4.70653100552425e-12    2521649.07375627    2521649.07375614
119.147529499967    2.51921256385316e-12    4711175.46667809    4711175.46667808
119.501082999967    1.95370624635658e-12    6074983.12576407    6074983.12576402
119.854636499967    1.84279607684514e-12    6440066.60259258    6440066.60259261
120.208189999966    2.06643963480681e-12    5743648.0369647    5743648.03696457
120.561743499966    2.93967888426135e-12    4037320.1003473    4037320.10034725
120.915296999966    6.32219945893435e-12    1877220.09567079    1877220.09567082
121.268850499966    4.78401744807581e-12    2480795.13612474    2480795.13612485
121.622403999965    2.54771063133628e-12    4658639.71466707    4658639.714667
121.975957499965    1.98004971740286e-12    5994231.89632767    5994231.89632769
122.329510999965    1.8588564758427e-12    6384581.30065861    6384581.30065848
122.683064499965    2.08698273725245e-12    5687060.93000944    5687060.93000948
123.036617999964    2.95773391323234e-12    4012743.84178669    4012743.84178658
123.390171499964    6.25898553158259e-12    1896148.15061274    1896148.15061262
123.743724999964    4.87740091077144e-12    2433417.8445714    2433417.84457132
124.097278499964    2.59922619982818e-12    4566263.37393932    4566263.37393949
124.450831999963    2.0135055078974e-12    5894403.92773636    5894403.92773619
124.804385499963    1.89222320230983e-12    6272324.58864882    6272324.58864884
125.157938999963    2.11642801225069e-12    5607813.72882711    5607813.72882708
125.511492499963    2.97616172238915e-12    3987859.83216218    3987859.83216221
125.865045999962    6.22766883947896e-12    1905799.22239685    1905799.22239681
126.218599499962    5.01062581754698e-12    2368698.94128447    2368698.94128441
126.572152999962    2.65697023017486e-12    4466814.82705701    4466814.82705699
126.925706499962    2.04918748128819e-12    5791895.82728241    5791895.82728242
127.279259999961    1.91091307203618e-12    6210898.78296094    6210898.78296089
127.632813499961    2.128809573846e-12    5575078.01089583    5575078.01089584
127.986366999961    2.97276006974261e-12    3992532.35937145    3992532.35937136
128.339920499961    6.07957640810311e-12    1952271.18187108    1952271.18187098
128.69347399996    5.26856759004832e-12    2252508.24260421    2252508.24260405
129.04702749996    2.75241052838764e-12    4312176.01291401    4312176.01291396
129.40058099996    2.10414599739599e-12    5640665.04538364    5640665.04538351
129.75413449996    1.95594101376902e-12    6067960.67880878    6067960.67880888
130.107687999959    2.16476128236159e-12    5482863.31036916    5482863.31036908
130.461241499959    3.00428290463153e-12    3950688.30090507    3950688.30090503
130.814794999959    6.10122803507704e-12    1945165.65880393    1945165.65880406
131.168348499959    5.44563531048686e-12    2179436.71337964    2179436.71337971
131.521901999958    2.80344249265155e-12    4233632.76377757    4233632.76377763
131.875455499958    2.13559480668876e-12    5557719.50476027    5557719.50476016
132.229008999958    1.97925710335316e-12    5996530.30825832    5996530.30825841
132.582562499958    2.19095606826397e-12    5417151.82647572    5417151.82647568
132.936115999957    3.01212952790383e-12    3940296.02467326    3940296.02467336
133.289669499957    6.15369248981019e-12    1928770.32448992    1928770.32448995
133.643222999957    5.69306776620634e-12    2084699.63005729    2084699.63005726
133.996776499957    2.90325513136055e-12    4087944.12075455    4087944.12075451
134.350329999956    2.19922602261571e-12    5396707.27543177    5396707.27543171
134.703883499956    2.02394968453027e-12    5864307.69173639    5864307.69173656
135.057436999956    2.23855821628829e-12    5302066.37560319    5302066.37560299
135.410990499956    3.08650089372962e-12    3845394.25600963    3845394.25600963
135.764543999955    6.21360000960672e-12    1910143.88529996    1910143.88529995
136.118097499955    5.80717838600867e-12    2043596.49940475    2043596.49940472
136.471650999955    2.98023183147683e-12    3982419.36465421    3982419.36465422
136.825204499955    2.25336008395081e-12    5267426.18500899    5267426.18500902
137.178757999954    2.07539837215411e-12    5718585.96557768    5718585.96557752
137.532311499954    2.28427462611754e-12    5196020.29978744    5196020.29978741
137.885864999954    3.11901135872735e-12    3805309.68771575    3805309.68771573
138.239418499954    6.23410545660227e-12    1903810.62483908    1903810.62483924
138.592971999953    6.07323383926612e-12    1954295.20755753    1954295.20755775
138.946525499953    3.07301455886786e-12    3862142.736965    3862142.73696505
139.300078999953    2.30301875701501e-12    5153543.06952677    5153543.06952663
139.653632499953    2.10995360300416e-12    5625384.04813548    5625384.04813554
140.007185999952    2.30573263755758e-12    5147599.3579098    5147599.35790975
140.360739499952    3.11641105670431e-12    3808430.39851578    3808430.39851575
140.714292999952    6.10344905526284e-12    1944583.63626667    1944583.63626679
141.067846499952    6.33081284837643e-12    1874728.57862957    1874728.57862976
141.421399999951    3.16967804249276e-12    3744573.77464061    3744573.7746407
141.774953499951    2.34210406438464e-12    5067285.77180582    5067285.77180577
142.128506999951    2.12736878919596e-12    5579144.61309783    5579144.61309773
142.482060499951    2.2955221459336e-12    5170675.4505999    5170675.45059987
142.83561399995    3.04296701351329e-12    3900399.23696349    3900399.23696349
143.18916749995    5.71151950492399e-12    2077990.86214938    2077990.86214928
143.54272099995    6.91504133237134e-12    1716394.25158876    1716394.25158878
143.89627449995    3.37732653729257e-12    3514452.43910166    3514452.43910164
144.249827999949    2.42716973055959e-12    4889761.07195061    4889761.07195053
144.603381499949    2.16609878866232e-12    5479456.62916678    5479456.62916672
144.956934999949    2.29923435395017e-12    5162281.24369947    5162281.24369945
145.310488499949    2.96560725439053e-12    4002395.37367981    4002395.37367967
145.664041999948    5.20811369096256e-12    2278816.89620571    2278816.89620563
146.017595499948    7.61121933495637e-12    1559366.28665778    1559366.28665788
146.371148999948    3.71948290416848e-12    3190932.98339553    3190932.98339533
146.724702499948    2.55692298142613e-12    4641956.7696004    4641956.76960053
147.078255999947    2.23870594670499e-12    5301838.41720369    5301838.4172035
147.431809499947    2.3099239091081e-12    5138257.74743343    5138257.7474334
147.785362999947    2.86498106558475e-12    4142785.55241742    4142785.55241741
148.138916499947    4.6916598143084e-12    2529713.69368019    2529713.6936802
148.492469999946    8.14178778602345e-12    1457817.21437536    1457817.21437519
148.846023499946    4.23147408191995e-12    2804898.82096001    2804898.82095998
149.199576999946    2.74351882289193e-12    4326265.43763865    4326265.43763859
149.553130499945    2.31358388422773e-12    5130297.81994349    5130297.8199435
149.906683999945    2.29706884371805e-12    5166924.15669049    5166924.15669043
150.260237499945    2.72445897960537e-12    4356367.28861253    4356367.28861252
150.613790999945    4.12630708618108e-12    2876472.23925269    2876472.23925262
150.967344499944    8.11333648047366e-12    1462917.51121278    1462917.51121286
151.320897999944    5.13352576272462e-12    2312098.97324468    2312098.97324478
151.674451499944    3.01371298999325e-12    3938529.47612374    3938529.47612377
152.028004999944    2.41615098214558e-12    4912010.45743833    4912010.45743837
152.381558499943    2.30815301646734e-12    5142266.49367546    5142266.49367539
152.735111999943    2.59399627722203e-12    4575571.74952285    4575571.74952288
153.088665499943    3.63207890931767e-12    3267650.29213852    3267650.29213847
153.442218999943    7.02543896024976e-12    1689508.54410027    1689508.54410032
153.795772499942    6.41155093206561e-12    1851160.07433497    1851160.07433488
154.149325999942    3.40286046541564e-12    3487955.78468017    3487955.78467995
154.502879499942    2.54032685233062e-12    4672419.11278527    4672419.11278533
154.856432999942    2.31021230898224e-12    5137605.36248282    5137605.36248287
155.209986499941    2.4714921069188e-12    4802458.96098574    4802458.96098561
155.563539999941    3.2167788038932e-12    3689783.21883736    3689783.21883731
155.917093499941    5.72250189974918e-12    2073948.90658782    2073948.90658767
156.270646999941    8.21656268930921e-12    1444568.41923463    1444568.41923456
156.62420049994    3.98221043828735e-12    2980574.32331225    2980574.32331234
156.97775399994    2.72459020297983e-12    4356097.43144099    4356097.43144107
157.33130749994    2.35051657702665e-12    5049844.16798702    5049844.16798683
157.68486099994    2.39478337036651e-12    4956226.45112526    4956226.45112522
158.038414499939    2.90066112618549e-12    4091705.69892905    4091705.6989292
158.391967999939    4.56923884429241e-12    2597567.87210572    2597567.87210581
158.745521499939    9.10853776797932e-12    1303103.57985482    1303103.57985483
159.099074999939    4.94012156814628e-12    2402606.41819152    2402606.41819139
159.452628499938    3.01392244248146e-12    3938075.49512917    3938075.49512916
159.806181999938    2.44318817427449e-12    4857963.67599118    4857963.67599117
160.159735499938    2.35612482420538e-12    5037534.47944624    5037534.4794462
160.513288999938    2.67197732776909e-12    4442150.45975951    4442150.4597595
160.866842499937    3.77024546705885e-12    3148127.39655864    3148127.39655869
161.220395999937    7.56796359875231e-12    1568324.98391158    1568324.98391152
161.573949499937    6.65655700563215e-12    1783127.65590889    1783127.65590894
161.927502999937    3.47566992082622e-12    3414830.94874556    3414830.9487456
162.281056499936    2.59424610189575e-12    4575283.48844599    4575283.48844597
162.634609999936    2.35685135926435e-12    5036233.13648967    5036233.13648959
162.988163499936    2.51844952969946e-12    4712887.24870789    4712887.24870784
163.341716999936    3.23308339369185e-12    3671438.30512673    3671438.30512675
163.695270499935    5.62821967213595e-12    2108754.93062756    2108754.93062741
164.048823999935    9.08608208856157e-12    1306222.73467459    1306222.73467442
164.402377499935    4.28810410684277e-12    2768010.33771877    2768010.33771874
164.755930999935    2.85696540435217e-12    4154420.55418621    4154420.55418607
165.109484499934    2.43806424083232e-12    4868504.92150004    4868504.92150008
165.463037999934    2.44817830584136e-12    4848137.46823225    4848137.4682323
165.816591499934    2.89284300835765e-12    4102913.4412535    4102913.44125338
166.170144999934    4.40246186454113e-12    2696168.13641764    2696168.13641761
166.523698499933    9.41625201176515e-12    1260475.38722599    1260475.38722605
166.877251999933    5.6469767495895e-12    2101854.53310998    2101854.53311001
167.230805499933    3.25968409239112e-12    3641253.6058036    3641253.60580361
167.584358999933    2.55967579476901e-12    4637191.55152764    4637191.55152762
167.937912499932    2.41635104261022e-12    4911839.17043544    4911839.17043541
168.291465999932    2.66391441705102e-12    4455695.11407036    4455695.11407041
168.645019499932    3.61011856308909e-12    3287799.85651143    3287799.85651138
168.998572999932    6.95374232072635e-12    1706910.53427328    1706910.53427318
169.352126499931    8.10719519325051e-12    1463987.25265502    1463987.25265493
169.705679999931    3.91920937184245e-12    3028479.56229592    3028479.56229595
170.059233499931    2.78101497725963e-12    4268000.32548036    4268000.32548038
170.412786999931    2.4563072390909e-12    4832178.79222309    4832178.79222314
170.76634049993    2.53797681996006e-12    4676681.62324814    4676681.62324809
171.11989399993    3.1264166126536e-12    3796430.18138321    3796430.18138319
171.47344749993    5.06615391673688e-12    2342906.6712302    2342906.6712302
171.82700099993    1.02565898183988e-11    1157189.67238728    1157189.67238736
172.180554499929    5.09870294952921e-12    2327936.62632615    2327936.62632617
172.534107999929    3.15246106630208e-12    3765093.05709718    3765093.05709708
172.887661499929    2.57416997337578e-12    4610773.66144447    4610773.66144457
173.241214999929    2.49493260075945e-12    4757307.34611487    4757307.34611485
173.594768499928    2.84423757696261e-12    4173094.83567999    4173094.83567993
173.948321999928    4.04246006386188e-12    2936252.67500929    2936252.67500936
174.301875499928    8.24889685598721e-12    1438841.49103761    1438841.49103763
174.655428999928    7.09235261022614e-12    1673557.49967837    1673557.4996784
175.008982499927    3.71920453631169e-12    3191396.64225797    3191396.64225807
175.362535999927    2.78487623611636e-12    4262135.55110434    4262135.55110428
175.716089499927    2.53662140993975e-12    4679205.01149077    4679205.01149076
176.069642999927    2.71028272397761e-12    4379515.88376093    4379515.88376084
176.423196499926    3.48684429821537e-12    3404059.43631003    3404059.43631003
176.776749999926    6.01993065018242e-12    1971667.15926225    1971667.15926235
177.130303499926    9.85491539203983e-12    1204436.52031121    1204436.52031119
177.483856999926    4.66501927937981e-12    2544307.8534225    2544307.85342238
177.837410499925    3.10066974662041e-12    3827971.56054867    3827971.56054856
178.190963999925    2.6467707852305e-12    4484478.95203857    4484478.95203865
178.544517499925    2.64378778227804e-12    4489694.93238439    4489694.93238427
178.898070999925    3.1164949003003e-12    3808510.25025916    3808510.25025924
179.251624499924    4.64928914487135e-12    2552934.37939291    2552934.379393
179.605177999924    9.52529929229261e-12    1246092.48988516    1246092.48988503
179.958731499924    6.38896776130268e-12    1857843.65781272    1857843.65781264
180.312284999924    3.64448133730487e-12    3256798.4515453    3256798.45154529
180.665838499923    2.84010770868131e-12    4179284.06963961    4179284.06963954
181.019391999923    2.65650298693633e-12    4468197.0212564    4468197.02125655
181.372945499923    2.89984857227368e-12    4093170.29560002    4093170.29559981
181.726498999923    3.8432219308965e-12    3088535.86941014    3088535.86941021
182.080052499922    6.90067563990896e-12    1720026.00888094    1720026.00888099
182.433605999922    9.13143536187938e-12    1299809.77554745    1299809.77554751
182.787159499922    4.50932844747992e-12    2632287.42269942    2632287.4226993
183.140712999922    3.14690419329308e-12    3771958.81164701    3771958.81164702
183.494266499921    2.74190996844358e-12    4328793.14663748    4328793.14663745
183.847819999921    2.80255603597423e-12    4235399.06460022    4235399.06460032
184.201373499921    3.37489500077495e-12    3516954.2602335    3516954.26023337
184.554926999921    5.18225189491919e-12    2290485.96969566    2290485.96969579
184.90848049992    1.00897350237418e-11    1176400.05068494    1176400.05068513
185.26203399992    6.05709331317239e-12    1959540.63263728    1959540.63263734
185.61558749992    3.64136290350756e-12    3259645.26452565    3259645.26452547
185.96914099992    2.92060736863673e-12    4064170.16703595    4064170.16703601
186.322694499919    2.77037356071721e-12    4284421.50281032    4284421.50281026
186.676247999919    3.08187657799895e-12    3851677.37413868    3851677.3741386
187.029801499919    4.15809330448889e-12    2854549.30869423    2854549.30869426
187.383354999919    7.62018744383847e-12    1557653.70870659    1557653.70870666
187.736908499918    8.85616455278093e-12    1340216.36000185    1340216.36000205
188.090461999918    4.53426371523202e-12    2617796.14417953    2617796.14417965
188.444015499918    3.22489788560261e-12    3680765.30477915    3680765.30477907
188.797568999918    2.83819338597853e-12    4182111.55144788    4182111.55144784
189.151122499917    2.90670634210864e-12    4083472.80308988    4083472.80308986
189.504675999917    3.53613929231385e-12    3356831.29798711    3356831.29798709
189.858229499917    5.48977943007267e-12    2162093.98790895    2162093.98790883
190.211782999917    1.06559230736351e-11    1113921.0307111    1113921.03071109
190.565336499916    6.14568690797643e-12    1931352.23595846    1931352.23595854
190.918889999916    3.74103120678593e-12    3172870.7082623    3172870.70826219
191.272443499916    2.98926909320528e-12    3970733.38668531    3970733.3866853
191.625996999916    2.84322441322659e-12    4174615.25659097    4174615.25659101
191.979550499915    3.15205216560338e-12    3765922.78575053    3765922.78575043
192.333103999915    4.21812166165731e-12    2813944.47179045    2813944.47179038
192.686657499915    7.74399547782058e-12    1532751.51987032    1532751.51987036
193.040210999915    9.19882007499288e-12    1290366.25902953    1290366.25902956
193.393764499914    4.70498566194844e-12    2522774.98142898    2522774.981429
193.747317999914    3.30990172853559e-12    3586032.76032047    3586032.7603204
194.100871499914    2.8824584056163e-12    4117939.35887312    4117939.35887326
194.454424999913    2.92724984166816e-12    4054947.96196147    4054947.96196135
194.807978499913    3.52373015094889e-12    3368546.40178529    3368546.40178525
195.161531999913    5.37587277359583e-12    2208047.7603987    2208047.76039873
195.515085499913    1.07652578659603e-11    1102559.00037126    1102559.00037114
195.868638999912    6.51361180072483e-12    1822321.86646463    1822321.86646449
196.222192499912    3.87642842323966e-12    3062018.65816853    3062018.65816857
196.575745999912    3.05434761910944e-12    3886102.38093579    3886102.38093578
196.929299499912    2.86719243175142e-12    4139957.49535332    4139957.49535325
197.282852999911    3.13964042145508e-12    3780648.11478092    3780648.11478091
197.636406499911    4.16651058777012e-12    2848892.13392715    2848892.13392716
197.989959999911    7.56342213449703e-12    1569406.26924898    1569406.26924892
198.343513499911    9.61214053558836e-12    1234871.85543675    1234871.85543684
198.69706699991    4.88545918082526e-12    2429730.76080376    2429730.76080383
199.05062049991    3.39795105251234e-12    3493166.77453497    3493166.77453501
199.40417399991    2.9262993609936e-12    4056260.06712569    4056260.06712566
199.75772749991    2.95908458140092e-12    4011524.30198796    4011524.30198792
200.111280999909    3.52220243970085e-12    3369991.24814947    3369991.24814948
200.464834499909    5.33412286891993e-12    2225250.92910231    2225250.92910235
200.818387999909    1.06191657673564e-11    1117749.03537668    1117749.03537674
201.171941499909    6.8498436798648e-12    1732871.88414722    1732871.88414718
201.525494999908    4.00865442439626e-12    2961074.46645456    2961074.46645469
201.879048499908    3.1290090355694e-12    3793613.51585208    3793613.51585205
202.232601999908    2.9263607668856e-12    4056298.29183656    4056298.29183665
202.586155499908    3.19340434952505e-12    3716965.04842848    3716965.04842838
202.939708999907    4.22778683581718e-12    2807727.70129672    2807727.70129668
203.293262499907    7.53675875450775e-12    1574858.40822222    1574858.40822222
203.646815999907    1.00744745923788e-11    1178283.20737027    1178283.20737022
204.000369499907    5.07521644661218e-12    2338855.81716525    2338855.81716526
204.353922999906    3.49515500711234e-12    3395957.69055984    3395957.69055992
204.707476499906    3.01424703958732e-12    3938218.98839295    3938218.98839269
205.061029999906    3.04927876941601e-12    3892876.91860637    3892876.91860654
205.414583499906    3.62841004020268e-12    3271309.09298198    3271309.09298188
205.768136999905    5.47550693742643e-12    2167744.12457006    2167744.12457
206.121690499905    1.08160128131174e-11    1097439.97324236    1097439.97324234
206.475243999905    7.03148531587491e-12    1688054.00952315    1688054.00952312
206.828797499905    4.12409131047351e-12    2878187.01544755    2878187.01544757
207.182350999904    3.23312339502094e-12    3671551.44363558    3671551.44363551
207.535904499904    3.03414977667688e-12    3912301.78818568    3912301.78818566
207.889457999904    3.33579844584e-12    3558343.15241331    3558343.15241338
208.243011499904    4.42722629769433e-12    2681107.16178672    2681107.16178656
208.596564999903    7.85803988384415e-12    1510586.71227923    1510586.71227938
208.950118499903    1.01637188299203e-11    1167853.88451352    1167853.8845137
209.303671999903    5.18391628107691e-12    2289721.40970723    2289721.4097072
209.657225499903    3.61120467998603e-12    3286949.68309195    3286949.683092
210.010778999902    3.14573666531058e-12    3773470.57955943    3773470.57955945
210.364332499902    3.1934120520127e-12    3717096.2890204    3717096.28902037
210.717885999902    3.85714278767598e-12    3077370.26911325    3077370.26911328
211.071439499902    5.84699335216816e-12    2030071.40135462    2030071.40135461
211.424992999901    1.1030393983749e-11    1076116.68796312    1076116.68796308
211.778546499901    7.00907865216039e-12    1693595.63599729    1693595.63599719
