#t    <phi>    <pi>    <phi^2>    <pi^2>    rms(phi)    rms(pi)
0    -1.03397576569128e-23    4.05318500150984e-23    3.57324442867677e-14    5.77975198080054e-13    1.89030273466362e-07    7.60246800769364e-07
0.3535535    -3.34790931489096e-16    -5.76172570060618e-16    1.71524692729599e-14    2.37169473276075e-13    1.30967435925729e-07    4.87000485909486e-07
0.707106999999999    -5.30887941250679e-16    -5.4707942809165e-16    7.98816459073395e-15    1.31985524474011e-13    8.93765326622931e-08    3.63298120658518e-07
1.0606605    -4.93730723592097e-16    1.54135762903467e-16    4.85942777666557e-15    7.53431566740044e-14    6.97095960156532e-08    2.7448707924783e-07
1.414214    -4.56805879139706e-16    3.55948449818594e-16    3.45333100163221e-15    5.34038569550777e-14    5.87650491502578e-08    2.3109274535363e-07
1.76776750000001    -8.00501537308749e-16    -2.69331402782052e-15    2.53824863598241e-15    4.23178598650345e-14    5.03810344870211e-08    2.05713052247626e-07
2.121321    -1.71825091926415e-15    -1.63867031147246e-15    2.15459663620015e-15    3.34072619584615e-14    4.64176328155599e-08    1.82776535579547e-07
2.4748745    -2.01466208067373e-15    2.39592846641601e-16    1.90524901084936e-15    2.77557456425432e-14    4.36491581917608e-08    1.66600557149558e-07
2.82842799999999    -2.02461983691458e-15    -5.36379666956493e-16    1.55908503765452e-15    2.34079153402319e-14    3.94852508875721e-08    1.52996455319174e-07
3.18198149999998    -2.26343703696788e-15    -6.50910239886217e-16    1.32036872197436e-15    1.86737161224756e-14    3.6336878264022e-08    1.36651806144213e-07
3.53553499999997    -2.36829470856475e-15    1.81051921423741e-16    1.04605413832642e-15    1.64310666247257e-14    3.2342760215022e-08    1.2818372215194e-07
3.88908849999997    -2.25680671586385e-15    -2.09822146764025e-16    8.83594582799877e-16    1.36075947486182e-14    2.97253188847466e-08    1.16651595568248e-07
4.24264199999997    -2.76253282764661e-15    -2.4261425017045e-15    7.87558175533451e-16    1.23863152709595e-14    2.80634669193499e-08    1.11293824046797e-07
4.59619549999999    -3.61830715264183e-15    -1.99901256797262e-15    7.73208595040544e-16    1.03618058457816e-14    2.78066286169419e-08    1.0179295577682e-07
4.949749    -4.00864892431515e-15    -5.18095617789567e-16    6.52558311622331e-16    9.53735960798729e-15    2.55452209155121e-08    9.76594061418934e-08
5.30330250000002    -4.16919682335777e-15    -6.82189083890934e-16    5.36232140345595e-16    8.72042261489737e-15    2.31566867307389e-08    9.33832030661691e-08
5.65685600000003    -4.7069062274031e-15    -2.02874518908184e-15    4.83205260534653e-16    7.56319684027463e-15    2.19819303186647e-08    8.69666421122181e-08
6.01040950000005    -5.38695450186232e-15    -1.30765875450194e-15    4.6577203931991e-16    6.72329195799766e-15    2.15817524617414e-08    8.1995682557057e-08
6.36396300000006    -5.19287688704449e-15    2.53161307581354e-15    4.16669218929473e-16    6.25743868704898e-15    2.04124770405124e-08    7.91039739017514e-08
6.71751650000007    -4.05552870460363e-15    2.93642291329265e-15    3.79738834406231e-16    5.44904528584346e-15    1.94868887821072e-08    7.38176488777816e-08
7.07107000000009    -3.41343957250733e-15    -9.87440974593281e-17    3.1421639373759e-16    5.54811854876807e-15    1.77261499976046e-08    7.44856935845271e-08
7.4246235000001    -3.80125826630864e-15    -1.41098984720481e-15    3.28910342701633e-16    4.47117313391914e-15    1.81358854953823e-08    6.6866831343493e-08
7.77817700000012    -4.03694693076805e-15    7.5406294411066e-16    2.82186872929214e-16    4.62273427443918e-15    1.67984187627645e-08    6.79906925574315e-08
8.13173050000013    -3.34960020834102e-15    2.40611050221096e-15    2.82333529487973e-16    3.92949658418697e-15    1.68027833851407e-08    6.26856968070625e-08
8.48528400000015    -2.68018652966368e-15    6.01181187817155e-16    2.62760902725061e-16    3.75627731522616e-15    1.62099013792513e-08    6.12884762025143e-08
8.83883750000016    -3.25759785314961e-15    -3.73456567437369e-15    2.34064518012921e-16    3.46198882047903e-15    1.52991672326604e-08    5.88386677320197e-08
9.19239100000018    -4.82340215636849e-15    -4.38293818844096e-15    2.02346333212008e-16    3.35785175430092e-15    1.42248491454913e-08    5.79469736422956e-08
9.54594450000019    -6.02414017388513e-15    -2.4885711165287e-15    2.01717869169233e-16    3.01309556144664e-15    1.42027416074924e-08    5.4891671148241e-08
9.89949800000021    -6.64294499864402e-15    -1.24542510084899e-15    1.93856337669158e-16    2.8963103187328e-15    1.39232301449453e-08    5.3817379337281e-08
10.2530515000002    -7.18707056869089e-15    -1.94670007195433e-15    1.87663922694918e-16    2.61733822000218e-15    1.36990482404752e-08    5.1159927873309e-08
10.6066050000002    -8.03625347267939e-15    -2.88477675467022e-15    1.64899831731268e-16    2.56117677226432e-15    1.28413329421522e-08    5.06080702286138e-08
10.9601585000002    -9.01497809908974e-15    -2.11782969087375e-15    1.5526285899938e-16    2.37125960870077e-15    1.24604517975593e-08    4.86955809976713e-08
11.3137120000003    -9.2607138211782e-15    6.18864410882334e-16    1.46182284847017e-16    2.22423842364734e-15    1.20905866212906e-08    4.71618322761885e-08
11.6672655000003    -8.91194287123684e-15    1.21869793961176e-15    1.36044870444022e-16    2.16906263994717e-15    1.16638274354494e-08    4.65731965828756e-08
12.0208190000003    -8.47551934670501e-15    9.72065498712407e-16    1.3771793915339e-16    1.96550789320988e-15    1.17353286768338e-08    4.43340489151383e-08
12.3743725000003    -8.27879291379911e-15    2.16746714623506e-16    1.25231941768844e-16    1.92541272402049e-15    1.11907078314455e-08    4.38795251116108e-08
12.7279260000003    -8.48427986793854e-15    -9.75580575428491e-16    1.20007967392465e-16    1.81257389585013e-15    1.09548148041121e-08    4.25743337687172e-08
13.0814795000003    -8.89642411324991e-15    -1.22171092347983e-15    1.15075622291336e-16    1.70704019917862e-15    1.07273306228184e-08    4.13163430034486e-08
13.4350330000004    -9.04881697542836e-15    7.4070835369484e-16    1.11228080777513e-16    1.65308479069131e-15    1.05464724328768e-08    4.06581454408745e-08
13.7885865000004    -8.4784431225109e-15    2.07140263330384e-15    1.11583241650869e-16    1.52856121460551e-15    1.05632969119872e-08    3.90968184716545e-08
14.1421400000004    -7.92445140305743e-15    4.71967894704559e-16    9.89539731552138e-17    1.48759915185484e-15    9.947561166193e-09    3.85694069419643e-08
14.4956935000004    -8.25338476818153e-15    -2.19848688764852e-15    8.90151589640013e-17    1.45614042037183e-15    9.43478452133027e-09    3.81594080191482e-08
14.8492470000004    -9.11024886666915e-15    -1.43834765950366e-15    8.68817339970064e-17    1.34415782037776e-15    9.32103717388378e-09    3.66627579483289e-08
15.2028005000004    -9.11130096253702e-15    1.95150298950067e-15    8.5052928791485e-17    1.31079354770489e-15    9.22241447731569e-09    3.62048829262696e-08
15.5563540000004    -7.27910280071868e-15    7.49922318479907e-15    8.46912845153508e-17    1.2359042990525e-15    9.20278677984543e-09    3.51554305769741e-08
15.9099075000005    -5.42477104786808e-15    9.38700360265279e-16    8.13840383241519e-17    1.18895589720724e-15    9.0213102332268e-09    3.44812397864003e-08
16.2634610000004    -6.35946005396885e-15    -6.95711844979155e-15    7.59731338028343e-17    1.14505799321995e-15    8.71625686879373e-09    3.38387055488224e-08
16.6170145000003    -1.01036172197126e-14    -1.19168923492127e-14    7.09510955019961e-17    1.13286669905e-15    8.42324732522405e-09    3.36580851958315e-08
16.9705680000003    -1.37328248703917e-14    -7.37596900749976e-15    7.39434530126082e-17    1.01323959829507e-15    8.59903791202363e-09    3.18314246978519e-08
17.3241215000002    -1.42143425760733e-14    2.29544287538221e-15    6.49614302190793e-17    1.05808162032074e-15    8.05986539706943e-09    3.25281665686946e-08
17.6776750000001    -1.2970514770616e-14    4.27445234951978e-15    6.58843395175203e-17    9.66892818111551e-16    8.11691687264025e-09    3.10949001945903e-08
18.0312285    -1.24855020973022e-14    -3.89216239242202e-15    6.51780347050428e-17    9.29269792910423e-16    8.07329144183999e-09    3.0483926796107e-08
18.384782    -1.59995376627075e-14    -1.3555718534212e-14    5.91015878928834e-17    9.37783060889472e-16    7.68775571234072e-09    3.06232438008988e-08
18.7383354999999    -2.12907755473575e-14    -1.63164019704961e-14    6.04338256749656e-17    8.56765530630198e-16    7.77391958245725e-09    2.92705574021051e-08
19.0918889999998    -2.67029261786011e-14    -1.42604147086403e-14    5.6673010437369e-17    8.54497303810371e-16    7.52814787558374e-09    2.92317858470906e-08
19.4454424999997    -3.13316429217769e-14    -1.18811855666342e-14    5.30456726213084e-17    8.31724842300546e-16    7.28324602222984e-09    2.88396401208546e-08
19.7989959999997    -3.53736544331878e-14    -1.14368018724953e-14    5.34091503315967e-17    7.63338459244144e-16    7.30815642486841e-09    2.76285804782659e-08
20.1525494999996    -3.94429113960468e-14    -1.11760228503366e-14    4.65563767683034e-17    7.98839612842468e-16    6.82322334140893e-09    2.826375086294e-08
20.5061029999995    -4.27464776838428e-14    -6.94582635850733e-15    4.91898281594952e-17    7.33121234901624e-16    7.01354604730503e-09    2.70762116054218e-08
20.8596564999994    -4.4652248742895e-14    -3.90095117395484e-15    5.14975253173822e-17    6.9843365199573e-16    7.17617762568545e-09    2.64278953379893e-08
21.2132099999994    -4.57651820115946e-14    -3.24626486181014e-15    4.63840211201817e-17    7.11400614769186e-16    6.81058155505734e-09    2.66720943078937e-08
21.5667634999993    -4.76608606471598e-14    -7.50702732247086e-15    4.41229065291364e-17    6.55357716927458e-16    6.64250754812253e-09    2.55999554086995e-08
21.9203169999992    -5.16522744804342e-14    -1.38080381056093e-14    4.06418938466715e-17    6.86688278850909e-16    6.3750995164e-09    2.62047377176479e-08
22.2738704999991    -5.68290514454603e-14    -1.49035586008078e-14    4.46261857526558e-17    6.00849007256297e-16    6.68028335846814e-09    2.45122215895678e-08
22.6274239999991    -6.08145935380096e-14    -4.77696365364328e-15    4.14097430189688e-17    6.28868196581725e-16    6.43504024970088e-09    2.50772445970785e-08
22.980977499999    -5.94325723863974e-14    9.88523313890403e-15    4.08765776949092e-17    5.89953413282454e-16    6.39347931031117e-09    2.42889566116447e-08
23.3345309999989    -5.47461433974223e-14    1.64910412088075e-14    3.80045861034345e-17    5.77647923667591e-16    6.16478597361152e-09    2.40343072225375e-08
23.6880844999988    -4.91836057271736e-14    1.2912424810736e-14    3.62737620357934e-17    5.75240765106368e-16    6.02277029558444e-09    2.39841773906507e-08
24.0416379999988    -4.61444420517618e-14    1.36761391794172e-15    3.70440878716056e-17    5.35713868069757e-16    6.08638545193091e-09    2.3145493472159e-08
24.3951914999987    -4.7236762365108e-14    -5.38351391656026e-15    3.47527298770035e-17    5.34262978604433e-16    5.89514460168469e-09    2.31141294148061e-08
24.7487449999986    -4.98293515554453e-14    -7.96460462847915e-15    3.37793024073535e-17    5.25125238393517e-16    5.81199642161543e-09    2.29156112376138e-08
25.1022984999985    -5.07322413501273e-14    5.85621244103892e-15    3.3810724876661e-17    4.88559584965197e-16    5.81469903555526e-09    2.21033840161447e-08
25.4558519999985    -4.63931871636945e-14    1.76240758267957e-14    3.04880065320127e-17    5.0551525154784e-16    5.52159456406031e-09    2.24836663279708e-08
25.8094054999984    -3.79520416372325e-14    2.66262651091144e-14    3.20707070859474e-17    4.82209621929575e-16    5.66310048334894e-09    2.19592718897705e-08
26.1629589999983    -2.88164078871548e-14    2.32956772345578e-14    3.4013548347811e-17    4.41856899727252e-16    5.83211354030257e-09    2.10203924731845e-08
26.5165124999982    -2.29228659931131e-14    1.11931630051152e-14    3.02313056643571e-17    4.77815959476612e-16    5.49830025224447e-09    2.18590017950612e-08
26.8700659999982    -1.99216423482065e-14    6.09789814290737e-15    3.08754908671809e-17    4.16735976481985e-16    5.55657186282909e-09    2.04141121894132e-08
27.2236194999981    -1.7261591743367e-14    1.20975155664737e-14    2.62823670793727e-17    4.53494006096895e-16    5.12663311336736e-09    2.12953987071562e-08
27.577172999998    -1.01406714493852e-14    2.63994831955977e-14    2.76765207199759e-17    4.11468105249794e-16    5.26084790883304e-09    2.02846766118934e-08
27.9307264999979    1.76311358419262e-16    3.02825791584288e-14    2.66134443938575e-17    4.12009251738872e-16    5.15882199672149e-09    2.02980110291121e-08
28.2842799999979    9.5636427130771e-15    1.97238266769569e-14    2.70333481370087e-17    4.0844670828211e-16    5.19936035843999e-09    2.02100645293804e-08
28.6378334999978    1.40919648338108e-14    4.57173111542547e-15    2.84614624954815e-17    3.7203939029678e-16    5.33492853703618e-09    1.92883226408301e-08
28.9913869999977    1.45240146987241e-14    -7.70578389297975e-17    2.38366735684379e-17    3.93460234027816e-16    4.88228159452391e-09    1.98358320729889e-08
29.3449404999977    1.65595218308132e-14    1.80359887830762e-14    2.3377583358362e-17    3.78837920042772e-16    4.83503705860542e-09    1.94637591446885e-08
29.6984939999976    3.13070598943683e-14    6.60902267109232e-14    2.46445786669917e-17    3.57111030659694e-16    4.96433063625013e-09    1.88973815819898e-08
30.0520474999975    5.82696331806609e-14    8.00627443407343e-14    2.42906227924801e-17    3.59064346204209e-16    4.92855179429868e-09    1.89489932766308e-08
30.4056009999974    8.29927546315121e-14    5.7132425117504e-14    2.37437911421354e-17    3.43376939292508e-16    4.87276011468321e-09    1.85304327874242e-08
30.7591544999974    9.36231197718501e-14    8.38201276842936e-15    2.14940226141353e-17    3.48259544794656e-16    4.63616464390233e-09    1.86617133402747e-08
31.1127079999973    8.87365925333742e-14    -2.65084359826341e-14    2.23735954780002e-17    3.31100100913338e-16    4.73007351635533e-09    1.81961562125806e-08
31.4662614999972    8.04692320906664e-14    -1.04096803182349e-14    2.2421133714012e-17    3.28115294341163e-16    4.73509595547299e-09    1.8113953029117e-08
31.8198149999971    9.23318166277699e-14    9.07544013537254e-14    2.24817951127631e-17    3.0979690060449e-16    4.741497137428e-09    1.7601048281175e-08
32.1733684999971    1.4237094708623e-13    1.69194087404787e-13    2.04911800495625e-17    3.22049228026013e-16    4.52671846145671e-09    1.79457300770235e-08
32.5269219999972    1.99285501487318e-13    1.36824067276345e-13    1.9739118855259e-17    2.99404680281603e-16    4.44287281109242e-09    1.73033141410217e-08
32.8804754999974    2.35667015071687e-13    5.75472789402598e-14    1.91624287810293e-17    3.06727182525363e-16    4.37749114510702e-09    1.7513628479617e-08
33.2340289999975    2.47055878205112e-13    1.13161324034844e-14    1.93189074567095e-17    2.88926025841721e-16    4.39532790536416e-09    1.69978241502138e-08
33.5875824999976    2.51411186458978e-13    2.38042934481278e-14    1.88642279427438e-17    2.91352491327705e-16    4.34329689055863e-09    1.70690506861729e-08
33.9411359999977    2.71477630113443e-13    9.6294801993213e-14    1.97158474800587e-17    2.76896131992146e-16    4.44025307908891e-09    1.66401962723663e-08
34.2946894999978    3.16140030815024e-13    1.40082123662591e-13    1.82335418486919e-17    2.77998957117932e-16    4.27007514556212e-09    1.66733007259603e-08
34.6482429999979    3.60539109388269e-13    1.04113011082767e-13    1.78322749115022e-17    2.69065610818119e-16    4.22282781812303e-09    1.64032195256687e-08
35.001796499998    3.86280247824445e-13    5.30274952387956e-14    1.70120137686729e-17    2.71019813898111e-16    4.12456223367529e-09    1.64626794263662e-08
35.3553499999981    4.04948466821783e-13    6.17377538103049e-14    1.75877378325291e-17    2.56371708593726e-16    4.19377367874637e-09    1.60116116799626e-08
35.7089034999982    4.37740432471474e-13    1.19606577367798e-13    1.78830365791558e-17    2.56221960416422e-16    4.22883392763763e-09    1.60069347597257e-08
36.0624569999983    4.83818804256751e-13    1.35029291727643e-13    1.71494717181575e-17    2.47114690075049e-16    4.14119203660937e-09    1.57198819988197e-08
36.4160104999984    5.21579861643919e-13    5.69565260097656e-14    1.59095692812688e-17    2.49062202425838e-16    3.98868010866041e-09    1.5781704674166e-08
36.7695639999985    5.17918497088514e-13    -5.97319899788019e-14    1.58388984899197e-17    2.42196643771447e-16    3.97981132991001e-09    1.5562668272757e-08
37.1231174999986    4.92731758264062e-13    -7.02005436404163e-14    1.59146351221045e-17    2.34989117135661e-16    3.9893150889996e-09    1.53293547525893e-08
37.4766709999987    4.76587747140013e-13    -3.68847405139901e-15    1.53654967451654e-17    2.2909982386424e-16    3.91988475825879e-09    1.51360438643731e-08
37.8302244999988    4.87638185844051e-13    6.85268214376608e-14    1.41224510489681e-17    2.38196111243253e-16    3.75798494025417e-09    1.54336033135026e-08
38.1837779999989    5.18571563376189e-13    9.00895003747126e-14    1.51913373282114e-17    2.14269683641709e-16    3.8976065808769e-09    1.4637953532977e-08
38.537331499999    5.43306090966636e-13    3.70903860450321e-14    1.46696532613319e-17    2.26556460094766e-16    3.83009829719165e-09    1.50517925873761e-08
38.8908849999991    5.37146025311997e-13    -7.55281021958429e-14    1.45153310236936e-17    2.14385786538852e-16    3.80989904527242e-09    1.46419188132276e-08
39.2444384999992    4.99294790524388e-13    -1.19962992158774e-13    1.48970149288961e-17    2.10191568684344e-16    3.85966509940964e-09    1.44979849865405e-08
39.5979919999993    4.56519302127219e-13    -1.14558318034061e-13    1.40654696943681e-17    2.10299530350377e-16    3.75039591056174e-09    1.45017078420872e-08
39.9515454999994    4.24947849660825e-13    -6.28447307426861e-14    1.29751590517033e-17    2.04846761027093e-16    3.60210478347349e-09    1.43124687256652e-08
40.3050989999995    4.16398129262039e-13    1.37011951088997e-14    1.31978376788716e-17    2.05702752743952e-16    3.63288280921421e-09    1.43423412574016e-08
40.6586524999996    4.251418122496e-13    3.40527394151325e-14    1.35527999875991e-17    1.94921036380745e-16    3.68141274606007e-09    1.39614124063286e-08
41.0122059999997    4.26172057845315e-13    -7.16897578625205e-14    1.33738013551701e-17    1.93220571958193e-16    3.65702080573073e-09    1.39003802808792e-08
41.3657594999998    3.57053428493126e-13    -2.88117639971932e-13    1.2544539323721e-17    1.97028768912566e-16    3.54182709857975e-09    1.40366936573238e-08
41.7193129999999    2.41769775231186e-13    -3.46248896577288e-13    1.26531154345785e-17    1.8223717673015e-16    3.55712178258292e-09    1.34995250512847e-08
42.0728665    1.31968112187594e-13    -2.38873919813932e-13    1.18965705361533e-17    1.93537047417086e-16    3.44914054783764e-09    1.39117593193681e-08
42.4264200000001    7.6311201691033e-14    -6.74774147855729e-14    1.26095956545141e-17    1.75300083145479e-16    3.55099924650664e-09    1.32400937738721e-08
42.7799735000002    6.80826638781117e-14    -1.17209080479374e-14    1.14713388975375e-17    1.83161728415079e-16    3.3869365055906e-09    1.35337255925684e-08
43.1335270000003    4.12879341826e-14    -1.94163166614959e-13    1.14762641055076e-17    1.78641410556914e-16    3.38766351690998e-09    1.33656803238449e-08
43.4870805000005    -8.8898104833782e-14    -5.16592771988465e-13    1.17221545916514e-17    1.69347813657121e-16    3.42376321957996e-09    1.3013370562243e-08
43.8406340000006    -2.79438277519357e-13    -5.00951091745424e-13    1.09635599010493e-17    1.76838466289868e-16    3.3111266697249e-09    1.32980624919165e-08
44.1941875000007    -3.97030764188558e-13    -1.62060256024112e-13    1.17973758640383e-17    1.66851467437201e-16    3.43473080552245e-09    1.29170998064944e-08
44.5477410000008    -3.93430503236019e-13    1.3456176379446e-13    1.19366873666262e-17    1.62196479622749e-16    3.45495111569449e-09    1.27356381702937e-08
44.9012945000009    -3.52046719022368e-13    4.40936369806361e-14    1.08573001257053e-17    1.66700194790575e-16    3.29504172989789e-09    1.29112429606383e-08
45.254848000001    -3.75249841320664e-13    -2.21290635041324e-13    1.04648461440718e-17    1.59378742689332e-16    3.23494142192086e-09    1.26245294027287e-08
45.6084015000011    -5.27701300624057e-13    -5.81791779296438e-13    9.79902461484538e-18    1.61336355830387e-16    3.13033933246489e-09    1.27018248882554e-08
45.9619550000012    -6.92535329974118e-13    -2.94464387713458e-13    1.02987086433413e-17    1.56566830585085e-16    3.20916004021865e-09    1.25126668020201e-08
46.3155085000013    -7.23846364926675e-13    1.93877853941697e-13    1.07493058790027e-17    1.52402295566688e-16    3.27861332807776e-09    1.23451324630033e-08
46.6690620000014    -6.04575671806216e-13    4.27833772512642e-13    1.0407632988523e-17    1.49000165380532e-16    3.22608627023693e-09    1.22065623824847e-08
47.0226155000015    -4.76580887290423e-13    2.2595151053529e-13    9.38166450366953e-18    1.54630785184526e-16    3.06295025694839e-09    1.24350627313847e-08
47.3761690000016    -4.59523822861315e-13    -9.52904328900852e-14    9.45651077505834e-18    1.45110298132252e-16    3.07514399075819e-09    1.20461735884542e-08
47.7297225000017    -5.32349414653927e-13    -2.5796285250487e-13    9.71216925958129e-18    1.47772049201755e-16    3.11643529953461e-09    1.21561527275372e-08
48.0832760000018    -6.19116049404829e-13    -2.16995853094918e-13    9.95945378967767e-18    1.40291531227973e-16    3.15586016901462e-09    1.18444726003687e-08
48.4368295000019    -6.52753813836294e-13    -9.40780149318621e-15    9.42937111479529e-18    1.41955197022696e-16    3.07072803887087e-09    1.19144952483354e-08
48.790383000002    -6.79509452656637e-13    -1.57610139297066e-13    9.23493506307111e-18    1.41050325454099e-16    3.03890351958367e-09    1.18764609808334e-08
49.1439365000021    -7.91503402837113e-13    -4.19563587806933e-13    9.17807569280546e-18    1.36118138408993e-16    3.02953380346347e-09    1.16669678251446e-08
49.4974900000022    -9.86966860939761e-13    -5.73625659514304e-13    9.19387852654795e-18    1.34478625803823e-16    3.03214075406211e-09    1.15964919469112e-08
49.8510435000023    -1.20860562501214e-12    -6.088836071863e-13    8.72833750162156e-18    1.3719014314802e-16    2.95437574470378e-09    1.17128195912547e-08
50.2045970000024    -1.29104990881784e-12    1.77795829477842e-13    8.96791714184772e-18    1.27957206370522e-16    2.99464780484081e-09    1.13118171103899e-08
50.5581505000025    -1.12378750705466e-12    6.20339311325168e-13    8.45853386356516e-18    1.32824289989609e-16    2.90835565236902e-09    1.1524942065138e-08
50.9117040000026    -1.00423803739469e-12    4.32943990185371e-13    8.17548293439981e-18    1.27506777120003e-16    2.85927996633869e-09    1.12918898742665e-08
51.2652575000027    -8.74400223670878e-13    2.53419663389004e-13    8.18494812436835e-18    1.27488795275896e-16    2.86093470037199e-09    1.12910936233686e-08
51.6188110000028    -7.21470905381276e-13    3.15129487350154e-13    8.43914817040641e-18    1.27583084042296e-16    2.90502111005861e-09    1.12952682103166e-08
51.9723645000029    -6.31446103362517e-13    9.94739862512088e-13    8.88288518996833e-18    1.17834216732456e-16    2.98041688212306e-09    1.0855146970122e-08
52.325918000003    -8.80061285881965e-14    6.16055417009655e-13    8.08368870532108e-18    1.24984320019576e-16    2.84318284631432e-09    1.11796386184908e-08
52.6794715000031    -7.30110716963858e-13    -3.82339157785983e-12    7.55979405452714e-18    1.22851329698368e-16    2.74950786895864e-09    1.10838312455597e-08
53.0330250000032    -2.09858736629029e-12    -3.51252158212843e-12    7.84163859244734e-18    1.17483596158021e-16    2.80029180414799e-09    1.08389844459808e-08
53.3865785000033    -3.35089519939909e-12    -3.62492840427809e-12    7.92529698966382e-18    1.22123778298198e-16    2.81518840598017e-09    1.10509621824569e-08
53.7401320000034    -4.62991978281952e-12    -3.20145646858286e-12    8.31971045613263e-18    1.11684915048709e-16    2.88438711340476e-09    1.05681079100937e-08
54.0936855000036    -5.69984034892148e-12    -1.62851306881048e-12    7.86241322144632e-18    1.17013268647676e-16    2.80399371134572e-09    1.0817267029875e-08
54.4472390000037    -6.66821464199326e-12    -4.27043484518376e-12    7.35532819156188e-18    1.16170840329526e-16    2.71206263321395e-09    1.07782569134769e-08
54.8007925000038    -8.74297785625997e-12    -8.56225852524224e-12    7.45529456576172e-18    1.08756877652733e-16    2.73042453221105e-09    1.04286530453583e-08
55.1543460000039    -1.34935867319978e-11    -1.74276763041797e-11    7.05872102857108e-18    1.15766439184544e-16    2.65679110049853e-09    1.07594672479934e-08
55.507899500004    -1.99899168931214e-11    -1.88311800288862e-11    7.39380270899666e-18    1.06711642174149e-16    2.719081299303e-09    1.03301155637683e-08
55.8614530000041    -2.68675482803437e-11    -1.9405600932091e-11    7.35117948899675e-18    1.06793490145658e-16    2.71117273958082e-09    1.03340753610718e-08
56.2150065000042    -3.29927237407684e-11    -1.52591834825818e-11    6.58655456886166e-18    1.12063345488407e-16    2.56621629038587e-09    1.05859866165477e-08
56.5685600000043    -3.70433822233129e-11    -9.63888925641676e-12    7.30187335444821e-18    1.01718903069407e-16    2.70194395616964e-09    1.00855743595108e-08
56.9221135000044    -3.99372563451259e-11    -7.90352318604121e-12    7.36289499230935e-18    1.06199520118745e-16    2.71317157729934e-09    1.03053121084743e-08
57.2756670000045    -4.43425253367109e-11    -1.91632539619785e-11    7.08991018987119e-18    1.01913417485001e-16    2.6623192765553e-09    1.00951993667633e-08
57.6292205000046    -5.30905908846093e-11    -2.67746865395699e-11    6.75653020860837e-18    1.03472287449378e-16    2.59879041051176e-09    1.01720976482503e-08
57.9827740000047    -6.24542079470711e-11    -2.52020545513854e-11    6.73407929893726e-18    1.02113767995185e-16    2.59425880953442e-09    1.010510429692e-08
58.3363275000048    -7.03218647380237e-11    -1.92043323134895e-11    6.68196856910218e-18    9.81904880217171e-17    2.58399369280228e-09    9.90909275440176e-09
58.6898810000049    -7.62905565646258e-11    -1.29996138566526e-11    6.49744623145742e-18    1.00628024789636e-16    2.54786694755367e-09    1.00313436687054e-08
59.043434500005    -8.00371374079344e-11    -9.23865110106051e-12    6.4738441408446e-18    9.80804380293009e-17    2.54311584429026e-09    9.90355252808944e-09
59.3969880000051    -8.21372560889634e-11    -3.17137950820562e-12    6.57584785156406e-18    9.76025156656369e-17    2.56302581390165e-09    9.87939803874654e-09
59.7505415000052    -8.43762409729827e-11    -1.34099225779937e-11    6.72290307463645e-18    9.3473753368709e-17    2.59148291998919e-09    9.66817322676241e-09
60.1040950000053    -9.13547104438647e-11    -2.58154308923509e-11    5.92495674801178e-18    9.81557325611475e-17    2.43240849054831e-09    9.90732386291451e-09
60.4576485000054    -1.002138656865e-10    -2.05469361848029e-11    6.14995973422867e-18    9.35934984650067e-17    2.47788557349867e-09    9.6743514660374e-09
60.8112020000055    -1.0389995837313e-10    -5.73961511107143e-13    6.43927074268065e-18    9.33624961463188e-17    2.53544385489616e-09    9.66242701482847e-09
61.1647555000056    -1.01441394154666e-10    9.67846831738347e-12    6.31796808723199e-18    8.92399640315723e-17    2.51150905448974e-09    9.44668568117006e-09
61.5183090000057    -9.98630908183061e-11    -2.10251869137318e-12    5.76090371474566e-18    9.57332908927423e-17    2.39810989694757e-09    9.78433883674096e-09
61.8718625000058    -1.0156079098226e-10    -2.40836765631629e-12    6.29375655988301e-18    8.81975451939771e-17    2.50667947005956e-09    9.39135450261262e-09
62.2254160000059    -9.92693493321372e-11    1.55667457176251e-11    6.16763168771852e-18    9.02842720764675e-17    2.48148690989932e-09    9.5017908708251e-09
62.578969500006    -9.0885006802766e-11    2.80807518141656e-11    6.20144878348768e-18    8.85469510588582e-17    2.48861180159264e-09    9.409897052053e-09
62.9325230000061    -8.28636429107212e-11    1.14015154309806e-11    5.81850601018042e-18    8.80516927421775e-17    2.41073425056848e-09    9.38357942086192e-09
63.2860765000062    -8.12914095132541e-11    -2.09461637973472e-12    5.56724146567499e-18    8.68313064457459e-17    2.35809948314619e-09    9.31833150614036e-09
63.6396300000063    -7.98530383050991e-11    1.36504644332746e-11    5.46293230557993e-18    8.98383587010767e-17    2.33592718162476e-09    9.47830007785665e-09
63.9931835000064    -7.13389958796095e-11    3.33019559612596e-11    5.99773685257608e-18    8.17690794167546e-17    2.44798848041468e-09    9.04256437060217e-09
64.3467370000062    -5.93328020616086e-11    2.70288859815347e-11    5.75657704041156e-18    8.8444807769007e-17    2.39855303443786e-09    9.40447112858185e-09
64.7002905000059    -5.51120515856058e-11    -2.36708520235709e-13    5.71385049952597e-18    8.34419168816446e-17    2.38973077171802e-09    9.13465471846712e-09
65.0538440000057    -5.5583968144131e-11    3.67046340292011e-12    5.53811983056451e-18    8.4623497437318e-17    2.35266450074163e-09    9.19910234561049e-09
65.4073975000054    -4.90378948311127e-11    3.35286217295703e-11    5.43302163099452e-18    8.49651944093044e-17    2.33036840775553e-09    9.21759568655674e-09
65.7609510000052    -3.49638862398095e-11    4.02389451483047e-11    5.54897987321967e-18    8.04454645295754e-17    2.35536778441896e-09    8.96904930061535e-09
66.1145045000049    -2.30808044625736e-11    2.47895932070792e-11    5.4938436730451e-18    8.42368502972204e-17    2.34378133568609e-09    9.17803005951108e-09
66.4680580000047    -1.65825797909976e-11    1.65655548225334e-11    5.73790167210885e-18    7.95881440988428e-17    2.39533435873916e-09    8.92120337629606e-09
66.8216115000044    -8.77919724105006e-12    3.08756078699727e-11    5.49891560963107e-18    7.99662765233566e-17    2.34496024173692e-09    8.94233320896707e-09
67.1751650000042    4.88106455893014e-12    4.2451503121914e-11    5.09806035359616e-18    8.19782193573726e-17    2.2578831964486e-09    9.05408290371009e-09
67.5287185000039    1.96989826221216e-11    3.70948935256982e-11    5.2226136530743e-18    7.93710492468447e-17    2.2852189398738e-09    8.90896588924433e-09
67.8822720000037    3.12151975950711e-11    3.11664509399317e-11    5.41737277693381e-18    7.67744971573315e-17    2.32731570449153e-09    8.76205031996891e-09
68.2358255000034    4.20170719036958e-11    2.92799917981799e-11    4.9813541925129e-18    8.11395158521525e-17    2.2314992176072e-09    9.00769995804883e-09
68.5893790000032    5.1545972126993e-11    2.1536055689368e-11    5.07403917445501e-18    7.64347235218776e-17    2.25197295436968e-09    8.74266891287683e-09
68.9429325000029    5.55978962207643e-11    4.184098035305e-12    5.11113329398787e-18    7.86959513208576e-17    2.26009782264478e-09    8.87107286714415e-09
69.2964860000027    5.73610584889256e-11    9.14019601986427e-12    5.23668350010829e-18    7.73215727402438e-17    2.28766107828002e-09    8.79326385348811e-09
69.6500395000024    6.18830760166297e-11    1.39600852951704e-11    5.50541665058906e-18    7.41387586785401e-17    2.34554623392756e-09    8.61037535735572e-09
70.0035930000022    6.30802508778164e-11    -5.43904686850468e-12    5.23444948104265e-18    7.69572521064643e-17    2.28702216058171e-09    8.77252657580662e-09
70.3571465000019    6.04210577832634e-11    -7.94081758515117e-12    4.98258818759892e-18    7.40666399981979e-17    2.23135328520055e-09    8.60619410318022e-09
70.7107000000017    5.6915902964691e-11    -1.16748880732059e-11    4.8044359408869e-18    7.5568039713637e-17    2.19116328028666e-09    8.69298012252561e-09
71.0642535000014    4.95562169922401e-11    -3.84110097480613e-11    4.62093244461391e-18    7.7779574906519e-17    2.14906412793368e-09    8.81918927684677e-09
71.4178070000012    2.84110323418159e-11    -6.99124007779416e-11    5.28126400295058e-18    6.99048274298555e-17    2.29792445833014e-09    8.36061837940669e-09
71.7713605000009    7.57001596277298e-12    -4.58690345301449e-11    5.04906736118799e-18    7.67173426553279e-17    2.24700023499027e-09    8.75872357635513e-09
72.1249140000007    -5.59846031860306e-12    -3.51778098270941e-11    4.96864204047408e-18    6.96325660991836e-17    2.22903806556015e-09    8.34453885010307e-09
72.4784675000004    -2.26470555191607e-11    -6.34765223853374e-11    4.43602727958598e-18    7.69526979520254e-17    2.10606609356456e-09    8.77203902653945e-09
72.8320210000002    -4.77569589656032e-11    -7.030740610399e-11    4.83824416328086e-18    6.95904014239248e-17    2.19908240776721e-09    8.34178987343674e-09
73.1855744999999    -6.61691982826125e-11    -3.43680543998808e-11    4.69457666906157e-18    7.33494445001848e-17    2.16568656694827e-09    8.56436006582054e-09
73.5391279999996    -7.81515334899267e-11    -4.23499663157095e-11    4.86919356976583e-18    7.10497443752444e-17    2.20524055549026e-09    8.4289946527209e-09
73.8926814999994    -9.61234566072254e-11    -5.47931944109483e-11    4.73427699712215e-18    7.26658964307617e-17    2.17371508671491e-09    8.52425328909271e-09
74.2462349999991    -1.11727578614726e-10    -3.61590987931654e-11    4.91003802142022e-18    6.86193865960545e-17    2.21304201713323e-09    8.28360302740474e-09
74.5997884999989    -1.22889048642059e-10    -3.14158756500113e-11    4.50434279119693e-18    7.39128467037581e-17    2.11878292255738e-09    8.59720069246468e-09
74.9533419999986    -1.38756555902747e-10    -5.57954300942354e-11    4.93706242092948e-18    6.68227329014448e-17    2.21761336556296e-09    8.17432686962207e-09
75.3068954999984    -1.57611974818461e-10    -4.05670987405455e-11    4.59238485201914e-18    7.24534884179513e-17    2.13718116158012e-09    8.5118648208516e-09
75.6604489999981    -1.60958509003706e-10    3.018507620462e-11    4.61767729946275e-18    6.93876105552489e-17    2.14284149153456e-09    8.329867911103e-09
76.0140024999979    -1.39639813789756e-10    7.73752777412135e-11    4.52935435713391e-18    6.89217607034207e-17    2.1236419376954e-09    8.30155249154127e-09
76.3675559999976    -1.09679936172829e-10    9.26689083228388e-11    4.23322509060534e-18    7.18817793459176e-17    2.05455479416015e-09    8.47780583755891e-09
76.7211094999974    -7.8604577515259e-11    7.55799639768913e-11    4.60882590512764e-18    6.87018704233862e-17    2.14537810782186e-09    8.28831455076552e-09
77.0746629999971    -5.46827454526714e-11    6.62350470884606e-11    4.71809054698502e-18    6.86181874159175e-17    2.17142818079134e-09    8.28334475525767e-09
77.4282164999969    -2.82293817345267e-11    8.66106450135123e-11    4.65150423284058e-18    6.99094743511565e-17    2.15654986838873e-09    8.36073997606234e-09
77.7817699999966    1.42797394868124e-12    7.35838726903409e-11    4.45844534686017e-18    6.91335919740781e-17    2.11150261845695e-09    8.31433565522574e-09
78.1353234999964    2.67894289145543e-11    7.66844930083688e-11    4.26925447662918e-18    7.18867015679869e-17    2.0660437563439e-09    8.47825577913989e-09
78.4888769999961    5.65521411402352e-11    9.42398622181437e-11    4.69357547266633e-18    6.94459142579313e-17    2.1657278979592e-09    8.33288864117963e-09
78.8424304999959    9.29175525817564e-11    1.09404475716966e-10    4.80002892399971e-18    6.79791700421916e-17    2.1889255931671e-09    8.24422226185616e-09
79.1959839999956    1.28465241230461e-10    9.36400513760236e-11    4.43845709526895e-18    7.30496455389656e-17    2.10284421131584e-09    8.54639556068778e-09
79.5495374999954    1.53489961154551e-10    4.72013131399461e-11    4.55614891163471e-18    6.74412064283561e-17    2.1289879622627e-09    8.21212387049745e-09
79.9030909999951    1.67592099918931e-10    3.80365360408034e-11    4.29373594474642e-18    7.26149076310743e-17    2.06534472492879e-09    8.52135322897721e-09
80.2566444999949    1.78785232502765e-10    1.38776969417277e-11    4.535510381599e-18    6.84457137571862e-17    2.12215603154856e-09    8.27318083730277e-09
80.6101979999946    1.72547739383931e-10    -4.32745860617997e-11    4.25744189871605e-18    7.09471346210679e-17    2.05612965942072e-09    8.42290104009712e-09
80.9637514999944    1.53422315178216e-10    -5.49572517039821e-11    4.37553821952072e-18    7.11446030977387e-17    2.08614472477968e-09    8.43454698239472e-09
81.3173049999941    1.424175348257e-10    -1.08089598211561e-11    4.60312366256957e-18    6.90725672839076e-17    2.14075708765468e-09    8.31098372338048e-09
81.6708584999939    1.36458973211751e-10    -3.63045605781532e-11    4.41830196666854e-18    7.18849463173195e-17    2.09754163612991e-09    8.47842133278364e-09
82.0244119999936    1.16929354774476e-10    -6.54809318100007e-11    4.61132984190965e-18    7.08142294997942e-17    2.14421486047963e-09    8.41486433327142e-09
82.3779654999934    9.37141711704566e-11    -5.42186072024775e-11    4.57221848650342e-18    7.00306405438721e-17    2.13622005903541e-09    8.36825554619988e-09
82.7315189999931    8.34493430001844e-11    -1.08486623921618e-11    4.20851227857039e-18    7.4037839646097e-17    2.04976791020916e-09    8.60451753165867e-09
83.0850724999928    7.33803445604161e-11    -5.43716389841517e-11    4.42963879899914e-18    6.97503365577826e-17    2.10339110106307e-09    8.35148970439746e-09
83.4386259999926    5.1287688238646e-11    -6.01050534416216e-11    4.26753076968225e-18    7.34204314896826e-17    2.06516351476521e-09    8.56836150452543e-09
83.7921794999923    3.22257339323364e-11    -5.08818914174102e-11    4.46361462103316e-18    7.05994592202114e-17    2.11248103496947e-09    8.40219437131379e-09
84.1457329999921    1.26243246585821e-11    -7.20260012212051e-11    4.39585344188007e-18    7.41191415882947e-17    2.09659105891134e-09    8.60894615173325e-09
84.4992864999918    -1.739055264091e-11    -9.21336105823441e-11    4.5321302097948e-18    7.1145904316635e-17    2.12880900469573e-09    8.43429995402322e-09
84.8528399999916    -4.6137462131081e-11    -5.92566199342063e-11    4.32268066454565e-18    7.42338131276504e-17    2.07859375519454e-09    8.61570088737094e-09
85.2063934999913    -6.06771602564244e-11    -3.23544011110292e-11    4.39642138285618e-18    7.1806176545346e-17    2.09588636740626e-09    8.47379075373441e-09
85.5599469999911    -6.8156454014442e-11    -2.18200067986138e-12    4.33254923521744e-18    7.23281545218395e-17    2.08036149094181e-09    8.50459580231256e-09
85.9135004999908    -5.89550629177925e-11    4.96139309230263e-11    4.31617859404351e-18    7.50943080283196e-17    2.07670481643393e-09    8.66555517472354e-09
86.2670539999906    -4.02291701786027e-11    3.92500721994282e-11    4.66170466893695e-18    7.07221820810772e-17    2.15872329926827e-09    8.4095565586367e-09
86.6206074999903    -3.8580996135644e-11    -2.84841393660833e-11    4.41301268165502e-18    7.52791550797772e-17    2.10036287064693e-09    8.67630933828329e-09
86.9741609999901    -5.18679262580377e-11    -2.50626063334859e-11    4.25264834111338e-18    7.46771299795643e-17    2.06154264067932e-09    8.64155667951834e-09
87.3277144999898    -5.0335185671512e-11    2.49670604142212e-11    4.42400055832104e-18    7.3826677247867e-17    2.10272844832719e-09    8.59220890654791e-09
87.6812679999896    -4.01791305759464e-11    2.85601716424463e-11    4.45748303462225e-18    7.4208415995651e-17    2.11089286134764e-09    8.61438333905839e-09
88.0348214999893    -3.30526714729553e-11    1.1961395663238e-11    4.1904525628036e-18    7.61336134652427e-17    2.04679263329535e-09    8.72544958098186e-09
88.3883749999891    -2.35724290211654e-11    4.75573642718651e-11    4.29133562135379e-18    7.57342490037002e-17    2.0714197937511e-09    8.70241272870942e-09
88.7419284999888    -8.47354468793332e-12    1.41802023140556e-11    4.52729231453706e-18    7.58581950665902e-17    2.12772660686881e-09    8.70964947563635e-09
89.0954819999886    -1.77100221604909e-11    -6.57334647183375e-11    4.6905899663258e-18    7.38294481500215e-17    2.16570457852424e-09    8.59215498356714e-09
89.4490354999883    -4.7860898068556e-11    -8.59667521655534e-11    4.34166873552187e-18    7.69820906691736e-17    2.08311739226524e-09    8.77352268970085e-09
89.8025889999881    -6.65000156278352e-11    -1.32253122044942e-11    4.34396663988805e-18    7.53838607460799e-17    2.08315731230494e-09    8.68237789071617e-09
90.1561424999878    -6.30302682191541e-11    1.78736471824976e-11    4.35389221752794e-18    7.61272342390469e-17    2.085646039676e-09    8.72507391211005e-09
90.5096959999876    -5.5137808003339e-11    1.57021808113392e-11    4.48278483427749e-18    7.6706925284719e-17    2.11654072873783e-09    8.75823490928605e-09
90.8632494999873    -5.24632493589821e-11    -2.25084523343057e-12    4.52786396185033e-18    7.54657410423224e-17    2.12723096285218e-09    8.68710170171952e-09
91.2168029999871    -5.08021336823171e-11    1.27188176303895e-11    4.30169727470813e-18    7.88159017152308e-17    2.07343107382943e-09    8.87782292833715e-09
91.5703564999868    -4.44994080694389e-11    2.33929326156877e-11    4.55697770958853e-18    7.4661227727087e-17    2.13424401422846e-09    8.64064120871771e-09
91.9239099999865    -3.44615232923288e-11    3.71468607964969e-11    4.26895700843285e-18    7.8798134335606e-17    2.06585803283895e-09    8.87675359837925e-09
92.2774634999863    -2.01942588085474e-11    3.35089268481451e-11    4.45594729002965e-18    7.42577004643412e-17    2.11081488575877e-09    8.61722563335571e-09
92.631016999986    -1.35905575002796e-11    1.05523563811195e-11    4.26276888947451e-18    7.82200209389892e-17    2.06460267030277e-09    8.84420203222224e-09
92.9845704999858    -6.50127739042997e-12    3.4140135513615e-11    4.34653586140821e-18    7.5492817204835e-17    2.08482459569157e-09    8.68859319199501e-09
93.3381239999855    7.72351169319774e-12    4.49724898628884e-11    4.3151045823133e-18    7.74300314032463e-17    2.07726862241753e-09    8.79931865989645e-09
93.6916774999853    2.92226494266886e-11    7.64853099710684e-11    4.38135870481481e-18    7.63738859032632e-17    2.09296553759858e-09    8.73888070067453e-09
94.045230999985    5.55112438778277e-11    6.38459466767047e-11    4.31989110682079e-18    7.65419836243579e-17    2.07769333844625e-09    8.74859459110152e-09
94.3987844999848    7.52321536958329e-11    5.92541635205424e-11    4.35650262787561e-18    7.59810488662208e-17    2.08586738574769e-09    8.71650949694465e-09
94.7523379999845    1.03683857844992e-10    9.34440338686882e-11    4.25740439368644e-18    7.62026600814628e-17    2.06074114126661e-09    8.728913351271e-09
95.1058914999843    1.32948513544311e-10    6.5653690320638e-11    4.17631736228429e-18    7.62936562075389e-17    2.03927488461724e-09    8.73437724170912e-09
95.459444999984    1.46891487528042e-10    1.87186931610221e-11    4.21467947627435e-18    7.7598628389715e-17    2.04770661159409e-09    8.80898847769943e-09
95.8129984999838    1.50524535260873e-10    2.05029127394923e-12    4.65574424078651e-18    7.31377651263603e-17    2.15246059315171e-09    8.55206179366508e-09
96.1665519999835    1.42572562488465e-10    -5.69400096766906e-11    4.2719588311617e-18    7.87746028141505e-17    2.06194856763867e-09    8.8753231292978e-09
96.5201054999833    1.12500112546091e-10    -1.01020774029107e-10    4.40751432748658e-18    7.45979551412216e-17    2.09639167432131e-09    8.63641997267596e-09
96.873658999983    8.00331456057939e-11    -7.144544553056e-11    4.08455513211963e-18    7.6666255913429e-17    2.01944294985624e-09    8.75563541165014e-09
97.2272124999828    6.34814946159983e-11    -2.93498922171754e-11    3.98868491087971e-18    7.63104005839114e-17    1.99616006640776e-09    8.73553313586173e-09
97.5807659999825    5.10732067574802e-11    -4.80790922771348e-11    4.07381309223018e-18    7.61727336727899e-17    2.01772263202396e-09    8.72756678998652e-09
97.9343194999823    3.0192979594075e-11    -6.2674195029443e-11    4.22504702742626e-18    7.59523516513156e-17    2.05527015533469e-09    8.71483927543091e-09
98.287872999982    1.57961885028768e-11    -7.14580599756131e-12    4.32810753186077e-18    7.60855718128602e-17    2.08035045419986e-09    8.72270145942855e-09
98.6414264999818    2.31631320041999e-11    3.32310877445188e-11    4.17364320158e-18    7.7228754675369e-17    2.04281831568443e-09    8.7879263976308e-09
98.9949799999815    3.07434033686475e-11    2.42551422290109e-12    4.28725253836876e-18    7.59220169827849e-17    2.07033991931713e-09    8.71332376878454e-09
99.3485334999813    2.19903778237635e-11    -5.33053840236832e-11    4.18222082435748e-18    7.65554037014376e-17    2.04492964368964e-09    8.74943210942697e-09
99.702086999981    -2.11597207793247e-12    -7.39398634474588e-11    4.0998903052202e-18    7.66855908837079e-17    2.02481748014046e-09    8.75671877933175e-09
100.055640499981    -2.79835435832083e-11    -7.8123081439689e-11    4.21942894245422e-18    7.55767332781289e-17    2.05393424036476e-09    8.69313695177266e-09
100.409193999981    -6.35934759383669e-11    -1.16610433490439e-10    3.97989199904478e-18    7.69756429411971e-17    1.99395282513475e-09    8.77280143101383e-09
100.76274749998    -1.02836760370159e-10    -9.63131319119495e-11    3.99853070752465e-18    7.61883621651874e-17    1.9969865568504e-09    8.72806312682308e-09
101.11630099998    -1.25604935646252e-10    -3.10016448015766e-11    4.12900573250108e-18    7.69010143044045e-17    2.02810974373735e-09    8.76926754081685e-09
101.46985449998    -1.31114268950067e-10    -7.93103899702688e-12    4.16851546861026e-18    7.43858661067748e-17    2.03747994274495e-09    8.62472047114544e-09
101.823407999979    -1.32412953518355e-10    1.69039443039953e-12    4.0692579634572e-18    7.55686547343818e-17    2.01288965748194e-09    8.69302317246126e-09
102.176961499979    -1.30782751778504e-10    3.8951247077897e-12    3.98114673537659e-18    7.69516972182138e-17    1.99099035839299e-09    8.7722107844156e-09
102.530514999979    -1.29099540593634e-10    1.51603161876963e-11    4.14976418061918e-18    7.47354292455372e-17    2.03300208785867e-09    8.64495225032216e-09
102.884068499979    -1.17268085581122e-10    4.75940538248365e-11    4.06598522254402e-18    7.71967833466976e-17    2.01301600059417e-09    8.78604109669071e-09
103.237621999978    -1.05475995440091e-10    1.06339240390191e-11    4.13194062396094e-18    7.50318797504556e-17    2.02997917189977e-09    8.66208789323423e-09
103.591175499978    -1.06140815972179e-10    -3.83104989931144e-12    3.98620838831627e-18    7.61238721104646e-17    1.99372578743944e-09    8.72489870620406e-09
103.944728999978    -9.71242717030672e-11    6.87708808849158e-11    3.94424487542941e-18    7.57705608944372e-17    1.98363599263463e-09    8.70435703888458e-09
104.298282499978    -6.01590516802886e-11    1.20049373275011e-10    3.93936588388694e-18    7.58745275943891e-17    1.98387166227754e-09    8.70977127956673e-09
104.651835999977    -2.18566221291798e-11    8.61226965752692e-11    4.00278329745554e-18    7.54743107316038e-17    2.00057631334689e-09    8.68716833109261e-09
105.005389499977    -3.10699071316629e-12    3.38596098695699e-11    3.95548711185741e-18    7.7840660611191e-17    1.9888382182737e-09    8.82267046522823e-09
105.358942999977    1.04163781955635e-11    5.02907955215929e-11    4.24424213480864e-18    7.4042898279e-17    2.06012951871331e-09    8.60467135426367e-09
105.712496499977    2.69008022295321e-11    2.33545067520107e-11    3.90959213669545e-18    7.89808652182042e-17    1.97708585638936e-09    8.88708724978092e-09
106.066049999976    2.22044826948181e-11    -5.02245228971851e-11    4.05257197214766e-18    7.42115228311902e-17    2.0129776285632e-09    8.61446459906186e-09
106.419603499976    -2.25727181137008e-12    -7.40564624184985e-11    3.98750229528535e-18    7.58052538517398e-17    1.99687185367748e-09    8.70630630589769e-09
106.773156999976    -2.23576888499824e-11    -3.37670686918042e-11    3.92804974682737e-18    7.72755983367556e-17    1.98180470293535e-09    8.79058917944796e-09
107.126710499976    -3.00932180777603e-11    -2.14577625171977e-11    4.10828980242258e-18    7.41689056744627e-17    2.02666825125582e-09    8.61211038241443e-09
107.480263999975    -4.71053219954567e-11    -8.16530110003043e-11    3.85126396714278e-18    7.80343389865188e-17    1.96189832962427e-09    8.83332733302199e-09
107.833817499975    -8.34907775723159e-11    -1.04736150986373e-10    3.97266921324405e-18    7.45018351301041e-17    1.99140616231456e-09    8.63080908540913e-09
108.187370999975    -1.10784038749897e-10    -3.37913364593055e-11    3.97432136583995e-18    7.6560164834916e-17    1.99048945302361e-09    8.74980131091537e-09
108.540924499975    -1.06739254450207e-10    4.19981529654862e-11    3.98622712139493e-18    7.63137055333264e-17    1.99369853612685e-09    8.73567064903857e-09
108.894477999974    -9.0442402516341e-11    3.35431504910779e-11    3.91674939008603e-18    7.49473415697473e-17    1.97701025842384e-09    8.6571482849032e-09
109.248031499974    -9.17354410893291e-11    -3.37588320200468e-11    3.80496423446561e-18    7.65713311336247e-17    1.94847346487289e-09    8.75043950181277e-09
109.601584999974    -9.84253458071654e-11    1.5014249227966e-11    3.86620110386348e-18    7.5058114185242e-17    1.96380079314737e-09    8.66359560214823e-09
109.955138499974    -7.79367421053016e-11    9.82023647865956e-11    3.88148309870994e-18    7.60537845204347e-17    1.96860584245297e-09    8.72032916901564e-09
110.308691999973    -3.99948438198138e-11    9.95053515469345e-11    3.99121152552697e-18    7.64630724786392e-17    1.99740129618332e-09    8.7437504060702e-09
110.662245499973    -1.4207892613394e-11    3.51308386344857e-11    4.09748512660363e-18    7.49250863134487e-17    2.0241747114296e-09    8.65585652247226e-09
111.015798999973    -1.68547053618414e-11    -4.38708530816034e-11    3.94547390917025e-18    7.61112604585918e-17    1.98625019271929e-09    8.72406647194081e-09
111.369352499973    -4.12207780540481e-11    -8.53451306656694e-11    3.85380155551218e-18    7.51668801880318e-17    1.96267735579967e-09    8.66946344341468e-09
111.722905999972    -6.58808324193581e-11    -3.70468230689794e-11    3.78997238510839e-18    7.60119255920005e-17    1.94567009049019e-09    8.71840312929501e-09
112.076459499972    -6.5571660490359e-11    3.34794265209783e-11    3.8402965297265e-18    7.51293055891575e-17    1.95857011288007e-09    8.66765162643015e-09
112.430012999972    -4.83206761877354e-11    4.74276178294602e-11    3.70912871320202e-18    7.59752026842342e-17    1.92530356709138e-09    8.71624651471614e-09
112.783566499972    -3.29830109870123e-11    4.89783177790594e-11    3.87281663001173e-18    7.35088783259784e-17    1.96767089499183e-09    8.5735919806325e-09
113.137119999971    -9.24507926273531e-12    8.68297233593394e-11    3.74332378590448e-18    7.66055279947852e-17    1.93474502568527e-09    8.75202768470979e-09
113.490673499971    2.09586777597116e-11    6.1539889222239e-11    3.87979721820023e-18    7.39374046980585e-17    1.96960857837967e-09    8.59846599924039e-09
113.844226999971    2.07260579577111e-11    -6.17536650015811e-11    3.80316718863806e-18    7.63271283968796e-17    1.95006092703782e-09    8.73632158758699e-09
114.197780499971    -6.85893902130749e-12    -6.24040784619251e-11    3.88708142951366e-18    7.40845286801759e-17    1.97155633560626e-09    8.60701077094523e-09
114.55133399997    -1.76257222270108e-11    -8.94095634082903e-12    3.79929662997126e-18    7.472906494089e-17    1.94909875683282e-09    8.64459281864621e-09
114.90488749997    -1.88483767248561e-11    -2.33188260379176e-12    3.72800945461967e-18    7.47136468820001e-17    1.93071338973824e-09    8.64370530758214e-09
115.25844099997    -1.79724211344259e-11    1.50780887448708e-11    3.63394041805958e-18    7.56474314280966e-17    1.90620497589796e-09    8.69754011656954e-09
115.61199449997    -9.27891689865049e-12    2.35805434914314e-11    3.69467387603104e-18    7.36361955876612e-17    1.92213105113367e-09    8.58112111239725e-09
115.965547999969    -6.58464218822719e-12    -9.46807223331039e-12    3.69822952090947e-18    7.5443039768027e-17    1.9230668639953e-09    8.68579012661687e-09
116.319101499969    -1.17229381293314e-11    -1.1292596141673e-11    3.75302599467852e-18    7.4786848362915e-17    1.93723735443031e-09    8.64793159317229e-09
116.672654999969    -1.10564965607452e-11    1.93998162078511e-11    3.68898666354827e-18    7.58302876190336e-17    1.92064166814949e-09    8.70803716495082e-09
117.026208499969    4.00240713444444e-13    3.09593564832142e-11    3.82873773585571e-18    7.38416207621971e-17    1.95671601814445e-09    8.59305895944181e-09
117.379761999968    5.92452561138008e-12    1.64368437287897e-12    3.76553817151769e-18    7.43391806175479e-17    1.9404904203613e-09    8.62201704451166e-09
117.733315499968    2.75545423970203e-12    -1.19806912461615e-11    3.73476753274959e-18    7.4015380366976e-17    1.93255270050302e-09    8.60321084421469e-09
118.086868999968    -2.11750152629545e-12    -2.05640018668869e-11    3.57533613950131e-18    7.582838087784e-17    1.89085474209115e-09    8.7079250111417e-09
118.440422499968    -1.38607288276252e-11    -5.0565964635215e-11    3.7851201665411e-18    7.36090333014146e-17    1.94548915359029e-09    8.57942168124607e-09
118.793975999967    -3.64881019356569e-11    -6.4783007707903e-11    3.66940520457389e-18    7.44381629044808e-17    1.91522161197889e-09    8.62751215973603e-09
119.147529499967    -5.44667132164427e-11    -4.62350279843303e-11    3.60343321573842e-18    7.44721812637603e-17    1.89748955013982e-09    8.62960274786433e-09
119.501082999967    -8.09442557201734e-11    -1.21056028602318e-10    3.73553884091098e-18    7.27008244742424e-17    1.93105848393488e-09    8.52561844748998e-09
119.854636499967    -1.39398492688733e-10    -1.90956240906829e-10    3.55760331820643e-18    7.39527680848879e-17    1.88100275875463e-09    8.59745914784982e-09
120.208189999966    -2.01539052744868e-10    -1.35288131741865e-10    3.62737577576846e-18    7.35125237482052e-17    1.89387375133274e-09    8.57287704738701e-09
120.561743499966    -2.21168742891834e-10    2.54994484736026e-11    3.63799346787831e-18    7.47971125364284e-17    1.8944861717748e-09    8.64849480051621e-09
120.915296999966    -1.98931840574933e-10    7.25444587260466e-11    3.76968580629496e-18    7.33663024764491e-17    1.9313497687111e-09    8.56510594084844e-09
121.268850499966    -1.79784289909492e-10    3.52117103897388e-11    3.7372588370594e-18    7.4903881392221e-17    1.92482114653833e-09    8.65463121846751e-09
121.622403999965    -1.67967789291668e-10    4.80796457182225e-11    3.74671271684918e-18    7.31825284333371e-17    1.92834113647188e-09    8.55454363370745e-09
121.975957499965    -1.38117881288808e-10    1.16286717421148e-10    3.67083557906983e-18    7.36886401466096e-17    1.91095762117796e-09    8.58342108637116e-09
122.329510999965    -9.69966859286578e-11    1.00541030021515e-10    3.59959861939929e-18    7.36095972597298e-17    1.89477973978986e-09    8.57901443995824e-09
122.683064499965    -6.92028694608763e-11    6.91341405904127e-11    3.58613429213241e-18    7.32203819789553e-17    1.8924442541303e-09    8.55661162198917e-09
123.036617999964    -3.68447927373075e-11    1.12501966251844e-10    3.66677820740066e-18    7.37947762542714e-17    1.9145288372466e-09    8.58965188828167e-09
123.390171499964    4.9781261004927e-12    1.15780911724833e-10    3.67280352344713e-18    7.20298658930504e-17    1.91644951452097e-09    8.48625127329674e-09
123.743724999964    4.0184862881441e-11    8.17168356977961e-11    3.51124264459634e-18    7.20314177244506e-17    1.87340006976394e-09    8.48673907241257e-09
124.097278499964    6.31162726117374e-11    4.78684208171702e-11    3.41614742094839e-18    7.40756868375225e-17    1.84720430842936e-09    8.60659023375756e-09
124.450831999963    7.50733518882734e-11    2.72951015533552e-11    3.63636191167888e-18    7.16476764457317e-17    1.90544637907109e-09    8.46445104086278e-09
124.804385499963    9.07233048557426e-11    6.36502116757092e-11    3.7442836465665e-18    7.14971378485277e-17    1.93288720015487e-09    8.45535844888206e-09
125.157938999963    1.1549769496997e-10    6.30871711703497e-11    3.65328829601385e-18    7.16453650773196e-17    1.90786492668388e-09    8.46412340919917e-09
125.511492499963    1.29135528820321e-10    1.15246451076086e-11    3.5593773712896e-18    7.18257025181197e-17    1.88220652067883e-09    8.47499673750231e-09
125.865045999962    1.24887393318926e-10    -2.73474543514064e-11    3.57228573674136e-18    7.24947504254893e-17    1.88591857611387e-09    8.51434099283261e-09
126.218599499962    1.19513202299027e-10    1.27125036603621e-11    3.65316936333972e-18    7.30076345246599e-17    1.90758642210935e-09    8.5444410535102e-09
126.572152999962    1.3656807827959e-10    7.55498434642468e-11    3.72700052637193e-18    7.17328455245591e-17    1.92570758070039e-09    8.46918754932913e-09
126.925706499962    1.65166565023811e-10    7.86643057896206e-11    3.51674779940628e-18    7.32471505152396e-17    1.86801172512501e-09    8.5580933882632e-09
127.279259999961    1.85166501678019e-10    2.1200166315908e-11    3.57218486681693e-18    7.32427261012592e-17    1.88093015114152e-09    8.55817016973882e-09
127.632813499961    1.77419321529306e-10    -5.48431962489573e-11    3.69258530146308e-18    7.19463271941488e-17    1.91340212339465e-09    8.48194078132912e-09
127.986366999961    1.54213038430286e-10    -7.05684432660586e-11    3.62252953723617e-18    7.34360378898527e-17    1.89703660376237e-09    8.56919237645344e-09
128.339920499961    1.27914659860325e-10    -8.18918756464889e-11    3.64658101009924e-18    7.20547990263359e-17    1.905313320662e-09    8.48811479346498e-09
128.69347399996    9.39767882997264e-11    -1.0871724355114e-10    3.63574152931063e-18    7.19267933968361e-17    1.90444477278064e-09    8.4802696866191e-09
129.04702749996    5.31156715287787e-11    -1.1792218776403e-10    3.76583139699769e-18    7.11827959032287e-17    1.93984796374245e-09    8.43616561364591e-09
129.40058099996    1.29257995123405e-11    -1.12130379419712e-10    3.51834252368748e-18    7.26956788954936e-17    1.87567999599997e-09    8.52543873788937e-09
129.75413449996    -2.5877049251669e-11    -9.98999376708356e-11    3.4012128633781e-18    7.31478571074087e-17    1.84405619266337e-09    8.55206858659717e-09
130.107687999959    -4.83577818036509e-11    -1.94773355595173e-11    3.55090206961672e-18    7.00718566690263e-17    1.88376314714875e-09    8.37087076130231e-09
130.461241499959    -4.1887452964832e-11    4.33885019971195e-11    3.39850698193109e-18    7.30496103068502e-17    1.84302805817362e-09    8.54679634393757e-09
130.814794999959    -3.24150547316766e-11    -9.36714318254627e-12    3.7100811775592e-18    6.95719883628984e-17    1.92588432720814e-09    8.34097719811815e-09
131.168348499959    -4.77814888028808e-11    -5.86355407443873e-11    3.5118851122929e-18    7.20529192920047e-17    1.87339318927466e-09    8.48819657909537e-09
131.521901999958    -6.01433995917635e-11    4.3581796871393e-12    3.35429430567973e-18    7.04901541272912e-17    1.8304854758138e-09    8.39584034707432e-09
131.875455499958    -4.4696922833658e-11    6.84950276713024e-11    3.38599844603593e-18    6.90721654887713e-17    1.83956533755263e-09    8.31068432320441e-09
132.229008999958    -2.21283823858923e-11    4.80606835268253e-11    3.31439980560898e-18    7.03222343248577e-17    1.82041482643434e-09    8.3856976153184e-09
132.582562499958    -1.6576610943596e-11    -2.4944553227488e-11    3.3835789920271e-18    7.05678705198831e-17    1.83937603768145e-09    8.40043143470306e-09
132.936115999957    -3.87340713450176e-11    -8.61403691698118e-11    3.50813145944228e-18    7.15858638870541e-17    1.87260009910267e-09    8.46040446573646e-09
133.289669499957    -6.82181407329248e-11    -7.31814560526325e-11    3.61622690606412e-18    7.06937252893026e-17    1.90041395262692e-09    8.40763758518365e-09
133.643222999957    -8.53125295778184e-11    -1.68081016371593e-11    3.51196866882519e-18    7.06915112331781e-17    1.8720818468011e-09    8.40780760489305e-09
133.996776499957    -7.92887087399246e-11    4.06165173578725e-11    3.33882859705221e-18    7.16652292360263e-17    1.82552510191412e-09    8.46543439727366e-09
134.350329999956    -6.94118365019128e-11    -1.06903202093937e-12    3.50059072673234e-18    6.95503344182782e-17    1.86969856492585e-09    8.33968424315026e-09
134.703883499956    -7.85498479913711e-11    -3.55519841830397e-11    3.40872166843267e-18    7.13529544845186e-17    1.84460065862864e-09    8.44699298809578e-09
135.057436999956    -8.12666810608735e-11    3.86382106435112e-11    3.66166311312601e-18    6.81592280966326e-17    1.91182081787896e-09    8.25576981179289e-09
135.410990499956    -5.09629193889977e-11    1.12506539140288e-10    3.53299786558546e-18    6.95170541140931e-17    1.87893604107027e-09    8.33692967421123e-09
135.764543999955    -2.24601953525698e-11    2.63810489721664e-11    3.34418466263555e-18    7.02436719437684e-17    1.82857326959033e-09    8.38110827898217e-09
136.118097499955    -3.78935974953362e-11    -1.0356448672869e-10    3.42652388486379e-18    6.85756835502657e-17    1.85069931651056e-09    8.28039600184401e-09
136.471650999955    -7.9461207953596e-11    -1.12639086458119e-10    3.36566663973265e-18    6.93513609246062e-17    1.83285366468881e-09    8.32698464996832e-09
136.825204499955    -1.09092052774195e-10    -4.30806513609149e-11    3.43953927205668e-18    6.98151820715037e-17    1.85138818081951e-09    8.3554369202922e-09
137.178757999954    -1.09539666210607e-10    2.49859446416335e-11    3.58454285766148e-18    6.80095674811515e-17    1.89011743529019e-09    8.24675349357078e-09
137.532311499954    -9.51552058644681e-11    6.42186502661678e-11    3.24779208215399e-18    7.12089489986526e-17    1.79964929054271e-09    8.43829514556173e-09
137.885864999954    -6.01453710617515e-11    1.27553131149522e-10    3.30298673560252e-18    6.89622879038229e-17    1.81641660142776e-09    8.30337389875687e-09
138.239418499954    -1.82162482706545e-11    9.30674377277848e-11    3.41869893636532e-18    6.85553533900793e-17    1.84888266384437e-09    8.27929295544699e-09
138.592971999953    1.57544309964697e-12    1.65395641035557e-11    3.40932699869307e-18    6.82896895098331e-17    1.84643562483833e-09    8.26374103857644e-09
138.946525499953    -7.57473223443474e-12    -6.18837289986551e-11    3.34821152057525e-18    6.90496082245758e-17    1.82979620286163e-09    8.30937895565373e-09
139.300078999953    -2.86891687113274e-11    -3.33917443794989e-11    3.45110230095158e-18    6.75810471344937e-17    1.85749272745554e-09    8.22070143758432e-09
139.653632499953    -2.37377389538705e-11    5.79324828375917e-11    3.22278347519697e-18    6.96813016503638e-17    1.79505431531927e-09    8.34733163818211e-09
140.007185999952    5.35409355772561e-12    9.80632001743929e-11    3.26761197948897e-18    6.81159314161942e-17    1.807645793061e-09    8.25265502883562e-09
140.360739499952    4.66064821088262e-11    1.34392011819499e-10    3.29142511483294e-18    6.82999126676136e-17    1.81362977221328e-09    8.26328333380701e-09
140.714292999952    8.32987708859147e-11    4.68956738165716e-11    3.36500598976333e-18    6.75227227991553e-17    1.83250301624096e-09    8.21708729386104e-09
141.067846499952    8.26041688613538e-11    -2.40228916326599e-11    3.36993034756109e-18    6.71025012249727e-17    1.83387755830312e-09    8.19157641273341e-09
141.421399999951    8.14162608369206e-11    2.72430985557418e-11    3.17905719403319e-18    6.77352981715891e-17    1.78113126593874e-09    8.23010060601754e-09
141.774953499951    1.01720767996135e-10    7.71032628767301e-11    3.15637893791107e-18    6.71529703967422e-17    1.7737056754911e-09    8.1943288610841e-09
142.128506999951    1.24741054808867e-10    3.382445890109e-11    3.14071494227609e-18    6.77140574711785e-17    1.76781068316753e-09    8.22878565628966e-09
142.482060499951    1.20857702946144e-10    -4.70396634764157e-11    3.25732173478059e-18    6.76326765691952e-17    1.8007540505075e-09    8.22377430619635e-09
142.83561399995    9.86247513231003e-11    -7.62152264985967e-11    3.37438002369907e-18    6.62654610131141e-17    1.83429909832762e-09    8.14000320960403e-09
143.18916749995    6.74346980724449e-11    -1.00266203625867e-10    3.22361052509759e-18    6.72924717562576e-17    1.7941747647856e-09    8.2025860827344e-09
143.54272099995    3.21140032445588e-11    -9.26105160913116e-11    3.21400414389534e-18    6.74580877242781e-17    1.79247673198035e-09    8.21276512610627e-09
143.89627449995    5.26895101395028e-12    -5.06516696531484e-11    3.24912644855461e-18    6.74030488297278e-17    1.80252564106862e-09    8.20977973139896e-09
144.249827999949    6.29622582748647e-13    1.59611448836937e-11    3.23730348962284e-18    6.69451650596099e-17    1.79925070326462e-09    8.1819869409248e-09
144.603381499949    3.75120074247655e-12    -8.10990073188306e-12    3.1975439645093e-18    6.60041457649188e-17    1.7881638328191e-09    8.12428950705408e-09
144.956934999949    3.06561784897663e-12    2.14793705078995e-11    3.0802930830674e-18    6.61860296247431e-17    1.75507369789835e-09    8.1354513249964e-09
145.310488499949    2.34274023461333e-11    8.94604194100426e-11    3.01789952107026e-18    6.61232711964184e-17    1.73705229566918e-09    8.13112956665784e-09
145.664041999948    5.59265997191001e-11    6.91940530931923e-11    3.04052080238515e-18    6.59728517158269e-17    1.74281181365889e-09    8.12207263565424e-09
146.017595499948    5.80835760275226e-11    -6.43233425734001e-11    3.01963221642397e-18    6.58529593247898e-17    1.73673789462309e-09    8.11472869739895e-09
146.371148999948    1.57917993493417e-11    -1.51573684129688e-10    3.05168096513845e-18    6.5448301617966e-17    1.74683473294177e-09    8.08859240141604e-09
146.724702499948    -3.35871088280527e-11    -1.17486064486752e-10    3.11498983696355e-18    6.5318855537054e-17    1.76461376597944e-09    8.08115416024873e-09
147.078255999947    -6.69292207210502e-11    -7.76556605878124e-11    3.09696636051632e-18    6.47858931967312e-17    1.75854679776513e-09    8.04859383961633e-09
147.431809499947    -8.66706533554895e-11    -2.24862855882748e-11    3.03550729951585e-18    6.59720493977554e-17    1.74011364495621e-09    8.1222868556039e-09
147.785362999947    -8.70740064867246e-11    4.81813577294092e-12    3.09175380731684e-18    6.58878337677418e-17    1.75618106262173e-09    8.11713068474997e-09
148.138916499947    -8.41656485392759e-11    1.19008266005881e-11    3.03415330087269e-18    6.69372230607586e-17    1.73984753483708e-09    8.1815085058371e-09
148.492469999946    -8.3989230536333e-11    -2.54512750305651e-11    3.23516954093047e-18    6.44270379489783e-17    1.79669567542319e-09    8.02660514673405e-09
148.846023499946    -1.06610542568731e-10    -8.78509347171397e-11    3.06164321325216e-18    6.64171266636098e-17    1.74650433880519e-09    8.14919682403604e-09
149.199576999946    -1.31075155672174e-10    -3.45464009243405e-11    3.12546014876437e-18    6.39972080826498e-17    1.76303132482945e-09    7.99975091042421e-09
149.553130499945    -1.23906410882508e-10    7.41143772797732e-11    3.06600478034795e-18    6.5749228005691e-17    1.74661157149784e-09    8.10825104845499e-09
149.906683999945    -9.04196446478126e-11    9.23660065128541e-11    3.10452965905001e-18    6.43066837496016e-17    1.75964597203863e-09    8.01861286448239e-09
150.260237499945    -6.4882604616797e-11    5.58359904540652e-11    3.01993247816222e-18    6.54326924319831e-17    1.73658363627565e-09    8.08885497299544e-09
150.613790999945    -4.4154525739478e-11    8.05182532595004e-11    3.0073237722531e-18    6.36056937234017e-17    1.73360149691612e-09    7.97491131827143e-09
150.967344499944    1.99862369882804e-12    1.75784794258999e-10    2.86830990747908e-18    6.45534004715271e-17    1.69360736683046e-09    8.03258987983542e-09
151.320897999944    6.57329110315101e-11    1.66286805454846e-10    3.03337414954316e-18    6.38967669591533e-17    1.74041757459251e-09    7.99181554200827e-09
151.674451499944    1.16588708755327e-10    1.28732685760422e-10    3.05136533658058e-18    6.42473881580535e-17    1.74292065498443e-09    8.01441301990797e-09
152.028004999944    1.64948367968899e-10    1.40918124913682e-10    3.03012134834927e-18    6.42161418334259e-17    1.73289162507459e-09    8.01225835301737e-09
152.381558499943    2.02731270270451e-10    5.67270315047545e-11    3.05862289798771e-18    6.3015157876909e-17    1.73710187670218e-09    7.93800604187258e-09
152.735111999943    2.04356322034117e-10    -3.5610218008626e-11    2.86650224399483e-18    6.56448026715311e-17    1.68069650372681e-09    8.10206977160185e-09
153.088665499943    1.86061326060865e-10    -5.86990050186156e-11    2.96327549249337e-18    6.36542415478814e-17    1.7113318425828e-09    7.97814489556885e-09
153.442218999943    1.61805498060891e-10    -8.78319866292766e-11    3.0658970837814e-18    6.3046436009757e-17    1.74347815144861e-09    7.93969278699634e-09
153.795772499942    1.21346098504084e-10    -1.39940461189085e-10    3.02935918248695e-18    6.38093921932398e-17    1.73627022864092e-09    7.98685224982671e-09
154.149325999942    7.27498943834199e-11    -1.07064625988389e-10    3.01392442466577e-18    6.35706714486952e-17    1.73454082613612e-09    7.97240293854727e-09
154.502879499942    6.18105104555904e-11    4.79427078098724e-11    2.93372416558501e-18    6.46612133520573e-17    1.71169612559655e-09    8.04107672198352e-09
154.856432999942    9.69289511861783e-11    1.22562933580029e-10    2.98107902128161e-18    6.44113761576622e-17    1.72385724458366e-09    8.02473391988635e-09
155.209986499941    1.26447961893629e-10    2.13634789858033e-11    2.98907383715245e-18    6.48630295479239e-17    1.72426353846661e-09    8.05373038719881e-09
155.563539999941    1.09207054729577e-10    -1.11054457320119e-10    2.96418729574035e-18    6.48705676618944e-17    1.71821451365586e-09    8.0534610304765e-09
155.917093499941    6.01025992278591e-11    -1.48530273694206e-10    3.07507607360363e-18    6.26798417651032e-17    1.75255920047503e-09    7.9156667768988e-09
156.270646999941    1.17389481419066e-11    -1.18188692558512e-10    2.89758084892122e-18    6.37782333132661e-17    1.70218772349519e-09    7.98525295442902e-09
156.62420049994    -1.53553414624067e-11    -1.86585930270635e-11    2.86627911173115e-18    6.31158067334078e-17    1.69293925621084e-09    7.94452381142596e-09
156.97775399994    1.67448236733635e-12    8.91364788579793e-11    2.86110795288025e-18    6.36047994202737e-17    1.69148016511842e-09    7.97476357696016e-09
157.33130749994    2.14922504216146e-11    1.39539246765111e-12    3.00820807975518e-18    6.21415083765308e-17    1.73428549060614e-09    7.88298841997188e-09
157.68486099994    4.15599899946417e-12    -8.42865708911878e-11    3.01451470937076e-18    6.26327787540597e-17    1.73623081329732e-09    7.91363851385866e-09
158.038414499939    -2.72366100215383e-11    -8.15916505705231e-11    2.87976383468558e-18    6.20294645879049e-17    1.6967681048865e-09    7.87545601158829e-09
158.391967999939    -4.95400013776762e-11    -5.13673393727181e-11    2.8062452178169e-18    6.12587180131888e-17    1.67445244963253e-09    7.82662631084649e-09
158.745521499939    -6.72296107183153e-11    -4.02973268528082e-11    2.80182955063237e-18    6.09919293947846e-17    1.67251598798787e-09    7.80962902577537e-09
159.099074999939    -6.8937213895573e-11    3.46751106341844e-11    2.80639654095374e-18    6.15725845665244e-17    1.67381128013108e-09    7.84674341387731e-09
159.452628499938    -4.5638150147122e-11    8.19204329898011e-11    2.83593564120221e-18    6.13531382993543e-17    1.68340512071615e-09    7.8323960153974e-09
159.806181999938    -2.99210955590421e-11    -1.71699330442675e-11    2.87574666370137e-18    6.12895132993772e-17    1.69553867303047e-09    7.82874309789103e-09
160.159735499938    -6.36138579485712e-11    -1.55460299874354e-10    2.97504691582539e-18    6.08571709864784e-17    1.72365895492765e-09    7.7995514666961e-09
160.513288999938    -1.16407068196752e-10    -1.14642153453085e-10    2.94824071470212e-18    6.06495342450157e-17    1.71309372457433e-09    7.78693722985278e-09
160.866842499937    -1.34915336254983e-10    4.33250036331536e-12    2.77888797357962e-18    6.16077133589598e-17    1.66153116901936e-09    7.84905692350364e-09
161.220395999937    -1.26445406963596e-10    2.97794008935524e-11    2.83229267359256e-18    5.97243671740863e-17    1.67818480288983e-09    7.72809681366432e-09
161.573949499937    -1.11690941448964e-10    6.05373127291504e-11    2.72727052969845e-18    6.15365944449316e-17    1.6476636984824e-09    7.84429280934229e-09
161.927502999937    -8.26385911450437e-11    9.88702266872644e-11    2.84023034476652e-18    5.95541901092672e-17    1.6832709847259e-09    7.71650275627126e-09
162.281056499936    -4.55543704555476e-11    1.16140833249012e-10    2.72620116844923e-18    6.02154754121693e-17    1.65049264396471e-09    7.75899392440937e-09
162.634609999936    4.21838695509996e-12    1.5796197396835e-10    2.6702345050577e-18    6.00710864583218e-17    1.63407977475679e-09    7.74894408762264e-09
162.988163499936    5.61263940671896e-11    1.2688939217786e-10    2.82511027922905e-18    5.90036764621841e-17    1.67986907439778e-09    7.68033694210982e-09
163.341716999936    9.37916840982417e-11    8.76478340559727e-11    2.81303606796531e-18    6.03192934869196e-17    1.67458627366861e-09    7.7660550696029e-09
163.695270499935    1.16200779174609e-10    2.80228478441151e-11    2.85374772221395e-18    5.97059732059576e-17    1.68530267344865e-09    7.72691322107064e-09
164.048823999935    1.05259130547376e-10    -8.67439012698103e-11    2.8186425804947e-18    6.022185695877e-17    1.67557843622168e-09    7.75978945940948e-09
164.402377499935    7.18138797182705e-11    -7.03262329324758e-11    2.76481773567616e-18    6.01871469397076e-17    1.66122259265758e-09    7.75771881165263e-09
164.755930999935    6.22255879559968e-11    -2.41920212106442e-13    2.77655513165943e-18    6.02589494362511e-17    1.66513756424596e-09    7.76266380682081e-09
165.109484499934    5.73376745970411e-11    -4.61609953185475e-11    2.83146774195724e-18    5.98237291142817e-17    1.68171939782743e-09    7.73444233780257e-09
165.463037999934    2.84123229787648e-11    -9.51815472097426e-11    2.77142793108503e-18    5.92306552528345e-17    1.6645181497923e-09    7.69555688211745e-09
165.816591499934    5.46061083628323e-12    -2.66121320531933e-11    2.6215402218209e-18    5.97512708224752e-17    1.6191079036155e-09    7.72984880944658e-09
166.170144999934    6.01359175286298e-12    1.4309485039154e-11    2.6739680155653e-18    5.76547555440944e-17    1.6352161484891e-09    7.59305938227354e-09
166.523698499933    8.92454527642735e-12    5.36121901651741e-12    2.57348184307057e-18    5.97299411328575e-17    1.60418271888279e-09    7.72851294818015e-09
166.877251999933    1.5502655249271e-11    3.35660027319518e-11    2.73718636020262e-18    5.85572464076438e-17    1.65437179251909e-09    7.65219705255324e-09
167.230805499933    2.80204307197822e-11    3.19819770436149e-11    2.90466357618381e-18    5.76831360265364e-17    1.70407700285113e-09    7.59487413850163e-09
167.584358999933    3.89422532026179e-11    3.3783672540853e-11    2.77848677536993e-18    5.89038875449071e-17    1.66642439861082e-09    7.67481245428035e-09
167.937912499932    5.1307674116904e-11    2.90469249531528e-11    2.63722993250524e-18    5.9140699426314e-17    1.62314431123112e-09    7.69024419004135e-09
168.291465999932    5.404335686976e-11    -1.7052794465555e-11    2.72308921566496e-18    5.77454479278631e-17    1.64929334299366e-09    7.5990234326566e-09
168.645019499932    3.92759313911851e-11    -6.24003389452482e-11    2.69891799175926e-18    5.83073981130471e-17    1.64236883585041e-09    7.63567314064363e-09
168.998572999932    1.68499601261939e-11    -5.36061454360102e-11    2.69827583237359e-18    5.81176242993966e-17    1.64255651690203e-09    7.62330313450594e-09
169.352126499931    6.13844217335167e-13    -4.89288256645184e-11    2.66543640636252e-18    5.81074450689846e-17    1.63261631425078e-09    7.62266692431223e-09
169.705679999931    -2.04212042407235e-11    -6.63454453715595e-11    2.61310244546914e-18    5.7574986283019e-17    1.61638034505697e-09    7.58752822498193e-09
170.059233499931    -4.55641436199521e-11    -7.72522368851268e-11    2.5880557577945e-18    5.8393911255941e-17    1.60809815204504e-09    7.64120038657783e-09
170.412786999931    -7.56268483469615e-11    -8.81450799701993e-11    2.6765536165176e-18    5.76249525517128e-17    1.63426870383261e-09    7.590598329288e-09
170.76634049993    -1.0063305097639e-10    -4.31228208324485e-11    2.73931574294743e-18    5.78035060162482e-17    1.65202564507898e-09    7.60273940356841e-09
171.11989399993    -1.0375280099355e-10    2.51377554266302e-11    2.73101254049021e-18    5.77062856747185e-17    1.64931740328422e-09    7.59642374857871e-09
171.47344749993    -8.44288770002064e-11    7.84817948129087e-11    2.68991299301678e-18    5.67667954041874e-17    1.63792086431099e-09    7.53396549050169e-09
171.82700099993    -5.59300684963085e-11    6.93122928157716e-11    2.56664191470581e-18    5.82145333980776e-17    1.60109766789656e-09    7.62953007754358e-09
172.180554499929    -3.88137918056361e-11    3.61858037591034e-11    2.74786019012581e-18    5.67301437487098e-17    1.65721262356147e-09    7.53185464120996e-09
172.534107999929    -2.76422809253019e-11    2.17120833014552e-11    2.75308536505194e-18    5.73695472358386e-17    1.65901213659129e-09    7.5742376396095e-09
172.887661499929    -2.01375447715881e-11    3.40243833553449e-11    2.62493433376922e-18    5.86882711536291e-17    1.62003975662938e-09    7.66075149675059e-09
173.241214999929    9.04971790275861e-13    8.49482717648378e-11    2.73206469869066e-18    5.67283616775493e-17    1.65289560460324e-09    7.5313442006506e-09
173.594768499928    3.45157161835806e-11    9.15330118743924e-11    2.56749809910577e-18    5.79953720968374e-17    1.60196965153592e-09    7.61491915942478e-09
173.948321999928    5.75094523426984e-11    3.44788287838808e-11    2.5368942235133e-18    5.72485434428131e-17    1.59172450078666e-09    7.56619816375297e-09
174.301875499928    6.35814734827697e-11    9.12026121603569e-12    2.64118531419041e-18    5.65794560233513e-17    1.62392817280204e-09    7.52192613924031e-09
174.655428999928    6.43534919627198e-11    -1.27392424703381e-11    2.66918736495132e-18    5.67210649982737e-17    1.63249685850342e-09    7.53132808407488e-09
175.008982499927    4.68307366117896e-11    -9.7060892631266e-11    2.70398058559592e-18    5.5870112118971e-17    1.64371149162629e-09    7.47400102368822e-09
175.362535999927    -1.48074829334968e-12    -1.55880556364616e-10    2.60101900312126e-18    5.59668672305186e-17    1.61276681839185e-09    7.47947648453192e-09
175.716089499927    -5.09110208396299e-11    -1.17585190058556e-10    2.4944449608989e-18    5.63801423432615e-17    1.57856042926965e-09    7.50775039984285e-09
176.069642999927    -7.9281565660866e-11    -3.65586178191329e-11    2.60852855318888e-18    5.58426094897874e-17    1.61314692031918e-09    7.47270185122159e-09
176.423196499926    -7.8525911823135e-11    2.79551588590603e-11    2.58462559395097e-18    5.65546271482658e-17    1.60575816209145e-09    7.52022909606875e-09
176.776749999926    -6.74676777670581e-11    3.0390917069258e-11    2.54519897924252e-18    5.75839056939696e-17    1.59394074284436e-09    7.58834514806287e-09
177.130303499926    -5.82263347642991e-11    2.19135143801885e-11    2.67512675443103e-18    5.52250554648941e-17    1.63454472204677e-09    7.4313239239574e-09
177.483856999926    -5.30557572901922e-11    -2.36731730774967e-12    2.5579204461698e-18    5.57384075282742e-17    1.59846974722331e-09    7.46581555652716e-09
177.837410499925    -6.14579513387668e-11    -2.54806378252325e-11    2.53750479256346e-18    5.57935358004592e-17    1.59176873721678e-09    7.46946360440663e-09
178.190963999925    -5.50765157141448e-11    6.61112415867687e-11    2.50812433130248e-18    5.53554698369423e-17    1.58274789803028e-09    7.43983192959882e-09
178.544517499925    -2.98425954240274e-11    4.92040881230013e-11    2.48708556805282e-18    5.53410017469232e-17    1.57676725852333e-09    7.43899057027465e-09
178.898070999925    -2.64050213839988e-11    -3.12699579526902e-11    2.48068483133912e-18    5.53565919958051e-17    1.57479763975719e-09    7.44013536069975e-09
179.251624499924    -4.78560236561853e-11    -7.220657728502e-11    2.52993207563433e-18    5.49527969522673e-17    1.58985592952133e-09    7.41266370223714e-09
179.605177999924    -6.78496899017758e-11    -3.54094927827872e-11    2.51037331727534e-18    5.54396741638133e-17    1.58296232957565e-09    7.44569810908515e-09
179.958731499924    -7.43366773851488e-11    -2.50603811230702e-12    2.37472016657056e-18    5.59095527541279e-17    1.5392187060213e-09    7.47726865064382e-09
180.312284999924    -6.21696093530472e-11    8.33570277440453e-11    2.48159665618064e-18    5.43088038104913e-17    1.57408119099795e-09    7.36897926557111e-09
180.665838499923    -1.9083007277941e-11    1.38113478462986e-10    2.49703020587927e-18    5.43378489274725e-17    1.58008418912174e-09    7.37012710843845e-09
181.019391999923    2.1226216155883e-11    7.6865296566889e-11    2.4439134855335e-18    5.53697071854364e-17    1.56315800010146e-09    7.4406853791583e-09
181.372945499923    3.02416578568253e-11    -2.89871745156595e-11    2.5209589606795e-18    5.47155815977085e-17    1.58746477214758e-09    7.39694135041114e-09
181.726498999923    5.5207321625933e-12    -8.79262057079713e-11    2.51489265504318e-18    5.43978573879551e-17    1.58583169868671e-09    7.37496619451946e-09
182.080052499922    -1.03528677789253e-11    1.83735837637601e-11    2.43837103899695e-18    5.46254259361887e-17    1.56149411049985e-09    7.39087872634969e-09
182.433605999922    1.13184624314241e-11    7.57883178747731e-11    2.37805434715007e-18    5.51981531182148e-17    1.54205260596332e-09    7.42915939047538e-09
182.787159499922    3.2623060966404e-11    5.15949450745592e-11    2.47068587081568e-18    5.4351150351103e-17    1.5715029769965e-09    7.3721427219463e-09
183.140712999922    5.63712925438676e-11    8.64064602288441e-11    2.47034517210167e-18    5.40424300554513e-17    1.57072195167655e-09    7.35084784083319e-09
183.494266499921    8.89483690278145e-11    8.50771959160428e-11    2.375242538998e-18    5.43203802102193e-17    1.53861324791037e-09    7.36974504857219e-09
183.847819999921    1.08264625469296e-10    2.18295002478072e-11    2.4062824703749e-18    5.40484986105218e-17    1.54743699104257e-09    7.35173599114119e-09
184.201373499921    1.07905928705748e-10    -2.16956747545212e-11    2.4085457502759e-18    5.43173672948651e-17    1.54819316005014e-09    7.36999976883053e-09
184.554926999921    9.12462418426033e-11    -7.47035701410972e-11    2.46209474682073e-18    5.46890477279069e-17    1.56645104301741e-09    7.39482705034507e-09
184.90848049992    5.74772510178509e-11    -1.07384905007237e-10    2.54639412005002e-18    5.3415933812505e-17    1.59470702189005e-09    7.30783157268157e-09
185.26203399992    2.53482499748928e-11    -6.35822026665311e-11    2.33071998515225e-18    5.45267077292551e-17    1.52645912207811e-09    7.38394644026886e-09
185.61558749992    7.10727231552686e-12    -6.19700798492814e-11    2.37445939852485e-18    5.35160606571074e-17    1.54091170584336e-09    7.31520473850943e-09
185.96914099992    -2.56567147150191e-11    -1.15738514690944e-10    2.37801475076522e-18    5.3515446885585e-17    1.54186785547765e-09    7.31450965422851e-09
186.322694499919    -6.52338751542044e-11    -9.66757660900039e-11    2.30668314597916e-18    5.38698328491413e-17    1.51737526258718e-09    7.33897040772016e-09
186.676247999919    -9.09110048437207e-11    -5.54490816692256e-11    2.4227402718692e-18    5.28422924403672e-17    1.55385824999178e-09    7.26905893769676e-09
187.029801499919    -1.08504481286439e-10    -3.63186643643747e-11    2.4649771303092e-18    5.31069455877482e-17    1.5662707006932e-09    7.28736073914054e-09
187.383354999919    -1.11404812800977e-10    1.68046826023648e-11    2.44427309283356e-18    5.26489655004345e-17    1.55944286862916e-09    7.2559412279233e-09
187.736908499918    -1.04224708081362e-10    1.27307299154544e-11    2.24222381725243e-18    5.38905106970173e-17    1.49377408850127e-09    7.34100460601498e-09
188.090461999918    -1.03065450952777e-10    6.59491989161399e-12    2.35981865811328e-18    5.29317193852908e-17    1.53270876911864e-09    7.27541585700243e-09
188.444015499918    -9.18622649226533e-11    5.55004955574063e-11    2.45100621590318e-18    5.32817689222949e-17    1.56287156867942e-09    7.29922520664267e-09
188.797568999918    -6.94281349538342e-11    7.0359997883357e-11    2.49757259026957e-18    5.25426954920719e-17    1.57884525028465e-09    7.24829255499319e-09
189.151122499917    -3.90968741430932e-11    1.00984677925403e-10    2.44090593603942e-18    5.23223542152505e-17    1.56185062361023e-09    7.23271431138233e-09
189.504675999917    -7.91741040014372e-12    5.7634560836551e-11    2.30373757108497e-18    5.30683002720682e-17    1.51778617917595e-09    7.28457126600223e-09
189.858229499917    -1.09566938393296e-12    -1.25890582879254e-11    2.29835618097385e-18    5.25049278754134e-17    1.51603264492637e-09    7.24601748486883e-09
190.211782999917    -1.42451165399014e-11    -5.85941925946755e-11    2.33776259103442e-18    5.14691117243127e-17    1.52890799843849e-09    7.17395835260471e-09
190.565336499916    -3.64995113094795e-11    -5.07566690740155e-11    2.32397596325004e-18    5.29411210864628e-17    1.52402222717525e-09    7.27588790780942e-09
190.918889999916    -3.89221182105125e-11    3.83347329974368e-11    2.42070522430873e-18    5.13161053487751e-17    1.55537464715828e-09    7.16342346905592e-09
191.272443499916    -1.78539204499483e-11    7.35178596873892e-11    2.280080371648e-18    5.26234909234288e-17    1.50988794589949e-09    7.25383250756011e-09
191.625996999916    8.72281002452521e-12    6.57180250777777e-11    2.38605711371513e-18    5.08512745756047e-17    1.54466210748513e-09    7.13070513461218e-09
191.979550499915    1.90732330063778e-11    -1.14946103884328e-11    2.34933684625008e-18    5.16194788067737e-17    1.53263598353711e-09    7.18466051255769e-09
192.333103999915    5.28869025274036e-12    -6.19536207706368e-11    2.35706218216814e-18    5.09536877066971e-17    1.53526356431837e-09    7.13791632450048e-09
192.686657499915    -1.90150075351947e-11    -5.61345196780235e-11    2.30231574526001e-18    5.16167351500469e-17    1.5172192243537e-09    7.18425946536923e-09
193.040210999915    -2.74177950651937e-11    -3.68452593130503e-12    2.25561766219851e-18    5.1792131803196e-17    1.50162109958281e-09    7.19667410874389e-09
193.393764499914    -3.54338987174982e-11    -4.62314469534792e-11    2.32400139552894e-18    5.09954929954115e-17    1.52405571891274e-09    7.14096321575207e-09
193.747317999914    -5.15256365048082e-11    -3.28648079790789e-11    2.30431734328591e-18    5.13134214073941e-17    1.51712308402077e-09    7.16326331442525e-09
194.100871499914    -5.70796050179329e-11    6.76472961014906e-12    2.28852567940075e-18    5.12575353148143e-17    1.51171015677336e-09    7.15943360561767e-09
194.454424999913    -3.90213580497236e-11    1.00142681857944e-10    2.2647640077169e-18    5.1624953748821e-17    1.50440730566322e-09    7.18435280259059e-09
194.807978499913    7.59130285152205e-12    1.51591507752603e-10    2.26364804880107e-18    5.1648019897722e-17    1.50452332016559e-09    7.18505670906634e-09
195.161531999913    5.91816013986849e-11    1.24990343471271e-10    2.33765165257292e-18    5.11385701491011e-17    1.52779226029877e-09    7.15003129805318e-09
195.515085499913    8.89090663797223e-11    3.99693532161413e-11    2.37503265967552e-18    5.10889837261895e-17    1.53854731405667e-09    7.14754406611061e-09
195.868638999912    8.30345194070404e-11    -7.83575095235709e-11    2.40466848881255e-18    5.07344092898729e-17    1.54847465507169e-09    7.12237807130274e-09
196.222192499912    3.78122458548452e-11    -1.69686717987546e-10    2.35786866137869e-18    5.10720037147635e-17    1.53506967120131e-09    7.14445310240763e-09
196.575745999912    -3.14658106172587e-11    -2.05056752581853e-10    2.30145895642967e-18    4.98165132885079e-17    1.51672965923129e-09    7.05510205572737e-09
196.929299499912    -8.89501993000864e-11    -9.49057359211439e-11    2.22953065289222e-18    4.96647637046689e-17    1.49050948166615e-09    7.04668408586324e-09
197.282852999911    -9.10917025791432e-11    7.01025564888177e-11    2.17550761146813e-18    4.97050405063081e-17    1.47214466449102e-09    7.04983163897421e-09
197.636406499911    -5.91255310648394e-11    8.56693933570868e-11    2.18825589216649e-18    4.96681233909507e-17    1.47809338803162e-09    7.04704080774281e-09
197.989959999911    -3.6264586484851e-11    5.16812279324857e-11    2.20102292399832e-18    4.98309774861086e-17    1.48314119481774e-09    7.05891681044536e-09
198.343513499911    -1.59860442894406e-11    6.53792147610621e-11    2.16523237566548e-18    5.01089409211416e-17    1.47138602074828e-09    7.0784649804473e-09
198.69706699991    7.42461539351311e-12    5.80231162756072e-11    2.18562171566823e-18    5.03241887434213e-17    1.47836618966834e-09    7.09371708354646e-09
199.05062049991    1.94744088658529e-11    9.60111307530141e-12    2.26933796841411e-18    5.05846974356255e-17    1.50630631539984e-09    7.11228551551843e-09
199.40417399991    1.33508465742606e-11    -4.99114631311002e-11    2.35818929857231e-18    4.94197640783918e-17    1.53558166616695e-09    7.02974202401766e-09
199.75772749991    -1.95207090721336e-11    -1.42739654415285e-10    2.25119616155615e-18    4.97449755895883e-17    1.50027167655511e-09    7.05156727122742e-09
200.111280999909    -8.5576459214912e-11    -2.13243566135138e-10    2.18131603697806e-18    5.01703549593064e-17    1.47444657638258e-09    7.07989280574278e-09
200.464834499909    -1.49910329108359e-10    -1.2048868610431e-10    2.21617977650966e-18    4.95088231313259e-17    1.48111669686635e-09    7.03521894526722e-09
200.818387999909    -1.66256855816998e-10    9.12759674010195e-12    2.16610142383724e-18    4.9937735553356e-17    1.46234745588423e-09    7.06665778429476e-09
201.171941499909    -1.54328872008715e-10    5.01203021954014e-11    2.27876353702411e-18    4.85984360881141e-17    1.5016478070069e-09    6.97107768163732e-09
201.525494999908    -1.35408173782354e-10    5.52414948726043e-11    2.28454693933804e-18    4.9015799669093e-17    1.50539415629627e-09    7.00091051552134e-09
201.879048499908    -1.13725736984931e-10    7.03056491810975e-11    2.17084679894743e-18    4.94087115181598e-17    1.46898374929564e-09    7.02878144729604e-09
202.232601999908    -8.17603767291128e-11    1.16889117091583e-10    2.13982697269399e-18    4.86932581081411e-17    1.46052805980957e-09    6.9770763964892e-09
202.586155499908    -3.12420156063606e-11    1.63030520037875e-10    2.13772423171803e-18    4.84072744941395e-17    1.46176200805018e-09    6.95562330375041e-09
202.939708999907    3.09419253586624e-11    1.8631521729347e-10    2.12609466021642e-18    4.89467566331928e-17    1.45778505187545e-09    6.99371455472681e-09
203.293262499907    9.25599544248486e-11    1.40734351394943e-10    2.23544377976843e-18    4.7431315789735e-17    1.49227223877056e-09    6.88560161729332e-09
203.646815999907    1.21839520521478e-10    2.42232792781155e-11    2.15202247145279e-18    4.90618092386366e-17    1.46190889001055e-09    7.00437166856368e-09
204.000369499907    1.13682314080814e-10    -5.84875303971037e-11    2.22057169280804e-18    4.72428643788033e-17    1.48581560910945e-09    6.87309563352579e-09
204.353922999906    9.11675504413661e-11    -5.61617457417695e-11    2.07137642538607e-18    4.7888912986572e-17    1.4363373221958e-09    6.91995367360846e-09
204.707476499906    7.8730003436381e-11    -7.09759403560449e-12    1.99735258305411e-18    4.82986448982551e-17    1.41108262324111e-09    6.94971902470985e-09
205.061029999906    8.71461553363869e-11    3.77352549779571e-11    2.06360731858377e-18    4.85554605141398e-17    1.43388035281674e-09    6.96807265782092e-09
205.414583499906    9.19274638732751e-11    -1.44296557793721e-11    2.17294545560638e-18    4.78265884716502e-17    1.47122221196942e-09    6.91566195361545e-09
205.768136999905    8.43448819703529e-11    -1.69062868282498e-11    2.11584819323101e-18    4.78555051584506e-17    1.45214811025474e-09    6.91774669498069e-09
206.121690499905    7.93541748258367e-11    -2.31052491374783e-11    2.05080434564191e-18    4.8257775474302e-17    1.42986267193029e-09    6.94674323850855e-09
206.475243999905    6.35471972273457e-11    -6.01028936305843e-11    2.14179252317829e-18    4.77291644189917e-17    1.4621061100012e-09    6.9083682632854e-09
206.828797499905    4.35117159854493e-11    -4.62955725106778e-11    2.15388417636733e-18    4.77167952010717e-17    1.46696656640134e-09    6.90757930978991e-09
207.182350999904    3.30678982826061e-11    -1.33167281355301e-11    2.114046394246e-18    4.76948040597191e-17    1.45359998223348e-09    6.9061296486868e-09
207.535904499904    2.78796688139154e-11    -2.94943832522733e-11    2.06782184067505e-18    4.66040504908034e-17    1.43772200537582e-09    6.82665222288055e-09
207.889457999904    9.30535873845184e-12    -6.2992628256605e-11    1.93372087377622e-18    4.82557350673475e-17    1.39055179122353e-09    6.94634918472522e-09
208.243011499904    -4.5992873919074e-12    -8.84838022753642e-12    1.96828131473945e-18    4.77227200720562e-17    1.40294695598049e-09    6.90815762546162e-09
208.596564999903    -3.71098067867466e-12    -2.1820113973929e-12    1.98586511848671e-18    4.74177765720335e-17    1.40920237975569e-09    6.8860563322456e-09
208.950118499903    -9.66100892145247e-12    -2.93693782103171e-11    2.04503174654068e-18    4.6995458617471e-17    1.43001343051291e-09    6.85526046602859e-09
209.303671999903    -2.36457716826244e-11    -4.25864013061434e-11    2.06225710400997e-18    4.65229346008435e-17    1.43586140748037e-09    6.82063933948038e-09
209.657225499903    -3.11411691596431e-11    6.93503778203514e-12    2.04272856945838e-18    4.68030912982793e-17    1.42890125517537e-09    6.84127496915087e-09
210.010778999902    -2.34441619404931e-11    2.51806206377398e-11    2.0957981982803e-18    4.70052396717101e-17    1.44749734699281e-09    6.85599049066248e-09
210.364332499902    -1.82263480494497e-11    4.81834644889432e-12    2.11229212237927e-18    4.71013019957418e-17    1.45325838123028e-09    6.86303713958181e-09
210.717885999902    -1.85133208705826e-11    -1.41848483692842e-12    2.13535599929114e-18    4.69654611551243e-17    1.46116845580566e-09    6.85313498648794e-09
211.071439499902    -1.49162691946397e-11    2.3406735920821e-11    2.12367277117804e-18    4.66254654161602e-17    1.45720632584798e-09    6.82824410378494e-09
211.424992999901    -7.81981157184672e-12    1.98882922609673e-12    2.00664309890587e-18    4.71824013329858e-17    1.41653872148023e-09    6.86894441508621e-09
211.778546499901    -1.96930194210342e-11    -6.29480119016825e-11    2.02343488661641e-18    4.61345099981589e-17    1.42233859246049e-09    6.79194725730085e-09
