#t    <phi>    <pi>    <phi^2>    <pi^2>    rms(phi)    rms(pi)
0    0.707106781186548    -0.500000278955977    0.500000000000029    0.250000278956676    1.70216033954492e-07    7.87832709858939e-07
0.3535535    0.518093705589714    -0.557509829333579    0.268421087771694    0.310817209803709    1.13334342073048e-07    3.90104684287588e-07
0.707106999999999    0.324541016089324    -0.519545115038211    0.105326871124297    0.269927126560192    7.65573233681811e-08    3.51759882752369e-07
1.0606605    0.159856888069316    -0.406633273470505    0.0255542246632087    0.165350619093417    5.24172234404586e-08    2.80456752144807e-07
1.414214    0.0358984136863602    -0.300706480707212    0.00128869610519947    0.0904243875393803    4.91686546201713e-08    2.51561991929871e-07
1.76776750000001    -0.0575502679104153    -0.233096198947321    0.00331203333656416    0.0543338379637073    5.99058833694522e-08    1.34397835458348e-07
2.121321    -0.129686474531551    -0.170807950719948    0.016818581676438    0.0291753560292545    1.2383038651554e-07    3.26295205335229e-07
2.4748745    -0.171930335906132    -0.056760254171925    0.0295600404048201    0.00322172645368896    1.57216315881918e-07    1.65636935337071e-07
2.82842799999999    -0.165263525584808    0.0914192229648447    0.027312032888745    0.00835747432751933    1.57032247421814e-07    1.52755984165806e-07
3.18198149999998    -0.116068504497049    0.1699731244626    0.0134718977361927    0.0288908630395955    1.06065422781737e-07    1.29955812859204e-07
3.53553499999997    -0.0547480009189849    0.168779895266598    0.00299734360462827    0.0284866530462785    5.57146100949969e-08    2.73579884017671e-07
3.88908849999997    0.00103098572158789    0.146775599814181    1.06293155917792e-06    0.0215430767008471    3.25547401821414e-08    1.85740289584398e-07
4.24264199999997    0.0494555545669832    0.126827955767177    0.00244585187753501    0.0160853303641471    8.45980893634116e-08    2.5694571309274e-07
4.59619549999999    0.088650286675669    0.0888957006930812    0.00785887332770921    0.00790244560175259    1.75829055113833e-07    1.9676193630437e-07
4.949749    0.106906950334292    0.00778631241590744    0.0114290960298203    6.06266610469347e-05    2.03483789055321e-07    9.39171824253029e-08
5.30330250000002    0.0935119660901433    -0.0777168577679603    0.00874448780207616    0.00603990998137326    1.78997001055793e-07    2.18842425798832e-07
5.65685600000003    0.0585899925974651    -0.110450353361265    0.00343278723258513    0.0121992805576631    1.18785994100122e-07    1.86855757674552e-07
6.01040950000005    0.019779318692859    -0.106280845826093    0.000391221447954974    0.0112956181895836    3.59485660078191e-08    2.71590667906388e-07
6.36396300000006    -0.0160404206150487    -0.0965249753081511    0.000257295093510228    0.00931707085828331    5.04691891995075e-08    2.10047009310782e-07
6.71751650000007    -0.0481342309331031    -0.083004970144739    0.00231690418753928    0.00688982506881659    1.34113219741401e-07    2.95921180747994e-07
7.07107000000009    -0.0717520411553129    -0.0446159298399891    0.0051483554099951    0.00199058119550813    2.03434050928947e-07    1.45952419528561e-07
7.4246235000001    -0.0760666661632786    0.0220095265732741    0.00578613770124221    0.000484419259984518    2.15707973574083e-07    6.9704921343233e-08
7.77817700000012    -0.0584016965082567    0.0711750364730057    0.00341075815506901    0.00506588581697672    1.62769294857091e-07    2.07440743710865e-07
8.13173050000013    -0.0304785563198487    0.0819052840161202    0.000928942395350321    0.00670847554983665    9.01887956869325e-08    2.74482376255781e-07
8.48528400000015    -0.00223617110384771    0.0771960754524604    5.00046120595768e-06    0.00595923406531968    1.65590520276739e-08    2.40260008352174e-07
8.83883750000016    0.0240530352076255    0.0712140706761527    0.000578548502706556    0.00507144386233861    8.53354511238794e-08    2.65590447366859e-07
9.19239100000018    0.0470123652354094    0.0553959742223168    0.00221016248506031    0.00306871396008136    1.81039843450995e-07    2.04365818078297e-07
9.54594450000019    0.0600018775990396    0.0135301385670298    0.00360022531546271    0.000183064649647557    2.29304797673634e-07    6.73021382187342e-08
9.89949800000021    0.0553176216439587    -0.0379478167537232    0.00306003926438917    0.00144003679640059    2.12130873525122e-07    1.62584838806431e-07
10.2530515000002    0.0365458290068215    -0.0627578368147612    0.00133559761781567    0.00393854608170971    1.40820640144051e-07    2.03748076308156e-07
10.6066050000002    0.0137450943849942    -0.0641470080383483    0.000188927619654718    0.00411483864036033    4.8165000846153e-08    2.97344039204311e-07
10.9601585000002    -0.00830085405319523    -0.060532658158456    6.89041780146591e-05    0.00366420270378743    4.70254145774737e-08    2.42787814501529e-07
11.3137120000003    -0.028836787263926    -0.0544555515220458    0.000831560299727569    0.0029654070916994    1.50477717603487e-07    3.59466720824768e-07
11.6672655000003    -0.0449726811082533    -0.0329407710044185    0.00202254204612012    0.00108509439439622    2.35528014071503e-07    1.75168272434359e-07
12.0208190000003    -0.0495205087357487    0.00911734144118516    0.00245228078551492    8.31259149598306e-05    2.59911786426629e-07    6.83981417469985e-08
12.3743725000003    -0.0394513216357466    0.0438738678341945    0.00155640677884945    0.00192491627880094    2.05727001131215e-07    2.61861992373311e-07
12.7279260000003    -0.021574722560497    0.053830348547519    0.000465468653576675    0.00289770642485162    1.19411228641637e-07    3.22860034065033e-07
13.0814795000003    -0.00270781102862885    0.0522883278622937    7.33224056690098e-06    0.0027340692307314    1.17028226995464e-08    3.10920621648953e-07
13.4350330000004    0.0153110808971301    0.0494522777789329    0.000234429198250226    0.00244552777765406    1.08455110630694e-07    3.59605767260888e-07
13.7885865000004    0.0315576059231105    0.0402993939238967    0.000995882491660834    0.00162404115072285    2.49996326503025e-07    2.99087715410215e-07
14.1421400000004    0.041563561955634    0.0128974824474946    0.00172752968254539    0.000166345053500766    3.24912277414768e-07    1.31657233553734e-07
14.4956935000004    0.0394718225438523    -0.0237939922827239    0.00155802477502882    0.000566154068777591    3.08965753833512e-07    1.65131588656817e-07
14.8492470000004    0.0269024210947363    -0.0434615829899391    0.000723740260802429    0.00188890919606181    2.09556222696362e-07    2.65421055849589e-07
15.2028005000004    0.0108173759429841    -0.0458838103657552    0.000117015622297929    0.00210532405387942    7.795484629432e-08    4.45917075614518e-07
15.5563540000004    -0.00509538578119179    -0.0440642439605726    2.59629562633347e-05    0.00194165759595373    6.45233366253816e-08    3.69953898151647e-07
15.9099075000005    -0.0201953199861523    -0.0405727316362406    0.00040785094939442    0.00164614655275638    2.26576937287594e-07    5.74434715895363e-07
16.2634610000004    -0.0325044927045748    -0.0262368213360227    0.00105654204611837    0.000688370793887773    3.69617280611566e-07    2.63431953802673e-07
16.6170145000003    -0.0367212827872873    0.00413088942022264    0.00134845260971969    1.70642474124505e-05    4.19245465494027e-07    1.01701289947858e-07
16.9705680000003    -0.0300067562681355    0.0311484191587031    0.000900405421852036    0.000970224016270622    3.41679483623417e-07    4.29374184916681e-07
17.3241215000002    -0.0169623392693382    0.0399809426512939    0.000287720953529994    0.00159847577552918    2.04601687289873e-07    4.93085793006385e-07
17.6776750000001    -0.00281153870028681    0.0395200108119948    7.90474986340133e-06    0.00156183125485489    1.38157686927974e-08    5.24123607458445e-07
18.0312285    0.0108924181375057    0.0378795761614333    0.000118644772911539    0.00143486229051048    1.7110416697843e-07    5.83652957073264e-07
18.384782    0.0234856003146756    0.0318037691865091    0.000551573422310791    0.00101147973477327    4.12429744425454e-07    5.51836265104399e-07
18.7383354999999    0.0316858674249688    0.0118745957167137    0.00100399419477256    0.000141006023517514    5.47595843633794e-07    2.86564681159771e-07
19.0918889999998    0.030780176641561    -0.0165893667014831    0.000947419274369463    0.000275207087600023    5.32696475788108e-07    2.09154448756012e-07
19.4454424999997    0.0214890643560429    -0.0330180141126783    0.000461779887033793    0.00109018925614569    3.68295356926472e-07    4.47956381003343e-07
19.7989959999997    0.00909778843905123    -0.035691709036903    8.27697545041461e-05    0.00127389809456214    1.49706126294428e-07    7.66287206902709e-07
20.1525494999996    -0.00334852354334003    -0.0346340752713671    1.1212609930204e-05    0.00119951917032166    9.95063766869728e-08    6.4725520137705e-07
20.5061029999995    -0.0152915861142343    -0.032373128173364    0.000233832606031035    0.00104801942870624    3.76816191057599e-07    9.8853031216825e-07
20.8596564999994    -0.0252835100936772    -0.021966101414213    0.000639255883064902    0.000482509611544442    6.38613195315454e-07    4.52715409184764e-07
21.2132099999994    -0.0291715521656278    0.00156339675980047    0.000850979456299474    2.44420945432992e-06    7.3995127158717e-07    1.60546886574795e-07
21.5667634999993    -0.0243417557064512    0.0237792699540707    0.000592521071253512    0.000565453680107804    6.17220957380116e-07    7.47819622697238e-07
21.9203169999992    -0.0141413392732718    0.0317268220630654    0.000199977476584145    0.00100659123890193    3.77312239930322e-07    8.2493336618676e-07
22.2738704999991    -0.00282918591004706    0.0317596527199923    8.00429291490039e-06    0.00100867554179005    3.59388668248577e-08    9.46325964887584e-07
22.6274239999991    0.00822648590820299    0.0306998150572136    6.76750704797367e-05    0.000942478645563722    2.86136789494882e-07    1.00826706665424e-06
22.980977499999    0.0185221547782774    0.0263580015377502    0.000343070218140311    0.000694744246176303    7.14036200541233e-07    1.05463912316645e-06
23.3345309999989    0.0255198864640581    0.0109838855369788    0.000651264606071529    0.000120645741836104    9.65977459806308e-07    5.88771792920922e-07
23.6880844999988    0.0252804083342946    -0.0122273130049751    0.000639099046465578    0.000149507183407418    9.57553217183868e-07    2.92892966414761e-07
24.0416379999988    0.0180201024020525    -0.0264615004760834    0.000324724091035058    0.000700211008102217    6.74239666521803e-07    8.1021858937619e-07
24.3951914999987    0.00796781208567891    -0.0291879026282991    6.34860295195174e-05    0.000851933661689405    2.94663351549258e-07    1.36026955316697e-06
24.7487449999986    -0.00225052810291193    -0.0285265900748703    5.06487676633326e-06    0.000813766342670533    1.56002849813092e-07    1.17083022545537e-06
25.1022984999985    -0.0121308040288115    -0.0269572500763653    0.000147156406800655    0.000726693334709235    6.4437978033734e-07    1.74055680861337e-06
25.4558519999985    -0.0205676474167155    -0.0190117223598148    0.000423028121539657    0.000361445587757952    1.13196089083253e-06    8.19311071526605e-07
25.8094054999984    -0.0241825526732775    2.10906675699947e-05    0.000584795855581577    4.44876085305116e-10    1.33631543097757e-06    2.44595088032602e-07
26.1629589999983    -0.0205605424704243    0.018961984946595    0.000422735907971252    0.000359556874828877    1.13715959070196e-06    1.30919161673663e-06
26.5165124999982    -0.0122370463285263    0.0262413159234742    0.0001497453033456    0.000688606663416341    7.06470530485594e-07    1.42153525307296e-06
26.8700659999982    -0.00282179986893609    0.0265447286322451    7.96255450951309e-06    0.000704622621149389    9.58402978104632e-08    1.72911935525828e-06
27.2236194999981    0.00644312716286376    0.025810238499983    4.1513887871554e-05    0.000666168414579659    4.84480223170914e-07    1.77585305305545e-06
27.577172999998    0.0151592861764465    0.0225644302733943    0.000229803958947144    0.000509153517619574    1.25209533833938e-06    2.01412499993569e-06
27.9307264999979    0.0212981156455344    0.0102543280129966    0.000453609733026498    0.000105151244362672    1.72509178837067e-06    1.1681377004063e-06
28.2842799999979    0.0214805772172523    -0.0092991125962233    0.000461415200617004    8.6473495262922e-05    1.74088112774761e-06    4.3090962581676e-07
28.6378334999978    0.0156050387674858    -0.0219531501949695    0.000243517236493593    0.000481940805718797    1.24854274157038e-06    1.49529455703663e-06
28.9913869999977    0.00716878282399947    -0.024675184280018    5.13914475114249e-05    0.000608864725223928    5.77715459431828e-07    2.44357938641276e-06
29.3449404999977    -0.00149688985083969    -0.0242493018075226    2.24067928549037e-06    0.00058802864270392    2.44833590334013e-07    2.13344755701449e-06
29.6984939999976    -0.00992335822433218    -0.0231101573518537    9.84730396898825e-05    0.000534079382422437    1.11420888117426e-06    3.09757980378801e-06
30.0520474999975    -0.017242502553206    -0.0168420275889201    0.000297303898409736    0.000283653895609353    2.02791031180759e-06    1.51769799638062e-06
30.4056009999974    -0.0206343267091157    -0.000998305308602869    0.000425775444669013    9.96613601036619e-07    2.43525903925142e-06    3.34442743796267e-07
30.7591544999974    -0.0178534963822623    0.0155576621841758    0.000318747337524881    0.000242040857849692    2.11031459097718e-06    2.28314651922252e-06
31.1127079999973    -0.0108642769735769    0.0223263490006882    0.000118032515929789    0.000498465865862909    1.33086288362994e-06    2.48241351580286e-06
31.4662614999972    -0.00280694731049291    0.0227992626291654    7.87895325630338e-06    0.000519806386595159    2.28954149175873e-07    3.18771118205221e-06
31.8198149999971    0.00516631823528053    0.0222651386814254    2.66908447960205e-05    0.000495736410537642    8.29354195981917e-07    3.16773331023406e-06
32.1733684999971    0.0127288388114754    0.0197651234315824    0.000162023342416898    0.000390660119140713    2.2199944720409e-06    3.85681529595429e-06
32.5269219999972    0.0182218706318087    0.00965512696875456    0.000332036579024826    9.32214818977515e-05    3.11487601876396e-06    2.2616321181562e-06
32.8804754999974    0.0186932104007052    -0.00719394612388417    0.000349436125314834    5.17528612780689e-05    3.19840622834354e-06    6.66873917241161e-07
33.2340289999975    0.0138249626698887    -0.018655273138008    0.000191129598279821    0.000348019223666499    2.33580939648697e-06    2.79514188915481e-06
33.5875824999976    0.00657381275359514    -0.0213586389292324    4.32150154079796e-05    0.000456191476612988    1.13518700025378e-06    4.43888102477806e-06
33.9411359999977    -0.000947712595330766    -0.0210869605361895    8.98159310779134e-07    0.000444659920145699    3.83966870654054e-07    3.93584603839412e-06
34.2946894999978    -0.00829406450488332    -0.0202339365367901    6.8791509820709e-05    0.000409412218817815    1.95180523888967e-06    5.57162138561257e-06
34.6482429999979    -0.0147694922807869    -0.0151758577765591    0.000218137915770266    0.000230306667591586    3.67940795911181e-06    2.88742723200547e-06
35.001796499998    -0.0179769618681842    -0.00171666654685095    0.000323171178159702    2.94694417433394e-06    4.48882550458849e-06    3.7584141447803e-07
35.3553499999981    -0.0158166291308451    0.0130169653524105    0.000250165772725236    0.000169441402797953    3.95759265011059e-06    3.97644285832282e-06
35.7089034999982    -0.00982698865998503    0.019387372121139    9.65697125282694e-05    0.000375870217032316    2.53076967968934e-06    4.38962395876901e-06
36.0624569999983    -0.00279048428357842    0.0199785190808123    7.78680280847091e-06    0.00039914126002936    5.21126421879185e-07    5.94701416745821e-06
36.4160104999984    0.00420704178663446    0.019576381429361    1.76992026572963e-05    0.000383234742738348    1.43624782107333e-06    5.73328173512006e-06
36.7695639999985    0.0108891327686233    0.0176100828176809    0.000118573228289719    0.000310115071713329    3.97957459717815e-06    7.40727676228468e-06
37.1231174999986    0.0158771810612001    0.00915474960847904    0.000252084910836086    8.38094591150385e-05    5.69086598864399e-06    4.32678765853452e-06
37.4766709999987    0.0165572031668935    -0.00560464335770288    0.000274141012036128    3.14120284360665e-05    5.9435965204122e-06    1.12650943382798e-06
37.8302244999988    0.0124567412017549    -0.0161314768651281    0.000155170420904312    0.000260224574125457    4.42004665587004e-06    5.31745170722577e-06
38.1837779999989    0.0061134175539272    -0.0188162955772641    3.73738792132952e-05    0.000354053045666563    2.24156863050425e-06    8.14957646690487e-06
38.537331499999    -0.000529750188367226    -0.0186538471359521    2.8063562471844e-07    0.000347966067024068    6.02198744493083e-07    7.35204738834415e-06
38.8908849999991    -0.00704161865867413    -0.0179993373504602    4.95844052939494e-05    0.000323976247980551    3.45828885418573e-06    1.01451899134453e-05
39.2444384999992    -0.0128558754412311    -0.0138503279486088    0.000165273578976922    0.000191831616402457    6.75399688472464e-06    5.66731356395595e-06
39.5979919999993    -0.0159079723537079    -0.00224593950109321    0.000253063654420954    5.04424487981352e-06    8.36747382211947e-06    7.98274831191105e-07
39.9515454999994    -0.0142251603503381    0.0110415294210319    0.000202355243251927    0.000121915420098236    7.50060643258848e-06    6.93849576566372e-06
40.3050989999995    -0.00901466017565365    0.0170947336901594    8.12641216581166e-05    0.000292229982709475    4.85547120445326e-06    7.92287856770427e-06
40.6586524999996    -0.00277450684995438    0.0177766685691935    7.69788962789279e-06    0.000316010072041203    1.16937974592968e-06    1.12526552442839e-05
41.0122059999997    0.00345966214454839    0.0174654466256271    1.1969268573928e-05    0.000305041937403349    2.53367456693566e-06    1.05627041086787e-05
41.3657594999998    0.00944604039681241    0.0158928185209327    8.92277317391385e-05    0.000252581890608894    7.24989148557671e-06    1.44937776891986e-05
41.7193129999999    0.0140255311703848    0.00872572370249224    0.00019671563749025    7.61383255132634e-05    1.06244441995324e-05    8.44872940040022e-06
42.0728665    0.014861958808075    -0.00435849142079695    0.00022087794612404    1.89964614205794e-05    1.1247716315162e-05    3.73569522178125e-06
42.4264200000001    0.0113691086666114    -0.0141280176524228    0.000129256703948802    0.000199600997845787    8.48973400386464e-06    1.07265379315891e-05
42.7799735000002    0.00574612204537856    -0.016801211154168    3.30179386186427e-05    0.00028228093577112    4.47864457658405e-06    1.54765687344634e-05
43.1335270000003    -0.00020057465360038    -0.0167220662541902    4.02320153591681e-08    0.00027962769829497    1.35044150402129e-06    1.40884861265195e-05
43.4870805000005    -0.00604634479426323    -0.0161998520504666    3.6558325585396e-05    0.000262435669297646    6.34147316911368e-06    2.15137313832422e-05
43.8406340000006    -0.011322607427063    -0.0127513380219688    0.000128201617260007    0.000162596843920683    1.33533750076647e-05    1.49187860142459e-05
44.1941875000007    -0.0142377527010651    -0.00264482273245635    0.000202713882163369    6.99515372391441e-06    1.67387778282511e-05    8.15093838332349e-06
44.5477410000008    -0.0129365070495395    0.00944400815387128    0.000167353433500384    8.91895522251392e-05    1.47938365530948e-05    1.61930464073589e-05
44.9012945000009    -0.00835741856829989    0.0152375101035782    6.98465359529093e-05    0.000232182025041278    9.53032766587676e-06    1.76319207327241e-05
45.254848000001    -0.00275995746958092    0.0160026739125235    7.61737881401846e-06    0.000256086113457755    3.68512183492458e-06    2.32617108811177e-05
45.6084015000011    0.00285808039523963    0.0157507389090671    8.16865377588008e-06    0.000248086320385049    5.49820215848699e-06    2.33281685347053e-05
45.9619550000012    0.00826825637387137    0.0144468953716478    6.83643384323564e-05    0.000208714670197535    1.65821678864086e-05    4.34087340843633e-05
46.3155085000013    0.0124926428968078    0.00831064134559655    0.000156066892659411    6.90675704177785e-05    2.76787327800367e-05    2.84752987626583e-05
46.6690620000014    0.0134457037688528    -0.00333545115785788    0.000180787680230105    1.11265497008196e-05    2.70257352144246e-05    3.62667115156953e-05
47.0226155000015    0.0104620969483144    -0.0124398611701356    0.000109455802620539    0.000154751951609916    1.81676803588559e-05    4.24932661443268e-05
47.3761690000016    0.00544222228234192    -0.0151332396491409    2.96179015556342e-05    0.000229016969279699    1.08713023746775e-05    4.50222319422281e-05
47.7297225000017    6.96446560980776e-05    -0.0151311163000663    4.97418458865492e-09    0.000228951992051444    1.11268353827769e-05    3.62155396714612e-05
48.0832760000018    -0.00521408043217033    -0.0145994915618956    2.71869257341315e-05    0.000213159886481678    1.70581649044346e-05    0.000121377987365105
48.4368295000019    -0.00999213126725224    -0.0116532335871725    9.98457213358079e-05    0.000135811387873319    5.50824273980899e-05    0.00011633931456944
48.790383000002    -0.0127439108252844    -0.0029027686549407    0.000162412095390672    8.43379356175027e-06    6.95145155537473e-05    8.79073241773191e-05
49.1439365000021    -0.011773859362364    0.00798394772681304    0.000138626123784991    6.37596955030122e-05    4.85746874848099e-05    0.00012757036697092
49.4974900000022    -0.00777423416352272    0.0135411688986418    6.04393315508529e-05    0.000183375306199049    2.47935791905824e-05    0.000109777308702731
49.8510435000023    -0.0027451200355238    0.01448085994951    7.53662858379746e-06    0.000209707451639337    3.07339285366549e-05    0.000110212349640557
50.2045970000024    0.00234280833854088    0.0142399321609579    5.4900264135804e-06    0.000202790405351975    3.57141770690924e-05    0.00012139770710742
50.5581505000025    0.00717835660711422    0.0128716089303729    5.15345629035977e-05    0.000165770595358661    7.58902147667779e-05    0.000303774426515358
50.9117040000026    0.0109618084619459    0.00758852469663501    0.000120183213630667    5.76297139077163e-05    0.000148219007812223    0.000209778064336705
51.2652575000027    0.0119575179226762    -0.00235600312176685    0.000142999993201094    5.6527540073035e-06    0.000133260384107539    0.000319379550892618
51.6188110000028    0.0095091519013977    -0.010568351669958    9.04299456585108e-05    0.00011177457752969    7.73031348344929e-05    0.000290724112839852
51.9723645000029    0.00513380768903787    -0.0134148086644621    2.63595286553093e-05    0.000180038934368298    5.95589395887189e-05    0.000286081918635155
52.325918000003    0.000291846060762769    -0.013724290362966    9.64136681671309e-08    0.000188425356591247    0.000106016720305737    0.000263079121645465
52.6794715000031    -0.00449537891585609    -0.0131355539479269    2.02201695852474e-05    0.000172782313602766    0.000108341996123165    0.000489424237107367
53.0330250000032    -0.00877987701782711    -0.0104700076405128    7.71258177280818e-05    0.00010982440929997    0.000198940392864894    0.000450942687682981
53.3865785000033    -0.0113173225484992    -0.00302809774123021    0.000128136778607376    9.39486951305516e-06    0.000234497208101287    0.000474861645757629
53.7401320000034    -0.0106355327645299    0.00655172258794901    0.000113158224034464    4.31330253561366e-05    0.000208966143369753    0.000456022462928375
54.0936855000036    -0.00720490779090086    0.0119333297288037    5.19343316283877e-05    0.000142618695091368    0.000153737936124586    0.000462965090495616
54.4472390000037    -0.00272116117086573    0.013143377063013    7.42433323828528e-06    0.000173064213351213    0.000140053991224567    0.000562007767451716
54.8007925000038    0.00192659643869695    0.0130566974706711    3.74034183672093e-06    0.000170781416222031    0.000169020706190547    0.000551423051207324
55.1543460000039    0.0064016566754528    0.0119673880306151    4.10594431445871e-05    0.000143893126797883    0.000279705120113508    0.000821431995099061
55.507899500004    0.00998702156694401    0.00744204996848341    9.99088594129409e-05    5.56808220545851e-05    0.000410194629823547    0.000544714898989521
55.8614530000041    0.0110801413104642    -0.0016719747897968    0.000122966437185998    3.13441784983771e-06    0.000443740606821792    0.000582166773460705
56.2150065000042    0.0089539126382593    -0.00953709832501448    8.03132507331124e-05    9.1418001761427e-05    0.000375098919663675    0.000679527262464837
56.5685600000043    0.00495666048894809    -0.0123304818912472    2.46330041570392e-05    0.000152527463260665    0.000254009752450667    0.000697624247207062
56.9221135000044    0.000508149791669866    -0.0126346466225963    2.82952761177113e-07    0.000160305001025373    0.000157278575791443    0.000818966267614258
57.2756670000045    -0.00390607895600956    -0.0121646742754878    1.53339470831044e-05    0.000148756390263996    0.000276575979657775    0.00088152710411115
57.6292205000046    -0.00790832570952173    -0.00993651345889901    6.28331608289112e-05    9.93727220326677e-05    0.000539949350429021    0.000799013337677534
57.9827740000047    -0.010394522803626    -0.0033052187499502    0.000108500450055293    1.13418242320977e-05    0.000674051734062546    0.000646028828362431
58.3363275000048    -0.00994273428734149    0.00564798335725853    9.92719235297914e-05    3.22448572715301e-05    0.000643396006449649    0.000587487248934545
58.6898810000049    -0.00687048751313218    0.0108790083981798    4.74106931446486e-05    0.000118972966384193    0.000455076341445465    0.000787491369176048
59.043434500005    -0.00275102938793935    0.0120821531638927    7.62726405255743e-06    0.000147069971698985    0.000243107711213509    0.00104477108651774
59.3969880000051    0.00152129058581744    0.0120067857103351    2.35961171759496e-06    0.000145199397011892    0.000212806651912436    0.00101808345334943
59.7505415000052    0.00561592931830555    0.0109340626915653    3.17701832598501e-05    0.00012095952608374    0.000481166449003077    0.00118566400833509
60.1040950000053    0.00892646714982256    0.00705570122634562    8.02567453555959e-05    5.03108845285334e-05    0.000758241108576003    0.000726611817326334
60.4576485000054    0.0100699168239391    -0.000963529708898746    0.000102109407725773    1.36404281903061e-06    0.000840346883566904    0.000660040392021663
60.8112020000055    0.00831547840116276    -0.00827548283329063    6.96355022744984e-05    6.94346493218883e-05    0.000698799852814822    0.000975209309738378
61.1647555000056    0.00476363086628019    -0.0111221902495338    2.28789171396134e-05    0.000124685550896507    0.00043213205092431    0.000991178565991944
61.5183090000057    0.00070502818031872    -0.0116107670498182    5.29537896003562e-07    0.000136344225752338    0.000180203110295121    0.00123867439918404
61.8718625000058    -0.00335681096591287    -0.0111996712359152    1.13991046646037e-05    0.00012667247076939    0.000361835326814225    0.00111347877249785
62.2254160000059    -0.00704941537817789    -0.00924837982579739    5.01986416461142e-05    8.69104018967457e-05    0.000710200304155961    0.00117382813670893
62.578969500006    -0.00942903281078216    -0.0034676946674932    8.97806550212995e-05    1.26306756191598e-05    0.000934877144063918    0.000778311834805977
62.9325230000061    -0.00919468135392063    0.00468307281807865    8.53632433912484e-05    2.25307209162618e-05    0.000906133649696718    0.000774306074388311
63.2860765000062    -0.00651256480412187    0.0097456168874749    4.28256033882205e-05    9.62141409686932e-05    0.000641952537446198    0.00111224657844256
63.6396300000063    -0.00277156046215496    0.0110735004033683    7.78575059923195e-06    0.000124324377488072    0.0003228052103844    0.00130459430654626
63.9931835000064    0.00116166820036486    0.0110729229566672    1.40733817152584e-06    0.000124229245549599    0.000240551790238411    0.00127264399786919
64.3467370000062    0.00492981238528714    0.0100498372565917    2.46192735183252e-05    0.000102810320709158    0.000562337411341829    0.00134576811716582
64.7002905000059    0.00800568444689018    0.00673171065763002    6.49271199595433e-05    4.6212770759494e-05    0.000914404995810958    0.000947017624674673
65.0538440000057    0.00919503439971697    -0.000366280898725627    8.5652034682901e-05    6.09843956374105e-07    0.00105041756978957    0.000689697223136973
65.4073975000054    0.00776506707198353    -0.00719162066727471    6.10876976075771e-05    5.2995772481276e-05    0.000889624063958623    0.00112976309875269
65.7609510000052    0.0046020600998386    -0.0100769710066435    2.1477609056334e-05    0.000102970910256713    0.000546490524901847    0.00119397051386529
66.1145045000049    0.000890319596149614    -0.0107039619642084    8.39044638926132e-07    0.000116794101604573    0.000215350076940131    0.00148973147692894
66.4680580000047    -0.00285807594928336    -0.010323034789369    8.33159292071648e-06    0.000108258486237677    0.000403726130990412    0.00130132201055507
66.8216115000044    -0.0062599268566004    -0.00857999317230619    3.98217593500546e-05    7.55158098149087e-05    0.000796915993105707    0.00137823328144688
67.1751650000042    -0.00852163635786629    -0.00355904991075699    7.37648406389761e-05    1.35077114001548e-05    0.00107077281589866    0.000916992438843152
67.5287185000039    -0.00848084495431594    0.00378769832112577    7.3061085619179e-05    1.51084420817847e-05    0.00106599928706959    0.000872802102383866
67.8822720000037    -0.00617133967167771    0.00863378883556188    3.86903572041416e-05    7.63673883997687e-05    0.000777768513709827    0.00135095475227552
68.2358255000034    -0.00279027031921639    0.0101231413567165    7.95096373693286e-06    0.000104556828940453    0.00040663900776108    0.00144181760718536
68.5893790000032    0.000838373360653833    0.0102531681538892    7.64107309927481e-07    0.000107421624055194    0.000247461952779573    0.00151465073969781
68.9429325000029    0.0043345875226288    0.00932230565676836    1.91600176705967e-05    8.92281998703261e-05    0.000609400261952261    0.0015240791029703
69.2964860000027    0.00721858175767476    0.0064583192534401    5.31501127475717e-05    4.29916762157118e-05    0.00102087714997294    0.00113216104700558
69.6500395000024    0.00845282279083383    0.000122921081543365    7.28680977847307e-05    6.66461462183924e-07    0.00119074961746408    0.000807063733478425
70.0035930000022    0.00730040690478323    -0.00625684967477277    5.43472699197494e-05    4.06143927826406e-05    0.00102534332998402    0.00121087775185462
70.3571465000019    0.00447123336665701    -0.00919933666332748    2.04004229576304e-05    8.65647204151682e-05    0.000639136244100915    0.00139173466218495
70.7107000000017    0.00106447042201765    -0.00990419654596243    1.20832412458057e-06    0.000100873312969291    0.000274275126889285    0.00166739429896965
71.0642535000014    -0.00241053706977586    -0.00956385457154922    5.99113932244563e-06    9.38073968750417e-05    0.000424794488761394    0.0015297328555335
71.4178070000012    -0.0055652473722774    -0.00801706304062068    3.17044838390049e-05    6.69682255572053e-05    0.000855865365793287    0.00164162290429904
71.7713605000009    -0.00772896970033338    -0.00362839360674861    6.11286844665398e-05    1.44209616065181e-05    0.0011797083698391    0.00112058977374591
72.1249140000007    -0.00785353142382629    0.00299471030616574    6.3114104153256e-05    1.01545202765924e-05    0.00119839406216364    0.00108914207463355
72.4784675000004    -0.00586854700878528    0.0076434636044331    3.5240916951201e-05    6.09511808772911e-05    0.000895026791151138    0.00159017137598365
72.8320210000002    -0.00280872872662092    0.00925885315022929    8.12527080544589e-06    8.83680522735828e-05    0.000486121122458492    0.00162532784879606
73.1855744999999    0.000537765716197006    0.00950525343323974    3.72736342607972e-07    9.33611974865491e-05    0.000289040441964603    0.00173532551886766
73.5391279999996    0.00375152482121661    0.00847467647131691    1.44926885435362e-05    7.54569862928926e-05    0.00064710900112109    0.00190705138876752
73.8926814999994    0.00638580180255771    0.00596326010420507    4.20590321964409e-05    3.7994645693185e-05    0.0011316216394589    0.00156018416309777
74.2462349999991    0.00760144575526511    0.000502230833462811    5.96042327711994e-05    1.61578548451577e-06    0.00134990933064466    0.0011677112975539
74.5997884999989    0.00671723885361905    -0.00523483927733878    4.65155162825946e-05    2.97839652851657e-05    0.00118077028503653    0.00154286195934598
74.9533419999986    0.00426224682727582    -0.00817717054903016    1.87451491896481e-05    7.04291312518236e-05    0.000760526904866166    0.00188759451787118
75.3068954999984    0.00119497533301091    -0.00898475916696929    1.5752952099108e-06    8.46086790761659e-05    0.000383834812655489    0.00197047755321576
75.6604489999981    -0.00196349848556713    -0.0086150940325084    4.06960926999799e-06    7.81009838602906e-05    0.000462907082656531    0.00197006057554808
76.0140024999979    -0.00474286800940524    -0.00702307885325039    2.34360291011192e-05    5.42326987207124e-05    0.000970171194418567    0.00221564034575552
76.3675559999976    -0.00664905469881737    -0.00332622051845827    4.61109132849922e-05    1.37789021197299e-05    0.00137876208866028    0.00164777400826603
76.7211094999974    -0.00686057767772906    0.00216492651583548    4.91496683169479e-05    7.42773858200014e-06    0.00144296300880985    0.00165554575987273
77.0746629999971    -0.00527361030412889    0.00634610035358144    2.90401968610548e-05    4.48782214592431e-05    0.00110870700423529    0.0021459803730502
77.4282164999969    -0.00267173028413252    0.00803599096959781    7.52858109311347e-06    6.99020029015942e-05    0.000624850687734782    0.00230756409188059
77.7817699999966    0.000258810588534616    0.00838091310747983    2.32723791095243e-07    7.54134126205572e-05    0.000407112847202847    0.00227457866547409
78.1353234999964    0.00305484087676193    0.00714820726951264    9.86593027860326e-06    5.76982927489594e-05    0.000730669211249309    0.00256932395408716
78.4888769999961    0.00525151126752216    0.00493586038453478    2.92930879377777e-05    2.95350646766761e-05    0.00130947216269208    0.00227427943337144
78.8424304999959    0.00630540911274294    0.000659928104707484    4.22228656043731e-05    4.11872744938433e-06    0.00156993042053187    0.00191917230753299
79.1959839999956    0.00570263242441771    -0.00392730043316742    3.44994624773505e-05    2.04214075462955e-05    0.00140692782662448    0.00223555783954219
79.5495374999954    0.00376382676560374    -0.00665301311984588    1.50991907031262e-05    5.11495799153295e-05    0.000965815086676041    0.00262430873612234
79.9030909999951    0.00119355905010506    -0.007682949966962    1.73380042686317e-06    6.5933047765967e-05    0.00055607303546879    0.00262779899747403
80.2566444999949    -0.00151950204791809    -0.00736974003863496    2.61496148127475e-06    6.18824199702661e-05    0.000553240460963842    0.00275124548763045
80.6101979999946    -0.00383956368003349    -0.00572189463852423    1.59471924595503e-05    4.11304510781018e-05    0.00109769905097798    0.00289661402739983
80.9637514999944    -0.00540449580183039    -0.00284420749223823    3.16083452069746e-05    1.38536619094485e-05    0.00154911921264063    0.00240086352184885
81.3173049999941    -0.00564653421056892    0.00143288387021692    3.46697125779979e-05    7.3113390484438e-06    0.00166924054194499    0.00229307279930576
81.6708584999939    -0.00447579271314657    0.00494462851042002    2.18598568645031e-05    3.13583142964625e-05    0.00135171611422187    0.00262849066774148
82.0244119999936    -0.00237856896346265    0.00666799357173256    6.43354192832488e-06    5.30005874789568e-05    0.000880881157919223    0.00292206249185231
82.3779654999934    0.000101166319525849    0.00716985450056119    3.36681835983724e-07    6.06914685827252e-05    0.000571355591359109    0.00304707318971956
82.7315189999931    0.00248819466125454    0.00601723499317522    6.91567855185847e-06    4.7182423685474e-05    0.00085121435582518    0.00331290004714625
83.0850724999928    0.00429521944850853    0.00405584556338642    2.08146475348058e-05    2.53901983328079e-05    0.00153809538844633    0.00299003596947704
83.4386259999926    0.00518463310519371    0.000686596739571044    3.02893815913977e-05    7.17965250083064e-06    0.0018463372270328    0.00259002652844349
83.7921794999923    0.00476520388691563    -0.00295418042154759    2.57526337218481e-05    1.62673640251614e-05    0.0017451262527314    0.00274593919490333
84.1457329999921    0.00324697506984995    -0.00534870413737219    1.22170885536446e-05    3.8565139832275e-05    0.00129392482371174    0.00315539282548665
84.4992864999918    0.00114298879859849    -0.00638482508214853    1.88183171854904e-06    5.19487262356139e-05    0.000758556738041018    0.00334405964450112
84.8528399999916    -0.00113589781719482    -0.00625784311122792    1.72736549848815e-06    5.10117007611774e-05    0.000661136632913492    0.00344254271671896
85.2063934999913    -0.00310705249056801    -0.00480341803134146    1.11976813614691e-05    3.508890840819e-05    0.0012425402135642    0.00346642230900589
85.5599469999911    -0.00444499132481704    -0.00255907156780642    2.30051020834388e-05    1.49329916975482e-05    0.00180198618355969    0.00289553870780429
85.9135004999908    -0.00475158117747373    0.00085879363738776    2.65035242397341e-05    7.71450590152252e-06    0.00198141377647665    0.00264139724197343
86.2670539999906    -0.00389816543913761    0.00380430620746025    1.79749265089937e-05    2.41493794277881e-05    0.00166710309162536    0.00311072880651263
86.6206074999903    -0.00222916468139083    0.00543123923921906    6.17706632627148e-06    4.13983369042062e-05    0.00109904101357101    0.00344963436186697
86.9741609999901    -0.00017408519650707    0.00602083253642608    4.23865258935535e-07    4.90089122821559e-05    0.000627343289828328    0.00357190255332771
87.3277144999898    0.00187073976250606    0.00528015322980569    4.28207280173654e-06    4.07230291959894e-05    0.000884536908622432    0.00358371470206014
87.6812679999896    0.00346837911283431    0.00369303797728398    1.45036337536343e-05    2.49464318745852e-05    0.00157288908804434    0.003362722464451
88.0348214999893    0.00436379572992876    0.00114451417720081    2.30399514472574e-05    9.36839241535778e-06    0.00199930944946322    0.00283874615165642
88.3883749999891    0.00421515135437049    -0.00193952271778485    2.16720228372051e-05    1.19757600248276e-05    0.00197598630991051    0.00286600970898985
88.7419284999888    0.00308275054121801    -0.00423299465639433    1.17507936566487e-05    2.93442464907392e-05    0.00149914734341516    0.00338023708187402
89.0954819999886    0.00137180406429547    -0.00528786447809596    2.62707375420115e-06    4.13666465800568e-05    0.00086326552310606    0.00366130247881103
89.4490354999883    -0.000550070906968073    -0.00540682150029972    7.15597491011586e-07    4.27816536607587e-05    0.000642665922792634    0.00368075195098168
89.8025889999881    -0.00230295376554968    -0.00435139451782169    6.68591817174924e-06    3.16850122578415e-05    0.00117572195926153    0.00357076714560231
90.1561424999878    -0.00357056060366601    -0.00269761040963064    1.60628139506701e-05    1.70606063936384e-05    0.00182041504229623    0.00312785940724497
90.5096959999876    -0.00408990827000012    -0.000105316019947117    2.11946332006497e-05    7.53164370708105e-06    0.00211359493366972    0.0027423625294668
90.8632494999873    -0.00364522500518019    0.00255071340404972    1.69220210802556e-05    1.58508851572673e-05    0.00190639863141598    0.00305691777574543
91.2168029999871    -0.00240489854989359    0.00426465473615828    7.54058146103319e-06    3.02887218897214e-05    0.00132553552413841    0.00347871267440761
91.5703564999868    -0.000735416971115095    0.00503937714451748    1.03112592258586e-06    3.8969196700664e-05    0.000700205542095863    0.00368427397135159
91.9239099999865    0.00105082875790842    0.00486265133036835    1.65583138456667e-06    3.70351066102934e-05    0.000742691258949048    0.00365919781503547
92.2774634999863    0.00256884872934338    0.00364834900354073    8.54457222427625e-06    2.55306617434787e-05    0.00139484351453027    0.00349574188003664
92.631016999986    0.0035783197509876    0.00191655119744631    1.66094611047023e-05    1.21981196920463e-05    0.00195066369843557    0.00291975190720264
92.9845704999858    0.00381367908260961    -0.000626426715689099    1.89629876967354e-05    7.76616086598488e-06    0.00210210360153854    0.00271546504964727
93.3381239999855    0.00317316364617022    -0.00287043481579882    1.3288431029849e-05    1.80042241151127e-05    0.00179428634963116    0.00312487249073665
93.6916774999853    0.00190387737840199    -0.00416492137664192    5.02100587679773e-06    2.97734518825382e-05    0.00118163310922083    0.00352517826626248
94.045230999985    0.000312600449727653    -0.00471386628834788    4.72083578266364e-07    3.60525909232842e-05    0.000611853362413277    0.00371914715208495
94.3987844999848    -0.00132545074817855    -0.00436888801697906    2.5140376374582e-06    3.22559373735325e-05    0.000870182711625048    0.00362887790764987
94.7523379999845    -0.00267718749422089    -0.00321047364550965    9.54864434570868e-06    2.16738373169358e-05    0.00154314985224896    0.00337145314195878
95.1058914999843    -0.00351308557296027    -0.0013509312993825    1.64767696421927e-05    9.43669743495035e-06    0.00203346979305104    0.00275892770099165
95.459444999984    -0.00356362322962967    0.00104855101642573    1.70075557315565e-05    8.78454167361045e-06    0.0020756071903904    0.00277219812415401
95.8129984999838    -0.00281868772649502    0.00300706318966158    1.08020990512057e-05    1.88162246615708e-05    0.00169029540368304    0.00312630702826084
96.1665519999835    -0.00154970862152666    0.00406563272935275    3.48993285415779e-06    2.9317567202497e-05    0.00104323345542775    0.00357605896379138
96.5201054999833    -1.96744301633702e-05    0.00446890054820272    3.07736277880203e-07    3.36773635442343e-05    0.000554390832065204    0.00370220089062002
96.873658999983    0.00150144866554663    0.00395289774564732    3.20044389709988e-06    2.82417688022009e-05    0.000972674561108762    0.0035519527326046
97.2272124999828    0.00269937415841109    0.00276460065545542    1.00047117484188e-05    1.78108048705962e-05    0.00164866336810193    0.00318869692608936
97.5807659999825    0.00337371238787308    0.000903376014262934    1.56103719459099e-05    7.88617682765309e-06    0.0020563162864262    0.00265896382158681
97.9343194999823    0.00329696223226977    -0.00129755575237252    1.49172176958465e-05    9.06715347750368e-06    0.0020117797431213    0.0027172601176532
98.287872999982    0.00250969240877199    -0.00302167613241543    8.75865528233076e-06    1.92354707065111e-05    0.00156847036812399    0.00317882746579646
98.6414264999818    0.00126129059907312    -0.00393202852124    2.40734405077485e-06    2.81537936233628e-05    0.000903598403863476    0.00356271600489261
98.9949799999815    -0.000196866747963052    -0.00419755009359234    3.39877564857013e-07    3.05143863659658e-05    0.000548744975743254    0.00359095524585712
99.3485334999813    -0.00159677588499301    -0.00355897611777104    3.68393236498037e-06    2.42790253419006e-05    0.00106500663757799    0.00340774329065967
99.702086999981    -0.00265417517347954    -0.00235364505203726    9.97182901761265e-06    1.46133054122185e-05    0.00171090127304223    0.00301225171279543
100.055640499981    -0.00318624346660708    -0.000547623993541318    1.43701714622272e-05    7.00446497221161e-06    0.00205378285944032    0.00258931900968372
100.409193999981    -0.00302481731327203    0.00143231084797901    1.30182388374613e-05    9.30259170952611e-06    0.00196690596084082    0.00269278245394754
100.76274749998    -0.00222690914472542    0.00295128186851054    7.16576732692455e-06    1.88366394989259e-05    0.00148547736033332    0.00318222796661817
101.11630099998    -0.00102465522227602    0.00374902332409905    1.71484246744111e-06    2.64559251791256e-05    0.000815428809218558    0.0035214697633924
101.46985449998    0.000347411434686481    0.00389421587400923    4.14304546934317e-07    2.78387043479752e-05    0.000541857769145555    0.00356002627442408
101.823407999979    0.00162940001365355    0.00322513282835605    3.91146069592552e-06    2.17190398042054e-05    0.00112094437481586    0.0033641578505869
102.176961499979    0.00258211001528023    0.00209866771460956    9.71508747955833e-06    1.27261422256055e-05    0.00174579361567966    0.00288474193807019
102.530514999979    0.00303270000870914    0.000342135988553203    1.33477078507203e-05    6.37440349334272e-06    0.00203726250343345    0.00250146886022582
102.884068499979    0.00281793578386306    -0.00150249037457769    1.15978029185339e-05    9.29996435702688e-06    0.00191233910082861    0.00265376845849978
103.237621999978    0.00202896595698833    -0.00284439768937634    6.11986471331203e-06    1.80080375287496e-05    0.00141533100675936    0.00314919661396682
103.591175499978    0.000886293761080502    -0.00353656663635933    1.32602561720297e-06    2.47432198527598e-05    0.000735193162558485    0.0034979874612911
103.944728999978    -0.000410711029987603    -0.00368236648312731    4.70623355714616e-07    2.5828402906391e-05    0.000549490496333775    0.00350265327863486
104.298282499978    -0.00161090618217487    -0.00297791966604787    3.9688687048384e-06    1.96862456853097e-05    0.00117211346595335    0.00328910932440305
104.651835999977    -0.00247628509398776    -0.0018527417383945    9.31908658617231e-06    1.12259171761239e-05    0.00178524472257065    0.0027916420305861
105.005389499977    -0.00285346952229367    -0.000192100920034316    1.2330780905968e-05    5.91892788479841e-06    0.00204658070725519    0.00242528866762709
105.358942999977    -0.00260258721845042    0.00155155780887149    1.02782581255929e-05    9.52357990251871e-06    0.00187211054586833    0.00266762970973271
105.712496499977    -0.00181787589269275    0.00277896396096943    5.10932321701328e-06    1.75694863235104e-05    0.00134337279106725    0.00313796839167374
106.066049999976    -0.000706281815414344    0.00341680003579489    9.37460763196074e-07    2.36792331924048e-05    0.000662289030870278    0.00346478148052613
106.419603499976    0.000528668774301981    0.00344630509366548    5.94524241932034e-07    2.37758180542036e-05    0.00056127851287046    0.00344946361853245
106.773156999976    0.00162913436120166    0.00267717149253176    4.13407862546829e-06    1.73328035771139e-05    0.00121655244795296    0.00318834696617058
107.126710499976    0.00239552771922865    0.00160186683334742    8.93657822694216e-06    9.86027118612814e-06    0.00178830231598277    0.0027007950374565
107.480263999975    0.00269247358107659    -2.74559642788496e-06    1.12582858626848e-05    5.64296096042015e-06    0.0020022167409872    0.00237549014355362
107.833817499975    0.0024036776413823    -0.00157189422485349    9.03936533008358e-06    9.45775060460941e-06    0.00180601747677104    0.00264327432372837
108.187370999975    0.00163644509411804    -0.0026636599029581    4.31740569131818e-06    1.67450100592697e-05    0.00128041131877814    0.00310643299954191
108.540924499975    0.000585105420921741    -0.00320491315363477    7.118250249216e-07    2.21758537814225e-05    0.00060784592729539    0.00345027324411869
108.894477999974    -0.000572577666223827    -0.00322730942987887    6.82572685629599e-07    2.19631575935218e-05    0.000595590045057232    0.00339818060693318
109.248031499974    -0.00159526255003118    -0.00245542659781032    4.11073259846516e-06    1.55892969298425e-05    0.00125134727191662    0.00309195361423942
109.601584999974    -0.00228026430989465    -0.00137029264753206    8.45531257505608e-06    8.77733185355636e-06    0.00180435785033811    0.00262671466164027
109.955138499974    -0.00251477977333602    9.90891465506604e-05    1.0311158451655e-05    5.47345595763583e-06    0.00199675765762274    0.00233744246959614
110.308691999973    -0.00220928548686749    0.00158398969505478    7.98059472786176e-06    9.59417253044438e-06    0.00176058296179942    0.00266179435276369
110.662245499973    -0.00145575932830037    0.00258129608809277    3.56168769676243e-06    1.6420118745649e-05    0.00120102142979586    0.00312362437742537
111.015798999973    -0.000445459228017927    0.00305529331295331    4.99525186832129e-07    2.08438029155678e-05    0.000548717835509109    0.00339248960018901
111.369352499973    0.000642085281116702    0.00297788246823384    8.03484029761121e-07    2.00418163412287e-05    0.000625468241827199    0.00334275819445773
111.722905999972    0.00157164365476581    0.00221323133713203    4.0982572239922e-06    1.40015140484629e-05    0.00127600683635573    0.00301713789820746
112.076459499972    0.00218302513027355    0.00118871460441349    7.95726763478343e-06    7.72159293548169e-06    0.00178652425546859    0.00251168280734964
112.430012999972    0.00236364141412423    -0.00020065531245562    9.35374665860016e-06    5.30294318127989e-06    0.00194086215997864    0.00229405331822589
112.783566499972    0.00204978185483582    -0.0015284511015637    7.05433024002146e-06    9.17442833301348e-06    0.00168900106205038    0.00261500775584743
113.137119999971    0.00133877388875882    -0.00240667991253402    3.10836774809948e-06    1.50497534468437e-05    0.0011471931933537    0.00304263787616091
113.490673499971    0.000396580691939281    -0.00285578280673943    4.14686349025944e-07    1.92069323918505e-05    0.000507355993171368    0.00332437015877924
113.844226999971    -0.000619615585938609    -0.00278201251948154    7.7446733153698e-07    1.83392968757657e-05    0.000624935082387711    0.00325571854084681
114.197780499971    -0.00149078923756609    -0.00207476039978728    3.82142340585343e-06    1.28720813462568e-05    0.00126450419335428    0.00292702077712669
114.55133399997    -0.00205658076708447    -0.00106918758160701    7.30722062091214e-06    7.24624791779143e-06    0.00175433639002627    0.0024704424367163
114.90488749997    -0.0022136275324847    0.000213941777500915    8.50754795782997e-06    5.09183130436704e-06    0.00189931595719503    0.00224634374489008
115.25844099997    -0.00191062376150137    0.00144706597413988    6.37793896655555e-06    8.76436527877166e-06    0.00165150107736626    0.00258270504418493
115.61199449997    -0.00123844149814758    0.00228583976038312    2.74086447780009e-06    1.43634430703948e-05    0.00109869337554482    0.00302297529931133
115.965547999969    -0.000347063568841894    0.00268023246240047    3.44163630682248e-07    1.77357864484071e-05    0.000472980453998869    0.00324840582376983
116.319101499969    0.000600101876613606    0.00258034315055308    7.53522436667064e-07    1.67108078664092e-05    0.000627216210211354    0.00317058939186439
116.672654999969    0.00140613137963827    0.00191472187841386    3.51419219312805e-06    1.14827367550226e-05    0.00123975269159805    0.00279581417181935
117.026208499969    0.00192529534633114    0.000973242102162405    6.5429811623279e-06    6.62666706122192e-06    0.00168410777319136    0.00238316320712628
117.379761999968    0.00206380182945563    -0.000219247877337471    7.55214323126629e-06    4.93816996210851e-06    0.00181462537180595    0.00221135712411892
117.733315499968    0.00177063988335191    -0.00137891438571975    5.64716813724735e-06    8.12344656024992e-06    0.0015849298220208    0.00249440206805259
118.086868999968    0.00114475942584661    -0.00210457234859937    2.43481536811783e-06    1.30847009102582e-05    0.00106034957681567    0.00294201905836266
118.440422499968    0.000318738823700053    -0.00250654709918145    3.0763562296708e-07    1.61950228656662e-05    0.000453917597404403    0.00314837172285155
118.793975999967    -0.000570643229455573    -0.00242097744353966    6.86254081782941e-07    1.54067583879622e-05    0.000600516766176811    0.00308959974848431
119.147529499967    -0.00131888798451565    -0.00175361564072254    3.17971435820671e-06    1.06152405293155e-05    0.00120010367989893    0.00274591928394276
119.501082999967    -0.00179314106776243    -0.000892813431379768    5.89924122922216e-06    6.2783167365529e-06    0.00163825710446375    0.00234119647046137
119.854636499967    -0.00192378812634187    0.000189349082856199    6.78904974463808e-06    4.66307844470074e-06    0.00175729593113514    0.0021510986424435
120.208189999966    -0.00165703576351259    0.00127284328025174    5.10453532783998e-06    7.60132744345318e-06    0.00153582805231582    0.00244564867210545
120.561743499966    -0.00106893655590203    0.00198404835024521    2.21313848822209e-06    1.21133928874241e-05    0.00103465604317492    0.00285953580696473
120.915296999966    -0.00029540597783245    0.0023417359289006    2.8447561685754e-07    1.50098357473185e-05    0.000444084367117774    0.00308643946751181
121.268850499966    0.000536563306793482    0.00225885422213303    6.35034713253477e-07    1.40439435793368e-05    0.000589181237868553    0.00299023764649041
121.622403999965    0.00123179107871374    0.00162552817173456    2.86020604440704e-06    9.92131442414912e-06    0.00115883423439605    0.00269795711364106
121.975957499965    0.00167317340026349    0.000841253820969728    5.30587212725536e-06    5.99991762014216e-06    0.00158314967703818    0.00230048030394655
122.329510999965    0.00179869711157796    -0.000164867187648539    6.13997025180197e-06    4.54834229186859e-06    0.00170430600321745    0.00212630221330493
122.683064499965    0.00155536931198454    -0.00116534248925049    4.67604920964213e-06    6.95264850956785e-06    0.00150229008948966    0.00236529604749919
123.036617999964    0.00101704495137791    -0.00183641044656599    2.10281891741706e-06    1.11057859804591e-05    0.0010336529805954    0.0027808960160715
123.390171499964    0.000288268161701876    -0.00222682049853234    2.91068432348598e-07    1.40921176073258e-05    0.000456037168767655    0.00302214957846928
123.743724999964    -0.000502286160508164    -0.00214271087851127    5.62808992506988e-07    1.33549858292182e-05    0.000557241065849381    0.00296036753129196
124.097278499964    -0.00116066706099852    -0.00154020494014253    2.60483208509203e-06    9.48598394844888e-06    0.00112146513927322    0.00266716191687146
124.450831999963    -0.00158070144093325    -0.000788771799094414    4.89396347188165e-06    5.75566538483726e-06    0.00154769067533316    0.00226572382116414
124.804385499963    -0.00169211865907066    0.000171518604755816    5.65926943201496e-06    4.36935607460972e-06    0.00167212555618287    0.00208325165134516
125.157938999963    -0.00147035259267713    0.00106276688522922    4.33292051850747e-06    6.57357321949322e-06    0.00147342586230699    0.00233325947274481
125.511492499963    -0.000965139008585812    0.00172616556448029    1.97913023417294e-06    1.02352229761867e-05    0.00102354136617869    0.00269361753413307
125.865045999962    -0.000288017165661981    0.00206174757123841    2.96150483583233e-07    1.31384176319828e-05    0.00046173216897599    0.00298121025499298
126.218599499962    0.000450879486248603    0.00203290721321622    4.88478317789217e-07    1.26081952136168e-05    0.000534028095393316    0.00291126836208384
126.572152999962    0.00108316010021716    0.0014798499144131    2.33968980300659e-06    9.02039280704286e-06    0.00108002499985146    0.00261351048168061
126.925706499962    0.00148039263011636    0.000746838934338005    4.4409702304122e-06    5.56952642741081e-06    0.00149980261738316    0.00223869560985134
127.279259999961    0.00159525753974576    -0.000119966813672081    5.19666960772618e-06    4.2384160390368e-06    0.00162844189015466    0.00205524305196591
127.632813499961    0.00139761957583003    -0.000974274911725679    4.03697167478106e-06    6.08831851889767e-06    0.00144347885195376    0.00226695983980299
127.986366999961    0.000933128882513261    -0.00161593333085338    1.89324166704863e-06    9.60764987109928e-06    0.00101119343138105    0.00264507265331907
128.339920499961    0.00029242332360771    -0.00194562364192914    3.13176793230944e-07    1.20702977693873e-05    0.000477142948225334    0.00287834091333075
128.69347399996    -0.000399828616988761    -0.00190447457000215    4.06717373515386e-07    1.18104665807582e-05    0.000496844493329896    0.00286067180798031
129.04702749996    -0.000996641480258354    -0.00140771953735452    2.03809177027351e-06    8.6230724236686e-06    0.00102215337895149    0.00257709102047618
129.40058099996    -0.00137905760641765    -0.000730290704098747    3.95686377347e-06    5.45154017655051e-06    0.0014335494032825    0.00221770504442261
129.75413449996    -0.00149660365695173    9.27826596161839e-05    4.7215489668158e-06    4.12565690340202e-06    0.00157534963129285    0.00202905107907035
130.107687999959    -0.00130972625194314    0.000930691873086389    3.68853985347595e-06    5.90882559407449e-06    0.00140469106868625    0.00224558193603472
130.461241499959    -0.000871966933205375    0.00151180551007398    1.7320869322765e-06    8.92430933428025e-06    0.000985779184033073    0.00257657785327558
130.814794999959    -0.000274005402329407    0.00181706538066188    2.85532834856026e-07    1.12271854774106e-05    0.000458752519720956    0.00281521915306975
131.168348499959    0.000371785941933651    0.0017621238474156    3.62094164948931e-07    1.10496795376628e-05    0.000473148368199066    0.00281861651950598
131.521901999958    0.000921312832870061    0.00129816568966819    1.8457487971119e-06    8.04275873245648e-06    0.000998464551749757    0.00252141320981405
131.875455499958    0.00127396726423566    0.000674316134576334    3.60720411095536e-06    5.22241239348451e-06    0.00140862043170304    0.00218350867736644
132.229008999958    0.00138495290659418    -6.26463200248045e-05    4.31830785621676e-06    3.94172637657931e-06    0.00154926218011449    0.00198438953211477
132.582562499958    0.00122709639137176    -0.00082339140919915    3.43346360119806e-06    5.44860141070231e-06    0.00138841566091732    0.00218417673230885
132.936115999957    0.000828871847703695    -0.00139141162970827    1.640394621738e-06    8.32747250343195e-06    0.000976404671139106    0.00252813096578174
133.289669499957    0.000274325969372066    -0.00169970361471949    2.79434078016294e-07    1.04880092668945e-05    0.000451862081330543    0.00275663143873171
133.643222999957    -0.000335191725530644    -0.00167623202749754    3.14915738298106e-07    1.03984480476295e-05    0.000450069156279227    0.00275475847173958
133.996776499957    -0.000856136489709901    -0.00121849171746017    1.66051328029937e-06    7.65251954173084e-06    0.00096309064541536    0.002483505078757
134.350329999956    -0.00119034809028283    -0.000652689528173585    3.27157069447853e-06    5.10300736397475e-06    0.00136185245839575    0.00216263814444009
134.703883499956    -0.00129905946911326    5.86522844699398e-05    3.95934309627064e-06    3.92507834462062e-06    0.00150724503382091    0.00198031266575434
135.057436999956    -0.00114979844394078    0.000763366405137138    3.15173311665765e-06    5.23485572521767e-06    0.00135266280165052    0.00215687910109159
135.410990499956    -0.000781695331624739    0.00128963805815491    1.52216701144271e-06    7.80410003452897e-06    0.000954525756571712    0.00247809073955886
135.764543999955    -0.00026585339225142    0.00158605576318268    2.66530069385694e-07    9.89695276505888e-06    0.00044255174071978    0.00271686950020311
136.118097499955    0.000304803589278397    0.00157289536640389    2.91777513152501e-07    9.90082325073321e-06    0.000445950989589111    0.00272521988417052
136.471650999955    0.000795953832844439    0.0011531567023758    1.54282195680334e-06    7.22500256574487e-06    0.000953561457266174    0.00242800992286083
136.825204499955    0.00110556351664413    0.000582586817357167    3.0147087532788e-06    4.81221937448916e-06    0.00133881965325591    0.0021149023558384
137.178757999954    0.00120222210059075    -3.95133775750709e-05    3.62909799432789e-06    3.81666314127781e-06    0.00147775505926356    0.00195322856682735
137.532311499954    0.00107107010306866    -0.000699218417156296    2.90151142007442e-06    5.07274528303394e-06    0.00132450755165341    0.00214099016535419
137.885864999954    0.000730135065984648    -0.00119580912061358    1.40070362616421e-06    7.35892403072656e-06    0.000931453923489405    0.00243494652462512
138.239418499954    0.000252492035335217    -0.00145830919939491    2.52053417844826e-07    9.25164544277927e-06    0.000433936850171895    0.0026692657645389
138.592971999953    -0.0002679892263278    -0.00144172780215792    2.56298404948997e-07    9.19721725934022e-06    0.000429511559240521    0.00266807762327581
138.946525499953    -0.000728625285618747    -0.00111043156237961    1.37942457573441e-06    6.95972857598252e-06    0.000921156755873511    0.00239304624302451
139.300078999953    -0.00103521667472117    -0.000602200389661718    2.74863221638553e-06    4.66412955084628e-06    0.00129497438305349    0.00207400198686924
139.653632499953    -0.00114031306664204    1.63246605938283e-05    3.36017279674093e-06    3.63655336131977e-06    0.00143522085644905    0.00190690504922932
140.007185999952    -0.00102598404194098    0.000624007864204379    2.7275865431802e-06    4.76523531022961e-06    0.00129419600094524    0.00209185312477733
140.360739499952    -0.000716655554812226    0.00109548713216779    1.35594373749548e-06    6.95767551763543e-06    0.000917795485526196    0.0023994965015374
140.714292999952    -0.000271479687994836    0.00138432593082766    2.64623687380419e-07    8.76951224463717e-06    0.000436946754635672    0.00261785292976426
141.067846499952    0.000227234430217964    0.00138350274138198    2.28282140994444e-07    8.78030779341819e-06    0.000420293533994946    0.00262034882372686
141.421399999951    0.00067136176208847    0.00108170203375007    1.24280281927038e-06    6.74915962484847e-06    0.000889986631178159    0.00236200769156864
141.774953499951    0.000970640744085513    0.000592789040296108    2.53446102056929e-06    4.65388806020242e-06    0.00126187066155387    0.00207424425126532
142.128506999951    0.00108602362065504    4.31702990528646e-05    3.16893680639161e-06    3.62238884830973e-06    0.00141049264506091    0.00190276776659408
142.482060499951    0.000991829966133332    -0.000567800465932432    2.66678762556289e-06    4.46602904303409e-06    0.00129732838704888    0.00203559123448717
142.83561399995    0.000703049347107718    -0.0010274363401038    1.3942186466135e-06    6.48155706400837e-06    0.000948651812913943    0.00232936292385761
143.18916749995    0.000289839785002358    -0.00127735092576855    3.09142979648525e-07    8.18825655169942e-06    0.000474484856110616    0.00256059195580585
143.54272099995    -0.000176717001753329    -0.00131685769924432    1.7590757107976e-07    8.34318396528685e-06    0.000380366497435137    0.00257081111037505
143.89627449995    -0.000602927031864348    -0.00104734811709006    1.04902891610623e-06    6.64206842043175e-06    0.000827954050870865    0.00235481004373169
144.249827999949    -0.000898626068792425    -0.000605470491462413    2.26077969723936e-06    4.6939547729733e-06    0.00120550855896009    0.00208023081818859
144.603381499949    -0.00102234661511372    -9.02002002825413e-05    2.94433276262727e-06    3.50530721557723e-06    0.00137809294359734    0.00187007249577288
144.956934999949    -0.00095573145312919    0.000463704320633301    2.58602514527385e-06    4.08817575879816e-06    0.00129329135726387    0.00196803304388523
145.310488499949    -0.000704620222636935    0.000926212722361929    1.45448576162749e-06    5.91330672312359e-06    0.000978772753747551    0.00224842983347457
145.664041999948    -0.000326259672585199    0.00118640303797444    3.8894405146297e-07    7.58802032386836e-06    0.000531506046539049    0.00248605473699864
146.017595499948    0.000113715780151139    0.00125486996872561    1.30294199651846e-07    7.94932322598248e-06    0.000342582721392168    0.00252480189075758
146.371148999948    0.000519576822297679    0.000994662767546985    8.26271443458969e-07    6.47090240513338e-06    0.000745862835372574    0.00234127067721551
146.724702499948    0.000806094977248832    0.000622614921860148    1.91842654838491e-06    4.71867153971857e-06    0.00112633806472085    0.00208111080887003
147.078255999947    0.000949579722775472    0.00017255851917731    2.65282880864122e-06    3.48921555260784e-06    0.00132330161291177    0.00185995674951521
147.431809499947    0.000914496720071763    -0.000365599189998375    2.48231718835938e-06    3.84709933499866e-06    0.00128297035715459    0.00192702791035086
147.785362999947    0.000704682174242464    -0.000797310035691516    1.53299990749219e-06    5.29694622055414e-06    0.00101804859451654    0.00215899118283047
148.138916499947    0.000366128261178273    -0.00108636667427344    5.02030274416287e-07    6.91142043826909e-06    0.000606613856405259    0.00239399830561702
148.492469999946    -3.78870808411544e-05    -0.00116572796724508    1.02709334025122e-07    7.50045008278274e-06    0.000318235609463269    0.00247821072331741
148.846023499946    -0.000429192405676706    -0.000998721109276341    5.97047887655029e-07    6.44578872888738e-06    0.000642527638755308    0.00233416899019185
149.199576999946    -0.000725019840109125    -0.000665890335500622    1.59286627532445e-06    4.89869606638269e-06    0.00103305977889597    0.00211075487147835
149.553130499945    -0.000889913858897152    -0.000250511910937789    2.40692585735739e-06    3.59789187793027e-06    0.0012708183116009    0.00188019564418402
149.906683999945    -0.000890310220737807    0.0002548146732922    2.43363885616084e-06    3.50317191855793e-06    0.00128100997927832    0.00185424955193008
150.260237499945    -0.000723136260985628    0.000661148272342534    1.65895269580152e-06    4.69309781278221e-06    0.0010658455065577    0.00206300285379364
150.613790999945    -0.000436420450120993    0.000944378394362691    6.5478501336168e-07    6.2047180454988e-06    0.000681411919530228    0.00230496583353414
150.967344499944    -7.10777705111728e-05    0.00109466959346311    1.05703746472455e-07    7.06750331621137e-06    0.000317256516105842    0.00242264355557285
151.320897999944    0.00031422414297632    0.00104001844956292    3.77201500397441e-07    6.50958130686004e-06    0.000527697534927195    0.00232979461142582
151.674451499944    0.000631908699726402    0.000730921677099137    1.24205685238864e-06    5.02800750378467e-06    0.000918013206658123    0.00211984928844747
152.028004999944    0.00082308084143721    0.00033499026565118    2.08796158687238e-06    3.66462387056263e-06    0.00118764452397651    0.00188478258493694
152.381558499943    0.000862116279959028    -0.000114573080899078    2.32282476136502e-06    3.29783698096975e-06    0.00125681354273202    0.00181237688964052
152.735111999943    0.000744380217155087    -0.000539890760490127    1.75635147073941e-06    4.12650669116173e-06    0.00109647141460576    0.00195832189843731
153.088665499943    0.000495561372219828    -0.000845028960441321    8.30414197446842e-07    5.50433474537713e-06    0.000764743828880262    0.00218866644361186
153.442218999943    0.000164978059361984    -0.00100542794994436    1.63895260986592e-07    6.55630119718696e-06    0.000369699203293361    0.00235487066198075
153.795772499942    -0.000198516047186906    -0.00101495660149934    2.03176817601635e-07    6.41265069954311e-06    0.000404682834588917    0.00232002452500313
154.149325999942    -0.000524959500931961    -0.00079617509053573    8.96963675967925e-07    5.16828952540871e-06    0.000788277361307041    0.00212941183208395
154.502879499942    -0.000747628078908611    -0.000448721997205996    1.75662289808871e-06    3.8432333238193e-06    0.00109438345826138    0.00190837152909038
154.856432999942    -0.000833396128770251    -2.8312769252879e-05    2.18093164127474e-06    3.15756218060288e-06    0.00121917288922675    0.00177672748830543
155.209986499941    -0.000767224529944869    0.000400360556370948    1.8619744730584e-06    3.68316099888256e-06    0.00112842411960631    0.00187693165133547
155.563539999941    -0.000559530200786125    0.000748717116902428    1.01779801905277e-06    4.9174675333025e-06    0.000839478393683252    0.00208731650981824
155.917093499941    -0.000255480393139855    0.000949790774810369    2.69248276412911e-07    6.00758080404559e-06    0.000451639286526333    0.00225953054596098
156.270646999941    9.47948015488962e-05    0.00100430630870191    9.5731954746407e-08    6.27680306385029e-06    0.000294526569846784    0.00229524985614896
156.62420049994    0.000431360728281416    0.00085525840385935    6.1399737416172e-07    5.40462198880728e-06    0.000654159992859734    0.00216174814708727
156.97775399994    0.000676136347336156    0.000517107436563525    1.44132511629067e-06    4.01620520004513e-06    0.000992050783025542    0.00193618312643609
157.33130749994    0.000790173093563005    0.000120206932721706    2.01137031443626e-06    3.08687218409323e-06    0.0011777082816408    0.00175283270092125
157.68486099994    0.000765780548763421    -0.000249235182476663    1.91024527993869e-06    3.25341568250736e-06    0.00115057613006453    0.00178642030505791
158.038414499939    0.000613165822805848    -0.000611236798197532    1.23491830547674e-06    4.26524239494123e-06    0.000926793385399122    0.00197272197013935
158.391967999939    0.000344976376175559    -0.000882614660550909    4.37122145311387e-07    5.51713116271333e-06    0.000564015465383854    0.00217672288628891
158.745521499939    1.28554365370126e-05    -0.000963679487191303    6.74799878073414e-08    6.01734967257174e-06    0.000259450815297976    0.00225580839579483
159.099074999939    -0.000314836884855343    -0.000855239755270539    3.52631939637881e-07    5.50972933437581e-06    0.000503497443461697    0.00218593099053483
159.452628499938    -0.000573673425453795    -0.000596867815041742    1.07397423277297e-06    4.27873488518752e-06    0.000863060272345492    0.00198052611610017
159.806181999938    -0.000727312614276385    -0.000257620310104088    1.74469116544381e-06    3.26276523883641e-06    0.00110259127810728    0.00178784703334997
160.159735499938    -0.000752418907855442    0.000112543386953932    1.89766650627788e-06    2.96773605603607e-06    0.00115392040166534    0.00171903171642905
160.513288999938    -0.000650592218999847    0.000465012624194191    1.42282947001736e-06    3.70392593188256e-06    0.000999779593007486    0.00186753559302697
160.866842499937    -0.000429989773675101    0.000758707327880337    6.47786612131955e-07    4.87650964053775e-06    0.000680364172092263    0.0020738545829345
161.220395999937    -0.000131787837541654    0.000903361448881417    1.18391970999127e-07    5.6039098921508e-06    0.000317842629103181    0.002188115167176
161.573949499937    0.000188569931771176    0.000877151355981565    1.64041693711077e-07    5.50560098215585e-06    0.000358445357820256    0.00217628272080067
161.927502999937    0.000465624307562122    0.000666400610409263    7.36345072902936e-07    4.53870034799229e-06    0.000720790591718725    0.00202351441171998
162.281056499936    0.000652033939224736    0.000375685922518991    1.44595983585082e-06    3.43689333868539e-06    0.00101035220490178    0.00181542100525097
162.634609999936    0.000725506956491629    3.74184136588363e-05    1.79577239845648e-06    2.86912247573806e-06    0.00112668187814429    0.00169343507051712
162.988163499936    0.000676339303751846    -0.000314825404633814    1.56298430596819e-06    3.21947916071257e-06    0.00105145111734624    0.00176645524293986
163.341716999936    0.000505866515593799    -0.000635930893722985    8.91460708446565e-07    4.24836651575802e-06    0.000797220030385309    0.00196060154395703
163.695270499935    0.00024237347094691    -0.000827382328326553    2.49915452247559e-07    5.18740105774508e-06    0.000437230548828311    0.00212198952413013
164.048823999935    -6.14970806222898e-05    -0.000868209567096658    6.41255714603891e-08    5.46417250543234e-06    0.000245649507500676    0.00217034205899305
164.402377499935    -0.000349138879459128    -0.000729230603379978    4.46918924525516e-07    4.72409616211829e-06    0.000570106101857839    0.00204751529645382
164.755930999935    -0.00056683127209372    -0.000491956874799056    1.11080599025292e-06    3.69104190754552e-06    0.000888542795384407    0.00185715382800765
165.109484499934    -0.000683417431834848    -0.000152593223667723    1.61489868048464e-06    2.86490038400042e-06    0.00107137262161626    0.00168570925491056
165.463037999934    -0.000675031394284843    0.00019257733220303    1.59970144971028e-06    2.8621238883591e-06    0.00106959528160896    0.00168078489387568
165.816591499934    -0.000552334788635884    0.000499540909800134    1.08105308794404e-06    3.64235652133409e-06    0.000880896911793085    0.00184195966317673
166.170144999934    -0.000329816340240752    0.000733408891628198    4.20833106387809e-07    4.64254843794847e-06    0.000558618195280108    0.00202599601076339
166.523698499933    -5.27723535702096e-05    0.00081818399477696    5.79986215339983e-08    5.18077759151174e-06    0.000234975956711871    0.00212399447791244
166.877251999933    0.00023674431303353    0.00078788101075984    2.32272977347969e-07    4.88091611679914e-06    0.000419791743123005    0.00206401541410988
167.230805499933    0.000478721772153122    0.000562258580317779    8.05259891042736e-07    3.87429435219696e-06    0.00075900286950005    0.0018863084692213
167.584358999933    0.000629579090045863    0.000279115042003872    1.38677398265341e-06    2.9883895191115e-06    0.00099519051042021    0.00170601415950709
167.937912499932    0.000671540673026116    -4.51857204564674e-05    1.58765765286345e-06    2.6578874769003e-06    0.00106615701345303    0.00162967657146046
168.291465999932    0.000598335527270318    -0.00035960802129513    1.25998157173727e-06    3.15509872191874e-06    0.000949724259216024    0.00173947716079831
168.645019499932    0.000422962351570348    -0.000627298659371586    6.40871726670685e-07    4.08437433727491e-06    0.000679687116123858    0.00192116389962583
168.998572999932    0.000165222553432425    -0.000796208041597191    1.38249563463999e-07    4.85154254399643e-06    0.000333093187113259    0.00205367847982404
169.352126499931    -0.000118220763853082    -0.00078638516468246    9.115639927109e-08    4.9002972687721e-06    0.000277813337090003    0.00206927418230147
169.705679999931    -0.000374451232781426    -0.00063734599051833    5.22000770907285e-07    4.14549659958437e-06    0.000617889185190804    0.00193372352934813
170.059233499931    -0.00055366161130069    -0.000372348555848006    1.12007351150747e-06    3.20981434866046e-06    0.000901960271674639    0.00175247564936531
170.412786999931    -0.000637599947824159    -9.49886028323929e-05    1.49541242269833e-06    2.62928550618574e-06    0.00104349352141399    0.00161872254309307
170.76634049993    -0.000613793765037979    0.000236645148701228    1.37486981800779e-06    2.82339590096347e-06    0.000999063077091878    0.00166354890957845
171.11989399993    -0.000479926042897168    0.000500122447133658    8.56207885759031e-07    3.57876518195217e-06    0.000791125071722604    0.00182445682870963
171.47344749993    -0.000267595315493061    0.000690637850066313    2.89805418401852e-07    4.40670597758846e-06    0.000467116864957819    0.00198235348453404
171.82700099993    -4.23822015222944e-06    0.000777190282305602    4.25717665155952e-08    4.79541274424263e-06    0.000206285733887578    0.00204728796443792
172.180554499929    0.000261632901763768    0.000690696687899736    2.77226962356537e-07    4.32953883660137e-06    0.000456919234735426    0.00196277276370081
172.534107999929    0.000465793372115435    0.000454847947221331    8.17922818982958e-07    3.45724358293218e-06    0.000775215681908132    0.00180287462898581
172.887661499929    0.00058250519242156    0.000202855753134804    1.2859430922712e-06    2.70100534484694e-06    0.000972949532644487    0.00163090615556722
173.241214999929    0.000600398125273444    -0.000107444017618267    1.37410560029835e-06    2.55232219588228e-06    0.00100679078833017    0.00159398180007186
173.594768499928    0.000515868946838212    -0.000357170883107415    1.02590740963974e-06    3.09988823406702e-06    0.000871657409380413    0.00172404094914457
173.948321999928    0.000345891177494201    -0.000600850274413292    4.75551698168717e-07    3.93782046523321e-06    0.000596582761652054    0.00189124282231835
174.301875499928    0.000104544055116255    -0.000737248569738431    8.40201055328096e-08    4.56125800723912e-06    0.00027035281776349    0.00200442574161722
174.655428999928    -0.000153786010361414    -0.000697369101113006    1.22592088620456e-07    4.45618088401683e-06    0.000314550396021964    0.00199245005478925
175.008982499927    -0.000374344425073844    -0.000531354038555957    5.43357925650544e-07    3.65241601552915e-06    0.000634999352020675    0.00183577746506471
175.362535999927    -0.000519025457874163    -0.000284678814782867    1.04890393754698e-06    2.86498889847424e-06    0.000882902322811249    0.00166851636818104
175.716089499927    -0.000575748743343885    -2.69287792973753e-05    1.30428993078566e-06    2.48090786468569e-06    0.000986307921150183    0.00157485958279818
176.069642999927    -0.000534276253810507    0.000256991584324026    1.13262196772378e-06    2.7460271326597e-06    0.000920418846144513    0.00163706519669997
176.423196499926    -0.000398651470137888    0.000503234805605067    6.46705496307823e-07    3.45287508215984e-06    0.000698414276532721    0.00178875090847984
176.776749999926    -0.000192616777460302    0.000643298705622353    1.86510836907321e-07    4.14650505442479e-06    0.000386535398053179    0.00193201237826506
177.130303499926    4.45166449935711e-05    0.000677271711507546    4.73889206843467e-08    4.35109630447818e-06    0.000213089626689952    0.00197291645369737
177.483856999926    0.000270025187604738    0.000574942030504618    3.17277216353598e-07    3.79762209325733e-06    0.000494331482319935    0.00186200530472299
177.837410499925    0.000440761481766247    0.000379836467244585    7.90747774171613e-07    3.06982619561065e-06    0.000772319293014771    0.00171042405670693
178.190963999925    0.000531690657863645    0.00013262925082483    1.15792299728587e-06    2.48173347466159e-06    0.000935536232129143    0.00156975888482507
178.544517499925    0.000535272104005548    -0.0001224392524454    1.17042611897046e-06    2.46574876360293e-06    0.000940164822594387    0.00156548950589378
178.898070999925    0.00044432680516477    -0.000377734443857757    8.17336349412839e-07    3.00327410439682e-06    0.000787343660433554    0.00169132811551168
179.251624499924    0.000275443529713279    -0.000565468790324797    3.37855860385669e-07    3.72980737995054e-06    0.000511846385475915    0.00184663272664576
179.605177999924    5.64269903155082e-05    -0.000654973321838308    5.36861774056335e-08    4.14750554549038e-06    0.000224726883504326    0.00192834527332905
179.958731499924    -0.000171696557446435    -0.000610506876379154    1.5009258080006e-07    3.97373482375052e-06    0.000347293640830211    0.00189763436352852
180.312284999924    -0.000358691799810389    -0.000434983532341527    5.45312686374345e-07    3.21810409690029e-06    0.000645486544494251    0.00174037163372999
180.665838499923    -0.000476959514183404    -0.000231494926872278    9.57029894046158e-07    2.61705346501597e-06    0.000854130854071019    0.00160108199785282
181.019391999923    -0.00051688666314663    2.08965763358426e-05    1.1312558057414e-06    2.35027092279066e-06    0.000929561177762144    0.00153291691095379
181.372945499923    -0.000462119656791191    0.000274445195971576    9.27040660210131e-07    2.64488968742056e-06    0.000844681054018215    0.00160298768611262
181.726498999923    -0.000332000656135146    0.000453964928441866    4.99187984209713e-07    3.25132945656468e-06    0.000623669422479206    0.00174506312215617
182.080052499922    -0.000146016025212751    0.000584346618610894    1.29001011842081e-07    3.83534407692592e-06    0.000328146815043435    0.00186919316985804
182.433605999922    6.99294025022906e-05    0.000614002840676718    5.89077458645365e-08    3.95120735295104e-06    0.000232416919629809    0.00189055755389566
182.787159499922    0.000268661746312818    0.000486833181906699    3.32434310595162e-07    3.45507404470522e-06    0.000510152111299473    0.00179389729296295
183.140712999922    0.000406861946629359    0.00029462748665367    7.44261060568518e-07    2.78134664341722e-06    0.000760739388327886    0.00164150579880954
183.494266499921    0.000477370956816608    9.57423044903662e-05    1.02990458857253e-06    2.34669811529597e-06    0.000895556563350704    0.00152889879535136
183.847819999921    0.000468647090781892    -0.0001458449113615    9.90506313626164e-07    2.39444229612406e-06    0.000877995568284848    0.00154051016158739
184.201373499921    0.000377659254615733    -0.000356720716034676    6.56059478674988e-07    2.8890302140023e-06    0.000716542368655251    0.00166186056718186
184.554926999921    0.000222367147573817    -0.000519413128335531    2.5069731437685e-07    3.49598626877156e-06    0.000448609146202721    0.00179616153808177
184.90848049992    2.24283891196972e-05    -0.000584422112352821    4.39071056040915e-08    3.79938727883641e-06    0.000208336441760886    0.00185952630350567
185.26203399992    -0.000177291450880711    -0.000528206268693117    1.6608901973867e-07    3.59958977914303e-06    0.000366956075277794    0.00182224803933392
185.61558749992    -0.00033848472507128    -0.000371639556196035    5.286360979332e-07    2.96956898050782e-06    0.000643478196077085    0.00168269219430597
185.96914099992    -0.000436822440021722    -0.00018374202698073    8.80025534984506e-07    2.43744971493501e-06    0.000830187744355441    0.00155038336628591
186.322694499919    -0.000464583747773791    4.00075649260936e-05    9.97318771067691e-07    2.25218318798286e-06    0.000884013977475554    0.00150019418167501
186.676247999919    -0.000408893474501236    0.000262083261744316    7.87256254098977e-07    2.55611384936779e-06    0.000787440398131366    0.00157715763742286
187.029801499919    -0.000286119483517528    0.000426669268219943    4.03807313207837e-07    3.10804947850169e-06    0.000567400171272004    0.00171055628789536
187.383354999919    -0.000114981309634628    0.000531111783023019    9.79856642331375e-08    3.53366901483277e-06    0.000291144230009532    0.00180321637325277
187.736908499918    7.93438706873284e-05    0.000550609197379592    6.3822824496722e-08    3.6015802199285e-06    0.000239848649529395    0.00181615245276643
188.090461999918    0.000256860404126092    0.00043053409055407    3.20781938836765e-07    3.13344468497957e-06    0.0005047818059607    0.00171699885901254
188.444015499918    0.000378664160743366    0.000249516627479897    6.8928541703607e-07    2.57330748473322e-06    0.000738849694054611    0.00158462895888731
188.797568999918    0.000431220276624165    4.89539780520658e-05    9.21535518787517e-07    2.2115491567371e-06    0.000857662283078658    0.00148632185773135
189.151122499917    0.00041585521898947    -0.000134884790905152    8.67543530917621e-07    2.3093724877625e-06    0.000833431441545639    0.00151366395905596
189.504675999917    0.000332183003407498    -0.000334621604817998    5.58934164089127e-07    2.75802995973811e-06    0.000669767583820165    0.00162667093824385
189.858229499917    0.000187850823929291    -0.000463550708099066    2.07118371686387e-07    3.26423896949658e-06    0.000414524353489    0.00174624159568985
190.211782999917    1.39505393788405e-05    -0.000507715608372031    3.70750853842592e-08    3.50469455749463e-06    0.000192042880199446    0.0018019210355923
190.565336499916    -0.000162328120250629    -0.000476581565049804    1.56060399104617e-07    3.28224939161281e-06    0.000360152718274504    0.00174788998608822
190.918889999916    -0.000309054972260812    -0.000335742514007271    4.78139329898651e-07    2.7557095798239e-06    0.000618566369939007    0.00162572646657178
191.272443499916    -0.000396671850266926    -0.000162121676057521    7.83012977144146e-07    2.29563810290305e-06    0.000790989519747234    0.00150643774018555
191.625996999916    -0.000418158829972527    4.93541584723682e-05    8.79113551607784e-07    2.1237862591634e-06    0.00083920006227585    0.00145648564229274
191.979550499915    -0.000365404356762951    0.000232566926527351    6.92173932325508e-07    2.38887035169263e-06    0.000747431326868336    0.0015279996650452
192.333103999915    -0.000259716806212665    0.000368888426468603    3.55898957313257e-07    2.89460069091969e-06    0.000537071818180725    0.00166087989323045
192.686657499915    -0.000107296639633288    0.000481223791671536    8.70008435287425e-08    3.28326985261901e-06    0.000274751295997211    0.00174690970429163
193.040210999915    6.77278494969145e-05    0.000486463039505834    5.5587329792012e-08    3.32422376538318e-06    0.000225832389604625    0.00175715038530512
193.393764499914    0.000225094702638193    0.000390464085722363    2.83565981035725e-07    2.92417808213533e-06    0.000482595437069134    0.00166484710405981
193.747317999914    0.000336838913465917    0.00024149923127887    6.07679323879591e-07    2.39395659287855e-06    0.000703007020060747    0.00152827834970278
194.100871499914    0.000395185354407253    7.84638744466032e-05    8.15881842593778e-07    2.10736310701617e-06    0.000812225571042793    0.00144955390635292
194.454424999913    0.000387426799372874    -0.00012257713117944    7.72431972528433e-07    2.16849272505265e-06    0.000788880502773471    0.00146746978570752
194.807978499913    0.000310404016769254    -0.000304323325876332    5.04290246543421e-07    2.5588906697966e-06    0.00063870148967803    0.0015704387868122
195.161531999913    0.000181592615310591    -0.000412448751257557    1.92298004703536e-07    3.00080430658085e-06    0.000399151759069399    0.00168246555214867
195.515085499913    2.60352012174932e-05    -0.000465678499959659    3.45873703148859e-08    3.23214166031772e-06    0.000184145427889075    0.00173645765712644
195.868638999912    -0.000139568010758861    -0.000444251717145002    1.33248582778028e-07    3.06523480227555e-06    0.000337297128880224    0.00169348020776426
196.222192499912    -0.000276107039307162    -0.000320434760787331    4.17860481679883e-07    2.5976395300459e-06    0.000584487283458688    0.0015795445844056
196.575745999912    -0.000362088382436641    -0.000157313745923769    6.94965123749756e-07    2.15772729344638e-06    0.000750904206310081    0.0014604724163057
196.929299499912    -0.000384873608772339    2.49180826729134e-05    7.83188556538637e-07    2.02582395897699e-06    0.000796907059705956    0.00142309628912906
197.282852999911    -0.000344657348607097    0.000204399332106533    6.25418203152697e-07    2.25658167667348e-06    0.00071177911967395    0.00148822128385126
197.636406499911    -0.000242900477284175    0.000358310838480934    3.26759826749341e-07    2.6760453275139e-06    0.000517454524460325    0.00159613867522249
197.989959999911    -0.000100108899998946    0.000438824771338691    8.36946864945454e-08    3.0324486304905e-06    0.000271427512672438    0.00168519478119001
198.343513499911    5.7703342227212e-05    0.000441937099358951    4.89723132858462e-08    3.07988864420829e-06    0.000213641376099424    0.00169840520619153
198.69706699991    0.000204225944335077    0.000369304979657595    2.41575623909143e-07    2.73253631310052e-06    0.000447065305710014    0.00161125731809063
199.05062049991    0.000309089554605498    0.000223231236534794    5.27013761835805e-07    2.28106574963755e-06    0.000656869400314537    0.00149373142320589
199.40417399991    0.000361111378861036    6.62768749374107e-05    7.10775820210871e-07    2.00121397346653e-06    0.000761823071498857    0.00141308929276075
199.75772749991    0.000354701874297433    -0.000105525708850611    6.85537235216365e-07    2.03315418141984e-06    0.000748146921123287    0.0014219769710482
200.111280999909    0.000284830307184152    -0.000278631673993586    4.59899032691283e-07    2.36320020578541e-06    0.000615443522023479    0.00151180838601753
200.464834499909    0.00016781378381864    -0.000377532200456331    1.82428264919368e-07    2.76473180993838e-06    0.000392768123553629    0.00161932123050276
200.818387999909    2.40706927462687e-05    -0.000427070745496675    3.42002565605015e-08    2.98549278105414e-06    0.000183359914679344    0.00167424710225076
201.171941499909    -0.000123605618483458    -0.000391505407557881    1.08697821658451e-07    2.82440324840946e-06    0.000305645992510572    0.00163435821173401
201.525494999908    -0.000244374335509538    -0.000279514073160489    3.48636681426998e-07    2.42761686919373e-06    0.000537510805073972    0.00153280421192629
201.879048499908    -0.000317848176879385    -0.000135897999716644    5.85991585986085e-07    2.05420161362977e-06    0.000696393654796291    0.00142679127671247
202.232601999908    -0.000340267483505798    9.55817880694471e-06    6.72563591253352e-07    1.91719535459519e-06    0.000746178015571341    0.00138459524620486
202.586155499908    -0.000309825640093549    0.000167600147124763    5.49435194377532e-07    2.09764554908091e-06    0.000673381962275613    0.0014385950576047
202.939708999907    -0.000222828966730506    0.000311046963132626    2.99007646639938e-07    2.44292945323036e-06    0.00049935448153166    0.00153172427021195
203.293262499907    -9.96858787934465e-05    0.000378454400011855    8.28182914815883e-08    2.76303167808984e-06    0.000269964844101536    0.00161858084296136
203.646815999907    3.90212357060254e-05    0.000395546427247356    3.88579380937434e-08    2.87535935671122e-06    0.000193223397283347    0.0016489094519115
204.000369499907    0.000172723673631238    0.000344634019458031    1.9728759611643e-07    2.57000004166323e-06    0.000409211594024118    0.00156563962465678
204.353922999906    0.000272401064665545    0.000213500726255865    4.39982704181511e-07    2.15116938111774e-06    0.000604797787818861    0.00145106403063613
204.707476499906    0.000320236859010531    5.70238032397023e-05    6.04922976947613e-07    1.92001247822521e-06    0.000708781582067905    0.00138447129406474
205.061029999906    0.000315917910733394    -8.51421398862702e-05    5.890925611232e-07    1.92948605351717e-06    0.000699491554488721    0.00138644757186587
205.414583499906    0.00025943820746422    -0.000228581685925258    4.06253961693292e-07    2.18199918365584e-06    0.000582190499923388    0.00145936616259094
205.768136999905    0.000157756077504493    -0.000336308514033415    1.67629507078553e-07    2.56345285512521e-06    0.00037781282017548    0.00156535920430866
206.121690499905    2.97722631360585e-05    -0.000381888486567976    3.24407975603816e-08    2.77288211770576e-06    0.000177635609910116    0.00162081562848233
206.475243999905    -0.000103454251948749    -0.000355720528924175    9.18491741233782e-08    2.63067603789721e-06    0.000284862057629834    0.00158244713756862
206.828797499905    -0.000215674527039469    -0.000267748748662179    2.96277984413802e-07    2.28526695716444e-06    0.000499762426358868    0.00148780965340136
207.182350999904    -0.000287990926833448    -0.000142912188966707    5.04557780390425e-07    1.96199680404715e-06    0.000649321959009578    0.00139340335520333
207.535904499904    -0.000314428329678351    3.29175196855495e-06    5.84924804862005e-07    1.83071716850685e-06    0.000697179769039297    0.00135303596880343
207.889457999904    -0.000285161399104632    0.000155045442732584    4.81550773693578e-07    1.96556157366409e-06    0.000632640300766768    0.00139338526056218
208.243011499904    -0.0002074297370228    0.000276066886259162    2.63144943019937e-07    2.31536076529636e-06    0.000469167184720531    0.00149637824082266
208.596564999903    -9.41941512931494e-05    0.000360695955164683    7.3631780134935e-08    2.6054079086845e-06    0.000254478372356274    0.00157331062940932
208.950118499903    3.92887302036241e-05    0.000378239908653876    3.69106024276024e-08    2.6676711216844e-06    0.000188061155230391    0.00158890078141648
209.303671999903    0.000161919239624922    0.000305344956674262    1.77471228156297e-07    2.40708993649972e-06    0.000388913085400303    0.00152113588937127
209.657225499903    0.000249465413514945    0.000186578912734789    3.91089380069953e-07    2.03948963983188e-06    0.000573460013889173    0.00141586650117678
210.010778999902    0.000293641513170127    6.13382051947064e-05    5.33587105822651e-07    1.82261471754696e-06    0.000668851080260629    0.00134864833894179
210.364332499902    0.000291723822062914    -7.78475977397356e-05    5.19911946178748e-07    1.84172347162124e-06    0.000659400604958589    0.00135486649642959
210.717885999902    0.000237631815568595    -0.000215442482181316    3.515607411204e-07    2.09225096113223e-06    0.000543223583204902    0.00143032705980268
211.071439499902    0.000143739497739199    -0.000313263258947684    1.42123935564735e-07    2.41444949842938e-06    0.000348515268466703    0.00152194468658452
211.424992999901    2.21291920671796e-05    -0.000364477527550645    2.94831114985522e-08    2.57210851210154e-06    0.000170274514702013    0.00156181453572827
211.778546499901    -0.000104163742053483    -0.000335702831501474    8.83430843455689e-08    2.43932633893505e-06    0.000278375644026169    0.00152532945551345
