#t    <phi>    <pi>    <phi^2>    <pi^2>    rms(phi)    rms(pi)
0    0.70710678118655    -0.500000278955977    0.500000000000031    0.250000278956658    1.66242619881258e-07    7.76691623078906e-07
0.3535535    0.518093705589722    -0.557509829333531    0.268421087771703    0.310817209803654    1.16081820741823e-07    3.88348828759133e-07
0.707106999999999    0.324541016089339    -0.51954511503823    0.105326871124305    0.269927126560225    7.05329010717497e-08    3.70473454473305e-07
1.0606605    0.159856888069318    -0.40663327347055    0.0255542246632089    0.165350619093457    5.09186172721982e-08    2.86909012840653e-07
1.414214    0.0358984136863501    -0.300706480707239    0.00128869610519875    0.0904243875393981    4.91674534596982e-08    2.55414040943265e-07
1.76776750000001    -0.0575502679104319    -0.233096198947334    0.00331203333656625    0.0543338379637137    6.1363760058837e-08    1.36636636808738e-07
2.121321    -0.129686474531577    -0.170807950719986    0.016818581676445    0.0291753560292642    1.25132185293148e-07    3.21216545805671e-07
2.4748745    -0.171930335906172    -0.0567602541719548    0.0295600404048345    0.00322172645369265    1.59116103587316e-07    1.66545801649915e-07
2.82842799999999    -0.165263525584851    0.0914192229648695    0.0273120328887599    0.00835747432752322    1.59128673850093e-07    1.50657671598474e-07
3.18198149999998    -0.116068504497078    0.169973124462653    0.0134718977361998    0.0288908630396149    1.0786061263439e-07    1.35539130383593e-07
3.53553499999997    -0.0547480009189954    0.16877989526664    0.00299734360462964    0.0284866530462942    5.75498333337193e-08    2.76167221064336e-07
3.88908849999997    0.00103098572158889    0.146775599814206    1.06293155920869e-06    0.0215430767008568    3.29929099334444e-08    1.91670262945757e-07
4.24264199999997    0.0494555545669925    0.126827955767208    0.00244585187753615    0.0160853303641537    8.58669948253429e-08    2.54659979035118e-07
4.59619549999999    0.0886502866756904    0.0888957006931033    0.00785887332771269    0.00790244560175557    1.74930131012863e-07    1.94334136088466e-07
4.949749    0.106906950334321    0.00778631241591214    0.0114290960298259    6.06266610473007e-05    2.02451669073225e-07    9.54628035741826e-08
5.30330250000002    0.0935119660901673    -0.077716857767985    0.00874448780208063    0.00603990998137605    1.78958606345767e-07    2.16409892410197e-07
5.65685600000003    0.0585899925974798    -0.110450353361286    0.0034327872325868    0.012199280557668    1.18604684006823e-07    1.86928074698155e-07
6.01040950000005    0.0197793186928653    -0.106280845826115    0.000391221447955234    0.0112956181895874    3.60947023638076e-08    2.70375148260051e-07
6.36396300000006    -0.016040420615049    -0.0965249753081681    0.000257295093510221    0.00931707085828685    5.03236706527017e-08    2.10674193359964e-07
6.71751650000007    -0.0481342309331097    -0.0830049701447573    0.00231690418753952    0.00688982506881463    1.32610472808403e-07    2.87358078691758e-07
7.07107000000009    -0.0717520411553168    -0.0446159298399788    0.00514835540999413    0.0019905811955065    1.99626212687236e-07    1.43463049533737e-07
7.4246235000001    -0.0760666661632803    0.0220095265732717    0.00578613770124039    0.000484419259984448    2.10869125175125e-07    6.99562241361573e-08
7.77817700000012    -0.0584016965082609    0.0711750364730009    0.00341075815506851    0.00506588581697373    1.59664339285242e-07    2.01781450885631e-07
8.13173050000013    -0.030478556319855    0.0819052840161331    0.00092894239535045    0.00670847554983554    8.87457042223747e-08    2.68519508427095e-07
8.48528400000015    -0.00223617110384561    0.0771960754524806    5.00046120594585e-06    0.00595923406532058    1.64855509034376e-08    2.35575123619151e-07
8.83883750000016    0.0240530352076352    0.0712140706761845    0.00057854850270664    0.00507144386233984    8.30649368154471e-08    2.59301913682445e-07
9.19239100000018    0.0470123652354289    0.0553959742223159    0.00221016248506031    0.00306871396007796    1.75931458970608e-07    1.96140824824956e-07
9.54594450000019    0.0600018775990602    0.0135301385670323    0.00360022531546206    0.000183064649647569    2.22369212039876e-07    6.68873237590196e-08
9.89949800000021    0.0553176216439804    -0.037947816753725    0.00306003926438893    0.00144003679639871    2.05814541674382e-07    1.56273448671683e-07
10.2530515000002    0.0365458290068375    -0.0627578368147739    0.0013355976178158    0.00393854608170907    1.37075548935144e-07    1.98203394254912e-07
10.6066050000002    0.0137450943849965    -0.0641470080384082    0.00018892761965465    0.00411483864036415    4.67795729598744e-08    2.90757751223456e-07
10.9601585000002    -0.00830085405321012    -0.0605326581585034    6.89041780148372e-05    0.00366420270379024    4.62850056442858e-08    2.36665649575149e-07
11.3137120000003    -0.0288367872639741    -0.054455551522173    0.000831560299729427    0.00296540709170896    1.47397537658407e-07    3.53442811493242e-07
11.6672655000003    -0.0449726811083344    -0.0329407710044923    0.00202254204612508    0.00108509439439918    2.30525492005533e-07    1.69645382007551e-07
12.0208190000003    -0.0495205087358415    0.00911734144120497    0.00245228078552125    8.31259149600214e-05    2.54349236546084e-07    6.71405936740443e-08
12.3743725000003    -0.0394513216358166    0.0438738678342988    0.0015564067788532    0.00192491627880708    2.01363950260213e-07    2.56047632315366e-07
12.7279260000003    -0.0215747225605339    0.0538303485476205    0.000465468653577777    0.00289770642485859    1.17335223807169e-07    3.16663160635379e-07
13.0814795000003    -0.00270781102863215    0.0522883278623732    7.33224056692802e-06    0.00273406923073735    1.2087253915176e-08    3.07118244394142e-07
13.4350330000004    0.0153110808971612    0.0494522777790991    0.000234429198250979    0.0024455277776674    1.0753515066765e-07    3.55273247350479e-07
13.7885865000004    0.0315576059232169    0.0402993939240881    0.000995882491666624    0.00162404115073813    2.48136734578242e-07    2.98822434499385e-07
14.1421400000004    0.0415635619557936    0.0128974824475638    0.00172752968255708    0.000166345053502296    3.22458330895098e-07    1.30692238292623e-07
14.4956935000004    0.0394718225439948    -0.0237939922828453    0.00155802477503872    0.00056615406878312    3.06771764274654e-07    1.64378811734415e-07
14.8492470000004    0.0269024210948235    -0.0434615829900766    0.000723740260806446    0.00188890919607184    2.0794102298506e-07    2.61785250265548e-07
15.2028005000004    0.0108173759430262    -0.0458838103658602    0.000117015622298776    0.0021053240538875    7.75564013014627e-08    4.44165667727978e-07
15.5563540000004    -0.00509538578118086    -0.0440642439606591    2.59629562632497e-05    0.00194165759596092    6.47273985248799e-08    3.69373988180338e-07
15.9099075000005    -0.0201953199862066    -0.0405727316365173    0.000407850949396413    0.00164614655277631    2.26137354726136e-07    5.72236189366818e-07
16.2634610000004    -0.0325044927047074    -0.0262368213361794    0.00105654204612646    0.000688370793895681    3.68899549159754e-07    2.62836072047825e-07
16.6170145000003    -0.0367212827874381    0.00413088942029382    0.00134845260972995    1.70642474130087e-05    4.1826390173954e-07    1.01554383863438e-07
16.9705680000003    -0.0300067562682378    0.0311484191588803    0.000900405421857676    0.000970224016281637    3.40950557828344e-07    4.29345531988177e-07
17.3241215000002    -0.0169623392694016    0.0399809426513702    0.000287720953532002    0.0015984757755327    2.04249924441289e-07    4.90461534366712e-07
17.6776750000001    -0.00281153870033231    0.0395200108120301    7.90474986365778e-06    0.00156183125485763    1.38381623283391e-08    5.2406858391019e-07
18.0312285    0.0108924181374805    0.0378795761615936    0.000118644772910913    0.00143486229052147    1.70875271517113e-07    5.82668726075512e-07
18.384782    0.0234856003147395    0.0318037691867361    0.000551573422312909    0.00101147973478539    4.11360448433297e-07    5.49732527275249e-07
18.7383354999999    0.0316858674250907    0.0118745957167814    0.00100399419477883    0.000141006023518857    5.46263056135587e-07    2.86101080828358e-07
19.0918889999998    0.0307801766416534    -0.0165893667016134    0.000947419274373645    0.000275207087603504    5.3127894246929e-07    2.07137461433921e-07
19.4454424999997    0.0214890643560925    -0.0330180141127121    0.000461779887035184    0.00109018925614771    3.67283487289459e-07    4.47724380886902e-07
19.7989959999997    0.00909778843910533    -0.0356917090368578    8.27697545050699e-05    0.00127389809455401    1.49503830333956e-07    7.63084308120718e-07
20.1525494999996    -0.00334852354327    -0.0346340752713255    1.12126099296116e-05    0.00119951917031705    9.88844826045286e-08    6.45921407128281e-07
20.5061029999995    -0.0152915861142236    -0.0323731281737526    0.000233832606029672    0.00104801942872409    3.75440078514995e-07    9.84819930240063e-07
20.8596564999994    -0.0252835100937812    -0.0219661014144318    0.000639255883066623    0.000482509611552083    6.35836014856201e-07    4.50531462862164e-07
21.2132099999994    -0.0291715521657552    0.0015633967599367    0.000850979456302346    2.44420945515407e-06    7.3686473948508e-07    1.61782287429697e-07
21.5667634999993    -0.0243417557065041    0.0237792699543163    0.000592521071253072    0.00056545368011445    6.14774082194368e-07    7.44446754941634e-07
21.9203169999992    -0.0141413392733121    0.0317268220629579    0.000199977476584006    0.00100659123889005    3.75613638560391e-07    8.21864305592537e-07
22.2738704999991    -0.00282918591013976    0.0317596527198495    8.0042929154277e-06    0.0010086755417713    3.59773963720202e-08    9.41199325307553e-07
22.6274239999991    0.00822648590808546    0.030699815057462    6.76750704769181e-05    0.000942478645570797    2.84586338008755e-07    1.004203561312e-06
22.980977499999    0.0185221547783707    0.0263580015383843    0.000343070218139229    0.000694744246198176    7.10851271749238e-07    1.04914679294907e-06
23.3345309999989    0.0255198864643397    0.0109838855372988    0.000651264606077108    0.000120645741842148    9.61414533703475e-07    5.8793396336174e-07
23.6880844999988    0.0252804083345028    -0.0122273130054028    0.000639099046467368    0.00014950718341682    9.52979620225065e-07    2.91080892682029e-07
24.0416379999988    0.0180201024021262    -0.0264615004761922    0.000324724091033581    0.000700211008101999    6.7116871910304e-07    8.06521625662947e-07
24.3951914999987    0.00796781208580576    -0.0291879026279499    6.34860295205805e-05    0.000851933661654962    2.93032856411486e-07    1.35509360086508e-06
24.7487449999986    -0.00225052810267436    -0.0285265900745831    5.0648767650984e-06    0.000813766342639311    1.55471403474512e-07    1.16447635852059e-06
25.1022984999985    -0.0121308040287752    -0.0269572500779339    0.000147156406796617    0.000726693334779845    6.41925808313112e-07    1.73654137754047e-06
25.4558519999985    -0.0205676474172218    -0.0190117223611855    0.000423028121551717    0.000361445587802429    1.12808101815885e-06    8.14632570102602e-07
25.8094054999984    -0.0241825526739756    2.10906679649413e-05    0.000584795855603166    4.44875533572618e-10    1.33175056115428e-06    2.43430411450419e-07
26.1629589999983    -0.020560542470765    0.0189619849479007    0.00042273590797611    0.000359556874867274    1.13312778642751e-06    1.30493663953602e-06
26.5165124999982    -0.0122370463286915    0.0262413159232475    0.000149745303346487    0.00068860666339294    7.04234457249356e-07    1.41748297546265e-06
26.8700659999982    -0.00282179986936164    0.026544728631491    7.96255451175273e-06    0.00070462262109453    9.49913553939109e-08    1.72482780086847e-06
27.2236194999981    0.00644312716226492    0.0258102385007132    4.15138878630776e-05    0.00066616841460119    4.83695752130128e-07    1.77129628598335e-06
27.577172999998    0.015159286176746    0.0225644302762565    0.000229803958952281    0.000509153517747827    1.25051933370529e-06    2.01389804202612e-06
27.9307264999979    0.021298115646802    0.0102543280146852    0.000453609733072751    0.000105151244391566    1.72284675224916e-06    1.16567921919729e-06
28.2842799999979    0.0214805772182308    -0.00929911259871856    0.000461415200651875    8.64734953093083e-05    1.73882144821317e-06    4.30885196820711e-07
28.6378334999978    0.0156050387677733    -0.0219531501955945    0.00024351723649861    0.000481940805733905    1.24695668619953e-06    1.49116504336512e-06
28.9913869999977    0.00716878282454249    -0.0246751842776681    5.13914475184939e-05    0.0006088647251053    5.77094846841639e-07    2.44303523275589e-06
29.3449404999977    -0.00149688984950918    -0.0242493018053824    2.24067928175888e-06    0.000588028642596434    2.45347246692835e-07    2.13258318001304e-06
29.6984939999976    -0.00992335822326306    -0.0231101573566933    9.84730396689497e-05    0.000534079382644366    1.11433711088582e-06    3.09729534007627e-06
30.0520474999975    -0.0172425025539131    -0.016842027594007    0.0002973038984368    0.000283653895784866    2.02857101393473e-06    1.51906925772388e-06
30.4056009999974    -0.0206343267104143    -0.00099830530674925    0.000425775444725365    9.96613596727885e-07    2.4358259102421e-06    3.33532864046669e-07
30.7591544999974    -0.0178534963823288    0.0155576621880733    0.000318747337529374    0.000242040857980124    2.11081674695558e-06    2.28515196072581e-06
31.1127079999973    -0.0108642769734704    0.0223263489982287    0.000118032515928796    0.000498465865749506    1.33135930288094e-06    2.48169287974052e-06
31.4662614999972    -0.002806947312221    0.0227992626236085    7.87895326606708e-06    0.000519806386357204    2.29090342627418e-07    3.19013034155758e-06
31.8198149999971    0.00516631823183096    0.0222651386797771    2.66908447614403e-05    0.000495736410472498    8.29994774127787e-07    3.16903612164119e-06
32.1733684999971    0.0127288388095427    0.0197651234371118    0.000162023342371539    0.000390660119366938    2.22085994197998e-06    3.8578067044801e-06
32.5269219999972    0.0182218706318481    0.00965512697189388    0.000332036579035561    9.32214819607367e-05    3.11636838630219e-06    2.26215471123521e-06
32.8804754999974    0.0186932103997084    -0.0071939461305882    0.000349436125286859    5.17528613741289e-05    3.19985833998041e-06    6.66576228223292e-07
33.2340289999975    0.0138249626677923    -0.018655273135331    0.000191129598226352    0.000348019223578314    2.33677155255516e-06    2.79723285114491e-06
33.5875824999976    0.00657381275409471    -0.0213586389166403    4.32150154159679e-05    0.000456191476079902    1.13581232251504e-06    4.43942361529696e-06
33.9411359999977    -0.000947712590564955    -0.0210869605243722    8.98159301614816e-07    0.000444659919660567    3.83796142141891e-07    3.93752908060266e-06
34.2946894999978    -0.00829406449882996    -0.0202339365450826    6.87915097209804e-05    0.000409412219148635    1.95198077979808e-06    5.57119435843366e-06
34.6482429999979    -0.014769492278065    -0.0151758577874856    0.000218137915688584    0.000230306667924867    3.67923392552059e-06    2.88771207523715e-06
35.001796499998    -0.0179769618663852    -0.00171666654092199    0.000323171178094954    2.94694415485634e-06    4.48881774657947e-06    3.7700829542522e-07
35.3553499999981    -0.0158166291261261    0.0130169653600554    0.00025016577257625    0.000169441402993294    3.95762926696037e-06    3.97597947316245e-06
35.7089034999982    -0.00982698865651133    0.0193873721077355    9.6569712458842e-05    0.000375870216514903    2.53054136840556e-06    4.38988625854595e-06
36.0624569999983    -0.00279048428758667    0.0199785190593218    7.78680283100661e-06    0.000399141259150383    5.21285429422599e-07    5.94530892047167e-06
36.4160104999984    0.00420704177571652    0.0195763814210357    1.76992025637329e-05    0.000383234742403379    1.43565627652406e-06    5.73249572537632e-06
36.7695639999985    0.0108891327620829    0.0176100828347653    0.000118573228138279    0.000310115072273419    3.97844328023903e-06    7.40446633581302e-06
37.1231174999986    0.0158771810619528    0.00915474962270707    0.000252084910840593    8.38094593781111e-05    5.68916165589093e-06    4.32708399470364e-06
37.4766709999987    0.0165572031652102    -0.00560464338141306    0.000274141011958616    3.14120287016273e-05    5.9417647262251e-06    1.12641469954669e-06
37.8302244999988    0.012456741195234    -0.0161314768609777    0.000155170420729909    0.000260224573981567    4.41869548303395e-06    5.31651279693969e-06
38.1837779999989    0.00611341755456422    -0.018816295537431    3.73738792171902e-05    0.000354053044121868    2.24069994820886e-06    8.14677362476905e-06
38.537331499999    -0.000529750174448253    -0.0186538470979871    2.80635609583427e-07    0.000347966065560081    6.01876626037366e-07    7.34880942661342e-06
38.8908849999991    -0.00704161864391574    -0.0179993374027166    4.95844050778901e-05    0.000323976249822204    3.45710114602143e-06    1.01432426349519e-05
39.2444384999992    -0.0128558754478523    -0.0138503280237911    0.000165273579120614    0.000191831618463524    6.75203090568495e-06    5.66541352741237e-06
39.5979919999993    -0.0159079723722704    -0.00224593948687065    0.000253063654974963    5.04424481794119e-06    8.36528812572585e-06    7.99535120611513e-07
39.9515454999994    -0.0142251603542802    0.0110415294778299    0.000202355243332595    0.000121915421328441    7.49850715074663e-06    6.93676106918822e-06
40.3050989999995    -0.00901466017213572    0.0170947336750047    8.12641215798613e-05    0.000292229982164367    4.8539438855598e-06    7.92117596146516e-06
40.6586524999996    -0.00277450686659205    0.0177766685074448    7.69788971903882e-06    0.000316010069761544    1.1688765571826e-06    1.12489094452924e-05
41.0122059999997    0.00345966210813839    0.0174654466194988    1.19692683182293e-05    0.000305041937122899    2.53293124579501e-06    1.05595614547912e-05
41.3657594999998    0.00944604039895854    0.0158928186619264    8.92277317565172e-05    0.000252581895037281    7.24829361062935e-06    1.44919427892921e-05
41.7193129999999    0.0140255312294843    0.00872572382141491    0.000196715639103425    7.61383275857878e-05    1.06223436779172e-05    8.44856083868308e-06
42.0728665    0.0148619588652875    -0.00435849155620842    0.000220877947782978    1.89964625901848e-05    1.1245865029233e-05    3.73425289898248e-06
42.4264200000001    0.0113691086796526    -0.0141280177102376    0.000129256704218288    0.000199600999458499    8.48814085613573e-06    1.07255634147742e-05
42.7799735000002    0.00574612206351022    -0.0168012110277312    3.30179388170694e-05    0.000282280931451202    4.47753397852208e-06    1.54742639380854e-05
43.1335270000003    -0.000200574591560118    -0.0167220661250381    4.02319901183389e-08    0.000279627693869191    1.35031064228389e-06    1.40847095960468e-05
43.4870805000005    -0.00604634474345308    -0.0161998523687157    3.65583249513171e-05    0.000262435679297196    6.33992385199273e-06    2.15064876755812e-05
43.8406340000006    -0.0113226075114493    -0.0127513384982688    0.000128201619090471    0.000162596855890124    1.33503611191038e-05    1.49128364525267e-05
44.1941875000007    -0.0142377528780005    -0.0026448227000623    0.000202713887085297    6.99515357157093e-06    1.67353006219525e-05    8.15210439839606e-06
44.5477410000008    -0.012936507149873    0.00944400848311756    0.000167353436036408    8.91895582913539e-05    1.47918116548392e-05    1.61883339902356e-05
44.9012945000009    -0.00835741859211069    0.0152375101793922    6.98465363294103e-05    0.000232182027272129    9.52920001067066e-06    1.76296638673517e-05
45.254848000001    -0.00275995755664934    0.0160026736552033    7.6173792890645e-06    0.000256086105064865    3.68436680030996e-06    2.32583302827476e-05
45.6084015000011    0.0028580802252147    0.0157507388337782    8.16865279334607e-06    0.000248086317644218    5.49723410230827e-06    2.3320255816364e-05
45.9619550000012    0.00826825636127123    0.0144468960304616    6.83643380039817e-05    0.000208714687949936    1.65755325553381e-05    4.33939508159875e-05
46.3155085000013    0.0124926431474224    0.00831064189741395    0.00015606689818285    6.90675792132219e-05    2.76653937223147e-05    2.84686875302776e-05
46.6690620000014    0.0134457040703469    -0.00333545154591485    0.000180787687634572    1.11265511672593e-05    2.70127234619033e-05    3.62512360284807e-05
47.0226155000015    0.0104620970371302    -0.0124398616716666    0.000109455804335454    0.000154751962899119    1.8163731043229e-05    4.24792763508733e-05
47.3761690000016    0.00544222230037472    -0.0151332393832631    2.96179017762533e-05    0.00022901696076869    1.08724218730492e-05    4.50170805857174e-05
47.7297225000017    6.96448591654403e-05    -0.0151311157929168    4.97416027530418e-09    0.000228951976754012    1.11244715438609e-05    3.62162305515897e-05
48.0832760000018    -0.00521408005995449    -0.014599491285016    2.7186921567457e-05    0.000213159863943785    1.70498047497884e-05    0.000121318434401194
48.4368295000019    -0.00999213086966969    -0.0116532336134996    9.98457102787605e-05    0.000135811373830587    5.50541747244414e-05    0.000116276307942166
48.790383000002    -0.0127439106611082    -0.00290276972242258    0.000162412083908828    8.43380203683117e-06    6.94620077449034e-05    8.79202787638026e-05
49.1439365000021    -0.0117738593487747    0.00798394738439759    0.000138626119633606    6.37596775175274e-05    4.85352333387534e-05    0.000127521295077763
49.4974900000022    -0.00777423399439176    0.0135411694464735    6.04393286040848e-05    0.00018337531627558    2.47871847602805e-05    0.000109755626151537
49.8510435000023    -0.00274511942105418    0.0144808591487327    7.53662534180065e-06    0.000209707425535393    3.07360692317756e-05    0.000110199137731818
50.2045970000024    0.0023428085568183    0.0142399289378472    5.49002691362119e-06    0.000202790313828836    3.57068581669922e-05    0.000121398821647228
50.5581505000025    0.00717835311139705    0.0128715959175455    5.15345086041782e-05    0.000165770224901163    7.58631153757052e-05    0.000303716045985378
50.9117040000026    0.0109618000678392    0.00758851516203689    0.000120183013641718    5.76295599145999e-05    0.000148165159330986    0.000209755929918766
51.2652575000027    0.011957509031942    -0.00235599345799981    0.000142999756587837    5.65269750491315e-06    0.00013317033777491    0.000319362381590624
51.6188110000028    0.00950914725021773    -0.0105683434963653    9.04298466105534e-05    0.000111774368606666    7.72346051322478e-05    0.000290661916148106
51.9723645000029    0.00513380443607321    -0.0134148167932989    2.635949619721e-05    0.000180039128365523    5.9566847868592e-05    0.000286039800986779
52.325918000003    0.000291839879079779    -0.013724295376294    9.64105912420723e-08    0.000188425500458749    0.000106019225712944    0.000263091016538148
52.6794715000031    -0.00449538321808266    -0.0131355205641091    2.02202058939393e-05    0.000172781486582214    0.000108331050581464    0.000489475323261429
53.0330250000032    -0.00877986532868226    -0.010469953734901    7.71256146900838e-05    0.000109823304062258    0.000198945973286471    0.000450968791925558
53.3865785000033    -0.011317296985746    -0.00302808596391912    0.0001281362025408    9.39477772971615e-06    0.00023450261666912    0.000474840104490085
53.7401320000034    -0.0106355135216362    0.00655168762750232    0.000113157795642774    4.31326115783499e-05    0.000208920496520582    0.000456071058041314
54.0936855000036    -0.00720490016674283    0.0119333093396119    5.19342087864549e-05    0.000142618210387772    0.000153695717975432    0.000462967161798244
54.4472390000037    -0.00272115355438874    0.0131434029564839    7.42429244626426e-06    0.000173064914668358    0.000140056344739563    0.000562026148723581
54.8007925000038    0.0019266144741074    0.0130567238584431    3.74041736928977e-06    0.000170782113689704    0.000169038567935389    0.000551430661160437
55.1543460000039    0.0064016707597035    0.0119673473992792    4.10596320769461e-05    0.000143892136358065    0.000279720505689714    0.000821421075351229
55.507899500004    0.00998702023203992    0.00744201816370603    9.99088158587939e-05    5.56802257550515e-05    0.000410174040645255    0.000544602062171145
55.8614530000041    0.0110801380984039    -0.00167195013920886    0.000122966321490931    3.13433460650425e-06    0.000443690445276005    0.000582166074676064
56.2150065000042    0.00895392256774285    -0.00953707139840286    8.03134113363261e-05    9.14173562164758e-05    0.000375075975225446    0.000679430171718847
56.5685600000043    0.00495666755058006    -0.0123305244794696    2.46330881417683e-05    0.000152528455556859    0.000254037270483912    0.00069758269621619
56.9221135000044    0.000508132489154197    -0.0126347244906084    2.82938677444201e-07    0.000160307108606606    0.000157289703763981    0.000819051679092772
57.2756670000045    -0.00390611889631895    -0.0121646923764539    1.53342737089783e-05    0.000148757099177749    0.000276602380319312    0.000881679399779006
57.6292205000046    -0.00790835847115142    -0.00993646951877028    6.28337549268583e-05    9.93719287433596e-05    0.000540019646518358    0.000799063355378429
57.9827740000047    -0.0103945412667031    -0.00330520605986077    0.000108500912311971    1.13416137513855e-05    0.000674109907046254    0.000645930842463113
58.3363275000048    -0.00994276285772248    0.00564793972124157    9.92725335861154e-05    3.22443278477251e-05    0.000643428582835452    0.000587456171085851
58.6898810000049    -0.0068705224048312    0.0108790347165882    4.74112137937645e-05    0.000118973346211504    0.000455121608448718    0.000787368939425088
59.043434500005    -0.00275103726993536    0.0120822863239494    7.62732774239665e-06    0.00014707311163333    0.000243149505085296    0.00104473385100456
59.3969880000051    0.00152133582737757    0.0120069400078075    2.35973734163237e-06    0.00014520340578774    0.000212778386989353    0.00101823250618445
59.7505415000052    0.00561600999583457    0.0109341082560009    3.17711192963109e-05    0.000120960840484386    0.000481197488560685    0.00118579809851339
60.1040950000053    0.00892655787959908    0.00705571152193636    8.0258407848253e-05    5.0310928513243e-05    0.000758269259841459    0.000726542106458727
60.4576485000054    0.0100700115361514    -0.000963514411011187    0.000102111334780174    1.36405001066341e-06    0.000840358519890693    0.000660068171052944
60.8112020000055    0.0083155754661808    -0.00827550405687971    6.96371363176818e-05    6.94347960011461e-05    0.000698813983785262    0.000975104407596173
61.1647555000056    0.00476369379138843    -0.0111223401970253    2.2879513501358e-05    0.000124689092903595    0.000432128410597278    0.000991282727193136
61.5183090000057    0.000705018320641113    -0.011611003666567    5.29516685234966e-07    0.000136349458525382    0.000180182831577681    0.00123856868212884
61.8718625000058    -0.00335690241658643    -0.0111998624100802    1.13997165680392e-05    0.000126676918759908    0.000361832466143449    0.00111355321165219
62.2254160000059    -0.00704955362510516    -0.0092484837555784    5.02006823418237e-05    8.69124341026057e-05    0.000710264759501927    0.0011738749189791
62.578969500006    -0.00942919857076104    -0.0034677312069862    8.97838642995211e-05    1.26309927292723e-05    0.000934921714732889    0.000778352751242203
62.9325230000061    -0.00919485497578785    0.00468311900641321    8.53665509088266e-05    2.25312974914569e-05    0.000906196933925508    0.000774399033591975
63.2860765000062    -0.00651270074205589    0.00974581266230039    4.28274583486894e-05    9.62178058997905e-05    0.000642018218677637    0.00111217869568508
63.6396300000063    -0.00277160652224523    0.0110737914395064    7.78600341550999e-06    0.000124331098028608    0.000322801334194438    0.00130469965238085
63.9931835000064    0.0011617244409009    0.0110732146027698    1.40746598629492e-06    0.000124235523604342    0.000240545857807649    0.00127257297053978
64.3467370000062    0.00492995654972806    0.0100500376749363    2.46207075897844e-05    0.000102815024794349    0.000562348653041707    0.00134601914054378
64.7002905000059    0.00800588643162318    0.00673184463707155    6.49305973299329e-05    4.62146320659395e-05    0.00091453801117546    0.000947047965137231
65.0538440000057    0.00919526179601198    -0.000366272913601778    8.56565306678887e-05    6.09884249511651e-07    0.00105056707101036    0.000689730673722226
65.4073975000054    0.00776527110813917    -0.00719176207801333    6.10909925175386e-05    5.29981131412702e-05    0.000889694967186843    0.00112989882490406
65.7609510000052    0.00460218615469266    -0.0100772626274985    2.1478806017521e-05    0.000102977252869914    0.00054652412122085    0.00119416531784217
66.1145045000049    0.000890321748683129    -0.0107043231627418    8.39065409760219e-07    0.00011680214853421    0.000215389399883176    0.00148983695812656
66.4680580000047    -0.00285819993645639    -0.0103233677095859    8.33235723057036e-06    0.000108265735211063    0.000403794940298974    0.00130146622842935
66.8216115000044    -0.00626014180634059    -0.00858017349237272    3.98246077079878e-05    7.55197507884389e-05    0.00079701459992559    0.00137854039811079
67.1751650000042    -0.00852188146140625    -0.00355907685104088    7.37692052446667e-05    1.35075784702537e-05    0.00107086021609134    0.000916815378709727
67.5287185000039    -0.00848108572954696    0.00378771614068958    7.3065170717773e-05    1.51087808944524e-05    0.00106599979636393    0.00087291885763343
67.8822720000037    -0.00617154012001653    0.00863397965904875    3.86928320691294e-05    7.637015293558e-05    0.000777768999225151    0.00135075837317873
68.2358255000034    -0.00279037308975763    0.0101235365092159    7.95159998731033e-06    0.000104564766549405    0.000406716126145458    0.00144179578858339
68.5893790000032    0.000838431708940226    0.010253643984402    7.64212626579179e-07    0.000107431833923767    0.000247477061609255    0.00151479997521259
68.9429325000029    0.00433481066903103    0.00932275709298117    1.91619638686155e-05    8.92371333959817e-05    0.000609409822919053    0.00152424853001441
69.2964860000027    0.00721893240022102    0.006458559255059    5.31552374881341e-05    4.29946631176223e-05    0.00102090767906469    0.0011321110663332
69.6500395000024    0.00845321831082967    0.000122920590284817    7.28746359175181e-05    6.66681894114644e-07    0.00119068724145848    0.000807200360876205
70.0035930000022    0.00730076378653479    -0.00625710835808722    5.4352329779816e-05    4.06173587702608e-05    0.00102526967820089    0.0012107657764472
70.3571465000019    0.0044714683233498    -0.00919977241576652    2.04026108137187e-05    8.65726035560478e-05    0.00063920407304557    0.00139168640654038
70.7107000000017    0.00106451547718119    -0.00990479578748669    1.20846875458012e-06    0.000100886382908319    0.000274363906922584    0.00166775397361402
71.0642535000014    -0.00241069201837169    -0.0095643364984052    5.99198482832803e-06    9.38190478203304e-05    0.00042491036806255    0.00153052774088041
71.4178070000012    -0.00556553461750607    -0.00801731365929734    3.1708286399172e-05    6.69750875307124e-05    0.000856218909224533    0.00164248872725409
71.7713605000009    -0.00772925884960225    -0.00362822328808193    6.11341577764549e-05    1.44191847077612e-05    0.00118013364171191    0.00112034837420383
72.1249140000007    -0.00785372317194431    0.00299500091538476    6.31185560644688e-05    1.01550691809112e-05    0.00119899474683325    0.00108859482717661
72.4784675000004    -0.00586862225166457    0.00764383557116461    3.52427290825616e-05    6.09547667365662e-05    0.000895545615716486    0.00158951077302572
72.8320210000002    -0.00280863394520474    0.00925953620645397    8.12523093738916e-06    8.83769064813179e-05    0.000486627474802671    0.00162416000525994
73.1855744999999    0.00053809421233274    0.00950598666945896    3.73046772674197e-07    9.33803724945437e-05    0.000288966072970868    0.00173683330651283
73.5391279999996    0.00375196222235153    0.00847431036338789    1.44957819220614e-05    7.54521483660259e-05    0.000646963216967103    0.00190740982250866
73.8926814999994    0.00638599250454923    0.00596218173207611    4.20601039373886e-05    3.79899243094891e-05    0.00113101886333945    0.00156279023006514
74.2462349999991    0.00760128492691367    0.000501503157291449    5.96015397246856e-05    1.62813654714774e-06    0.00134981746342261    0.00117329925013802
74.5997884999989    0.00671692737020318    -0.00523496477805974    4.65133108416848e-05    2.97978379214017e-05    0.00118160803361361    0.00154692653150551
74.9533419999986    0.00426213315053199    -0.00817643551125747    1.87430474551749e-05    7.04473358813809e-05    0.000759781851791085    0.00189558387090329
75.3068954999984    0.00119483112823218    -0.00898475397601473    1.57494063255591e-06    8.45673136720145e-05    0.000383821843520297    0.00195997695458441
75.6604489999981    -0.00196331834000247    -0.00861529484482482    4.06782552395801e-06    7.81057986876818e-05    0.000461743023518437    0.00197040438093726
76.0140024999979    -0.00474339925980837    -0.00702403645398923    2.34346985509568e-05    5.42033611042556e-05    0.000966882626282104    0.00220596305437918
76.3675559999976    -0.00664904843666867    -0.00332320884649141    4.61020828064208e-05    1.37921220731113e-05    0.00137558630890784    0.00165783142560169
76.7211094999974    -0.00686092855827936    0.00216252565990536    4.91459790427019e-05    7.45451921715405e-06    0.00144001331969138    0.00166673392819758
77.0746629999971    -0.00527253015475738    0.00635285631106445    2.90267338036674e-05    4.49532152195193e-05    0.00110777234612604    0.00214346259834127
77.4282164999969    -0.00266881886563898    0.00803995824278519    7.51682201285144e-06    6.98757819482311e-05    0.000627875684559357    0.00228798020150998
77.7817699999966    0.000262999012713004    0.00838353762721586    2.30812020700727e-07    7.54556337460944e-05    0.000402049176112466    0.00227418789882242
78.1353234999964    0.00305824400448611    0.00713884981460011    9.87364799772312e-06    5.76156620390957e-05    0.000721658926881591    0.0025792412379767
78.4888769999961    0.0052512073887334    0.0049302427301771    2.92733244273876e-05    2.9434076913258e-05    0.00130312907568642    0.00226424016720706
78.8424304999959    0.00630639243325778    0.000665619751738145    4.21951525410157e-05    4.07793414329147e-06    0.00155710212213737    0.00190653730343456
79.1959839999956    0.00570325963809387    -0.00392586965016887    3.44790978921122e-05    2.03974912507024e-05    0.00139711395118709    0.00223272003184128
79.5495374999954    0.00376641729107977    -0.00664743593206953    1.51044318234883e-05    5.10401810998746e-05    0.000958401071025915    0.00261758985116185
79.9030909999951    0.00119811292703125    -0.00767795162644772    1.74006024538474e-06    6.58591568027557e-05    0.00055189279707689    0.00262834845952443
80.2566444999949    -0.00151329694649943    -0.0073642625470265    2.59600694511695e-06    6.18144789776482e-05    0.000553117796524801    0.00275356425676087
80.6101979999946    -0.00383133111696822    -0.00571645043109166    1.58832051376996e-05    4.11738136246805e-05    0.00109731809875289    0.00291479126071705
80.9637514999944    -0.00539575325296332    -0.00284939184005368    3.15262971333618e-05    1.38999251421672e-05    0.00155310784123241    0.00240434841152499
81.3173049999941    -0.00563901065930251    0.00143303711833377    3.45772726626533e-05    7.36263101638161e-06    0.00166698273744089    0.00230413446522968
81.6708584999939    -0.004471612436939    0.00492495412817094    2.18020667461302e-05    3.12890394631225e-05    0.00134415362215136    0.00265214371754898
82.0244119999936    -0.00238217864417482    0.00664108712380432    6.42828714565516e-06    5.27354414686041e-05    0.000868050720230437    0.00293792499608901
82.3779654999934    8.62301863192736e-05    0.00713726225854638    3.27774556140472e-07    6.01428532006838e-05    0.000565984903604164    0.00303353599837108
82.7315189999931    0.00246457648580914    0.00600551474712078    6.79825085962583e-06    4.67197364991535e-05    0.000850948650167854    0.0032639744363687
83.0850724999928    0.0042701855297151    0.00405714005332034    2.05753992741595e-05    2.5246517335554e-05    0.00153000484181302    0.00296414100934789
83.4386259999926    0.00516383168640493    0.000708601648172051    3.00431350917865e-05    7.0835204876571e-06    0.00183792747579085    0.0025654247585663
83.7921794999923    0.00475425494160999    -0.00291900020957552    2.55862282300511e-05    1.60916403010019e-05    0.00172721978341731    0.00275155920843074
84.1457329999921    0.00324812956385726    -0.00531607775867633    1.21686609154973e-05    3.81870049899293e-05    0.00127213020241394    0.00315060664851011
84.4992864999918    0.00115602673096428    -0.00634989586365663    1.90337826473458e-06    5.15965779030302e-05    0.000752981050246689    0.00335788630298089
84.8528399999916    -0.00111217168813928    -0.00623837392475333    1.68116561001889e-06    5.05786776673478e-05    0.000666513125242348    0.00341487458661449
85.2063934999913    -0.00307853673493532    -0.0047934770002566    1.09585585919632e-05    3.50014425311094e-05    0.00121703334531843    0.00346756698264366
85.5599469999911    -0.00441951922152906    -0.00258874654883036    2.26545286671109e-05    1.48719362096342e-05    0.00176702533022196    0.00285837847661103
85.9135004999908    -0.00473699657905774    0.00083556669173238    2.61897890773935e-05    7.61406294133562e-06    0.00193666013729533    0.00262980821449075
86.2670539999906    -0.0038917952728871    0.00378423124007747    1.78021681096813e-05    2.37506392775183e-05    0.00162975386596102    0.00307086847636625
86.6206074999903    -0.00222708405665352    0.00542023285453735    6.12011477910827e-06    4.08106488733328e-05    0.00107713108937955    0.00338108335832271
86.9741609999901    -0.000177736109490686    0.00599761451357316    4.14565112079046e-07    4.83751082904062e-05    0.000618849729306042    0.00352189273501946
87.3277144999898    0.00185690280050028    0.00524958828262322    4.20264349461986e-06    4.00811320834579e-05    0.000868651532039215    0.00353877873657041
87.6812679999896    0.00344729203405682    0.00368690182838288    1.42801684112976e-05    2.47364394264878e-05    0.0015480135797938    0.00333814234782682
88.0348214999893    0.00434189497443715    0.0011385841905972    2.27433557020475e-05    9.21004693465438e-06    0.00197263877408027    0.00281312512618556
88.3883749999891    0.00418878275006113    -0.00194648326231488    2.13605665790307e-05    1.20860403153404e-05    0.00195311690684941    0.00288049357313437
88.7419284999888    0.00305502132279991    -0.00423636021722996    1.15521231329993e-05    2.91901933271898e-05    0.0014896200355249    0.00335312472733436
89.0954819999886    0.00134457848858012    -0.00528073157424698    2.57271278619497e-06    4.08800914938813e-05    0.000874540721889245    0.00360471434854863
89.4490354999883    -0.000570622704819292    -0.00537649624973735    7.19896056226031e-07    4.22394383211359e-05    0.000627921798451643    0.00365140060767046
89.8025889999881    -0.00231543962511873    -0.00434565165931602    6.66909707324487e-06    3.16229492294827e-05    0.00114360675744546    0.00356907003088572
90.1561424999878    -0.00358476555963748    -0.00270765636590514    1.60806338387462e-05    1.72824899042492e-05    0.00179724503648869    0.00315453434098007
90.5096959999876    -0.00410423392232327    -8.02370673813138e-05    2.12366044438406e-05    7.70631848836507e-06    0.00209567849506824    0.00277486585286264
90.8632494999873    -0.00364046533221755    0.00260547113807372    1.68678604906528e-05    1.59561922060769e-05    0.0019012818453809    0.00302782303887492
91.2168029999871    -0.00239257836543167    0.00425594359461408    7.52403968264055e-06    3.06014810271721e-05    0.00134149485571466    0.00353389659535129
91.5703564999868    -0.000731533302991259    0.00500369118704877    1.03746561500109e-06    3.89949584791054e-05    0.000708748644877565    0.00373604509926686
91.9239099999865    0.00103868419512916    0.00482450936212867    1.63835067064441e-06    3.70577056584924e-05    0.000747987843105288    0.00371238670847006
92.2774634999863    0.00256143166933276    0.00371270292489911    8.54381256184532e-06    2.62651586424473e-05    0.00140814784919215    0.00353284526039463
92.631016999986    0.00359744151460915    0.00198435186701943    1.68528230031288e-05    1.28282044683972e-05    0.00197768489706917    0.00298170289201552
92.9845704999858    0.00384552635155259    -0.000621504388338126    1.93461292018933e-05    8.08701195639367e-06    0.00213496048708353    0.00277502148670422
93.3381239999855    0.00319826348832209    -0.00290811802636671    1.35609574381142e-05    1.84967224616611e-05    0.00182539532632796    0.00316852836603715
93.6916774999853    0.00191237473131638    -0.00421261917188415    5.06279337030617e-06    3.08294543074284e-05    0.00118558688307891    0.00361708363465686
94.045230999985    0.000306028111672855    -0.00474923334293595    4.62628815614327e-07    3.65980576702977e-05    0.000607433626399028    0.00374737779315659
94.3987844999848    -0.00134244646100365    -0.00439809453010996    2.5613916501663e-06    3.27200045575409e-05    0.000871337563464981    0.00365742656272929
94.7523379999845    -0.00270780068540477    -0.00325291183112795    9.7670917232656e-06    2.22956259625668e-05    0.00156041890894306    0.00342259997391962
95.1058914999843    -0.00355785683056305    -0.00139238329102037    1.68797528678066e-05    9.914388460007e-06    0.00205460644431541    0.00282412061195946
95.459444999984    -0.00362045229667456    0.00102880991877117    1.75163321338563e-05    8.75724912715464e-06    0.0020996802855102    0.00277467102161548
95.8129984999838    -0.00287280378245881    0.00304999069030016    1.11471883034413e-05    1.94360374778948e-05    0.00170123094579531    0.00318333068765674
96.1665519999835    -0.00158072446696006    0.00413489947970724    3.58243901146158e-06    3.00813882234693e-05    0.00104103274252802    0.00360333103061405
96.5201054999833    -2.69494121288287e-05    0.00454188355766143    3.16811131987023e-07    3.44013470572846e-05    0.000562214248461326    0.00371115087350669
96.873658999983    0.00152250157015422    0.00403302622307037    3.29953844475819e-06    2.91690423606561e-05    0.000990720653684039    0.00359217786929918
97.2272124999828    0.00274620316690401    0.0028353377097879    1.03436166286782e-05    1.83474825222447e-05    0.0016739130188766    0.00321066077213078
97.5807659999825    0.00343818930000282    0.00091820659745935    1.61162165932644e-05    8.22450611948478e-06    0.00207245529037675    0.00271687371143138
97.9343194999823    0.00335817375173383    -0.00132855720364464    1.54219845649199e-05    9.42387178721124e-06    0.00203584223801498    0.00276745506627573
98.287872999982    0.00255280238183159    -0.00308702347488304    9.0280182237479e-06    1.99371158781694e-05    0.00158468237292616    0.00322605051784538
98.6414264999818    0.00127424716939277    -0.00402702109978677    2.47864416380611e-06    2.91065147847501e-05    0.00092462874447024    0.00359021111449204
98.9949799999815    -0.000216854041135995    -0.00429221717426146    3.63841040162786e-07    3.19129508474445e-05    0.000562863540305974    0.00367284938112353
99.3485334999813    -0.00164948721396707    -0.00363928598293922    3.89274414553784e-06    2.56446540339981e-05    0.00108255996438857    0.00352139909246029
99.702086999981    -0.00272857157859166    -0.00241372043594486    1.047823446394e-05    1.51488856661423e-05    0.00174158881612217    0.00305333249470877
100.055640499981    -0.0032845848903383    -0.000599154991244999    1.51104323813111e-05    7.35472222028407e-06    0.00207892628043238    0.00264494527670239
100.409193999981    -0.00312413273757552    0.00147017551664185    1.36897260572034e-05    9.62106523333978e-06    0.00198230186783253    0.0027312358344908
100.76274749998    -0.0023071526844733    0.00302124230836557    7.54341752277995e-06    1.96311129360422e-05    0.00149012214710995    0.00324086529343385
101.11630099998    -0.00107365733101214    0.00385746810738462    1.85076653733402e-06    2.73590737430495e-05    0.000835479786049852    0.00353256472602556
101.46985449998    0.000349258734881602    0.00406506246691296    4.31744269465913e-07    2.94974217579651e-05    0.000556563208966256    0.00360176191579352
101.823407999979    0.00168524955604757    0.00334665661887272    4.12186726033014e-06    2.29232924961856e-05    0.00113216659294099    0.00342391325409115
102.176961499979    0.00266901145940387    0.00215898508928392    1.0247347908652e-05    1.33118713579344e-05    0.0017674065005603    0.00294119954137493
102.530514999979    0.00313798505808753    0.0003699791658784    1.4096050030062e-05    6.6066496358224e-06    0.00206133447195775    0.00254357328430661
102.884068499979    0.0029111943632112    -0.00159480308779028    1.21967045466289e-05    9.95532583321919e-06    0.00192915834659475    0.00272248580242281
103.237621999978    0.00208264157957647    -0.00296778967276284    6.38109593153155e-06    1.88442506224428e-05    0.00142958035190428    0.00316803962738553
103.591175499978    0.000895004789139164    -0.00366169209709816    1.38666366382e-06    2.56411935890665e-05    0.000765264719713353    0.00349759983061462
103.944728999978    -0.000442481852528836    -0.00378185367965467    4.89448229161745e-07    2.69352235122679e-05    0.000541902241501542    0.0035542659239216
104.298282499978    -0.00166958937259832    -0.00303559115746017    4.13838897735468e-06    2.02218908812992e-05    0.00116226516090839    0.00331769154775559
104.651835999977    -0.0025506096193333    -0.0018795697698789    9.64052190373703e-06    1.1454413827986e-05    0.00177056840407296    0.00281453927102526
105.005389499977    -0.00292875891124933    -0.000167875918958192    1.26794685840256e-05    6.11357048807773e-06    0.00202529993428215    0.00246685795373623
105.358942999977    -0.00266698138322001    0.00159647602392562    1.05777947215391e-05    9.73602522457136e-06    0.00186145239614043    0.00268091207047192
105.712496499977    -0.00185883719306179    0.00284563150255679    5.30179583403591e-06    1.78035304649859e-05    0.00135886722078579    0.00311543124087858
106.066049999976    -0.000727185532160542    0.00347019507045245    1.01187410449157e-06    2.40565722444972e-05    0.000695036190646188    0.0034661676845624
106.419603499976    0.000526367350816603    0.00349871339347131    5.88105613463556e-07    2.45893229161576e-05    0.000557712314242628    0.00351401871174615
106.773156999976    0.00165045963030475    0.00275984142184524    4.18679235431613e-06    1.79083231737292e-05    0.00120945250549595    0.0032080521348626
107.126710499976    0.00244560886707302    0.00165849600898597    9.11789441289985e-06    9.97534356822749e-06    0.00177112723489694    0.00268788663384546
107.480263999975    0.00275419408904644    1.279355146773e-05    1.15425810306092e-05    5.70591498040553e-06    0.00198921993516828    0.00238867145196789
107.833817499975    0.00245852585450154    -0.00162492976321676    9.31685960801055e-06    9.6380994460165e-06    0.00180900807924066    0.00264531712855544
108.187370999975    0.00166777140880829    -0.00274508111281    4.42783179306503e-06    1.73871998957841e-05    0.00128310962938739    0.00313874649818648
108.540924499975    0.000584983590575697    -0.00329212552840453    7.24530494118071e-07    2.2671744641116e-05    0.000618324100189566    0.00344000787009902
108.894477999974    -0.000595373574044042    -0.00326589430028263    7.06842110389496e-07    2.25471756298852e-05    0.000593609650965615    0.00344689861314002
109.248031499974    -0.0016282487170921    -0.00248604512008201    4.2086842063828e-06    1.56740154255148e-05    0.0012479945198881    0.00308116781211787
109.601584999974    -0.00232491718580512    -0.00139453140388775    8.57562620680717e-06    8.82406139466161e-06    0.00178055785807571    0.00262285027369701
109.955138499974    -0.0025595162883327    0.000117380912761876    1.04417333831574e-05    5.54021841498378e-06    0.00197246286477516    0.00235083817739609
110.308691999973    -0.00224875234812547    0.00159237140740769    8.12731009725529e-06    9.58189201555441e-06    0.00175226224465846    0.00265447646748372
110.662245499973    -0.00148771141195    0.00262139852939785    3.67475910195712e-06    1.65455140587967e-05    0.00120891432976487    0.00311027069704029
111.015798999973    -0.000458070718480997    0.00311486821977232    5.11415768604549e-07    2.1291176563552e-05    0.000549169359555731    0.00340422862584235
111.369352499973    0.000649213697505945    0.00303198681318869    8.1240387433758e-07    2.04542137320348e-05    0.000625240313246226    0.00335578153291967
111.722905999972    0.00160293622108838    0.00229535677515995    4.21094061235838e-06    1.44112590622763e-05    0.0012812244469574    0.00302367265705195
112.076459499972    0.00223721043691024    0.00122323243940458    8.20822629973739e-06    7.91541907033963e-06    0.0017897250517097    0.00253359852177253
112.430012999972    0.00242491646895188    -0.000186578880695397    9.66367478558498e-06    5.38681536076724e-06    0.0019451105120766    0.00231343979434212
112.783566499972    0.0021110703766842    -0.00154936836057608    7.38787716623398e-06    9.22441305615912e-06    0.00171209200422185    0.00261225395767811
113.137119999971    0.00138163093237541    -0.00248567674984659    3.26698896298578e-06    1.56466375189365e-05    0.00116536901009476    0.00307701943676159
113.490673499971    0.000403885309977251    -0.00297244614146498    4.2690286624509e-07    2.00943233262717e-05    0.000513594706582602    0.00335542653955672
113.844226999971    -0.000653730432410756    -0.00288902595376194    8.2443334469876e-07    1.91833707620552e-05    0.000630134800212467    0.00329194468370067
114.197780499971    -0.0015553225280093    -0.00215095354473988    4.05566547878669e-06    1.32684259999845e-05    0.00127931126495996    0.00293969808795996
114.55133399997    -0.00215166223431956    -0.0011519301683287    7.75257261012097e-06    7.43684244618362e-06    0.00176717917584039    0.00247182105611993
114.90488749997    -0.00231815699970182    0.000242862402066346    9.02049580627933e-06    5.24654607784298e-06    0.00190961879206631    0.00227762242953162
115.25844099997    -0.00199901314696364    0.00150432133092784    6.77520714502326e-06    8.95027763564713e-06    0.00166707935722622    0.00258598046569626
115.61199449997    -0.00129930639009209    0.0023760014658132    2.95002211490378e-06    1.47836022013118e-05    0.00112330985020592    0.00302294876499178
115.965547999969    -0.000368460079870069    0.00281887522503738    3.82230827442072e-07    1.87135530899296e-05    0.000496455433029204    0.00328138622469225
116.319101499969    0.000630688978213875    0.00272204232016478    7.92173974544256e-07    1.77318207727423e-05    0.000628017027877266    0.00321283463315096
116.672654999969    0.00147989305425673    0.00202222863602365    3.76055557149383e-06    1.23677077603675e-05    0.00125318479062608    0.00287720334769954
117.026208499969    0.00203581852689851    0.00106325804537295    7.16172974852927e-06    7.04016259838265e-06    0.00173700105758921    0.00243097612644228
117.379761999968    0.00218989443013535    -0.000217515935314806    8.26320999883709e-06    4.95115559355245e-06    0.00186214188065766    0.0022144621043126
117.733315499968    0.0018878257525215    -0.00144216769475061    6.16688988456562e-06    8.50960420335136e-06    0.00161338272356012    0.00253569646124474
118.086868999968    0.00121823968191121    -0.00226564997130128    2.66120675429909e-06    1.40235049116325e-05    0.00108494185637571    0.00298166650032746
118.440422499968    0.000333397901100002    -0.00267744685152692    3.23491796000632e-07    1.75301757356483e-05    0.000460801080231748    0.00321892126230153
118.793975999967    -0.000613357282856808    -0.00256244692067221    7.64262306530999e-07    1.64480249955401e-05    0.000622940727595742    0.00314354748242771
119.147529499967    -0.00140644287080396    -0.00188212363706228    3.50992469252409e-06    1.13492261371012e-05    0.00123767651011434    0.00279407171559941
119.501082999967    -0.00192348601308882    -0.00097910653599355    6.56093037144056e-06    6.6149348209544e-06    0.00169148808121495    0.00237829460162721
119.854636499967    -0.0020652065478178    0.000198526850694044    7.57737696401972e-06    4.78909938751446e-06    0.00181997221925781    0.00217937754348988
120.208189999966    -0.00178399980830083    0.0013503652331622    5.70582638183228e-06    8.00798347345373e-06    0.00158844926447617    0.00248686493612349
120.561743499966    -0.00115761464060926    0.00212694098915254    2.49923926051571e-06    1.29184843206557e-05    0.00107664646210482    0.0028973447066786
120.915296999966    -0.000322939331951885    0.00252834211081618    3.17179598914295e-07    1.64650465260598e-05    0.000461399812302482    0.0031737253656757
121.268850499966    0.000573556789136218    0.00243617946016162    6.97366242544826e-07    1.54846862339208e-05    0.000606958690670607    0.00309026145686857
121.622403999965    0.00132316293750863    0.00174790644539123    3.22533088251173e-06    1.06539180385792e-05    0.00121431903687427    0.00275658141485772
121.975957499965    0.00179975983974455    0.000916988257777579    5.99829839429239e-06    6.27008805115654e-06    0.00166107282005789    0.00233006879431801
122.329510999965    0.00193447046334499    -0.000185817958354367    6.95900539216398e-06    4.61569019057742e-06    0.00179355217894819    0.0021403648934073
122.683064499965    0.00167390259324696    -0.00125571083945149    5.24865299075154e-06    7.57534727394908e-06    0.00156419407334021    0.00244919120560913
123.036617999964    0.00108754444001081    -0.00199780141037146    2.30527335135035e-06    1.20554197807326e-05    0.00105949065231928    0.00283975514885533
123.390171499964    0.000306219958131274    -0.00235504018831128    3.10940203413935e-07    1.51116080307686e-05    0.000466014528374402    0.00309279707420441
123.743724999964    -0.000527942471643147    -0.00227723095017098    6.1691121651451e-07    1.44131469900595e-05    0.000581539304905383    0.00303765801064617
124.097278499964    -0.00123798119395594    -0.00168022192814777    2.88409948433334e-06    1.00200743920643e-05    0.0011625412026009    0.00268270920232434
124.450831999963    -0.00169362023786903    -0.000850118121266728    5.40320484019086e-06    5.93171630779251e-06    0.00159212290042927    0.00228232677057569
124.804385499963    -0.00181538623899092    0.00017259520010342    6.25635958323563e-06    4.49921619018341e-06    0.0017206778857526    0.00211410195758972
125.157938999963    -0.00157720229586013    0.00114830137114477    4.76596549896507e-06    6.95704785575326e-06    0.00150943645672768    0.00237454244366789
125.511492499963    -0.0010351542677997    0.00186163186555368    2.14013744367496e-06    1.11581758023327e-05    0.00103372776180725    0.00277353611829516
125.865045999962    -0.000301837222134761    0.0022284303804507    3.04400550213342e-07    1.41110053631553e-05    0.0004618385448913    0.00302408720156011
126.218599499962    0.000490934623135737    0.00216820472609572    5.56622400006639e-07    1.34632729019218e-05    0.00056178785659109    0.00296009479031635
126.572152999962    0.00116728593049125    0.001595568847856    2.63447808408313e-06    9.629211864263e-06    0.00112779503481808    0.00266146048552566
126.925706499962    0.0016031268458552    0.000837677578518823    4.98121033739207e-06    5.76261428033662e-06    0.00155280219393535    0.00224964676222367
127.279259999961    0.00172981067835148    -0.000149342061342003    5.83481526711516e-06    4.40357657699829e-06    0.00168599237370053    0.00209314918859417
127.632813499961    0.00150503376344722    -0.00108441279137556    4.50965929936352e-06    6.51133038096341e-06    0.00149817644830221    0.00230984399448631
127.986366999961    0.000998265453477964    -0.00173767707732693    2.08611336201654e-06    1.02430226313824e-05    0.00104382922281807    0.00268765715937039
128.339920499961    0.000313596031015862    -0.0020850707796076    3.31128324768276e-07    1.29867224612059e-05    0.000482478863888745    0.00293925199757226
128.69347399996    -0.000430749605132479    -0.00203904256437685    4.61755244430941e-07    1.26680049809639e-05    0.000525556868577659    0.00291724363083089
129.04702749996    -0.0010644611181585    -0.00148840615555747    2.28522317612556e-06    8.97656363884131e-06    0.00107338050292258    0.00260023282706375
129.40058099996    -0.00146538047293868    -0.000743210721188592    4.3778508961202e-06    5.53208758219184e-06    0.00149348952646151    0.00223152983536008
129.75413449996    -0.00157739340700896    0.000113739572833948    5.16150409009594e-06    4.18003599960164e-06    0.00163503337263207    0.0020413474249067
130.107687999959    -0.00138479970538302    0.000967049026882326    4.04503944814192e-06    6.04898182000387e-06    0.00145855038449586    0.00226137082310925
130.461241499959    -0.000921509804280257    0.00160705906946448    1.90603483955557e-06    9.41276201940829e-06    0.00102803429912184    0.00261345043317455
130.814794999959    -0.000286082169390455    0.00192746909632389    3.09535639907753e-07    1.20476175447822e-05    0.00047717149146256    0.00288660361454402
131.168348499959    0.00039691378051614    0.00186479730781176    4.00075027768462e-07    1.17668275173825e-05    0.000492477896564756    0.00287912460969657
131.521901999958    0.000981330562696755    0.00139044286137776    2.0442409906597e-06    8.51108683951143e-06    0.00103982273363154    0.00256471352956915
131.875455499958    0.00136356431606171    0.000743778982372684    3.98204773967833e-06    5.43221826632146e-06    0.00145696262671405    0.00220884836322055
132.229008999958    0.00148819713880859    -7.1719636580401e-05    4.7827986239217e-06    4.04779883957505e-06    0.00160251923544263    0.00201063550483518
132.582562499958    0.00130954289344085    -0.000900831699085619    3.77585316559529e-06    5.6929196514909e-06    0.00143560112003086    0.0022093940122607
132.936115999957    0.000882568926317635    -0.00148717006400062    1.81837747571554e-06    8.71241565060278e-06    0.00101953399453578    0.00254965504555874
133.289669499957    0.00029036340390079    -0.00181228519934501    3.04303369035019e-07    1.13838707706876e-05    0.000469033541135563    0.00284596084423567
133.643222999957    -0.000358433081238175    -0.00178171069352957    3.41245799417098e-07    1.10927481444558e-05    0.000461271639808049    0.00281393943591865
133.996776499957    -0.000909017440855    -0.00127581799758711    1.81702245135375e-06    7.9752419102396e-06    0.000995344032772174    0.00251943056012116
134.350329999956    -0.00125624282948085    -0.000672995693876484    3.56276419591658e-06    5.07851068697358e-06    0.0014087647600982    0.00215071789944597
134.703883499956    -0.00136783791787108    6.11961002527804e-05    4.28020662532889e-06    3.91651691642826e-06    0.00155216817895581    0.00197807278777655
135.057436999956    -0.00120889935935352    0.000823104998302543    3.41657668353022e-06    5.40100560860913e-06    0.00139826285886626    0.00217336231916781
135.410990499956    -0.000817263071365012    0.00136038724048402    1.63815941630735e-06    8.22185966366498e-06    0.000985007862146477    0.00252412484231531
135.764543999955    -0.000271845910675719    0.00167399569982257    2.76720257922718e-07    1.05734113771063e-05    0.000450355480450285    0.00278767820490132
136.118097499955    0.000326436850628357    0.00164351990570893    3.18306862365618e-07    1.02595566176478e-05    0.000460158499777476    0.00274925425109907
136.471650999955    0.000835425318226585    0.0011782751313772    1.64496075432886e-06    7.41909171146336e-06    0.000973152245023803    0.00245576045783
136.825204499955    0.00115242852715572    0.000613434356660809    3.1973226053561e-06    4.85124248903568e-06    0.00136719826475673    0.0021154055826493
137.178757999954    0.00126077557249276    -3.58772502415935e-05    3.86377231801626e-06    3.75504161942826e-06    0.0015080508193764    0.00193746082343447
137.532311499954    0.00111721525789494    -0.000750209202592121    3.0880364602152e-06    5.10540061076865e-06    0.00135641679720576    0.0021313345028678
137.885864999954    0.000760383288463625    -0.00124604620238292    1.50667546251459e-06    7.66901322578132e-06    0.000963583269437484    0.00247313204000684
138.239418499954    0.000258135729617848    -0.00154139075325227    2.60528515377556e-07    9.81912470103218e-06    0.000440334487034819    0.00272823005753191
138.592971999953    -0.0002917922920127    -0.00150748909601542    2.78122787890496e-07    9.61394249661431e-06    0.00043929494216582    0.00270950532791669
138.946525499953    -0.00076254123923749    -0.0011095721413808    1.48055111606725e-06    7.1324246781824e-06    0.00094819933269825    0.00242925386513102
139.300078999953    -0.0010631948765749    -0.00057406424304462    2.90817829744991e-06    4.73584812602784e-06    0.00133333977360416    0.00209911847471396
139.653632499953    -0.00116167148988831    2.57282411638801e-05    3.51075853155905e-06    3.74814183892299e-06    0.00147012852538128    0.0019358408758288
140.007185999952    -0.00103939210338605    0.000657307770999161    2.83557858087618e-06    4.85959547679098e-06    0.00132485570395229    0.00210417251454701
140.360739499952    -0.000714247513122898    0.00115089369666909    1.39936574313057e-06    7.14665911665333e-06    0.000942982626100993    0.00241290339956258
140.714292999952    -0.000253184815980605    0.00141025836460656    2.66138756426933e-07    8.95447144327598e-06    0.000449484377241079    0.00263925042167908
141.067846499952    0.000253560177381556    0.00141191746297233    2.37088037735365e-07    9.03178468674415e-06    0.00041568650950157    0.00265297451259863
141.421399999951    0.000701010173822462    0.00106667255448005    1.31137908268323e-06    6.83590791635946e-06    0.000905518535912233    0.0023870730147774
141.774953499951    0.000999734701549834    0.000615993856289499    2.65038188001296e-06    4.71325908259337e-06    0.00128487836254255    0.00208178064445007
142.128506999951    0.0011172773285715    2.25591778084669e-05    3.30520494225806e-06    3.61774109726908e-06    0.00143418838139144    0.00190190225321011
142.482060499951    0.00101355474712147    -0.000587910718012545    2.74638516377043e-06    4.53250025598102e-06    0.00131114146390005    0.00204618211399352
142.83561399995    0.000722938272989074    -0.00103822371071214    1.43989355124392e-06    6.58520029997289e-06    0.000957733681506241    0.00234676198760931
143.18916749995    0.000295756002045599    -0.00134321866056104    3.18604946414046e-07    8.46479672210182e-06    0.000480763282362588    0.0025808061438284
143.54272099995    -0.000192435037975206    -0.0013622763798678    1.87221403828689e-07    8.53761987207155e-06    0.000387543752353422    0.00258492223034385
143.89627449995    -0.000630462567370646    -0.00106736584655628    1.10428699464669e-06    6.65774338444319e-06    0.000840716328966614    0.00234914314890523
144.249827999949    -0.000926749262732622    -0.000603441507107003    2.34049142661242e-06    4.66963979370041e-06    0.00121722111000301    0.00207496943138949
144.603381499949    -0.00105489705634424    -0.000108018792194497    3.05441438883126e-06    3.56309019828736e-06    0.00139341544032909    0.00188452172681033
144.956934999949    -0.000990135353339354    0.000476750401402748    2.67555478949775e-06    4.18269507240728e-06    0.00130199338384083    0.00198881978247643
145.310488499949    -0.000734410461942624    0.000940321724561418    1.50436530292254e-06    5.9745720674176e-06    0.000982347482468277    0.00225618419499283
145.664041999948    -0.000340026291265874    0.00125182128146888    4.02562590909856e-07    7.84051910484114e-06    0.000535672205885121    0.00250468812112461
146.017595499948    0.000120719121572357    0.00131062301685267    1.32878952641146e-07    8.14010512785417e-06    0.000343956169195938    0.00253424001143344
146.371148999948    0.000550252293505417    0.00106745839326198    8.64768501251399e-07    6.58727282166717e-06    0.000749660533003724    0.00233405342704954
146.724702499948    0.000855998754266549    0.000654126982887684    2.00380051508102e-06    4.78484440482756e-06    0.00112741591605544    0.00208733377663607
147.078255999947    0.00100481158948359    0.000175355182281861    2.78645513838037e-06    3.5598300448465e-06    0.00133296992014818    0.00187858473455242
147.431809499947    0.000969999366969871    -0.000374860703182864    2.62423474957981e-06    3.78597050554021e-06    0.0012974343827947    0.00190930614589423
147.785362999947    0.000748140678939126    -0.000853750031821487    1.61536055634834e-06    5.4271396031155e-06    0.00102744638831661    0.00216754480606061
148.138916499947    0.000390149752116615    -0.00113951489286585    5.26049871047852e-07    7.0474861271438e-06    0.000611418876034422    0.00239770555658544
148.492469999946    -3.58464023727655e-05    -0.00123144587259334    1.04931550894732e-07    7.77964955522599e-06    0.0003219418989999    0.00250263673314743
148.846023499946    -0.000448054900949034    -0.00105300101748648    6.30246716722604e-07    6.65872753291088e-06    0.000655357553140387    0.00235582605259457
149.199576999946    -0.00075986315875386    -0.000704559935419652    1.67319774811442e-06    4.93757609275001e-06    0.00104680739779724    0.00210740869082185
149.553130499945    -0.000936627313584089    -0.000273711029671591    2.52083824938792e-06    3.57879655581482e-06    0.00128201697525273    0.00187186506673182
149.906683999945    -0.00094115192306571    0.000250063611047128    2.54707310054461e-06    3.50441008572249e-06    0.00128891666070942    0.00185522997931592
150.260237499945    -0.000768141103678485    0.0007111389365881    1.74081092214316e-06    4.77927841405967e-06    0.00107273956158182    0.00206725901302377
150.613790999945    -0.000456779053094806    0.00101622694854703    6.8495522852048e-07    6.40614465352164e-06    0.000690150798865214    0.00231806545260664
150.967344499944    -6.9449591161699e-05    0.0011534397753906    1.06943712605569e-07    7.25822443322968e-06    0.00031956293103713    0.00243470760416453
151.320897999944    0.000332881831133238    0.00107651970150987    3.89067617642266e-07    6.68933873612796e-06    0.000527500999187346    0.00235168961990928
151.674451499944    0.000664657423248196    0.000773830503776093    1.29773020019825e-06    5.11569966909493e-06    0.000925181447025025    0.00212529668999897
152.028004999944    0.000867072481609692    0.000354542173903388    2.18682021433606e-06    3.66392801635788e-06    0.00119791716156472    0.00188101777324983
152.381558499943    0.000910049752277212    -0.000118542881819362    2.41739150171702e-06    3.27961676774355e-06    0.00126063513757836    0.00180708725658545
152.735111999943    0.000783406623085477    -0.000584375538425076    1.84074030509134e-06    4.21600608378381e-06    0.00110770680597221    0.00196837783818916
153.088665499943    0.00051416587111743    -0.000907920475184306    8.60501808499113e-07    5.68333142810537e-06    0.000772097963653038    0.0022043166376105
153.442218999943    0.000159162082185461    -0.00108503989422276    1.64624992030178e-07    6.72339244005247e-06    0.000373219002228673    0.00235501186154073
153.795772499942    -0.000228824824742174    -0.0010573148009401    2.17983396696091e-07    6.58300461121768e-06    0.000406967561702164    0.00233775319974772
154.149325999942    -0.000559270802356216    -0.00078776662649697    9.5208196297467e-07    5.25007741567839e-06    0.000799561212545046    0.00215162756021017
154.502879499942    -0.000775773473816921    -0.000430529526275299    1.82184680739985e-06    3.82199762474165e-06    0.00110454620759925    0.00190699815200404
154.856432999942    -0.000858631841252065    -2.30501562971109e-05    2.2455218889719e-06    3.15647249412959e-06    0.00122811776721941    0.0017764968855656
155.209986499941    -0.000785961825324803    0.000431679555769526    1.91515738727358e-06    3.66529051388385e-06    0.00113904407131844    0.00186519255708746
155.563539999941    -0.000568880306193725    0.000770611044736417    1.05437145537878e-06    4.99300737388935e-06    0.000854837208247113    0.0020974188879715
155.917093499941    -0.000255216701191754    0.000983821828331819    2.74934701462889e-07    6.15761665181698e-06    0.000458038357450212    0.00227809377812127
156.270646999941    0.000107115334746927    0.00102672682244421    9.90362855084786e-08    6.43110225102286e-06    0.000295909767615961    0.00231882174457125
156.62420049994    0.000441798578161521    0.000835802665644289    6.28275884298587e-07    5.31728924993693e-06    0.000658095662220201    0.00214912148424393
156.97775399994    0.000686918929484528    0.000542442997138047    1.47876585820355e-06    4.07218409746364e-06    0.00100344817629979    0.00194369228334105
157.33130749994    0.000813466808185349    0.000154318513541759    2.07527899262902e-06    3.12336616621946e-06    0.00118892840180129    0.00176055444749594
157.68486099994    0.000787573138148744    -0.000290571279319401    1.97661217502343e-06    3.25373603335875e-06    0.00116462042189289    0.00178025401698562
158.038414499939    0.000618736685182196    -0.000650425784207712    1.26313182615633e-06    4.30856745520966e-06    0.000938241301886716    0.0019711706558407
158.391967999939    0.000341074955987655    -0.000897359068465706    4.48161686325138e-07    5.54593720328155e-06    0.000576046491807004    0.00217731116414809
158.745521499939    5.69036170147144e-06    -0.000969834526265321    6.59391502162816e-08    6.14621755721452e-06    0.000256723138809084    0.00228158684885722
159.099074999939    -0.000326641965226987    -0.000874939073954104    3.71365274886887e-07    5.51463348127967e-06    0.000514461175833064    0.00217924645190672
159.452628499938    -0.000587362744676744    -0.000589375677705553    1.11838731789023e-06    4.27156735191206e-06    0.000879427270475527    0.00198096028795157
159.806181999938    -0.000743216834496069    -0.000281328591465589    1.81070365347463e-06    3.24502695428191e-06    0.00112175415773523    0.00177929232502866
160.159735499938    -0.000772609717249694    0.000125856750558843    1.9692860470347e-06    2.98229254637354e-06    0.00117147781534524    0.00172233928850047
160.513288999938    -0.000659968815293773    0.000495985573897284    1.46133938220532e-06    3.77165322490484e-06    0.00101280824692784    0.00187767183911104
160.866842499937    -0.000434226091142846    0.000762034306732805    6.72997285953514e-07    4.86922631943572e-06    0.000696020824203069    0.00207087663437443
161.220395999937    -0.000135665557820546    0.000903602269439424    1.21170541518704e-07    5.75387885303987e-06    0.000320570425866055    0.00222202200522492
161.573949499937    0.000186790210296198    0.000892530882011628    1.72122940120971e-07    5.68430313172781e-06    0.000370448859437403    0.00221081246522254
161.927502999937    0.000471843991043479    0.000691046607554574    7.75420302779986e-07    4.55537695776368e-06    0.000743494149873519    0.00201936414347462
162.281056499936    0.000664106453865111    0.000385601238092501    1.49892870282447e-06    3.45233037533044e-06    0.00102853843912572    0.00181759238018648
162.634609999936    0.000737532053105084    1.60509226511927e-05    1.86665471308837e-06    2.87367620837516e-06    0.00115008746786102    0.00169511609521508
162.988163499936    0.000676971667522012    -0.000347112081200205    1.59883743140054e-06    3.26610429432454e-06    0.00106796385368279    0.00177358887496776
163.341716999936    0.000498785183229271    -0.000642606551666367    8.97926385654003e-07    4.26804016204548e-06    0.000805692079298876    0.00196344008867114
163.695270499935    0.000236877838370061    -0.000823924573259863    2.49506214165064e-07    5.22127146480688e-06    0.000439767101832539    0.00213129532500436
164.048823999935    -6.68364510751769e-05    -0.000865639444834097    6.55745662037881e-08    5.50793942778562e-06    0.000247199221300278    0.00218142333794542
164.402377499935    -0.000355482237247812    -0.000737495003917144    4.63691835519361e-07    4.75773472348989e-06    0.000580796190174015    0.00205276297771738
164.755930999935    -0.000572165623711127    -0.000473179932413842    1.15136289384087e-06    3.66766847392489e-06    0.000907738614846877    0.00185573953600329
165.109484499934    -0.000680858757576144    -0.000134648268174927    1.65956631665201e-06    2.87434844066026e-06    0.00109361678337701    0.00169003499506305
165.463037999934    -0.000670362843534003    0.000189266453308862    1.64422578011413e-06    2.86853059910089e-06    0.00109308711369366    0.0016830653013929
165.816591499934    -0.000545611320512191    0.000510634653009994    1.11221042330975e-06    3.69336735370981e-06    0.000902506903152928    0.0018527330095983
166.170144999934    -0.000324722726566823    0.000715555329009363    4.33254682995743e-07    4.66740503571946e-06    0.00057254679620687    0.00203847629538481
166.523698499933    -4.98755675247188e-05    0.000822866923403598    5.83578276330141e-08    5.26830731074493e-06    0.000236368896847917    0.00214270794489432
166.877251999933    0.000234985903041209    0.000754322797271406    2.3470924992056e-07    4.90908871688752e-06    0.000423663634611784    0.00208328726641435
167.230805499933    0.000467407856375674    0.000545023316471275    8.2085060907488e-07    3.91593473056455e-06    0.000776131757418273    0.00190233654095883
167.584358999933    0.000612333803536051    0.000268381055395494    1.41397626510908e-06    2.99451397680212e-06    0.00101932506010406    0.00170952788392203
167.937912499932    0.000653395517993038    -4.5457958467127e-05    1.61536531304777e-06    2.66946009280313e-06    0.00109015577332525    0.00163321574411194
168.291465999932    0.000575857340825619    -0.00038676455048424    1.27138913994572e-06    3.2375412568251e-06    0.00096942119997603    0.00175725764739091
168.645019499932    0.000394325667158658    -0.000619104966403022    6.37772994463684e-07    4.13019697637274e-06    0.000694464011078734    0.00193569264526883
168.998572999932    0.000150035841279895    -0.000742244019169032    1.36137688896745e-07    4.87861293850051e-06    0.000337085946352232    0.00208030929299186
169.352126499931    -0.000116323643243202    -0.000747324293327161    9.21754380197051e-08    4.92255990019066e-06    0.000280435818044581    0.00208903477730595
169.705679999931    -0.000360402550909782    -0.00060382692571344    5.22356461598015e-07    4.12654449866354e-06    0.00062647143821226    0.00193957148423228
170.059233499931    -0.000531140736703897    -0.000357216963587959    1.12924531051899e-06    3.26022835897718e-06    0.00092039927658198    0.00176992214515277
170.412786999931    -0.000612307191055409    -9.19023082971518e-05    1.51291482555804e-06    2.62958723393353e-06    0.00106676835786401    0.0016189938849987
170.76634049993    -0.000588148220017964    0.000225928758129624    1.39320331301065e-06    2.79191233694009e-06    0.00102336942708894    0.00165555686498232
171.11989399993    -0.000458219417660287    0.000499005654955064    8.66027382537998e-07    3.59418135085317e-06    0.000809976757578306    0.00182898187721367
171.47344749993    -0.000250041928115239    0.000657559238869771    2.91566726573874e-07    4.41121604391509e-06    0.000478587255114768    0.00199470095284784
171.82700099993    -2.28774894991429e-06    0.00072573225042817    4.29371405756205e-08    4.81179193498263e-06    0.000207200161149461    0.00207004942831593
172.180554499929    0.000247150040442253    0.000657884342864306    2.77934080606703e-07    4.33827219647637e-06    0.000465672565346183    0.00197622376969066
172.534107999929    0.000446333518202068    0.000453949522707992    8.13472837428952e-07    3.42299039659861e-06    0.000783746915756813    0.00179357749412502
172.887661499929    0.000563650840675727    0.00020581905548882    1.28983203610004e-06    2.73293792085297e-06    0.000985966412158949    0.00164029766726977
173.241214999929    0.000586840798338913    -8.2123364333754e-05    1.38546331874562e-06    2.58691631467755e-06    0.00102033386504152    0.00160629140186582
173.594768499928    0.000502370536670503    -0.000387984699927335    1.03377749152389e-06    3.11051734311912e-06    0.000883969080573115    0.00172046075681528
173.948321999928    0.000327248541333468    -0.000582818336225555    4.72468697172843e-07    3.92358951785934e-06    0.000604464299498292    0.00189312236921405
174.301875499928    0.000102031171615223    -0.000678517058901528    8.55610239125941e-08    4.49012099725157e-06    0.000274136214191812    0.00200742013490729
174.655428999928    -0.000142524364911609    -0.000679005666312435    1.22528449077281e-07    4.46655481435709e-06    0.000319711204814319    0.00200137605648531
175.008982499927    -0.000358063873825884    -0.000520549929609063    5.47391309308631e-07    3.6575514096843e-06    0.000647442330690103    0.0018402660624128
175.362535999927    -0.000504650380364222    -0.000301028354184805    1.06056557886801e-06    2.92208341776578e-06    0.000897715752600041    0.00168269585717163
175.716089499927    -0.000563381162378176    -2.59531089075552e-05    1.33083289416325e-06    2.47393427041218e-06    0.00100669486938231    0.00157266039135925
176.069642999927    -0.000523087811050908    0.000252949221097097    1.15231910285873e-06    2.75358996459678e-06    0.000937389057322893    0.00164000202931068
176.423196499926    -0.000387428100215486    0.000496248070988005    6.67353453778724e-07    3.44916921716831e-06    0.0007192029761772    0.0017896667480872
176.776749999926    -0.000186027005973992    0.000631239148606961    1.95150501632282e-07    4.17385660430592e-06    0.000400679990367168    0.00194303724657349
177.130303499926    4.65190436866953e-05    0.00066152240142746    4.78001637775135e-08    4.42970478127241e-06    0.000213626174313891    0.00199802224554234
177.483856999926    0.00026553331475194    0.000558501620539618    3.21350255946624e-07    3.87039967911512e-06    0.000500841606402135    0.00188639222299334
177.837410499925    0.000431217869833847    0.000369586664180408    8.05140574176424e-07    3.08110955858895e-06    0.000786887363548547    0.00171595899025849
178.190963999925    0.000520826292122569    0.000134085940469387    1.18080364919422e-06    2.49141438536859e-06    0.000953699964678662    0.00157271591393266
178.544517499925    0.000525064574668725    -0.000120416436084855    1.19342936151293e-06    2.46675688941807e-06    0.000957985675227394    0.00156596831747602
178.898070999925    0.000433760644102864    -0.000384396439102273    8.27588486364265e-07    3.03657804472901e-06    0.000799650042200795    0.00169965214745091
179.251624499924    0.00026248262759255    -0.000560666239195526    3.40500823998168e-07    3.74050435188356e-06    0.000521156113089234    0.00185098830901492
179.605177999924    5.31601506111965e-05    -0.000615330041615251    5.42408756388215e-08    4.16925790524109e-06    0.000226748481860004    0.00194695322109363
179.958731499924    -0.000163475806676422    -0.000590385717259033    1.50110690827493e-07    3.97570132923778e-06    0.000351263934184803    0.0019045067692435
180.312284999924    -0.000348813256073243    -0.000437788809402442    5.52698122856398e-07    3.2917548592704e-06    0.000656526797049427    0.00176070889633477
180.665838499923    -0.000468889874931318    -0.000233291008396813    9.8111702230985e-07    2.64729878540368e-06    0.000872501752145371    0.00161024038292575
181.019391999923    -0.000507013696692296    2.16400505937581e-05    1.14782149658183e-06    2.36628247748337e-06    0.000943800088974482    0.00153812034174627
181.372945499923    -0.000456667853941745    0.000256391236265277    9.47739077044033e-07    2.67292393270938e-06    0.000859763658350522    0.00161467875030166
181.726498999923    -0.000330903060579959    0.000446413487180534    5.08967674386535e-07    3.32783378935216e-06    0.000632037054993891    0.00176877041693247
182.080052499922    -0.000149150787581691    0.00056909506821951    1.32796531620905e-07    3.85778395238897e-06    0.000332491464829801    0.00187987094123964
182.433605999922    6.06435643166839e-05    0.000599153932985663    5.83823661585753e-08    3.9742864469137e-06    0.000233890410802888    0.0019013944912883
182.787159499922    0.000258142364142273    0.000500867085204878    3.30897359920487e-07    3.44788212972774e-06    0.000514062136084272    0.00178801965668337
183.140712999922    0.000406068917304452    0.000325752083826414    7.50333189616047e-07    2.79687811314089e-06    0.000765141309834489    0.00164035474609111
183.494266499921    0.000483834640781912    0.000108399827115297    1.04320146299279e-06    2.33203471080966e-06    0.000899502920157701    0.00152324790769298
183.847819999921    0.000476275787662771    -0.000153135021367957    1.01174252221691e-06    2.39552062391962e-06    0.000885948021219709    0.00154015268371362
184.201373499921    0.000382136903025108    -0.000367100699349743    6.69238423512128e-07    2.9175270573483e-06    0.000723332434540652    0.00166816190277959
184.554926999921    0.000225629022382329    -0.000503159441887494    2.56415187583005e-07    3.50388645043918e-06    0.000453328503231155    0.0018029744941287
184.90848049992    3.33685891427738e-05    -0.000573817420540673    4.39011021848685e-08    3.78880411126877e-06    0.000206851732996099    0.00185998324700864
185.26203399992    -0.000168335810618275    -0.000546226781793304    1.63083043098698e-07    3.60018537296079e-06    0.00036707778189668    0.00181709154304689
185.61558749992    -0.000335918715013838    -0.000386396342382641    5.25956394860684e-07    2.98474467519196e-06    0.000642740236615179    0.00168387723477256
185.96914099992    -0.000437664794287283    -0.000184984426524067    8.83547894581297e-07    2.41899551180077e-06    0.000831863824446506    0.00154427208539957
186.322694499919    -0.000464700572903156    2.8786257866356e-05    1.00062451794825e-06    2.22926066557131e-06    0.000885820464592982    0.00149279336042513
186.676247999919    -0.00041570125888996    0.000255282265775683    8.00817785888791e-07    2.53659761425611e-06    0.000792470976910886    0.00157207779038969
187.029801499919    -0.000289158717251268    0.000438362028988621    4.14791653543777e-07    3.10806472538922e-06    0.000575481441734986    0.00170760166810946
187.383354999919    -0.00011650435980095    0.000532854172792141    9.98450199354048e-08    3.61100069995126e-06    0.000293720537386774    0.00182402498077446
187.736908499918    7.77996555524379e-05    0.000545460858850619    6.37944681159389e-08    3.59453200365997e-06    0.000240294988944549    0.00181576552867432
188.090461999918    0.000256194557438332    0.000445719633676086    3.23305995054577e-07    3.17421813838778e-06    0.00050761239523238    0.00172497888292681
188.444015499918    0.000384336108009218    0.000272155924550878    6.99536048406468e-07    2.58979818463871e-06    0.000742847093611326    0.00158610508396215
188.797568999918    0.000444708117662232    6.69445543077268e-05    9.37710392714773e-07    2.2067107864137e-06    0.000860200606137945    0.00148399097472399
189.151122499917    0.000428867453767206    -0.00015124941781035    8.84810870277972e-07    2.29974758076124e-06    0.000837187898489464    0.0015089304802983
189.504675999917    0.000339223345436783    -0.000347081069620481    5.71591361362899e-07    2.76786287564491e-06    0.000675661811318041    0.00162708254454284
189.858229499917    0.00019319825090312    -0.000475330761415433    2.13231863664702e-07    3.24891264762439e-06    0.000419411849513908    0.00173866998446416
190.211782999917    1.24930212826094e-05    -0.000526739259605217    3.68250567855672e-08    3.53794648101388e-06    0.000191491465096488    0.00180568331481587
190.565336499916    -0.000166759798750062    -0.000468990740838194    1.57427492283917e-07    3.32270771588128e-06    0.000360025918240279    0.00176146399363976
190.918889999916    -0.000307569136697658    -0.000318866779241845    4.8313867408967e-07    2.76635530484444e-06    0.00062332968823948    0.00163238453862452
191.272443499916    -0.000392199585488537    -0.0001624826170101    7.97686723820676e-07    2.29093693660648e-06    0.00080241274227376    0.00150483764432447
191.625996999916    -0.000416798276427656    3.20193518198414e-05    8.94926864941661e-07    2.146962997307e-06    0.000849238518738167    0.00146490196204935
191.979550499915    -0.000372093433265878    0.000222275925202204    7.10831526883958e-07    2.41171873795791e-06    0.000756556675870599    0.00153698150640579
192.333103999915    -0.000259486803439266    0.000400970867761533    3.61501139964991e-07    2.89930119770887e-06    0.000542372324889335    0.0016548485008953
192.686657499915    -9.94229084586904e-05    0.000490828308595762    8.56283083876647e-08    3.32262765598481e-06    0.000275215177018419    0.00175548148024006
193.040210999915    7.49545465581986e-05    0.000475040701243655    5.74599932326808e-08    3.34131912204988e-06    0.000227687964510502    0.00176512193749095
193.393764499914    0.000229757702120057    0.000395346646214499    2.8844732593214e-07    2.94219268485378e-06    0.000485446932474242    0.00166909967173345
193.747317999914    0.000348180335616513    0.000266004962169427    6.21042810561676e-07    2.44537965941448e-06    0.000706974726883251    0.00154098053833127
194.100871499914    0.00040846678356539    6.43599807998781e-05    8.37254993376988e-07    2.10665565967053e-06    0.000818785613027447    0.00145000463880016
194.454424999913    0.000392778533785765    -0.00014459208968492    7.88816398244881e-07    2.19526318754271e-06    0.000796581082904927    0.00147456987462217
194.807978499913    0.000313364309946273    -0.00030008253919898    5.15088024108001e-07    2.55281925492789e-06    0.000645670839793697    0.00156932142169658
195.161531999913    0.000185334587066693    -0.000410301486208732    1.97204999037705e-07    3.01084011563304e-06    0.000403554320847298    0.00168596939653362
195.515085499913    2.87284463695012e-05    -0.000470589511549559    3.47424362624576e-08    3.26152765918858e-06    0.000184165992060566    0.00174358056045831
195.868638999912    -0.000137192768883919    -0.000444181674637471    1.32645718734552e-07    3.07784419996289e-06    0.000337377922959573    0.00169721738144503
196.222192499912    -0.000271894816600456    -0.000314613823473474    4.15772721445956e-07    2.59122460580683e-06    0.000584675918908723    0.0015786838657205
196.575745999912    -0.000357687752182548    -0.000164351726863741    6.9597974802823e-07    2.16882115234472e-06    0.000753683766553869    0.00146349228293887
196.929299499912    -0.000385750963165955    6.95816956575539e-06    7.86400382955398e-07    2.0278485772938e-06    0.000798496447939461    0.00142400848353164
197.282852999911    -0.000349723216617297    0.000197108692418587    6.293438628901e-07    2.25435036566818e-06    0.00071206568141496    0.00148845508129779
197.636406499911    -0.000252697722952754    0.000344718549589154    3.32063253426301e-07    2.68435588097403e-06    0.00051788716361848    0.00160172563272964
197.989959999911    -0.000110896239088583    0.000444531167415772    8.46989443544223e-08    3.04079719994217e-06    0.000269074280655789    0.00168617592235749
198.343513499911    5.15147606298616e-05    0.000459313230660333    4.84865746203381e-08    3.074194192473e-06    0.000214085973519019    0.0016921068372338
198.69706699991    0.000205367139609431    0.00039172335620001    2.40832735756579e-07    2.77906756311959e-06    0.000445709629383548    0.00162037661527405
199.05062049991    0.000316841908749398    0.000239097086388396    5.27669462592657e-07    2.30082901351382e-06    0.000653667092221029    0.00149788570885579
199.40417399991    0.000373600546645884    7.27242086922008e-05    7.24150571257289e-07    2.00290664588523e-06    0.000764573870076127    0.0014133710890475
199.75772749991    0.000365918713579562    -0.000112210067604426    6.92983197822267e-07    2.038297860654e-06    0.000747720999353733    0.00142327325604826
200.111280999909    0.000299372606163453    -0.00026169589300507    4.66490429290082e-07    2.35597844335802e-06    0.000613894512085736    0.00151244626448092
200.464834499909    0.00018193669414421    -0.000392075220798475    1.8928339103811e-07    2.74945478877994e-06    0.000395199228696092    0.00161112749651161
200.818387999909    3.08991533793764e-05    -0.000450298050732444    3.47600282116378e-08    3.0179403485637e-06    0.000183862096507343    0.00167784743468238
201.171941499909    -0.000127131238742248    -0.000426015910516287    1.09343449529005e-07    2.88974038015781e-06    0.00030525579055092    0.00164567640322902
201.525494999908    -0.000258175979900475    -0.00030376950748235    3.54432056455559e-07    2.43975448097973e-06    0.000536448711302384    0.00153214835029238
201.879048499908    -0.000338659537701033    -0.000149623696862571    5.98421980778552e-07    2.0660050978137e-06    0.000695508230219222    0.00142955162451409
202.232601999908    -0.000361412222115596    2.27006096736225e-05    6.87700186173013e-07    1.92873711260928e-06    0.000746378852780865    0.00138860426145455
202.586155499908    -0.000324586746826151    0.000185819974382476    5.65408378774909e-07    2.10829100960705e-06    0.000678271201334485    0.00144005623040475
202.939708999907    -0.000231386606706305    0.00032847773099601    3.05373063468746e-07    2.47959350570048e-06    0.000501829952977786    0.0015400311314841
203.293262499907    -0.000100640133884394    0.000404465380800786    8.24575994030187e-08    2.81398250097094e-06    0.000268940816639553    0.00162800192159119
203.646815999907    4.8358736177818e-05    0.000424729828549187    4.1248343723729e-08    2.85071513069139e-06    0.000197255611730093    0.00163411128857002
204.000369499907    0.000188320556934598    0.000349932225947692    2.02701597623961e-07    2.58614798116528e-06    0.000408946164500664    0.00156961632840914
204.353922999906    0.000289560358231143    0.00022457866654017    4.53607313615509e-07    2.17292589409061e-06    0.000608080679315303    0.00145687690510408
204.707476499906    0.000342923884000637    6.80505916445093e-05    6.25858978318605e-07    1.9106445280063e-06    0.000712925092909853    0.00138058453018391
205.061029999906    0.000337693897617683    -9.54941954328845e-05    6.11738399991952e-07    1.92625936591757e-06    0.000705479433792177    0.00138460832893501
205.414583499906    0.000277119706642023    -0.000244089853064354    4.1663283115828e-07    2.22132464703548e-06    0.000582955829672299    0.00147028731568578
205.768136999905    0.000169822887210093    -0.000354223742382154    1.70111774449901e-07    2.58340296957036e-06    0.000375861625374989    0.00156777820813505
206.121690499905    3.12450568279391e-05    -0.000415687263873491    3.2642379293992e-08    2.76717030006808e-06    0.000177949784258961    0.00161070618013387
206.475243999905    -0.000113423111817023    -0.000393262736223097    9.46625834618111e-08    2.6849017742645e-06    0.000286003113912339    0.00159067476077381
206.828797499905    -0.000235432708211947    -0.00027651980987898    3.08980929128004e-07    2.27473743829456e-06    0.000503539838574856    0.00148265782736242
207.182350999904    -0.00030714702411319    -0.000136338000354547    5.2359848271313e-07    1.94781925144166e-06    0.000655178745298977    0.00138896767460621
207.535904499904    -0.000329385801292449    1.86798617238894e-05    5.99973761351792e-07    1.83075820200717e-06    0.000701055458047881    0.00135292618600319
207.889457999904    -0.000293285029556339    0.000182266171801132    4.90155376158266e-07    1.99177656059269e-06    0.000635719488136397    0.00139948404893005
208.243011499904    -0.000207043559724171    0.000292978155296635    2.65805058711591e-07    2.33152328025139e-06    0.00047216313186052    0.00149856167065969
208.596564999903    -9.07409359756001e-05    0.000361091632678954    7.30708264848744e-08    2.61802298065375e-06    0.000254630927075142    0.00157722408473336
208.950118499903    4.1256600957965e-05    0.000374350317143637    3.75684682247723e-08    2.66341454217025e-06    0.000189384162754354    0.00158848241483018
209.303671999903    0.000164548696798499    0.000312035423195313    1.80865415582364e-07    2.39438413181427e-06    0.00039215958736754    0.00151559164239105
209.657225499903    0.000254994067428096    0.000189173723961823    3.93973678559736e-07    2.04839463945929e-06    0.000573543114452794    0.0014186641398237
210.010778999902    0.000298967298166035    5.66534539525475e-05    5.40349911918451e-07    1.81702096127395e-06    0.000671541857627469    0.00134677813593375
210.364332499902    0.000292983444570809    -8.30772872522011e-05    5.20935321774147e-07    1.85456594307187e-06    0.000659618088731328    0.00135928808845465
210.717885999902    0.000240375438548275    -0.000214988627781032    3.52980177221961e-07    2.073436796571e-06    0.000543322947945957    0.00142380359828729
211.071439499902    0.000144661811506163    -0.000315924303346465    1.43137137411556e-07    2.40150899616891e-06    0.000349585608547193    0.00151713573246561
211.424992999901    2.50481937891783e-05    -0.000355565520747842    2.96151122104385e-08    2.59220717316291e-06    0.000170257746368082    0.0015702803359968
211.778546499901    -0.000100837931742158    -0.000344637559186153    8.95113650584729e-08    2.4808316271881e-06    0.00028167903113373    0.00153689836358372
