#t    rhoGW_over_rho    rhoGW
0    0    0
3.53553499999997    3.79783474145956e-25    6.67688022264324e-28
7.07107000000009    5.20072261884015e-25    7.55270615276072e-29
10.6066050000002    8.86393953964012e-25    3.48948943118375e-29
14.1421400000004    2.12835586361333e-23    2.74059241236822e-28
17.6776750000001    2.38624905279695e-22    1.38303975725008e-27
21.2132099999994    1.54656535076198e-20    4.48983440291436e-26
24.7487449999986    1.83349124460264e-19    2.92419393796193e-25
28.2842799999979    1.34168241549329e-17    1.31873264880152e-23
31.8198149999971    1.99683313095844e-16    1.20229456011411e-22
35.3553499999981    1.45128389386341e-14    6.05841005215101e-21
38.8908849999991    2.64166023181243e-13    7.27335023483686e-20
42.4264200000001    2.24015496657145e-11    4.59412434595077e-18
45.9619550000012    1.00420606975519e-09    1.43921976703555e-16
49.4974900000022    3.00960879521538e-08    3.3603891806727e-15
53.0330250000032    3.49317235720502e-07    2.86762278004648e-14
56.5685600000043    6.64107564418357e-07    4.36650924269373e-14
60.1040950000053    7.51435368990215e-07    3.79104885033448e-14
63.6396300000063    8.0216347242164e-07    3.30287753817945e-14
67.1751650000042    1.1039282702018e-06    3.61934975508269e-14
70.7107000000017    1.29138136876797e-06    3.49710383706359e-14
74.2462349999991    1.6826213450394e-06    3.74517291011025e-14
77.7817699999966    2.48479322156699e-06    4.60597402432162e-14
81.3173049999941    3.06426559662713e-06    4.78168491180465e-14
84.8528399999916    4.54677655368446e-06    5.96861923197237e-14
88.3883749999891    4.56673583671657e-06    5.13022804114186e-14
91.9239099999865    4.89028515738959e-06    4.68080289099004e-14
95.459444999984    4.61026802141445e-06    3.81521430260744e-14
98.9949799999815    5.53823433278233e-06    3.96127836087969e-14
102.530514999979    5.35655952560048e-06    3.33363739562177e-14
106.066049999976    5.72339881209512e-06    3.12131795442038e-14
109.601584999974    5.34231865264172e-06    2.54984020091461e-14
113.137119999971    5.70014414821794e-06    2.40944026123066e-14
116.672654999969    5.99086564186221e-06    2.23216747556623e-14
120.208189999966    5.8937163007841e-06    1.95823332742266e-14
123.743724999964    5.85720644302204e-06    1.73040634354319e-14
127.279259999961    6.28975785622753e-06    1.66345270834737e-14
130.814794999959    6.09291345513393e-06    1.44614186466689e-14
134.350329999956    6.57784816731196e-06    1.40234126375059e-14
137.885864999954    6.22296548822994e-06    1.19923832020559e-14
141.421399999951    6.29407972020478e-06    1.09472993394288e-14
144.956934999949    6.22830161173589e-06    9.83701749734207e-15
148.492469999946    6.36088178432422e-06    9.12391144392262e-15
152.028004999944    6.60273728347879e-06    8.62168224183727e-15
155.563539999941    6.83540070336948e-06    8.15686889281732e-15
159.099074999939    6.45281303589139e-06    7.03417741668706e-15
162.634609999936    6.79841891250165e-06    6.79396447603699e-15
166.170144999934    6.62656192866352e-06    6.0834417479722e-15
169.705679999931    6.69375701073835e-06    5.64609544342759e-15
173.241214999929    6.69818388921155e-06    5.20851675353501e-15
176.776749999926    6.73619171966115e-06    4.83489407003302e-15
180.312284999924    6.74256802163331e-06    4.4696725836026e-15
183.847819999921    7.29575780707336e-06    4.47980741845021e-15
187.383354999919    7.05504730566195e-06    4.01604006819931e-15
190.918889999916    7.11192939834162e-06    3.75626585161128e-15
194.454424999913    6.8076480450116e-06    3.34422766673234e-15
197.989959999911    6.63823482475858e-06    3.03548187227697e-15
201.525494999908    7.23099785603917e-06    3.08028707527785e-15
205.061029999906    7.05539260159135e-06    2.80566154717867e-15
208.596564999903    7.01774766800946e-06    2.60728192355285e-15
