#t    <phi>    <pi>    <phi^2>    <pi^2>    rms(phi)    rms(pi)
0    1.29246970711411e-25    7.05688460084302e-24    4.03129243134388e-15    4.86164502588146e-13    6.3492459641629e-08    6.97254976739604e-07
0.5    -1.22125992299977e-15    1.87890328635844e-15    1.66327020260292e-15    2.33202528364875e-13    4.07832098124083e-08    4.82910476553237e-07
1    1.44988616178544e-16    -1.21446429646777e-16    9.47015615716724e-16    1.0564230643414e-13    3.07736188271176e-08    3.25026624192757e-07
1.5    -2.47877000609123e-16    2.57787928007418e-15    8.1199161307575e-16    4.69403441057809e-14    2.84954665354991e-08    2.16657204140044e-07
2    5.06831896028011e-17    1.28410112344185e-16    1.23277820523897e-15    1.63740115119874e-14    3.51109413892447e-08    1.27960976520138e-07
2.49999999999999    1.25284790544081e-16    -2.77994098291433e-16    1.37886855732159e-15    1.25184043743967e-14    3.71331194127506e-08    1.11885675465614e-07
2.99999999999998    -2.91868771337726e-16    -1.43222411016247e-17    5.4366835898046e-16    1.92575323774367e-14    2.33166969997995e-08    1.38771511404311e-07
3.49999999999997    3.49749033197066e-16    -1.3361506036842e-15    1.96887114043792e-16    3.88984759911571e-14    1.40316468756804e-08    1.97226965679536e-07
3.99999999999996    2.92471471184506e-16    -3.70198304241416e-16    1.57583217401662e-16    3.37963221384561e-14    1.25532154208259e-08    1.83837760371628e-07
4.49999999999995    9.55459970987602e-17    1.14378866583665e-15    1.6408331847705e-16    2.21307153219952e-14    1.28095011018014e-08    1.48763958410615e-07
4.99999999999994    -2.38423041557313e-16    6.16151872111927e-16    2.59535516518584e-16    9.91656312689289e-15    1.6110106036851e-08    9.95819417710505e-08
5.49999999999993    3.96564543880811e-16    8.406079794759e-16    6.31888250555846e-16    4.04359460304789e-15    2.51373875045886e-08    6.35892648412284e-08
5.99999999999992    5.95166740193102e-16    -2.04320643426649e-15    2.99620642409909e-16    1.32169276530295e-14    1.73095535011712e-08    1.14964897481925e-07
6.49999999999991    -1.34089911794777e-16    3.08968398351826e-15    8.93102404501664e-17    2.29430322411248e-14    9.45040953875367e-09    1.51469575298556e-07
6.9999999999999    -2.01788894493793e-16    1.37868812173588e-15    9.98801230339351e-17    2.05336882934912e-14    9.99400435430839e-09    1.43295806964095e-07
7.49999999999988    -2.16613047546144e-16    2.04441781494117e-15    1.08644314846637e-16    1.49762851944276e-14    1.04232583603515e-08    1.22377633554615e-07
7.99999999999987    -2.37717435207829e-16    -1.77876549173508e-15    1.51219191778578e-16    8.78430800805678e-15    1.22971212801443e-08    9.37246392794167e-08
8.49999999999986    4.50812958083301e-17    1.85917234807641e-15    2.12975960782411e-16    5.08872821544754e-15    1.45936959260638e-08    7.133532235469e-08
8.99999999999985    9.51324226226526e-16    1.31437812165061e-15    8.19089959170499e-16    2.05334477898748e-15    2.86197477132573e-08    4.5313847541204e-08
9.49999999999984    -2.37702790666555e-16    -4.88342164669122e-15    1.46427881122329e-16    1.74434567723378e-14    1.21007388667936e-08    1.32073679332173e-07
9.99999999999983    5.65700025793059e-16    -1.86601181211772e-16    1.97023522394136e-16    1.35507938636176e-14    1.40365067732017e-08    1.16407877154502e-07
10.4999999999998    6.34220206470764e-16    3.9475879445058e-15    1.84621638954623e-16    9.96311086813956e-15    1.35875545612381e-08    9.98153839252224e-08
10.9999999999998    4.26403751944817e-16    5.88981799976757e-15    2.14792021587276e-16    7.13437440646452e-15    1.4655784577677e-08    8.44652260191405e-08
11.4999999999998    -5.99983642421615e-16    3.71051285780498e-16    2.79944581973459e-16    5.01930837667595e-15    1.67315445184675e-08    7.08470774039124e-08
11.9999999999998    5.68976877618889e-16    2.42962950089914e-15    5.76441571743953e-16    5.11898977656595e-15    2.40091976489001e-08    7.1547115780903e-08
12.4999999999998    1.60153264767855e-15    -2.07073747827059e-16    1.11506055783431e-15    8.99583569794129e-15    3.33925224838483e-08    9.48463794667002e-08
12.9999999999998    -1.08218922096692e-15    2.87188984710141e-15    3.37260970558886e-16    3.00458127185605e-14    1.83646663612189e-08    1.73337280232962e-07
13.4999999999998    -8.15819301295886e-16    -2.88585326521492e-15    4.17399165579694e-16    7.05515866398877e-15    2.04303491301469e-08    8.399499189826e-08
13.9999999999997    -8.41824602058743e-16    -1.47980100446343e-15    4.01312374020373e-16    7.54106784634619e-15    2.00327824832292e-08    8.68393220053346e-08
14.4999999999997    -1.63535640531399e-16    -7.24181917654037e-15    8.89045046478606e-17    3.52355456233462e-14    9.42891853013168e-09    1.87711335894629e-07
14.9999999999997    -5.56891684083476e-16    3.40824554246715e-15    1.43107531969635e-16    1.52730504929454e-14    1.19627560356983e-08    1.23584183830074e-07
15.4999999999997    1.40991890065334e-15    3.08945042904645e-15    2.6083838202715e-15    5.93920688489173e-15    5.10723390914446e-08    7.70662499729403e-08
15.9999999999997    -8.90487556728806e-16    -9.98442941124602e-15    9.04773043686574e-17    8.87653035880664e-14    9.51195586452422e-09    2.97935066059815e-07
16.4999999999998    1.40877574022627e-15    -1.11703153553952e-14    1.09216928054655e-15    7.15278730002764e-15    3.30479845156486e-08    8.45741526710585e-08
16.9999999999999    1.7339040797542e-15    -7.03111876804678e-15    8.57769856980674e-16    1.68682411200741e-14    2.92877082917164e-08    1.29877793021263e-07
17.4999999999999    1.66388020222776e-15    4.81990921596203e-15    6.36616256405352e-16    5.31184269284836e-14    2.52312555455599e-08    2.30474351997101e-07
18    -1.49920148980346e-15    3.77033327287027e-15    1.57766371674975e-15    6.10407772697007e-15    3.97198151651004e-08    7.81285973697855e-08
18.5000000000001    9.77110725144865e-16    3.87193146933914e-15    1.76763597421171e-15    2.63865731080465e-14    4.20432631251632e-08    1.62439444434061e-07
19.0000000000002    1.7303201072683e-15    -6.62461774230526e-15    6.80301191504311e-15    1.76268792784038e-14    8.24803729080022e-08    1.32766258056796e-07
19.5000000000002    -6.09643415314092e-16    2.37875390223835e-14    2.80053561632131e-15    6.51377463645667e-14    5.29200870777941e-08    2.55220975557586e-07
20.0000000000003    -2.48962424268879e-15    2.16268546255463e-14    1.99005813449946e-15    6.59072119942213e-14    4.46100676361229e-08    2.56723999645964e-07
20.5000000000004    -2.6495499577487e-15    1.59017612216919e-14    1.76984235905235e-15    9.36006595693218e-14    4.20694943997707e-08    3.05942248748553e-07
21.0000000000005    -1.21353182682355e-15    -1.28492345721028e-14    1.7625194673475e-16    2.14409820879185e-13    1.32759913654216e-08    4.63044080924467e-07
21.5000000000006    -8.8675617524391e-16    3.75127462199925e-15    5.41806123923033e-16    8.74408744294093e-14    2.3276729235935e-08    2.95704031811217e-07
22.0000000000006    1.3635305209632e-15    3.81673802510137e-15    1.40520186762015e-14    4.16321571702404e-14    1.18541210877068e-07    2.04039597064492e-07
22.5000000000007    -7.2223614232247e-18    -6.26849167380319e-15    4.14508143861825e-16    5.5001770264699e-13    2.03594730742676e-08    7.41631783735696e-07
23.0000000000008    -1.32721659817099e-16    1.39198202097828e-14    6.21774391312431e-15    1.01640552129455e-13    7.88526722002769e-08    3.1881115433663e-07
23.5000000000009    -2.24161366667961e-15    3.34347019901393e-14    3.93181239375574e-15    3.26654764887468e-13    6.27041656810433e-08    5.71537194666687e-07
24.000000000001    -4.34303709647167e-15    2.33464874672766e-14    2.09599964757927e-15    5.46902685465529e-13    4.57820887201453e-08    7.39528691441737e-07
24.500000000001    2.12737170016753e-16    -2.45396009030102e-14    1.06168312768014e-14    2.00225802365182e-14    1.03038008893812e-07    1.41501166908678e-07
25.0000000000011    -5.36976407664893e-16    7.20112100035642e-15    9.00059146889175e-15    1.84252507568164e-13    9.48714470686083e-08    4.29246441532326e-07
25.5000000000012    6.58195961708097e-15    3.5512237383337e-14    4.9155876013661e-14    5.26446195333067e-14    2.21711244671219e-07    2.29444153408418e-07
26.0000000000013    -4.54669294649291e-15    -1.31709755910836e-13    2.28600252240025e-14    1.36687273348203e-13    1.51195321435561e-07    3.69712419791634e-07
26.5000000000013    1.15513016867334e-14    -1.4592163561552e-13    9.18101018626507e-15    1.11817192160246e-12    9.58175880841557e-08    1.05743648584794e-06
27.0000000000014    1.07498725973465e-14    -1.08685129446473e-13    7.54525675419744e-15    1.3291540612752e-12    8.68634373841913e-08    1.15288944017854e-06
27.5000000000015    8.51753123919539e-15    1.91741697678268e-14    2.6010830461856e-15    1.41638138029016e-12    5.10008141717907e-08    1.1901182211403e-06
28.0000000000016    -6.08384141528182e-15    -3.27654280827808e-15    4.66262630874681e-15    6.14020631643523e-13    6.82834263108317e-08    7.83594685818838e-07
28.5000000000017    -2.41605034515772e-15    8.65658945793382e-15    9.40827554539677e-14    3.37051719884459e-13    3.06729123908976e-07    5.80561555637694e-07
29.0000000000017    -6.13730067490008e-15    -1.82934817150731e-14    8.57638476699335e-15    3.81840101727586e-12    9.26087726243757e-08    1.95407293038818e-06
29.5000000000018    8.30869068848404e-15    -9.76334656940532e-14    3.54761968904963e-14    1.98577035188013e-12    1.8835125932814e-07    1.40917364149352e-06
30.0000000000019    1.52145596041313e-14    -8.75420394708222e-14    1.61154136716305e-14    4.52578395989008e-12    1.26946499249212e-07    2.12738900060381e-06
30.500000000002    1.61080640658809e-14    -3.28079047336777e-15    5.68843326765507e-15    5.26638578900396e-12    7.5421702895485e-08    2.2948607341196e-06
31.000000000002    -7.15196007539665e-15    6.0149955600816e-14    7.86791145866321e-14    2.1788564078802e-13    2.80497976082952e-07    4.66782219871341e-07
31.5000000000021    5.92177932619727e-15    2.1656860144112e-15    5.55964813042411e-14    1.48454292110163e-12    2.35789061036005e-07    1.21841820451831e-06
32.0000000000022    3.33464186602043e-15    -3.17221488737413e-14    3.9888637044543e-13    1.67071896513142e-13    6.3157451693797e-07    4.08744292330965e-07
32.5000000000021    -6.35532514141286e-15    1.0002997965545e-13    1.90768429851157e-13    2.36991960145667e-13    4.36770454416455e-07    4.8681820030239e-07
33.000000000002    -1.38833232847572e-14    2.00808761349299e-15    3.60585896845991e-14    1.42058349981986e-11    1.89890994216679e-07    3.76906288063739e-06
33.5000000000019    -1.2110130539413e-14    -9.71390352448875e-15    2.60113397623255e-14    1.55648255192185e-11    1.61280314243014e-07    3.94522819608936e-06
34.0000000000018    -4.03804816333243e-15    -6.48145533734879e-14    4.43434155606408e-14    9.6445172314007e-12    2.10578763318243e-07    3.10556230518737e-06
34.5000000000017    1.09495938772485e-15    1.46983497032633e-14    5.08167759508835e-14    4.7897227115345e-12    2.25425765942768e-07    2.18854351374025e-06
35.0000000000016    5.59043895774713e-15    7.21810058848908e-15    7.10972087358079e-13    2.98482445913062e-12    8.43191607736983e-07    1.72766445212333e-06
35.5000000000015    -2.12634606382998e-15    -2.84140629463518e-14    1.49308914800973e-13    2.85099636720465e-11    3.86405117462196e-07    5.3394722278561e-06
36.0000000000014    9.98311423594808e-16    -7.10111292910971e-15    1.88435917198362e-13    2.85766272523102e-11    4.34092060740994e-07    5.34571110819788e-06
36.5000000000013    -4.92016947017567e-15    6.73989099066257e-16    4.58629010739837e-14    5.18869581090595e-11    2.14156253875491e-07    7.2032602416586e-06
37.0000000000012    -8.42563971997636e-15    -9.17037513148159e-15    1.0382569025886e-14    4.87455326310393e-11    1.01894892050023e-07    6.98180009961896e-06
37.5000000000011    1.2066349616596e-15    -3.62848235683998e-14    6.19034338382357e-13    3.72132338790671e-12    7.86787352708696e-07    1.92907319402523e-06
38.000000000001    1.39060997955681e-14    4.51865124771788e-14    3.74380777917789e-13    1.31976817324788e-11    6.11866634094219e-07    3.63286136984042e-06
38.5000000000009    4.09864268676096e-14    1.00420033408004e-13    3.50235550726152e-12    5.5129541820566e-13    1.87145812329892e-06    7.42492705826562e-07
39.0000000000008    -6.84121348705779e-15    -5.03586646993831e-13    1.60640568714497e-12    5.40890333601085e-12    1.2674406049772e-06    2.3257049116366e-06
39.5000000000007    5.36718499046811e-14    -3.34828943732076e-13    8.7726222822946e-14    1.56296628488536e-10    2.9618612868084e-07    1.25018650004124e-05
40.0000000000006    3.2396979187431e-14    -2.87310485772172e-13    4.81108100602143e-14    1.62755743206738e-10    2.19341765426043e-07    1.27575759142063e-05
40.5000000000005    1.38156423049382e-14    -1.83032016437977e-13    6.57175136053569e-13    6.37921918068104e-11    8.10663392570288e-07    7.98700142774561e-06
41.0000000000004    1.38427213915694e-14    2.48775298394959e-13    6.09777781656618e-13    3.9598383778483e-11    7.80882693915429e-07    6.29272467048122e-06
41.5000000000003    1.024726243381e-13    1.42011209977075e-13    5.8025969301158e-12    2.82273039435088e-11    2.40885801368943e-06    5.31293741196984e-06
42.0000000000002    -9.16298007559401e-15    -8.73070159689745e-13    2.2594849689319e-12    2.21884711068647e-10    1.50315833129179e-06    1.48957950801106e-05
42.5000000000001    1.91009481960282e-13    3.00693602460967e-13    8.20171308586568e-13    3.53702261444727e-10    9.05633098217226e-07    1.88069737449896e-05
43    2.69652605821932e-13    1.3709177686885e-12    6.04669374647583e-14    5.25710360576705e-10    2.45900259179785e-07    2.29283745733688e-05
43.4999999999999    2.80722682537447e-13    2.19340696940799e-12    2.29656750002276e-13    4.2751867203611e-10    4.79225155852859e-07    2.06765246604961e-05
43.9999999999998    -2.94077048589572e-13    1.33059002563513e-12    4.99013375011815e-12    6.29868397785373e-11    2.23386072755623e-06    7.93642487386704e-06
44.4999999999997    4.22612278711908e-13    8.63014967767485e-13    2.62005603960021e-12    1.25804783956694e-10    1.61865871622156e-06    1.12162731759124e-05
44.9999999999996    7.45090178690315e-13    -1.99783709929358e-13    3.24311173835015e-11    4.38623413654923e-12    5.69483251584284e-06    2.09433381688526e-06
45.4999999999995    -4.88164650122308e-13    -1.07372064561396e-12    1.33641832454093e-11    1.5580375768339e-10    3.65570557422354e-06    1.24821375446431e-05
45.9999999999994    -1.93235516968665e-13    -5.73842405291949e-12    1.68385518702906e-13    1.548405253573e-09    4.10348045813391e-07    3.93497808580043e-05
46.4999999999993    -4.11678128737997e-13    -7.33881180891327e-12    3.45075490869682e-13    1.53791963396224e-09    5.87431264804243e-07    3.92163184651771e-05
46.9999999999992    1.50783041409528e-14    -9.83810990238534e-12    8.78176139430087e-12    3.81189926710405e-10    2.96340368399259e-06    1.9524085809848e-05
47.4999999999991    6.07121209853858e-13    7.95926090346492e-12    7.58773894848766e-12    3.36259606065681e-10    2.75458507737323e-06    1.83373827485173e-05
47.999999999999    3.20655087841511e-12    4.00866685299254e-12    4.9871403666698e-11    2.79990716909391e-10    7.06196882368421e-06    1.67329231429949e-05
48.4999999999989    2.08306071573089e-12    -1.69827444327268e-11    3.16123002528263e-11    1.76127258978202e-09    5.62248168096811e-06    4.19675182704641e-05
48.9999999999988    1.5909262261328e-12    2.49187550799725e-11    2.18369969371265e-12    3.97460134315699e-09    1.47773464928928e-06    6.30444394308996e-05
49.4999999999987    2.30162504860636e-12    4.28046307972409e-11    2.44762022950119e-12    4.74571930738544e-09    1.56448720975785e-06    6.8889181352253e-05
49.9999999999986    3.03576206783795e-12    5.73147224827471e-11    7.57863579088632e-12    3.45266592247429e-09    2.75293221690566e-06    5.87593900791269e-05
50.4999999999985    -7.17484745342355e-12    1.7808713790971e-11    3.99951628280289e-11    9.90710269636556e-10    6.32417289674922e-06    3.14755503468365e-05
50.9999999999984    1.11720275503094e-11    2.57538527642439e-11    1.8459971451884e-11    1.26082559727864e-09    4.29650688952772e-06    3.55081060784432e-05
51.4999999999983    2.11518076136113e-11    2.29771236717028e-12    3.11501270659709e-10    8.48101207148627e-11    1.76493985919992e-05    9.20924104988339e-06
51.9999999999982    -1.3270174690045e-11    -5.14196668815491e-11    1.07560442803051e-10    3.00321452529638e-09    1.03711350778434e-05    5.48015923609318e-05
52.4999999999981    -5.26454985449877e-12    -1.93274470820903e-10    1.10223673463425e-11    1.38581046007884e-08    3.31999508227268e-06    0.000117720451072662
52.999999999998    -1.21252349646538e-11    -2.74500665044378e-10    1.76546382230294e-11    1.29383841278465e-08    4.20174228420572e-06    0.000113747018104965
53.4999999999979    5.28435276857966e-12    -3.20163171888966e-10    1.08408756534783e-10    1.82590279957893e-09    1.04119525803163e-05    4.27305838887842e-05
53.9999999999978    1.26101094605884e-11    2.4134787384016e-10    9.52667811063902e-11    2.86086162306068e-09    9.76047033222433e-06    5.34870229401715e-05
54.4999999999977    9.11890749097357e-11    1.19483373932231e-10    4.44087138096183e-10    2.87854208217349e-09    2.10733750995864e-05    5.36520463930241e-05
54.9999999999976    6.92866649716101e-11    -4.49829060802403e-10    4.21305254626267e-10    1.40375327179019e-08    2.05257217807673e-05    0.000118480094183367
55.4999999999975    2.88398389111832e-11    8.07509332350194e-10    4.71263279765212e-12    4.1331518275717e-08    2.17085992104981e-06    0.000203301545186122
55.9999999999974    3.42621347574855e-11    1.37452970826326e-09    8.84788792831555e-11    3.74212620385249e-08    9.4063212406329e-06    0.000193445759934498
56.4999999999973    4.64060391404557e-11    1.81717492667042e-09    1.55923885619634e-10    2.4508323000113e-08    1.24869486111492e-05    0.000156551343005453
56.9999999999972    -2.17879839840652e-10    2.96052167943653e-10    3.09259529267955e-10    1.46032836681193e-08    1.75857763326071e-05    0.000120844046887017
57.4999999999971    3.19228988624731e-10    7.84109632816846e-10    1.26843349051908e-10    1.31005795649166e-08    1.12624752585744e-05    0.000114457763233001
57.999999999997    6.22655985320986e-10    1.98154247805989e-10    3.06769236702119e-09    1.59398192398556e-09    5.53867526276228e-05    3.99247031791884e-05
58.4999999999969    -3.48408534195167e-10    -2.13266775732535e-09    8.16539730943014e-10    4.7188502342981e-08    2.85751593315177e-05    0.000217229147073851
58.9999999999968    -3.83068877262249e-11    -5.90318163068593e-09    3.37488918707321e-10    1.09949296231139e-07    1.83708714737721e-05    0.000331586031364851
59.4999999999967    -1.91538086504799e-10    -9.03078443064987e-09    4.34247508815152e-10    9.26777986577707e-08    2.08386062100723e-05    0.000304430285248061
59.9999999999966    3.55979295898053e-10    -9.17416982001927e-09    1.24894218660093e-09    5.31048119967289e-09    3.53403761507176e-05    7.28730479361712e-05
60.4999999999965    2.28176160428117e-10    7.41489665806472e-09    1.19833484471086e-09    2.36122883258587e-08    3.46169733607488e-05    0.000153662904667581
60.9999999999964    2.65471946158129e-09    3.56317266522122e-09    4.02648494311903e-09    3.04482677566583e-08    6.34545895587663e-05    0.000174494320090833
61.4999999999963    2.37865033851796e-09    -1.17554893298425e-08    5.42392663424594e-09    1.10401968060945e-07    7.36473124328917e-05    0.00033226791587927
61.9999999999962    2.71826741050936e-10    2.49991911742884e-08    3.13213880713172e-10    3.97646041984522e-07    1.76978496049459e-05    0.000630591818341756
62.4999999999961    6.8500512144057e-11    4.14725980312626e-08    1.84132953715063e-09    2.40133227193845e-07    4.29107158778077e-05    0.000490033902371936
62.999999999996    1.02970027348822e-10    5.59284441134561e-08    2.51537655587708e-09    1.35298961678504e-07    5.01535298445331e-05    0.000367830067491108
63.4999999999959    -6.70794489941438e-09    6.68645185772457e-10    2.16057723174903e-09    2.06216873559655e-07    4.64820092805002e-05    0.000454111080639096
63.9999999999958    9.12345757620225e-09    2.51409621999429e-08    7.68658431295687e-10    1.38831641063489e-07    2.77246884213008e-05    0.000372601181468096
64.4999999999961    1.88055922315892e-08    9.6743324587261e-09    3.03226810435412e-08    2.64105618241189e-08    0.000174134088247795    0.000162513266321634
64.9999999999963    -8.64467753261514e-09    -8.16133866514406e-08    5.50716216948714e-09    6.55368793760776e-07    7.42102559944156e-05    0.000809548508182203
65.4999999999966    3.41557762401702e-09    -1.6605196509009e-07    6.71272814199521e-09    7.05287063118207e-07    8.19312402587013e-05    0.000839813690972559
65.9999999999969    1.99651302181967e-09    -2.72633756621199e-07    7.72972412593756e-09    4.60840422650972e-07    8.79188496396052e-05    0.000678852228634337
66.4999999999971    1.91264141738121e-08    -2.30845872233103e-07    1.31913497266668e-08    3.24564771232832e-08    0.000114853599686066    0.000180156664693445
66.9999999999974    -2.09363324155986e-09    2.26107288893951e-07    1.57075005667741e-08    1.57353719546548e-07    0.000125329567789851    0.00039667829335879
67.4999999999976    7.88548097109243e-08    1.19927214552549e-07    3.35300361679365e-08    3.29374233050185e-07    0.000183112069372435    0.00057391133345461
67.9999999999979    8.69100237197815e-08    -2.96707772634565e-07    6.61311163922202e-08    7.8463248448371e-07    0.000257159695206827    0.000885794782355489
68.4999999999981    -2.17656909909755e-08    7.20650527275704e-07    1.11202358346357e-08    3.23616690310211e-06    0.000105452526574238    0.00179893479141544
68.9999999999984    -5.24040249534575e-08    9.52218738772015e-07    2.97806099359528e-08    7.30596391764118e-07    0.000172570586108326    0.000854748784757014
69.4999999999986    -8.5660624068458e-08    1.25926650839461e-06    3.45509089433159e-08    2.07868017918872e-07    0.000185878728222391    0.000455923713099826
69.9999999999989    -1.75443508224976e-07    -8.22531486330361e-07    6.9772885748108e-09    2.89577950128909e-06    8.35299814101872e-05    0.00170169880552671
70.4999999999992    1.7683134089153e-07    1.00397136426602e-06    3.60808655498357e-09    1.29934468149306e-06    6.00670898717463e-05    0.00113988757056762
70.9999999999994    6.00651056686364e-07    6.38303060943825e-07    2.38092539167367e-07    4.33539164565296e-07    0.000487946901194868    0.000658436600694781
71.4999999999997    -8.3982777993187e-08    -3.45233378794632e-06    2.0081512106185e-08    7.24129624088845e-06    0.000141709227127516    0.0026909634561398
71.9999999999999    4.84249711647598e-07    -1.77804181968365e-07    9.89531208550956e-08    1.29976770607697e-06    0.000314567777048623    0.00114007353905906
72.5000000000002    6.65686970941366e-07    2.36733122569884e-06    9.11083001747164e-08    8.13700281328083e-07    0.000301840780935203    0.000902050263051318
73.0000000000004    6.31090167674468e-07    7.54651132785547e-06    6.09134000585466e-08    5.80498180599497e-06    0.00024680559512245    0.0024093411664108
73.5000000000007    -1.31464388348813e-06    -1.93391782045393e-06    1.89403038375359e-07    6.13189156661652e-07    0.000435202608088254    0.000783061566304665
74.000000000001    9.50947002416017e-08    4.26281980359563e-06    5.76982311122517e-08    2.38605107975283e-06    0.000240204542149497    0.0015446789012996
74.5000000000012    1.66970156843728e-06    -2.89980547252477e-07    3.53487347935407e-07    1.39703974677217e-06    0.000594545675311897    0.00118196432377777
75.0000000000015    -1.65266416515692e-06    -4.19845152631326e-06    1.37768094911135e-07    6.42630514642132e-06    0.000371167568104073    0.00253501233121776
75.5000000000017    -7.39677173914166e-10    -3.12293889985219e-05    1.30604669064513e-07    3.55214356924604e-06    0.000361392679870478    0.00188445437580983
76.000000000002    2.0135101887994e-06    -3.9130420929286e-05    8.16610151576599e-08    1.03991667084687e-05    0.00028575682132607    0.00322453648120573
76.5000000000022    5.05994474256751e-06    1.94938885865225e-05    8.46260943170001e-08    8.20723791655551e-06    0.000290861635964942    0.00286476140452626
77.0000000000025    -5.4332254878009e-06    -2.46581512915191e-05    3.12101629427424e-07    1.23979861067274e-06    0.000558634146367927    0.00111318937573426
77.5000000000027    -1.50551454460849e-05    -1.36989975915921e-05    1.21937068002372e-07    2.07425562632447e-06    0.000348870191615691    0.00144016247826051
78.000000000003    9.22143616081182e-07    7.99048405304505e-05    3.14466918018498e-08    7.07806712763566e-06    0.000177329753434107    0.00265926349655228
78.5000000000033    -9.67075721067708e-06    -2.59635064851406e-05    8.01823455717144e-08    3.34127904560646e-06    0.000282999685559342    0.0018277321855068
79.0000000000035    -7.32245007655629e-06    -8.68993676230287e-05    4.52350967545245e-08    7.51351035685018e-06    0.000212559352839156    0.00273970050493789
79.5000000000038    -1.68183053517786e-06    -0.000111681611858121    2.69854625846532e-08    8.97308524123656e-06    0.000164263915790121    0.00299342821173472
80.000000000004    1.19511284205361e-05    5.14076235316828e-05    1.19268405587732e-07    3.12697145293469e-06    0.000345145731709387    0.00176757707305156
80.5000000000043    7.01120677437203e-06    -3.29642653026774e-05    1.42117094246281e-07    1.47451118529692e-06    0.00037691900618813    0.00121384700127733
81.0000000000045    -6.95274287050083e-06    -8.54634806402152e-06    1.96931308190922e-07    1.58929820325079e-06    0.000443714962061793    0.00126064474106925
81.5000000000048    5.53887783531075e-06    -6.16646236038766e-06    8.9528089440774e-08    3.7946004899829e-06    0.000299161177750556    0.00194796367130521
82.000000000005    3.16918506563547e-06    5.87505260900901e-05    6.30288529348319e-08    5.02330408339928e-06    0.00025103547398894    0.002240502724632
82.5000000000053    -4.90481421481076e-07    8.04576869510157e-05    4.7942766200144e-08    7.13609094987001e-06    0.000218957817006197    0.00267013436187779
83.0000000000056    -9.15057673126278e-06    -2.73534353012092e-06    5.3595373669981e-08    5.5755353000385e-06    0.000231325832140438    0.00236125555964073
83.5000000000058    1.1487183716946e-05    1.89469109419898e-05    1.37946292919559e-07    1.96653534402335e-06    0.000371233535028575    0.00140220410732144
84.0000000000061    1.44043826050798e-05    4.90702771915446e-07    2.76891665699401e-07    1.34358101468506e-06    0.000526007775095737    0.00115912931715829
84.5000000000063    -1.20202701258312e-06    -6.15232230384565e-05    2.96103053521062e-08    9.70494403600488e-06    0.000172072253670274    0.00311466834976564
85.0000000000066    5.96967320976341e-06    3.9990687441878e-05    1.09877583652638e-07    4.72186020375758e-06    0.000331424118999217    0.00217261615309182
85.5000000000068    -7.72347156626173e-07    7.0059871797496e-05    4.64691151757849e-08    1.24649751370671e-05    0.000215565578550135    0.00352988197415024
86.0000000000071    -6.230439457482e-06    3.0872353892006e-05    4.00094871418321e-08    1.19506727655919e-05    0.000199926658467546    0.00345683665557935
86.5000000000073    2.51807876260282e-06    -4.66423176926691e-05    1.30695753779442e-07    5.21876287410275e-06    0.000361509907276118    0.00228398497549853
87.0000000000076    -1.49008596031495e-05    -2.23404264560921e-05    2.28890267051397e-07    2.13315360581765e-06    0.000478192671874511    0.00146036108930751
87.5000000000079    -2.03835164261615e-05    2.52929689294359e-05    3.08772550416154e-07    2.21372478580455e-06    0.000555299074980554    0.00148764412798467
88.0000000000081    1.72830299735671e-05    3.77207414701425e-07    1.65014862257372e-07    3.61026927704422e-06    0.000405852385889629    0.00190007082361653
88.5000000000084    1.08121347354037e-06    0.000195154284466165    5.26615319128778e-08    1.29596907417365e-05    0.000229478458445019    0.00359466348174499
89.0000000000086    -1.05892817585732e-05    0.000184603996383501    4.22892897700834e-08    1.45116438655692e-05    0.000205370779036164    0.00380493958297479
89.5000000000089    -2.30303653588458e-05    -8.4948153408684e-05    1.32186469399044e-07    4.97235967849498e-06    0.000362844417995485    0.00222826019345305
90.0000000000091    3.22649706222675e-05    0.000107207094844709    2.61984302025522e-07    2.43857202785992e-06    0.000510826069906643    0.0015579084269221
90.5000000000094    6.16942123326174e-05    4.01534392915551e-05    3.39469312711485e-07    2.07077877502405e-06    0.000579364424931444    0.0014384597583308
91.0000000000096    1.40097900764221e-05    -0.000305516879845059    7.79465567402854e-08    9.94322041400211e-06    0.000278837376480091    0.00313845182377105
91.5000000000099    2.80020480923844e-05    0.000297098574135345    8.29502561378332e-08    1.12736824835035e-05    0.000286646370010968    0.00334446033326009
92.0000000000102    -1.75657458892998e-06    0.000477860317419106    5.22926839583662e-08    1.61108044812447e-05    0.000228669189888099    0.00398527966374768
92.5000000000104    -2.99212962458356e-05    0.000291161177759394    9.06541937521106e-08    1.03726345183369e-05    0.000299597913515898    0.00320746935868493
93.0000000000107    -1.16428792287095e-05    -0.000317642907746402    1.10284358721233e-07    8.08972477805794e-06    0.000331886730805103    0.00282645144327943
93.5000000000109    -5.83736752572748e-05    5.68031965137108e-05    3.12984326486025e-07    3.02009570274183e-06    0.000556396298085262    0.0017369136707412
94.0000000000112    -2.28077223476821e-05    0.000106132536318586    4.39541746988617e-07    2.63281030703721e-06    0.000662587016768309    0.00161911895541118
94.5000000000114    1.26869293286621e-05    -9.163832174438e-05    2.06110485734641e-07    5.15812107799592e-06    0.000453816623272937    0.00226930022165067
95.0000000000117    1.39842966479574e-05    -3.45800937899467e-06    8.12755681264895e-08    1.53238985362958e-05    0.000284745513702589    0.00391457361387763
95.500000000012    1.97079217288675e-05    0.000167804439314385    9.49381163656123e-08    1.31108317788843e-05    0.000307489372477719    0.0036169978502939
96.0000000000122    -7.98510866910534e-06    0.000225834366449141    1.52653694399735e-07    7.67207728351446e-06    0.000390627613513532    0.00276062966050229
96.5000000000125    6.41079211166094e-06    -0.000167023212147226    2.69595054603664e-07    4.76763850639544e-06    0.000519185859156588    0.00217709479651196
97.0000000000127    -6.14958023120075e-05    -0.000115838851110765    4.26253419538843e-07    3.31527324567956e-06    0.000649978219509581    0.00181710060432902
97.500000000013    -5.86040911041218e-05    0.000286201161130786    1.9326263995864e-07    9.46505390670667e-06    0.000435692782203813    0.00306319160387888
98.0000000000132    3.00834647507426e-05    -0.000472886021165966    1.12047028944707e-07    1.4617465583403e-05    0.000333379684583956    0.00379392203325118
98.5000000000135    5.51707218247463e-05    0.000159981677783386    1.15395535487936e-07    1.38407766979001e-05    0.000335189091322007    0.00371687806642533
99.0000000000137    1.71655457392778e-05    0.000447802308712896    1.47528766762384e-07    1.04854005151837e-05    0.000383710973001629    0.00320700383652641
99.500000000014    -4.43922729595892e-05    9.54639012523528e-06    1.73451269235082e-07    9.00705974268781e-06    0.000414102155677271    0.00300116121011907
100.000000000014    4.98904119712511e-05    0.000168461093252763    3.86417721910187e-07    4.40281174556631e-06    0.00061961977752774    0.00209151442873971
100.500000000015    0.000118162683988238    4.86449497896424e-05    6.08375745612802e-07    3.71515493330142e-06    0.000770982052790788    0.00192685977750364
101.000000000015    -4.34907703307348e-05    -0.000491183448246091    1.86190463397624e-07    1.12868137164696e-05    0.000429300612966792    0.00332348499870823
101.500000000015    7.25775693100564e-05    -0.000123953870854772    1.7371478019301e-07    1.28849770904259e-05    0.000410423289575597    0.00358742421917537
102.000000000015    4.76521138745013e-05    0.000543674515540448    1.46485208904557e-07    1.53789180666478e-05    0.000379755822796503    0.00388372708719339
102.500000000016    -4.23810668357636e-05    0.000432134949708439    1.66035920300006e-07    1.37342357116497e-05    0.000405265055826269    0.00368069220349789
103.000000000016    2.95106372824307e-05    -0.000305504565510404    2.61221526477352e-07    8.55313416502978e-06    0.000510245674910172    0.00290857372701503
103.500000000016    -0.000107818895182208    -0.000222096741786587    5.84687289960192e-07    5.18363545980048e-06    0.000757008834692093    0.00226590125492888
104.000000000016    -0.000153021457284735    0.00030094929257621    5.39891236423553e-07    8.62870149102561e-06    0.000718662417296194    0.00292200804487659
104.500000000017    0.000105095981288319    -0.00030347123819818    3.41337509599724e-07    1.11834052353604e-05    0.000574710661391251    0.00333036190870405
105.000000000017    1.32531342779613e-05    0.000833802831424953    2.11347644751958e-07    1.83604558453158e-05    0.000459534546235392    0.00420300234161528
105.500000000017    -4.71042960389222e-05    0.000337227448548584    2.09367617298567e-07    1.74936774135647e-05    0.000455136026472575    0.00416892732744408
106.000000000017    -2.07522280361227e-05    -0.000362721289941789    2.6965665081616e-07    1.29580530592472e-05    0.00051886992189536    0.00358140842757011
106.500000000018    -9.88656398433798e-06    0.000229064309236195    4.72851512897319e-07    7.80977423035766e-06    0.000687570919069373    0.00278519366877634
107.000000000018    9.54733357804509e-05    0.000187437919541479    7.21616274151965e-07    6.49706612965229e-06    0.000844097812049598    0.00254203327200299
107.500000000018    2.90358627050197e-05    -0.000592078165513432    2.66597697841117e-07    1.51108611735464e-05    0.000515513934358803    0.00384191418689546
108.000000000018    3.69579411514416e-05    0.00076950436693529    2.42844881197323e-07    1.83928027655281e-05    0.000491405119817823    0.00421908352545854
108.500000000019    -9.48982575314917e-05    5.06928336819669e-05    2.32992602086079e-07    1.84296622028124e-05    0.000473272567136069    0.00429267893505043
109.000000000019    1.56093969760431e-05    -0.000520543099732032    2.41367094860226e-07    1.70455757074416e-05    0.000491043217635954    0.00409568194428755
109.500000000019    9.11601472691113e-06    0.000316590192225727    3.44518150841432e-07    1.16483792694857e-05    0.000586885891052878    0.00339825689430216
110.000000000019    7.95323133985741e-05    3.44294178952261e-05    6.3253519445803e-07    7.52626735436053e-06    0.000791334193361756    0.00274318828547074
110.50000000002    7.47399791323782e-05    -0.000108374917931275    7.39004996281353e-07    8.39874338195922e-06    0.000856398815856634    0.002896031467219
111.00000000002    -3.29928103954375e-05    -0.000221311741862083    3.51303051216871e-07    1.37646223823539e-05    0.000591789257826704    0.00370346371593781
111.50000000002    3.70137816340934e-06    0.000323062237243848    2.87528300969919e-07    1.77242723940505e-05    0.000536203879853186    0.00419760684020283
112.00000000002    -3.01574290118972e-05    -0.000155742164973729    3.20930413618712e-07    1.74481071032755e-05    0.000565703935901196    0.00417418872133554
112.500000000021    3.60471504475066e-05    -0.000124167107406349    3.28439332338578e-07    1.49427347928329e-05    0.000571961480593923    0.00386358865852347
113.000000000021    -4.79933928693159e-05    -3.91602481616096e-05    4.75839660510592e-07    1.07467632527651e-05    0.000688139734902355    0.00327799172172979
113.500000000021    -4.36116293141363e-05    2.38468883324299e-05    6.60027134738402e-07    8.63693958320696e-06    0.000811249135917548    0.00293877030560808
114.000000000021    -1.8147787460699e-05    8.2273444060687e-05    5.04089323177581e-07    1.18925281281232e-05    0.000709760509600149    0.00344757294462722
114.500000000022    1.94647975323075e-05    1.916535604936e-05    3.47669166800145e-07    1.49485728789636e-05    0.000589313404274136    0.00386629093164121
115.000000000022    4.16194096972585e-06    -5.17970513582317e-05    2.81268682498942e-07    1.79256175781733e-05    0.00053033136881228    0.00423354870571296
115.500000000022    -9.91071386758977e-06    -0.000133413150299095    3.01353697819179e-07    1.66820510122528e-05    0.000548867448087253    0.00408218715195421
116.000000000022    4.94622544074386e-06    0.000211907901218188    3.50140335144395e-07    1.36027419845813e-05    0.000591705898228406    0.00368209682463439
116.500000000023    5.18773255914714e-05    -9.66120702759305e-06    5.18048061909514e-07    9.76864937632267e-06    0.000717883559499025    0.00312546893080086
117.000000000023    3.53897671603065e-05    -5.25868786604275e-05    6.90224139107854e-07    8.54862615476357e-06    0.00083004319374849    0.00292333042520963
117.500000000023    -1.21747968680902e-05    -0.000120765111373044    3.62386495351847e-07    1.36668425613047e-05    0.000601862334486108    0.00369489625689
118.000000000023    6.46049815013178e-06    9.26468069690433e-05    3.08399307520208e-07    1.63062924133207e-05    0.000555299531319684    0.00403704210808844
118.500000000024    -1.7412759699212e-05    0.000200915368769051    2.93828914150583e-07    1.73055393756563e-05    0.000541780130634412    0.0041551380711414
119.000000000024    -2.23044547280754e-06    -1.11737609084493e-05    3.00747048978107e-07    1.5659337934355e-05    0.00054839955697566    0.00395717235932707
119.500000000024    1.67541138808086e-05    -3.89922468539699e-05    4.1180895468248e-07    1.17331568870379e-05    0.000641504679913209    0.00342514765984229
120.000000000024    -6.27426391418563e-06    -3.53489818550442e-05    5.35544341622534e-07    9.23655653754243e-06    0.000731782054463533    0.00303896478871083
120.500000000025    -1.81712542317846e-05    -9.77387510606327e-06    6.3156917061146e-07    9.05824276179278e-06    0.000794505491567619    0.00300967560264527
121.000000000025    -8.42173900262292e-06    5.65988538384037e-05    3.41541077011363e-07    1.3470677525601e-05    0.000584354474033985    0.00366980572991884
121.500000000025    -8.06013464845697e-07    2.22803882959196e-05    3.16611964290092e-07    1.53603674908139e-05    0.000562682250148684    0.00391916714049188
122.000000000026    -7.00623363784536e-06    -0.000114108870644858    2.86558168791888e-07    1.6482336170348e-05    0.000535265430867808    0.00405824042363044
122.500000000026    1.42904127884618e-05    1.22607405939457e-05    3.12759794944345e-07    1.48356846184722e-05    0.000559066703575415    0.00385169239331392
123.000000000026    -2.79260830590668e-05    -4.45247190892187e-05    3.97040683889636e-07    1.15111852538373e-05    0.000629492508116351    0.00339252159952259
123.500000000026    -2.22219106043159e-05    3.67205964695178e-05    5.73899556730275e-07    8.77447736734943e-06    0.000757235593074816    0.0029619468201074
124.000000000027    -3.09528439485172e-07    2.65711373700442e-05    5.43464042830493e-07    9.99155072992462e-06    0.000737200072587244    0.00316082974938282
124.500000000027    -2.26429562375315e-06    3.37590563362517e-05    3.46936244031463e-07    1.29675199772863e-05    0.000589008588219893    0.00360088604421212
125.000000000027    1.60982130436863e-05    -0.000106504433021605    2.9513736674097e-07    1.58940027271517e-05    0.000543026900141945    0.00398530545038877
125.500000000027    9.77193764031163e-06    0.000119999760129706    2.89714553320066e-07    1.56937389966077e-05    0.000538162672948264    0.003959714516752
126.000000000028    -6.62333555579382e-06    -1.50551275989783e-05    3.27823571734896e-07    1.36191957498002e-05    0.000572520482743641    0.00369038874550273
126.500000000028    -3.7372618925013e-07    -1.76249180608067e-07    4.17112249850473e-07    1.06401204570462e-05    0.000645842171261066    0.00326191974548462
127.000000000028    6.92731282237279e-07    2.10498853062704e-06    5.77623323052668e-07    8.73951501670968e-06    0.000760015028256704    0.00295626632523745
127.500000000028    -5.57601915512915e-06    -3.91148672799942e-05    4.84980603150664e-07    1.08845619809091e-05    0.000696383164041927    0.00329894407471039
128.000000000029    -8.8811205464226e-06    6.02387251968102e-05    3.3207381070769e-07    1.35242251125181e-05    0.000576190017620516    0.00367703636214068
128.500000000028    6.19838930670435e-06    3.43227315122863e-05    2.882568339009e-07    1.59499941768638e-05    0.000536859771142244    0.00399359689089488
129.000000000028    -1.6008317357065e-06    -8.7082468857131e-06    2.87289498042159e-07    1.54573492003185e-05    0.000535991544130981    0.00393157390452661
129.500000000027    -5.85786872876878e-06    -1.40432523421286e-05    3.14338242351222e-07    1.31409131096467e-05    0.00056062815459552    0.00362501253745561
130.000000000027    -4.46027037539309e-07    -5.29201884954349e-06    4.5555547186267e-07    9.86703276387429e-06    0.000674948348336783    0.00314117888035858
130.500000000026    -1.09763924048247e-05    -2.41685116364182e-05    5.55287781886271e-07    8.66965610854161e-06    0.000745095497702172    0.00294432878455972
131.000000000026    -2.07571951471374e-05    -5.31036185323126e-06    3.89411405820895e-07    1.17179543861854e-05    0.000623683048246879    0.00342314565659166
131.500000000025    1.32476114997558e-05    0.000147680157071315    3.08088334779709e-07    1.37971087429859e-05    0.000554898941762607    0.00371150903463716
132.000000000025    1.72785110387619e-06    -0.000142032803920323    2.72982967484075e-07    1.54129699909486e-05    0.000522474862567222    0.00392336547794864
132.500000000024    4.42848830906685e-06    -3.05512851520136e-05    2.92439523303302e-07    1.44864470388262e-05    0.000540758644678565    0.00380598392768568
133.000000000024    -1.0647823615731e-05    2.79414305070954e-05    3.1764955483661e-07    1.24977619055943e-05    0.00056350348595981    0.00353510695482548
133.500000000024    -1.52492428152469e-05    -4.94203775990834e-05    4.21242387390155e-07    9.63357627855286e-06    0.000648852716711363    0.00310340682232137
134.000000000023    -3.90634169591819e-05    -3.83756793275422e-05    5.46471052031605e-07    8.40546668957807e-06    0.000738203970110618    0.00289896429726449
134.500000000023    -2.50098482233691e-05    0.000130311496864563    3.71042390687209e-07    1.15440899772311e-05    0.000608618844745258    0.00339515962673569
135.000000000022    2.21257523225753e-05    -5.28361328081559e-05    2.93125321565464e-07    1.35719373909617e-05    0.000540958198615775    0.00368363213880425
135.500000000022    -6.48442568893572e-06    2.36965728694081e-05    2.67773528041178e-07    1.46291058125807e-05    0.000517427753666792    0.00382472800144205
136.000000000021    -1.5942387299095e-05    -5.81586121881786e-05    2.94058509799206e-07    1.39252121793289e-05    0.000542037222048829    0.00373119682610784
136.500000000021    1.69979775349754e-05    5.0886826931958e-05    3.32992912349994e-07    1.15679748123326e-05    0.000576804976668644    0.00340079187001754
137.00000000002    5.3965975894596e-06    -4.57201138528315e-05    4.04983983205599e-07    9.32351037773781e-06    0.000636360636699078    0.0030531000718822
137.50000000002    -1.31124362948618e-05    -3.143830871026e-05    5.20779616783736e-07    8.54095095858318e-06    0.000721531482887718    0.00292232143874157
138.000000000019    -1.3091996695148e-05    5.92478150636489e-05    3.50784352515383e-07    1.15901555793481e-05    0.000592125790806242    0.00340391616755735
138.500000000019    9.42773339875587e-06    -2.15023013800997e-05    2.89563664432014e-07    1.3160386486802e-05    0.000538028607301671    0.00362766097338731
139.000000000019    1.64633968071325e-05    3.75923269203511e-05    2.64047627667968e-07    1.39949052967781e-05    0.00051359184595702    0.0037407876328034
139.500000000018    -7.02681842398515e-07    -0.000110162117861946    2.95088710219744e-07    1.31133808373506e-05    0.000543220228321785    0.00361956422033631
140.000000000018    -2.3454320679994e-05    2.0954381564983e-05    3.35666180582334e-07    1.09021217398282e-05    0.000578892110348529    0.00330176962456822
140.500000000017    -2.28802871224561e-05    -1.57340374703107e-05    4.03018780546324e-07    8.94698127287867e-06    0.000634425151619573    0.00299110911083891
141.000000000017    -3.00933536800221e-05    -1.62505375132376e-05    4.8495771948445e-07    8.47422352254859e-06    0.000695738535334028    0.00291100660297759
141.500000000016    -2.87019343858322e-05    6.08508634297576e-05    3.41070128849175e-07    1.13281783378472e-05    0.000583306375596638    0.00336518580620255
142.000000000016    1.54177052049963e-05    3.93616356428762e-05    2.70008701158315e-07    1.29622177646481e-05    0.000519394835866248    0.00360009283578738
142.500000000015    1.73855741358922e-05    -2.72393364900608e-05    2.45419809084411e-07    1.40428043620965e-05    0.000495093476927718    0.00374727399327086
143.000000000015    3.88643282433669e-06    -5.14633253452749e-06    2.65678193590057e-07    1.30773049452322e-05    0.000515425153858403    0.00361625199073484
143.500000000014    8.28582575677212e-06    -4.37501797150881e-05    3.26619117343266e-07    1.06972099342178e-05    0.000571445940080769    0.0032703663183186
144.000000000014    -1.93977134569277e-05    -4.51861125613541e-05    3.91134899687744e-07    8.75954062276486e-06    0.00062510689357932    0.00295930715506121
144.500000000014    -3.81010782184929e-05    -1.93932986665647e-05    4.49912427003593e-07    8.52396827219209e-06    0.000669672109947981    0.00291951916797251
145.000000000013    -2.16150764829248e-05    7.10388925565629e-05    3.22652178391634e-07    1.08681684358597e-05    0.00056761339559622    0.00329592504641778
145.500000000013    -2.08229455941536e-06    2.17057801083897e-05    2.621117760784e-07    1.24578457087766e-05    0.000511964295754858    0.00352950061168525
146.000000000012    3.19780724774342e-05    2.11783186119389e-05    2.41732156539794e-07    1.31581749645317e-05    0.000490621605130086    0.00362735805281923
146.500000000012    7.57114282835616e-06    3.43259360482495e-05    2.66684105389405e-07    1.24688430021679e-05    0.000516359161035879    0.00353095804736934
147.000000000011    -1.73088278684993e-05    -0.000101755007079379    3.08060244981725e-07    1.02614139618862e-05    0.000554761795241474    0.0032017276399501
147.500000000011    -3.61285130273581e-05    6.85216462095829e-06    3.861800204203e-07    8.43511251063246e-06    0.000620382745542405    0.00290431843269165
148.00000000001    -2.56618095202207e-05    3.75285302833861e-05    4.43207505311922e-07    8.12833570709309e-06    0.000665243547014227    0.00285077661638155
148.50000000001    -7.71837545059534e-06    1.36757851855841e-05    2.86246878004292e-07    1.06973285268512e-05    0.000534964769573377    0.00327064848306124
149.000000000009    1.85505808682911e-05    8.68983883081382e-05    2.56314637932694e-07    1.2187992210449e-05    0.000505935286259165    0.00349004883641453
149.500000000009    -4.3841749814826e-07    -1.17207835722988e-05    2.45340913729658e-07    1.25528548229364e-05    0.000495318807960848    0.00354298143463509
150.000000000009    -2.3574990658992e-05    -0.00011258860643122    2.4833576638091e-07    1.20558915927929e-05    0.000497775035730338    0.00347033361486973
150.500000000008    -1.8971106762784e-05    6.16005383139941e-05    2.87111808385696e-07    1.01322949884662e-05    0.000535492208621088    0.00318253049665602
151.000000000008    -3.82572232854469e-06    2.25001451090486e-05    3.81193874716654e-07    8.20930379834674e-06    0.000617397148167465    0.00286509991829549
151.500000000007    6.72143950913561e-06    7.79058255036034e-06    3.99562248197196e-07    8.11946695085483e-06    0.000632073627394879    0.00284945718649682
152.000000000007    3.08593498360914e-06    1.22401800042016e-07    2.79857046785154e-07    1.01019092117604e-05    0.00052900616611759    0.00317835007461076
152.500000000006    1.15377901248827e-05    -8.20320962886392e-06    2.46086085172162e-07    1.15298579739466e-05    0.000495936452150067    0.00339555454694788
153.000000000006    -1.18522957556575e-06    -3.37866158841136e-05    2.37938912895655e-07    1.23330844934703e-05    0.000487788384575226    0.00351168662583343
153.500000000005    -1.38611639629162e-05    2.1930493863886e-05    2.34970321788318e-07    1.14989388333967e-05    0.000484539152104256    0.00339093761175808
154.000000000005    8.79085981506248e-06    -9.40725204524159e-06    2.80400339680803e-07    9.55713536009946e-06    0.000529455437656952    0.00309144737359516
154.500000000004    -6.58607754730048e-06    -3.34662205721668e-05    3.41133076895485e-07    8.11926667420277e-06    0.00058402885243627    0.00284923615839112
155.000000000004    -2.26884663725349e-05    -2.31221465225682e-05    3.82371514926919e-07    7.89132947023019e-06    0.000617945586941586    0.00280905586213062
155.500000000004    -9.79814332860036e-06    8.9359366517316e-05    2.83666265564808e-07    9.75688346813637e-06    0.000532513156600022    0.00312232259251859
156.000000000003    1.29011729753559e-05    -6.10017498982388e-05    2.42771193932706e-07    1.10559384559586e-05    0.000492549239841629    0.00332448751576359
156.500000000003    5.29694869945372e-06    2.69270436761773e-05    2.21332354184927e-07    1.15727948092581e-05    0.00047042990606402    0.00340177449922493
157.000000000002    3.39513242309286e-06    -1.66618730734006e-05    2.4228074319116e-07    1.08885859147876e-05    0.000492208508933957    0.00329974367137408
157.500000000002    -2.06994139165526e-07    2.31312189912499e-05    2.63160812598845e-07    9.5747149492621e-06    0.000512991978253337    0.00309421717013691
158.000000000001    1.19552946307703e-05    1.04738403270273e-05    3.18616714638214e-07    7.92993404560402e-06    0.000564334816902613    0.0028159943793042
158.500000000001    1.28427385094217e-05    -1.46014463031792e-06    3.79006523824078e-07    7.41485384249339e-06    0.000615501086832231    0.00272302253212695
159    2.93868034896664e-06    -5.63569482033702e-05    2.76370305530633e-07    9.34903232128379e-06    0.00052570112201558    0.00305709931400224
159.5    -1.61020573927734e-05    3.36014087427958e-05    2.30952609115396e-07    1.07462556046632e-05    0.000480305457873545    0.00327797598374266
159.999999999999    -8.04531628185712e-06    1.83365774655723e-05    2.15303369748582e-07    1.12813105475169e-05    0.000463938188376972    0.00335871617101591
160.499999999999    2.04686836950014e-05    -5.37175632142873e-05    2.23142929915776e-07    1.08880881675301e-05    0.000471936397095593    0.00329927303976686
160.999999999999    1.97609162014808e-05    6.4777944682492e-05    2.49404787540089e-07    9.47941999930902e-06    0.000499013320193927    0.0030781851499206
161.499999999998    2.70956883031536e-05    -2.67122324400817e-05    3.09650832845037e-07    7.86430976619907e-06    0.000555802713667733    0.00280421044553313
161.999999999998    8.23981952905198e-06    -4.00359007054285e-05    3.57920893940381e-07    7.27273237986442e-06    0.000598208157178176    0.00269650319979768
162.499999999997    -1.06472860197081e-05    -3.11198318522656e-05    2.65281496275836e-07    8.87297411203486e-06    0.000514944784978206    0.00297859122205454
162.999999999997    -1.55794927363777e-05    3.44412918913049e-06    2.38007710940222e-07    1.00638289808546e-05    0.000487611515805666    0.00317235198533024
163.499999999996    -1.26740649364325e-05    -7.11078034920181e-06    2.18633410074783e-07    1.08719436510276e-05    0.000467410716771417    0.00329725538711068
163.999999999996    -1.40503306970327e-05    8.91747291724172e-06    2.1632162759117e-07    1.05634757930719e-05    0.000464891617259845    0.00325013788503637
164.499999999995    -8.48778477874858e-06    3.26698007024674e-05    2.27677110282994e-07    9.32522020896726e-06    0.00047707972896838    0.00305354759142367
164.999999999995    7.39910512424804e-06    2.69490979130701e-05    2.95331206659381e-07    7.72927258185909e-06    0.000543393466930494    0.00278002631785758
165.499999999994    1.90970832319813e-05    1.87007639660196e-05    3.52432816018907e-07    7.0937105329014e-06    0.000593353282143899    0.00266333640652631
165.999999999994    2.26957122275581e-05    -5.5632267504965e-06    2.71918122896827e-07    8.49509340998593e-06    0.000520963556828413    0.00291462904337654
166.499999999994    9.09505518262447e-06    -3.3698526095002e-05    2.24372282256802e-07    9.6192574889741e-06    0.000473592189787824    0.0031013097069324
166.999999999993    1.34178516704716e-05    -4.37504223062433e-05    2.08282083292925e-07    1.05081549870906e-05    0.000456182030059793    0.00324133319602268
167.499999999993    -4.18324032911565e-06    6.60891220723454e-05    2.12410138866152e-07    1.02104948584795e-05    0.000460860759195769    0.00319470297311396
167.999999999992    8.84660939323401e-06    -2.05978453780936e-05    2.3083744433619e-07    8.99094853050927e-06    0.00048037400204261    0.00299842029396732
168.499999999992    -8.08182284848312e-06    -3.0865750300169e-05    2.80714326473062e-07    7.55868676395946e-06    0.000529763164642944    0.00274913333060037
168.999999999991    -1.73098555588573e-05    -1.13232673206787e-05    3.3851023121372e-07    6.86958066681011e-06    0.00058155876754998    0.00262096403073894
169.499999999991    -1.58909511136167e-05    2.99623783350089e-05    2.89196992973125e-07    7.94766444580499e-06    0.000537535552913321    0.00281900101129629
169.99999999999    -5.50170595677975e-06    -2.08678403254683e-05    2.33404284245319e-07    9.15800142511002e-06    0.000483087999723533    0.00302614704836863
170.49999999999    -2.03796843804866e-06    5.26862746579172e-05    2.00080182131238e-07    1.04358781999518e-05    0.000447298590223448    0.00323003132437047
170.999999999989    7.0457494568591e-06    -5.36035164523872e-05    2.03822498256692e-07    1.01386002243707e-05    0.000451412068592858    0.00318366563687122
171.499999999989    -1.11466974474886e-05    3.60769779658023e-05    2.34336183768469e-07    8.88004793923916e-06    0.000483954476066172    0.00297972253589156
171.999999999989    1.35482026346935e-05    2.04348080030982e-05    2.71361572450869e-07    7.5602195120152e-06    0.000520747557513464    0.00274950939817217
172.499999999988    1.47195067510179e-05    -5.02076865415559e-06    3.14392887126526e-07    6.82168259605803e-06    0.000560514248924622    0.00261183027548502
172.999999999988    1.22745627425748e-05    -8.72573283393194e-06    3.00186379794728e-07    7.46407219515865e-06    0.000547755159632666    0.00273203148897394
173.499999999987    5.54188156387361e-06    -8.76857054898667e-06    2.15178878415171e-07    8.88715309606519e-06    0.000463840668725698    0.00298111995871278
173.999999999987    -4.03781466429712e-06    -3.99301190344267e-05    1.99253875717449e-07    9.93280821841979e-06    0.000446360360885894    0.00315138283996307
174.499999999986    -1.29499610095742e-06    3.27712744056142e-05    1.91514970638456e-07    9.85150572850111e-06    0.000437622318470567    0.00313853975155245
174.999999999986    4.674634756648e-06    1.49877706633798e-05    2.21255237116224e-07    8.71649217082166e-06    0.000470354531078543    0.00295233255876641
175.499999999985    1.77948557596981e-05    1.05907122298397e-05    2.50717460941883e-07    7.53323128433439e-06    0.000500400643535133    0.00274465282342756
175.999999999985    1.32433046913406e-05    -1.76086486812924e-05    3.10224686136413e-07    6.59797434139969e-06    0.000556820708143353    0.0025685918860129
176.499999999984    4.82911581869623e-06    -1.74707059934733e-05    2.78865682705899e-07    7.24959613815914e-06    0.000528055264481199    0.00269245072612132
176.999999999984    3.46553685914735e-06    8.64777528736493e-06    2.21525542310329e-07    8.46048790422501e-06    0.000470652241431619    0.0029086789304094
177.499999999984    -2.50349113135466e-05    -7.42163167790216e-05    1.94265894021936e-07    9.4113541633973e-06    0.000440044483248522    0.00306689518922983
177.999999999983    1.27231004006233e-05    7.45787681814802e-05    1.78585900834251e-07    9.71696525767956e-06    0.000422402679383602    0.0031163124466292
178.499999999983    -2.23265884894311e-05    -3.01500217180997e-05    2.0728742515168e-07    8.61713249909671e-06    0.000454740528871249    0.002935340436012
178.999999999982    9.56288882482521e-06    6.92057801336463e-05    2.33868209169951e-07    7.40457557311018e-06    0.000483504664224943    0.0027202547919462
179.499999999982    2.84500939818631e-05    2.27925513333193e-05    2.89406360203681e-07    6.48099271968878e-06    0.000537212204213664    0.00254567735962209
179.999999999981    3.45964338698825e-05    -1.44074101032018e-05    2.91921012385207e-07    6.87344338366881e-06    0.000539188370746898    0.00262168568104625
180.499999999981    8.03317771918915e-06    -5.86171135993414e-05    2.05924399010199e-07    8.25805646816791e-06    0.000453717827582222    0.00287308553686819
180.99999999998    8.43189431837519e-06    3.0227704852759e-05    1.91718609853327e-07    9.13766478411237e-06    0.000437775642323246    0.00302270591853917
181.49999999998    -7.95087885991524e-06    -2.2797800258864e-05    1.80250859120712e-07    9.4665101119552e-06    0.000424485150088983    0.00307668496474023
181.999999999979    -6.02824990828032e-06    -1.94820074823439e-05    1.9899823875937e-07    8.56314200166774e-06    0.000446051453267909    0.00292621982309125
182.499999999979    -9.81250991401247e-06    6.74298196300971e-07    2.27418428380096e-07    7.33597604407289e-06    0.000476783119488603    0.00270850061646566
182.999999999979    -9.38715625564035e-06    1.26196749681976e-06    2.80628972374537e-07    6.33928228814818e-06    0.000529661074340912    0.00251779282221278
183.499999999978    -8.63389444738143e-06    4.80603172647777e-06    2.94059219819298e-07    6.49086946012166e-06    0.000542203537138933    0.00254771394826435
183.999999999978    -7.46097984411293e-06    -3.61179926025689e-06    2.05593863483478e-07    7.92711639557587e-06    0.000453363206781543    0.00281551120588819
184.499999999977    9.19316012191215e-06    4.46678274389274e-05    1.81438430721677e-07    8.96596211645589e-06    0.000425856685433785    0.00299398846050678
184.999999999977    1.18925624901967e-05    4.60046900541543e-05    1.80552904612745e-07    9.12893902397041e-06    0.000424748715795777    0.00302106315598722
185.499999999976    1.42324787268788e-05    -7.2787221927023e-05    1.84376505170719e-07    8.53115038391086e-06    0.000429154915758876    0.00291990623209633
185.999999999976    -9.20520925064784e-06    2.43166467095679e-06    2.12483582260204e-07    7.34222570618597e-06    0.000460867493302419    0.00270965307616914
186.499999999975    -2.69725012318317e-06    1.41668273928169e-05    2.63597874638115e-07    6.31738374041876e-06    0.0005134107512313    0.0025134006925718
186.999999999975    3.24548562024982e-06    -1.18581422478803e-06    2.99592672346562e-07    6.2017420508609e-06    0.000547340971579554    0.00249032942493669
187.499999999974    -1.98088763036953e-05    -8.06932558801795e-05    1.97585196464095e-07    7.80105338327665e-06    0.000444063964856055    0.00279187069574006
187.999999999974    -1.41276335910454e-05    0.000111266160957036    1.89192223351312e-07    8.56481193062592e-06    0.000434732829816693    0.002924454098127
188.499999999974    6.27040954039071e-07    -1.16394798160887e-05    1.7171791575362e-07    8.94036057603274e-06    0.00041438813034794    0.00299002091941551
188.999999999973    1.82891565347063e-05    -1.14081973661171e-05    1.78105787139325e-07    8.34562554321291e-06    0.000421629332343676    0.00288885710900449
189.499999999973    -3.28205705740419e-07    -2.02699185582188e-05    2.11673910678045e-07    7.34418423796766e-06    0.000460080213613953    0.00270993973519141
189.999999999972    2.25123581303201e-06    2.33663787029321e-05    2.5184553702329e-07    6.29007313057389e-06    0.00050183709404607    0.00250789296879277
190.499999999972    1.54776705186852e-05    2.5010540595575e-05    2.83974706462485e-07    6.05334039201023e-06    0.000532667953023082    0.00246022658811528
190.999999999971    1.55480792847456e-05    -4.34958366756708e-05    1.97988996921092e-07    7.43475954694236e-06    0.000444687816509119    0.00272632860439351
191.499999999971    -1.17850222781438e-05    -1.15361746345402e-05    1.84488496933149e-07    8.14919421986816e-06    0.00042935953486915    0.00285465604522558
191.99999999997    1.00867664704635e-05    -3.34717002814024e-06    1.65433236879975e-07    8.70900392992441e-06    0.000406609756427641    0.00295110025691728
192.49999999997    -9.88086695348803e-06    1.50577367588299e-05    1.75647649456126e-07    8.23270787875746e-06    0.000418986894692869    0.00286923006106537
192.999999999969    4.66422385447487e-06    1.023626383555e-05    1.95948194030233e-07    7.2197651922341e-06    0.000442635785998002    0.00268694257682162
193.499999999969    4.72913328650274e-06    -1.91537131338861e-08    2.39960286326346e-07    6.18394774902668e-06    0.000489834585982558    0.0024867544608706
193.999999999969    5.07226031851895e-06    -1.30882714438458e-06    2.81242471079262e-07    5.84255725444991e-06    0.000530298730202631    0.00241713788217003
194.499999999968    -8.84148108368156e-07    -2.77867240638652e-05    2.16930376020783e-07    6.9127792827501e-06    0.000465757012081305    0.00262906964166336
194.999999999968    -1.20141566401699e-05    2.72487490143322e-05    1.71971982501746e-07    7.78628093297348e-06    0.000414520979616197    0.00279025777279638
195.499999999967    2.39024601870633e-05    2.67963839618145e-06    1.6991874908321e-07    8.35778495919044e-06    0.00041151843394946    0.00289098214777063
195.999999999967    -2.15023864664773e-06    -1.39993108944448e-05    1.67562123149916e-07    8.06320694489386e-06    0.000409337879536793    0.00283954414725117
196.499999999966    -9.95791070003663e-06    -3.16553353041561e-05    1.86569538709012e-07    7.10919862441632e-06    0.000431822160991654    0.00266612013310787
196.999999999966    -2.68491570329619e-05    -2.82149387506399e-05    2.26237020046314e-07    6.1654815752479e-06    0.000474885399662838    0.00248287846913199
197.499999999965    -3.7499452952832e-05    -1.55345632519317e-05    2.71421491896448e-07    5.74427817039074e-06    0.000519629948063702    0.00239667203591466
197.999999999965    -3.73398012746084e-05    2.2691094812866e-05    2.25847488144454e-07    6.57066806255882e-06    0.00047376494951107    0.00256323100339689
198.499999999964    -5.47987219368557e-06    0.000103125502771402    1.76197568255762e-07    7.36958731169762e-06    0.000419723169787544    0.00271273891894811
198.999999999964    4.71888295293362e-06    -5.36773823793963e-05    1.66202842222283e-07    8.0059179397626e-06    0.000407652516692783    0.00282896388778356
199.499999999964    1.95166740749084e-05    1.36209943130101e-05    1.61606501629499e-07    7.98337307410261e-06    0.000401529078726004    0.0028254535109636
199.999999999963    -1.87510105165307e-07    -2.01766197300205e-06    1.82415630264332e-07    7.10441367659219e-06    0.000427101387382777    0.00266540983821107
200.499999999963    1.08668908703306e-05    1.32129082124125e-05    2.1221619196553e-07    6.12976034188922e-06    0.000460541097675704    0.0024758000244256
200.999999999962    1.3480401707281e-05    1.57879019234725e-06    2.55292823109594e-07    5.60735728323846e-06    0.00050508524219126    0.00236798538649629
201.499999999962    8.35154206729112e-06    -3.19015464723874e-05    2.27000960985188e-07    6.13573701768785e-06    0.000476372976490361    0.00247683655274637
201.999999999961    -1.26340957107185e-05    -1.60313068073022e-05    1.82068320881195e-07    6.87960113724392e-06    0.000426507562074539    0.00262285038354191
202.499999999961    -5.49386583885906e-06    2.44414599940477e-06    1.69484225503262e-07    7.56490764965477e-06    0.000411647959962644    0.00275043663366475
202.99999999996    -3.65688134665792e-06    9.23877580095335e-06    1.63784912643787e-07    7.66581961553665e-06    0.000404686965273906    0.00276870624309593
203.49999999996    -3.31713767610811e-07    7.62606056676934e-06    1.66040997532455e-07    7.13670015990466e-06    0.000407481149868839    0.0026714494199039
203.999999999959    -4.16099443739304e-06    -2.22578368835675e-05    2.0507855810154e-07    6.17611589397186e-06    0.000452836884790575    0.00248507957270369
204.499999999959    -1.24902023651273e-05    -1.12729013970168e-05    2.46796241815258e-07    5.55204503082894e-06    0.000496628872157203    0.00235625082546893
204.999999999959    -1.533461223626e-05    1.0931305584592e-05    2.37851557191652e-07    5.79979853957328e-06    0.00048745913352733    0.00240825228041655
205.499999999958    5.12061079294374e-06    5.01915683908769e-05    1.72651660634805e-07    6.76478308953999e-06    0.000415482177692271    0.00260043532817151
205.999999999958    6.16629582666179e-06    -3.57396495313073e-05    1.64682217578649e-07    7.36840645986752e-06    0.000405763717419913    0.00271424559266823
206.499999999957    5.25687223755232e-06    4.86815526883835e-06    1.55608886777071e-07    7.48468318991459e-06    0.000394437893807567    0.00273581057293426
206.999999999957    -1.19067100345833e-05    -2.20097911652374e-05    1.68935011055842e-07    6.91559982671149e-06    0.000410844546406538    0.00262966069974899
207.499999999956    6.85064652524894e-06    4.69729563623122e-05    1.93901205229822e-07    6.12393546031654e-06    0.00044028885276828    0.00247421280444652
207.999999999956    1.11205212617244e-05    -1.38683897641248e-05    2.2889181636898e-07    5.4768337635949e-06    0.000478297136073224    0.00234022251748851
208.499999999955    2.35020883781209e-06    -2.73288170129924e-05    2.41684475225976e-07    5.52930347844935e-06    0.000491608535060565    0.0023512882881965
208.999999999955    -1.7418216989007e-05    -3.11364421784395e-05    1.75175857768442e-07    6.54546068748879e-06    0.000418177550192936    0.00255822032074199
209.499999999954    -1.23998891588264e-06    9.64129813022068e-05    1.61346617055078e-07    7.08504971692888e-06    0.000401677830459395    0.00266002899494823
209.999999999954    2.2647510774277e-05    -7.45216085327276e-05    1.56536926853911e-07    7.26360469201181e-06    0.000394998755833028    0.00269407706309109
210.499999999954    -9.42013508503282e-06    1.66301648506189e-05    1.59389481504347e-07    6.88460972650777e-06    0.000399124971104699    0.00262380128137114
210.999999999953    -1.12143345973515e-05    -4.19780165433924e-05    1.87476083615547e-07    6.07703141397269e-06    0.000432839834482787    0.00246480613032745
211.499999999953    -2.08816447797386e-05    5.74566791716615e-06    2.18147813873289e-07    5.43507920764754e-06    0.000466595939528605    0.00233131855286825
211.999999999952    -1.46734372633413e-05    1.58048819959816e-05    2.25928594183104e-07    5.29224229284987e-06    0.000475092921881586    0.00230043311108038
212.499999999952    -7.34508447597748e-06    1.41603687175726e-05    1.73743304980082e-07    6.10791377550047e-06    0.000416760548413742    0.00247137881747381
212.999999999951    -3.40048740446732e-06    1.11433807574215e-06    1.63752078347097e-07    6.63590252604223e-06    0.000404648631571279    0.00257602431748865
213.499999999951    1.59751601907437e-05    5.72649413681893e-05    1.55128310146289e-07    6.87507668356859e-06    0.000393539203133779    0.00262141133934732
213.99999999995    2.49666866907196e-06    -6.02737611149461e-05    1.58542213647971e-07    6.63200997796201e-06    0.000398165769866682    0.00257456346817923
214.49999999995    -6.13896585175159e-06    9.93467701627023e-06    1.76809079735482e-07    6.00234845234715e-06    0.000420441901852982    0.00244994892896561
214.999999999949    -4.20294595431646e-06    -2.26840740087016e-06    1.93107421286457e-07    5.41931344791355e-06    0.000439419795334441    0.0023279407858108
215.499999999949    -4.76194118716535e-06    1.97629783330779e-06    2.18852979581805e-07    5.10832423979147e-06    0.0004677930135198    0.00226015936031917
215.999999999949    -1.00250703632248e-06    1.61515212425432e-05    1.813105851179e-07    5.71272440157629e-06    0.000425804626674655    0.00239007605107826
216.499999999948    3.8061541591717e-06    -1.099726012208e-05    1.5664312674342e-07    6.23310202738986e-06    0.000395763363556983    0.00249659389722471
216.999999999948    3.36891792804882e-07    2.10332354859629e-05    1.50873143934718e-07    6.63854219028874e-06    0.000388423776870879    0.00257645100735367
217.499999999947    -2.41793088020246e-06    -2.79296710294137e-05    1.48850175325025e-07    6.57920271869461e-06    0.000385803484866691    0.00256484359214569
217.999999999947    2.85404286944046e-06    2.4256845103281e-06    1.60396736143613e-07    5.99521630477786e-06    0.000400485443659207    0.00244851187884244
218.499999999946    -6.19798928879034e-06    -1.93765799481871e-05    1.84727695478326e-07    5.29449796025402e-06    0.000429754907368261    0.00230089602294487
218.999999999946    -1.12077815022504e-05    -5.41244811549603e-06    2.0781685049193e-07    5.01979315679064e-06    0.000455731539533669    0.00224048295289119
219.499999999945    -1.34514671956396e-05    2.44133850334697e-06    1.85652285801025e-07    5.3668531330935e-06    0.000430663840868153    0.00231664567272594
219.999999999945    -3.75210069817247e-06    2.94333881235479e-05    1.55581276871147e-07    5.90496434420951e-06    0.000394420078864525    0.00242983497790963
220.499999999944    4.70895366790005e-06    -9.53256818084279e-06    1.42521547941907e-07    6.37112477441048e-06    0.000377490892204383    0.00252409070846401
220.999999999944    -7.1839705982241e-06    2.3748013040411e-05    1.45779999659127e-07    6.33234934964997e-06    0.000381743880403564    0.00251630391279086
221.499999999944    8.2729292603105e-06    -2.19191004923752e-05    1.52564124470843e-07    5.91678936846886e-06    0.000390506956547892    0.00243234638189187
221.999999999943    -6.78940923616591e-06    -6.52863055715382e-06    1.64561599865379e-07    5.35383556052535e-06    0.000405605108187265    0.00231382647091531
222.499999999943    -4.59799738085395e-07    2.17780040684429e-05    2.01112517883752e-07    4.83107621849376e-06    0.000448455467653091    0.00219786303873389
222.999999999942    1.00308058521439e-05    1.42486806982261e-05    1.96596548302564e-07    5.04471058963037e-06    0.000443278615812359    0.0022459981221561
223.499999999942    7.65381176545971e-06    -1.93480421127091e-05    1.47058102087126e-07    5.68052708539988e-06    0.000383405165917969    0.00238330710120754
223.999999999941    -5.2279714954412e-06    -4.44118625936289e-05    1.4435958003762e-07    6.05090921458808e-06    0.000379910842635036    0.00245945863983297
224.499999999941    -1.08133759896743e-05    4.03906814104233e-05    1.35323265977718e-07    6.20645456886532e-06    0.00036770414313334    0.00249094824549217
224.99999999994    -6.0617904210494e-06    2.38494334376428e-06    1.46263718677998e-07    5.83211311007252e-06    0.000382396356382863    0.00241497565663047
225.49999999994    1.3742203827554e-06    -4.82250185245529e-06    1.59674545371673e-07    5.30667887377962e-06    0.000399590611613952    0.00230361794081734
225.999999999939    -1.15442319126564e-05    -3.41063932566273e-05    1.80527687633098e-07    4.86001301753706e-06    0.000424728640831584    0.00220427987594046
226.499999999939    -2.76998098135353e-05    -2.96496717713912e-05    1.90200396984934e-07    4.78282322396492e-06    0.000435239149802988    0.0021867656758164
226.999999999939    -3.74739469001024e-05    2.68951546664975e-06    1.62119936645745e-07    5.28813605306834e-06    0.000400893551893109    0.00229959318566891
227.499999999938    -8.29159306717838e-06    0.000110041990784507    1.37477829366365e-07    5.77046953615689e-06    0.000370687306028644    0.00239965837077303
227.999999999938    2.47245733219572e-05    2.07095067772033e-05    1.33592394540333e-07    5.99019312079479e-06    0.000364665723662617    0.00244739948458028
228.499999999937    2.6479479166786e-05    -1.35495592936966e-05    1.4039447402819e-07    5.81967301677416e-06    0.000373755683851425    0.00241236179422099
228.999999999937    2.41226036827087e-05    -1.78669860746396e-06    1.5217632436736e-07    5.28127258666326e-06    0.000389351286576694    0.00229810125851133
229.499999999936    1.57478973478792e-05    -2.68621360700032e-05    1.6441870629161e-07    4.82722961004422e-06    0.000405179848981574    0.00219693150455129
229.999999999936    2.19185153814446e-06    -2.75687443284447e-05    1.92106165887605e-07    4.54951553464848e-06    0.000438293693400259    0.0021327811652827
230.499999999935    -8.97246907305896e-06    -7.53522116615393e-06    1.64289573219608e-07    5.0166707403469e-06    0.000405227180749689    0.00223977989114754
230.999999999935    -1.21516994921049e-05    -4.02409739386369e-05    1.44089416254824e-07    5.44230789617144e-06    0.000379396563577318    0.00233252836214008
231.499999999934    -2.99200158292814e-05    6.54290932057834e-05    1.28013616758899e-07    5.84446760105336e-06    0.000356536687329193    0.00241664780942851
231.999999999934    9.10454431133781e-06    -1.53613508513624e-05    1.29554608950496e-07    5.76291934512713e-06    0.000359821783975594    0.00240055897116216
232.499999999934    -3.14137856713889e-06    5.8756459337256e-06    1.38949838151196e-07    5.36883504006282e-06    0.000372746522306907    0.0023170672232043
232.999999999933    4.79832963061012e-06    1.57466334983038e-05    1.55914468519936e-07    4.78826320675602e-06    0.000394830906278488    0.00218815338819962
233.499999999933    1.13720874289359e-05    1.09769833571448e-05    1.78144639480907e-07    4.47474784001187e-06    0.000421918611948342    0.00211533149786227
233.999999999932    1.49960412493743e-05    3.17913211208538e-06    1.73208763450724e-07    4.70373428852503e-06    0.000415913310916555    0.00216880708723576
234.499999999932    1.35919635574585e-05    -1.92886646665422e-05    1.45338079689197e-07    5.2051324400407e-06    0.000380989945032476    0.0022813943954205
234.999999999931    1.23093940539025e-08    6.10314209084569e-06    1.25837640836989e-07    5.58921774958344e-06    0.000354736015489642    0.00236414477163309
235.499999999931    1.08360125201808e-05    -5.00268248418358e-05    1.27003997004794e-07    5.65271915515385e-06    0.000356211422946341    0.00237701839958173
235.99999999993    -1.26185022326769e-05    2.579690835858e-05    1.29163403703589e-07    5.37941243361063e-06    0.000359171514885289    0.0023192125717859
236.49999999993    3.34400618421818e-06    8.58642038151978e-06    1.49514349675838e-07    4.80010208441316e-06    0.00038665639435871    0.0021908967017635
236.999999999929    3.27927965673171e-06    -7.62984113198457e-07    1.68919547202235e-07    4.38083850079113e-06    0.000410985150008085    0.00209304513058041
237.499999999929    2.86152732304505e-06    -1.84020023430338e-06    1.78109848227815e-07    4.37352167831354e-06    0.000422020923520617    0.00209129584037664
237.999999999929    3.74835260061041e-07    -4.98492834559989e-06    1.4487731016105e-07    4.95173362852897e-06    0.000380627336984062    0.00222524353251916
238.499999999928    -8.53792623291407e-06    -3.07741341612766e-05    1.27156923849991e-07    5.38945609028348e-06    0.000356488467787714    0.00232131623070837
238.999999999928    7.77303564647059e-06    6.19700744744735e-05    1.17639674749904e-07    5.52866803183927e-06    0.000342898315345443    0.00235049521201574
239.499999999927    1.25354566185215e-05    1.40419883760637e-05    1.27812137863638e-07    5.32251824265092e-06    0.000357288399183353    0.00230701561876234
239.999999999927    3.4634534265207e-05    2.54462162996796e-05    1.37325301790259e-07    4.88435662329161e-06    0.000368952233800652    0.00220991156234082
240.499999999926    2.60211907773895e-05    -3.87337141505188e-05    1.58395102928078e-07    4.38066360402968e-06    0.000397137256573347    0.00209264504955279
240.999999999926    5.36567805352819e-06    -4.11975898199123e-05    1.75708624023951e-07    4.21989268778954e-06    0.000419141782125066    0.00205382458997417
241.499999999925    -7.96744364364741e-06    -1.10517269252312e-06    1.50921281368825e-07    4.61476277536105e-06    0.000388404172493822    0.00214819960756778
241.999999999925    -6.36872563210309e-06    -3.0434712132774e-05    1.2474734103519e-07    5.02221008283749e-06    0.000353138471946931    0.00224082212840174
242.499999999924    -2.53695701132144e-05    2.90949079403336e-05    1.18707050396532e-07    5.31881114602138e-06    0.000343603602002079    0.00230607125483002
242.999999999924    4.64661300345794e-06    2.25909723161936e-05    1.18878986904039e-07    5.26923790894069e-06    0.000344757009923852    0.00229537089746091
243.499999999924    9.29794600821685e-06    1.66107489367632e-05    1.25422615120735e-07    4.93033472343239e-06    0.00035402847812113    0.00222037357362498
243.999999999923    1.19928964717498e-05    -7.14757974918851e-06    1.42834600329685e-07    4.37618120542115e-06    0.000377744319300638    0.0020919201986512
244.499999999923    6.36412171713501e-06    -1.30120458329955e-05    1.65372432657254e-07    4.07095911026133e-06    0.000406610293293251    0.00201761983458841
244.999999999922    -1.21737394072671e-07    -1.45762811457258e-05    1.60833589710947e-07    4.31243182390523e-06    0.000401040615014183    0.00207658839347936
245.499999999922    -4.40788742634657e-06    1.02032475272376e-05    1.27462295094386e-07    4.80829077088166e-06    0.000356991408331941    0.00219275777609419
245.999999999921    1.44745819226323e-05    4.54666178664014e-05    1.13023950837677e-07    5.1253804002041e-06    0.000335878605028426    0.00226347369917653
246.499999999921    9.70675678462091e-06    -7.2098483975937e-05    1.12302291608944e-07    5.23016404013897e-06    0.000334974731109181    0.00228581841989852
246.99999999992    -2.08390869007047e-05    -2.77100625825363e-05    1.21441522773244e-07    4.8838605839547e-06    0.000347860971122643    0.0022097721005539
247.49999999992    -3.04550832049906e-05    -1.26769832652945e-05    1.39500559919771e-07    4.36906591894861e-06    0.00037225400981957    0.00209019262582277
247.999999999919    -3.25274036700073e-05    3.05843500873346e-06    1.58952126513613e-07    4.02693781502907e-06    0.00039735889888626    0.00200672082288602
248.499999999919    -2.79394605650173e-05    1.82255522157898e-05    1.6890118181771e-07    4.01661311313567e-06    0.000410025082599889    0.00200406610229855
248.999999999919    -1.29239335260072e-05    3.33581692232376e-05    1.35710628758825e-07    4.53979578046199e-06    0.000368162465089858    0.00213041850653999
249.499999999918    -2.60894770037884e-06    3.03042419366016e-05    1.08805770842595e-07    4.96706617014333e-06    0.000329846879982957    0.00222848554472852
249.999999999918    2.04944230020327e-05    2.4906986352137e-05    1.11289826942093e-07    5.10240007942389e-06    0.000332971178284108    0.00225871196071007
250.499999999917    3.53500365920596e-05    3.24317047216884e-05    1.24958995721902e-07    4.84777132569538e-06    0.000351723429181    0.00220152663173177
250.999999999917    3.16445269219408e-05    -3.75602319152598e-05    1.32381093451358e-07    4.43863779347644e-06    0.000362463401417639    0.00210647264934889
251.499999999916    1.23564121014663e-05    -3.31420247329763e-05    1.41034519192429e-07    4.02586701206906e-06    0.000375342294808895    0.00200618259843556
251.999999999916    -3.59933607184187e-06    -3.10293252404182e-05    1.59511356831186e-07    3.87205475557965e-06    0.0003993725098339    0.00196750906898921
252.499999999915    -1.42160537251333e-05    -9.95792940508466e-06    1.3421436361498e-07    4.30638091376897e-06    0.00036607686000547    0.00207515824779965
252.999999999915    -2.8477962107147e-05    -6.59464565798819e-05    1.20154465813718e-07    4.61668327584865e-06    0.00034546124455276    0.00214763459199027
253.499999999914    -4.68519183654824e-05    3.40542468457366e-05    1.17780438289282e-07    4.88043762003122e-06    0.000339978434661312    0.00220890876414192
253.999999999914    -1.40103150362272e-05    8.83801071939132e-05    1.15854246968489e-07    4.83427705684496e-06    0.00034008522173284    0.00219692194069278
254.499999999914    2.19956368065746e-05    1.92493082771177e-05    1.1451226974494e-07    4.53465748577955e-06    0.000337681005841924    0.0021293865196132
254.999999999913    1.68018473356639e-05    -1.18138865038828e-05    1.33338252973401e-07    4.06328083392953e-06    0.000364768352382043    0.00201572350931749
255.499999999913    1.40869867586499e-05    -3.82411227158625e-06    1.51407012412079e-07    3.80641983447408e-06    0.000388855460571329    0.00195100107909745
255.999999999912    1.23592145750645e-05    -3.15690985108596e-07    1.48379251356072e-07    3.91628509994614e-06    0.000385001949567999    0.00197896058583423
256.499999999912    1.30354627922423e-05    -1.24964097982469e-05    1.2439197190176e-07    4.42145075953725e-06    0.000352451484053554    0.0021026874706621
256.999999999911    1.444255006695e-06    -2.55162418676929e-06    1.09819879783606e-07    4.71735463683712e-06    0.000331387679178152    0.00217194570053009
257.499999999911    1.02166360124927e-05    5.16354392349448e-06    1.00730447205181e-07    4.76876021117814e-06    0.000317216121207244    0.00218374301349593
257.99999999991    8.15978872115666e-08    -2.63646523165703e-05    1.12721383558196e-07    4.50906975259595e-06    0.000335740043634925    0.00212329335177789
258.49999999991    -1.11812184826979e-05    -2.61713952358709e-05    1.19912746118351e-07    4.14548530664847e-06    0.000346103635449836    0.00203587827846359
258.999999999909    -2.60993229026028e-05    -2.71034468939116e-05    1.40534029676296e-07    3.79922988252363e-06    0.000373969056233696    0.00194897287967024
259.499999999909    -3.70730858975276e-05    -1.51492392443736e-05    1.5378538624725e-07    3.74254075463281e-06    0.000390398479184133    0.00193450542909115
259.999999999909    -3.53802201748725e-05    2.93243543924909e-05    1.21799924681133e-07    4.18049247514912e-06    0.000347200467599787    0.00204441496702323
260.499999999908    -1.12916625809839e-05    5.92440603977729e-05    9.92182841418586e-08    4.53330609329376e-06    0.000314786884253483    0.00212833179617309
260.999999999908    2.099375941436e-05    5.70764118589497e-05    1.03962521097498e-07    4.63035922625824e-06    0.000321748011902404    0.00215106985229851
261.499999999907    2.70412681242572e-05    -1.51550721346976e-05    1.07851188802941e-07    4.51272108517939e-06    0.000327291855415274    0.00212426255650472
261.999999999907    2.53847031022953e-05    -2.17394587316281e-06    1.11998120791546e-07    4.2000649822434e-06    0.000333697074664964    0.00204940485414735
262.499999999906    1.70415424469757e-05    -2.81829368573046e-05    1.28770728167963e-07    3.77626087360893e-06    0.000358441507081687    0.0019430559939639
262.999999999906    1.60034778641442e-06    -3.27433623224673e-05    1.43415403346958e-07    3.60644283580487e-06    0.000378698880687441    0.00189878137446855
263.499999999905    -1.23937370489216e-05    -1.61690905512321e-05    1.24466409102255e-07    3.87935725832718e-06    0.000352580209859001    0.0019695420327675
263.999999999905    -1.39278305556342e-05    -1.09347096994048e-05    1.05629896286034e-07    4.24265743495172e-06    0.000324708964800862    0.00205974218461328
264.499999999904    -3.53695331526354e-05    -2.85026411388014e-05    1.0308627413086e-07    4.48587538086457e-06    0.000319116389825757    0.00211779672780763
264.999999999904    -2.08919335471165e-05    3.72346833610151e-05    1.02328866722508e-07    4.42207847756267e-06    0.000319205880013465    0.00210254418643644
265.499999999904    -3.30555733701391e-06    4.50248182399583e-05    1.02799021322046e-07    4.18766066406036e-06    0.000320605824358725    0.00204588206644538
265.999999999903    1.63256722551576e-05    2.97121968514766e-05    1.10288785859018e-07    3.83783507453137e-06    0.000331696032964573    0.00195881399318303
266.499999999903    2.82950889208639e-05    1.95169710342668e-05    1.33631143840332e-07    3.54102926724822e-06    0.000364459231990757    0.00188166106275542
266.999999999902    3.54409405510878e-05    9.19291614820583e-06    1.48452165635582e-07    3.54877815532194e-06    0.000383661446288829    0.00188379766578437
267.499999999902    3.62940149584007e-05    -1.4580550412359e-05    1.11834256671777e-07    4.04269190095654e-06    0.000332440973933684    0.0020105917806721
267.999999999901    1.30650822984819e-05    -4.55061854473139e-05    1.00993123770542e-07    4.30164033973569e-06    0.000317525475190694    0.0020735403364347
268.499999999901    1.37247731500369e-05    -2.29790296100926e-05    9.60228090559397e-08    4.40112971699759e-06    0.000309571380553693    0.00209776111156532
268.9999999999    -1.77184586701569e-05    -1.82448214006217e-05    9.67420535269205e-08    4.22394470811266e-06    0.000310528758328878    0.00205514277718234
269.4999999999    -1.46327641464443e-05    -1.80519159607157e-05    1.0963132185168e-07    3.88295821249686e-06    0.00033078271427799    0.00197043963135819
269.999999999899    -3.31403287918815e-05    -3.82336901455958e-05    1.2864955570298e-07    3.55068297629615e-06    0.000357143212606016    0.00188393767445582
270.499999999899    -4.8264808600695e-05    -2.07578828422279e-05    1.38996024953415e-07    3.4678118546312e-06    0.00036968436970496    0.00186209048247692
270.999999999899    -4.34117485844669e-05    6.10264370787806e-05    1.20827836911679e-07    3.78030794331664e-06    0.000344881511531886    0.00194334343781384
271.499999999898    2.57029180207797e-07    5.3075060458182e-05    9.91638418751866e-08    4.06544902117654e-06    0.000314902803752502    0.00201559719664766
271.999999999898    1.29930979014423e-05    6.73791066993337e-05    9.47058462571188e-08    4.27908739034514e-06    0.000307468739328151    0.00206749787093616
272.499999999897    3.04957331694692e-05    -3.48850027700438e-05    9.58903923623698e-08    4.23322953324352e-06    0.000308156458022262    0.00205718559440447
272.999999999897    2.20302267939104e-05    3.80582571519824e-06    1.03875782091493e-07    3.9613177616611e-06    0.000321543855794045    0.00199030230803055
273.499999999896    1.49155259152873e-05    -3.38304701780122e-05    1.13611926428273e-07    3.6211470324247e-06    0.000336733505186138    0.00190263042436313
273.999999999896    -6.24395401393936e-06    -4.54170682779263e-05    1.26413115472309e-07    3.38214424624899e-06    0.000355491390205981    0.00183849980586293
274.499999999895    -2.53699023862357e-05    -2.09300084457463e-05    1.25824382600547e-07    3.48094205996832e-06    0.000353808918278581    0.00186561089048997
274.999999999895    -2.24468794184753e-05    1.23089318461528e-05    1.04070811780712e-07    3.84385190454977e-06    0.000321818193061058    0.00196053574176718
275.499999999894    -2.54434091773394e-05    1.95643307442189e-05    9.71055450533061e-08    4.10032823724333e-06    0.000310577169126677    0.00202483220890173
275.999999999894    3.50729069073667e-07    8.10718512932917e-06    9.29523389773546e-08    4.13869317993269e-06    0.000304880658564092    0.00203436168207179
276.499999999894    -1.73344848341547e-05    -1.83485607237856e-05    9.39502629019751e-08    3.99277695734852e-06    0.000306022513122008    0.00199810917811512
276.999999999893    -1.07611368398396e-05    3.01238749862619e-05    1.02974199588416e-07    3.63620791684682e-06    0.000320715446341971    0.00190664639327869
277.499999999893    5.91953124158235e-06    3.33625311276675e-05    1.18763735363331e-07    3.32964837079213e-06    0.000344570304166234    0.00182442739299455
277.999999999892    2.13359117644654e-05    2.86734477230595e-05    1.29665417177598e-07    3.28829973198314e-06    0.000359458197912883    0.0018131402497818
278.499999999892    3.3983919206617e-05    1.27485815876511e-05    1.06842754009808e-07    3.6706434335721e-06    0.000325096673691328    0.0019158499177231
278.999999999891    1.88121320494652e-05    -6.92281846228966e-05    9.41613793206055e-08    3.91966223325916e-06    0.000306280072822832    0.00197860296464778
279.499999999891    9.11029134771844e-06    2.93481557307474e-05    8.88342275381482e-08    4.0664872959915e-06    0.000297911446792009    0.00201633974859067
279.99999999989    -6.49883011143721e-06    -6.30097585471887e-05    8.87991339073923e-08    4.01426977290288e-06    0.000297920961186981    0.00200257323042897
280.49999999989    -8.49526911668571e-06    3.21216954111124e-05    9.73205966209233e-08    3.70892519136839e-06    0.000311846800566493    0.00192558910156147
280.999999999889    -2.39056822358675e-06    -7.1261468637119e-06    1.0633120042069e-07    3.38819069988071e-06    0.000326075889332926    0.00184069006568504
281.499999999889    -8.02176369333529e-06    -1.19418316040565e-05    1.21055106637092e-07    3.18863629346284e-06    0.000347837257843866    0.00178563537322735
281.999999999889    -8.80058299126349e-06    1.7911104713236e-05    1.13398914917e-07    3.36485193249329e-06    0.000336632536538009    0.0018342658271966
282.499999999888    7.58985592775677e-06    1.57175933264718e-05    9.66486082252445e-08    3.64976983759811e-06    0.00031079093022841    0.00191037242307832
282.999999999888    -1.15544634776816e-05    -3.7515450235192e-05    8.34496173063573e-08    3.92055331782022e-06    0.000288645304275161    0.00197968328497613
283.499999999887    9.14759498126402e-06    6.00430671437535e-05    8.28823265415397e-08    3.93886178146145e-06    0.000287747542209484    0.00198374812200275
283.999999999887    2.20964386211104e-05    1.42222675169319e-05    8.90946037050179e-08    3.77190511944067e-06    0.000297668189609305    0.00194208723968501
284.499999999886    1.78135915373266e-05    -3.78708824773411e-05    9.88913564105669e-08    3.4322319929065e-06    0.000313965017744188    0.00185224128805263
284.999999999886    -8.46894615869616e-06    -5.70096723586184e-05    1.07535451231244e-07    3.21234891341696e-06    0.000327816607544837    0.00179139577164694
285.499999999885    -3.53342690059964e-05    -4.84202077106881e-05    1.19398165685254e-07    3.17114107323894e-06    0.000343729043170731    0.00178011138885301
285.999999999885    -4.88144123519217e-05    1.15457090052189e-05    1.00379491840967e-07    3.48147894368788e-06    0.000313044158207279    0.00186583644521471
286.499999999884    -1.14877226563959e-05    0.000124637389587385    8.70000588736535e-08    3.76689514005637e-06    0.000294733932728865    0.00193684296244513
286.999999999884    2.59022422285685e-05    -1.90546494173371e-05    8.48085171396618e-08    3.89648680444046e-06    0.000290064804806089    0.00197386010770167
287.499999999884    3.52016637050746e-06    -1.99453534480477e-05    8.15797776451191e-08    3.7833989643832e-06    0.000285600045647481    0.00194499386818032
287.999999999883    -4.41588132014103e-07    -1.10421478435329e-05    9.3446043555714e-08    3.47554441513277e-06    0.000305689137124033    0.00186424850438555
288.499999999883    -7.9526552366587e-06    -1.13447518414455e-05    1.08224815907419e-07    3.18777760645684e-06    0.000328879265357525    0.00178539880784728
288.999999999882    -1.19896927258393e-05    -5.10772519376686e-06    1.20905291070768e-07    3.05468547001311e-06    0.000347507609037712    0.00174775838752284
289.499999999882    -1.06547558341231e-05    1.61540207144908e-05    1.10399424999266e-07    3.2501604693855e-06    0.000332093211579793    0.00180274776854674
289.999999999881    5.66589560448886e-06    3.81138886772289e-05    8.5168657969361e-08    3.56218052023823e-06    0.000291781691674375    0.0018869890968758
290.499999999881    6.24367096691603e-06    -3.68038498681355e-05    8.29788040554879e-08    3.74375270468733e-06    0.000287992744055028    0.00193452789623779
290.99999999988    -3.97885729430708e-06    5.6199449462975e-06    8.46344701206854e-08    3.70785384862009e-06    0.00029089283046393    0.00192557063356266
291.49999999988    -8.65729154885049e-07    -2.6840565149182e-06    9.36842847356101e-08    3.51860678534631e-06    0.000306077662119666    0.00187579305393397
291.999999999879    -9.9833332205386e-06    -2.32732823693334e-05    9.75392676375153e-08    3.22339150830525e-06    0.000312153168645335    0.00179522975204652
292.499999999879    -1.75042764938916e-05    -7.38565150769623e-06    1.07836052858819e-07    3.00404164360385e-06    0.000327917143747082    0.00173320140080593
292.999999999879    -1.90004199287466e-05    2.99324382457378e-06    1.14171694853066e-07    3.04561789475129e-06    0.000337358383467192    0.00174516730866777
293.499999999878    -9.86169707275904e-06    3.75028945346031e-05    1.00649000852079e-07    3.33515211790025e-06    0.000317098955821246    0.00182585477264808
293.999999999878    1.21471224454227e-05    3.20537506099024e-05    8.47723868858477e-08    3.58836123423321e-06    0.000290903479357232    0.00189402581590248
294.499999999877    1.17389305186883e-05    -1.24363905805287e-05    8.1508574151463e-08    3.67121615874294e-06    0.00028525562511849    0.00191600143395882
294.999999999877    9.10072077021721e-06    -1.96532605442251e-05    8.61789814922793e-08    3.5084122798154e-06    0.000293421468835772    0.0018729725115883
295.499999999876    -1.46955360781456e-06    -9.71112606879216e-06    9.57292310462059e-08    3.27753459300059e-06    0.000309397917669786    0.00181037020717616
295.999999999876    -6.52553094324003e-06    -1.37767349757954e-05    1.07442183805065e-07    2.99460812967311e-06    0.000327718783793321    0.00173043876841873
296.499999999875    -1.29933856891193e-05    -1.09343018554686e-05    1.10550873286085e-07    2.92107325216118e-06    0.000332237934640851    0.00170907977964872
296.999999999875    -1.49186052490084e-05    6.68217703675173e-06    9.86450508243951e-08    3.11322456105952e-06    0.000313723582221387    0.00176442055915521
297.499999999874    -1.19815451872827e-05    -4.82751595575738e-06    8.98740261535659e-08    3.34640015672501e-06    0.000299550444380393    0.00182931048535089
297.999999999874    -1.34257596774631e-05    2.01228269980048e-05    8.24033025132483e-08    3.52757758575419e-06    0.000286745621571335    0.00187807685082049
298.499999999874    4.86124499268315e-06    2.77376075967876e-05    8.15877539895946e-08    3.5126609888816e-06    0.000285594331678196    0.00187400416595225
298.999999999873    7.6940643896737e-06    -6.91442797038989e-07    8.45496384911024e-08    3.32824057428913e-06    0.00029067239267648    0.00182434648468869
299.499999999873    1.18563890945679e-05    1.57025327345787e-05    9.28677219479544e-08    3.09865438092713e-06    0.000304511326530874    0.00176022947691284
