#t    E^kin_scal0    E^grad_scal0    E^kin_cmplxscal0    E^grad_cmplxscal0    E^kin_SU2matter    E^grad_SU2matter    E^kin_U10    E^grad_U10    E^kin_SU2    E^grad_SU2    Vpot_term_0    Vpot_term_1    Vpot_term_2    E_tot
0    2.95489131385008e-13    2.76651757152094e-13    5.45576514161132e-13    5.41417323336407e-13    0.500000557913355    5.3717858692638e-06    1.42883728874847e-06    2.03345292614154e-07    4.31683296473231e-06    6.17897259923587e-07    1.00000000000018    0    0    1.50001249661387
0.0707107    2.08265219864878e-13    2.01088004133092e-13    3.92528373169063e-13    3.87921725918223e-13    0.452339500220649    3.14452095234196e-06    1.44089496418622e-06    1.57096634504969e-07    3.60595444966766e-06    4.47922486464535e-07    0.811638329759507    0    0    1.26398662637083
0.1414214    1.46864488454942e-13    1.47491060454661e-13    2.8343601340479e-13    2.77754459537885e-13    0.405878154101953    2.42996367793915e-06    8.62142714891826e-07    1.95345340910897e-07    2.57063865874805e-06    3.87022950936116e-07    0.646707167227925    0    0    1.05259176644408
0.2121321    1.04602420862818e-13    1.08600749576567e-13    2.05485391222745e-13    1.99439421098304e-13    0.36103655055022    2.0542203661888e-06    4.53250699679658e-07    2.11510465919974e-07    1.66910255634156e-06    3.49462490116064e-07    0.505064112003057    0    0    0.866105400100473
0.2828428    7.58039965842421e-14    7.99271240200699e-14    1.49628407098138e-13    1.44254616310833e-13    0.318239125894609    1.21321619642318e-06    4.84382893457606e-07    1.77882809315501e-07    1.32212124596015e-06    2.81594240152775e-07    0.385991501668994    0    0    0.704234106761437
0.3535535    5.60648341070536e-14    5.87130051283186e-14    1.09575328599811e-13    1.05540534262384e-13    0.277892661805818    1.13133063095234e-06    2.08163621638748e-07    1.46384545004496e-07    8.58721541497181e-07    2.18620318940784e-07    0.288199512800926    0    0    0.566094737827731
0.424264200000001    4.22612112761834e-14    4.31416802214426e-14    8.0912411937718e-14    7.83140149592382e-14    0.240360953444458    6.9784839488894e-07    2.26789244352408e-07    9.57185650398993e-08    7.25832504157937e-07    1.48255378604759e-07    0.209883229748685    0    0    0.450246077637475
0.494974900000001    3.23435556875414e-14    3.18703307334858e-14    6.04661191254887e-14    5.89797015984831e-14    0.205939800540361    5.32543678835284e-07    1.8384048226399e-07    5.913882696993e-08    5.3204055844142e-07    1.02173367722097e-07    0.148832577623535    0    0    0.354773787900994
0.5656856    2.50383595835203e-14    2.38207843283157e-14    4.59035690154442e-14    4.50482254049379e-14    0.174835769392666    4.71482218141495e-07    1.06270732559432e-07    3.74411010773687e-08    3.65433343844819e-07    7.12903379708261e-08    0.10258310787271    0    0    0.27741992918325
0.6363963    1.95673530230121e-14    1.81146985909766e-14    3.5498134601996e-14    3.48548650711195e-14    0.147151813187169    2.58749293555754e-07    1.27358805770894e-07    2.22270565030679e-08    3.35837963245207e-07    4.75920105425063e-08    0.0685864634830999    0    0    0.215739068435506
0.707106999999999    1.54382153851624e-14    1.4061485080288e-14    2.79870732339236e-14    2.73048350827996e-14    0.12288272841085    2.34008449831451e-07    7.61645094577251e-08    2.00065717755452e-08    2.31520518632864e-07    4.09400060538249e-08    0.0443749202426535    0    0    0.167258251293644
0.777817699999999    1.23141150251634e-14    1.11486030592847e-14    2.24712033261104e-14    2.16703021664317e-14    0.101920786793251    1.87808394815357e-07    5.18442070695218e-08    1.89632732982993e-08    1.61565037306062e-07    3.74834365852367e-08    0.0276966836165909    0    0    0.129617928074259
0.848528399999999    9.94485856568035e-15    9.01794212585559e-15    1.83319715151253e-14    1.74480261734378e-14    0.0840705333002477    1.12002714309093e-07    5.30820025110267e-08    1.71465535466331e-08    1.3692580964472e-07    3.28597121223944e-08    0.0166067471708316    0    0    0.100677632487926
0.919239099999998    8.13650349088549e-15    7.43087828610732e-15    1.51581333229822e-14    1.42712362022292e-14    0.0690701059084564    9.29752270696002e-08    3.26235558961771e-08    1.7016457014246e-08    1.01147419556482e-07    3.0115877826996e-08    0.00950897925725408    0    0    0.0785793590442928
0.989949799999998    6.73999358169037e-15    6.23091382129308e-15    1.26819282077668e-14    1.18621281885637e-14    0.0566153530363018    7.60576242342497e-08    1.98921428267093e-08    1.50935341721934e-08    7.41619328152361e-08    2.68223854784608e-08    0.00515504684176262    0    0    0.0617706119057215
