#t    <phi>    <pi>    <phi^2>    <pi^2>    rms(phi)    rms(pi)
0    1.00000000000002    0.70710717569052    1.00000000000006    0.500000557913355    1.12501299906829e-07    5.75887092961486e-07
0.0707107    0.949162643293412    0.730495360612748    0.900909723423746    0.533623471877035    9.94519337759574e-08    5.34281278880778e-07
0.1414214    0.896761425219004    0.751189106342484    0.804181053760831    0.564285073487876    1.05763923910081e-07    5.05775355084833e-07
0.2121321    0.843017572648333    0.768312554963568    0.710678627793904    0.590304182114883    1.26855893379859e-07    4.86181261430841e-07
0.2828428    0.788214528772988    0.780993409906738    0.621282143368831    0.609950706317973    8.83265224964733e-08    4.67359870506358e-07
0.3535535    0.732695139532915    0.788438218532965    0.53684216749517    0.621634824443625    1.11391707093872e-07    4.34571321952538e-07
0.424264200000001    0.67685311921429    0.790016944434448    0.458130144990124    0.624126772493705    1.00614155401228e-07    4.03721452990777e-07
0.494974900000001    0.621118551410383    0.785344783006728    0.385788254906138    0.616766428196016    7.95554488574082e-08    3.62405361707991e-07
0.5656856    0.565938139962541    0.774345765013445    0.320285978264273    0.599611363794369    1.12216837476231e-07    3.34920792254502e-07
0.6363963    0.511752063472536    0.757283088598404    0.261890174468406    0.573477676277227    8.49831340893888e-08    2.9776061209446e-07
0.707106999999999    0.458970102534133    0.734748490110174    0.210653555020199    0.539855343719254    8.03164824636014e-08    2.71766654255826e-07
0.777817699999999    0.40795000473628    0.707610230971216    0.166423206364338    0.500712238975204    8.62729390360456e-08    2.55484730719701e-07
0.848528399999999    0.358980735845313    0.676929358403076    0.128867168708049    0.458233356268065    8.2287009482205e-08    2.5534597541551e-07
0.919239099999998    0.312272309349698    0.643860329677751    0.0975139951865989    0.41455612413281    7.3097674224422e-08    2.61915009771103e-07
0.989949799999998    0.267952710145489    0.60955254859334    0.0717986548743172    0.371554309496694    6.95490928239957e-08    2.40083005444999e-07
