#t    <phi>    <pi>    <phi^2>    <pi^2>    rms(phi)    rms(pi)
0    -2.9778502051909e-23    -4.09454403213749e-23    3.57324442867679e-14    5.77975198080053e-13    1.89030273466363e-07    7.60246800769364e-07
0.0707107    -8.09369842321597e-18    -3.60837507084642e-16    3.03037826130007e-14    4.84975745108214e-13    1.74079816788164e-07    6.96401999644038e-07
0.1414214    -6.03377439016501e-17    -1.08794757019853e-15    2.60542121759893e-14    4.02797688581334e-13    1.61413172250561e-07    6.34663445127679e-07
0.2121321    -1.4941761319779e-16    -1.33712659641539e-15    2.26311324467212e-14    3.33711696875772e-13    1.50436473126437e-07    5.776778486975e-07
0.2828428    -2.45878492027538e-16    -1.45724973105594e-15    1.97315715130296e-14    2.78777595935335e-13    1.40469112309538e-07    5.27993935509997e-07
0.3535535    -3.7400956300539e-16    -2.31868578205531e-15    1.71524761292623e-14    2.37169649757157e-13    1.30967462101326e-07    4.87000667101347e-07
0.424264200000001    -5.83177890703616e-16    -3.54127041795228e-15    1.48015731824345e-14    2.06412666331338e-13    1.2166171617413e-07    4.54326607553792e-07
0.494974900000001    -8.52660953861165e-16    -3.88377145174771e-15    1.26733975793973e-14    1.83211228799589e-13    1.12576185667295e-07    4.28031808163352e-07
0.5656856    -1.11442955009387e-15    -3.49053059235276e-15    1.08065582128823e-14    1.64411435433025e-13    1.03954596881919e-07    4.0547680011688e-07
0.6363963    -1.35339932293907e-15    -3.3539979165492e-15    9.24086489308341e-15    1.47718096025493e-13    9.61294174177884e-08    3.84341119352969e-07
0.707106999999999    -1.59516087563977e-15    -3.46103426725039e-15    7.98823090545883e-15    1.31985063637189e-13    8.93769036466291e-08    3.63297486417384e-07
0.777817699999999    -1.8303904407099e-15    -3.06506920493367e-15    7.02311032940159e-15    1.17087214968216e-13    8.38039994833277e-08    3.4218009142587e-07
0.848528399999999    -2.01493990200036e-15    -2.11638485752219e-15    6.29029116469192e-15    1.03513725932022e-13    7.93113558369287e-08    3.21735490631703e-07
0.919239099999998    -2.13494932412209e-15    -1.37576623758866e-15    5.72260136311555e-15    9.18779110300055e-14    7.56478774528112e-08    3.03113693240681e-07
0.989949799999998    -2.22556630851235e-15    -1.29539080394048e-15    5.25950518250156e-15    8.25237792945641e-14    7.25224460598341e-08    2.87269523783091e-07
