#t    av|LHS-RHS|_over_av|LHS+RHS|    av|LHS|    av|RHS|
0    0.179732589950035    36.0118532091578    33.6594819706182
0.0707107    0.268822228043124    25.4096107683    22.0154929280655
0.1414214    0.305034996075108    22.4318989072094    19.7957917092917
0.2121321    0.182939214195879    34.467374372559    34.0040050514196
0.2828428    0.210940905937904    30.1072370187355    29.7440840145486
0.3535535    0.218966240348328    27.3549155595763    30.1234676261788
0.424264200000001    0.226856123158569    26.8982233489451    28.6987586727945
0.494974900000001    0.18163681956459    34.2478897930363    34.7282708659192
0.5656856    0.193765498405185    32.0598447768419    32.6932543587355
0.6363963    0.327048870903363    19.5276413784896    19.9764779565357
0.707106999999999    0.201327463387176    30.7341804857742    31.6817283516767
0.777817699999999    0.184914709473491    33.5434224210345    34.2264331922526
0.848528399999999    0.270078073376078    23.8390243748624    23.4793646918889
0.919239099999998    0.286434637882011    22.4240883059439    22.309738413407
0.989949799999998    0.248499838169267    25.8393199133794    25.2751736535073
