#t    <phi>    <pi>    <phi^2>    <pi^2>    rms(phi)    rms(pi)
0    1.68484050942486e-07    6.54205933169945e-07    3.6024529600385e-14    5.45576514161132e-13    8.73936735604743e-08    3.4291560356212e-07
0.0707107    1.55215344643345e-07    6.02545633855976e-07    3.053993800549e-14    4.63064475241588e-13    8.03002789082182e-08    3.16232879951923e-07
0.1414214    1.43162721461612e-07    5.55597603341636e-07    2.59410480875586e-14    3.94055974771821e-13    7.37935178133116e-08    2.92176792255736e-07
0.2121321    1.32237822935809e-07    5.1335822397441e-07    2.2108667626653e-14    3.35973977198265e-13    6.79840114427698e-08    2.69141804772326e-07
0.2828428    1.22294803120004e-07    4.74919966616412e-07    1.89360360551734e-14    2.86784198323138e-13    6.30873773825871e-08    2.47457518843547e-07
0.3535535    1.13342928726732e-07    4.3916203156256e-07    1.63186075936223e-14    2.45115649023844e-13    5.89235784832282e-08    2.28587749141744e-07
0.424264200000001    1.05434002569214e-07    4.06585688599458e-07    1.41534945400935e-14    2.10099027290798e-13    5.51104857747468e-08    2.11629641394826e-07
0.494974900000001    9.83850302735614e-08    3.77698859032628e-07    1.23455749393498e-14    1.8108919316251e-13    5.16329425601541e-08    1.96042763314439e-07
0.5656856    9.20776877409588e-08    3.52113313788697e-07    1.08150606733505e-14    1.5742946489721e-13    4.83400464793836e-08    1.82881598718822e-07
0.6363963    8.6434217321697e-08    3.29662196703577e-07    9.50215751625601e-15    1.38342758426194e-13    4.50697636142199e-08    1.72237029963843e-07
0.707106999999999    8.12481637283008e-08    3.10488231810792e-07    8.36691393763387e-15    1.22954391034352e-13    4.2019636224188e-08    1.62946153502805e-07
0.777817699999999    7.63495427581928e-08    2.94120628089252e-07    7.38490303024422e-15    1.10395601171211e-13    3.94417336188347e-08    1.54559559081913e-07
0.848528399999999    7.18501352760392e-08    2.79943929263573e-07    6.54093904044668e-15    9.99199184854191e-14    3.71281173945239e-08    1.46803661241437e-07
0.919239099999998    6.78494847634529e-08    2.67396566602444e-07    5.82328331800048e-15    9.09785342995186e-14    3.49246436679668e-08    1.39562210031023e-07
0.989949799999998    6.42271736911221e-08    2.5606688411305e-07    5.22002637994392e-15    8.32287502526401e-14    3.3089220897361e-08    1.32885293066141e-07
