#t    <phi>    <pi>    <phi^2>    <pi^2>    rms(phi)    rms(pi)
0    -1.15805285757424e-23    -1.6130021944784e-23    3.59146646951655e-14    5.90978262770017e-13    1.89511647914226e-07    7.68751105865882e-07
0.0707107    1.15805285757424e-23    -3.43279954209506e-23    3.09293936521809e-14    4.9137963693782e-13    1.75867545761522e-07    7.00984762272205e-07
0.1414214    -3.0605682664462e-23    3.63959469523332e-23    2.6858012795878e-14    4.08366096194174e-13    1.63884144430991e-07    6.39035285562678e-07
0.2121321    4.3426982159034e-24    -2.81241408268029e-23    2.33887129395932e-14    3.42055375836939e-13    1.52933688046791e-07    5.84855004113788e-07
0.2828428    -4.54949336904165e-23    4.46677530778635e-23    2.03200629209918e-14    2.90578357568739e-13    1.42548458150174e-07    5.39053204766226e-07
0.3535535    -1.05465528100511e-23    1.03397576569128e-23    1.75564725945682e-14    2.50829605079336e-13    1.3250083997684e-07    5.00828917974328e-07
0.424264200000001    -2.37814426108995e-23    -2.27474668452083e-23    1.50762612565325e-14    2.19472863770063e-13    1.22785427704319e-07    4.68479309863374e-07
0.494974900000001    1.69572025573371e-23    -2.56425989891439e-23    1.28918396445468e-14    1.93730587911823e-13    1.13542237271188e-07    4.40148370338711e-07
0.5656856    -1.24077091882954e-24    2.39882377640378e-23    1.1017455475595e-14    1.71741571981531e-13    1.04964067545018e-07    4.14417147306348e-07
0.6363963    -1.34416849539867e-23    4.96308367531817e-24    9.45164059864534e-15    1.52515146086038e-13    9.7219548438806e-08    3.9053187588984e-07
0.707106999999999    -1.26145043414337e-23    1.32348898008484e-23    8.17371747969407e-15    1.35648079774127e-13    9.04086139684382e-08    3.68304330376561e-07
0.777817699999999    -2.8951321439356e-23    -3.00886947816164e-23    7.14916491105313e-15    1.20992553123737e-13    8.45527344977863e-08    3.47839838321802e-07
0.848528399999999    1.22009140351572e-23    -7.13443278326986e-24    6.33772387945803e-15    1.08410539085982e-13    7.96098227573584e-08    3.29257557371098e-07
0.919239099999998    -1.06499503866202e-23    -4.03250548619601e-24    5.69979657290249e-15    9.76699632007251e-14    7.54969971118222e-08    3.12521940350954e-07
0.989949799999998    2.09897080435331e-23    2.1713491079517e-24    5.19940472655887e-15    8.84662384654347e-14    7.21068979124665e-08    2.97432746121598e-07
