#t    <phi>    <pi>    <phi^2>    <pi^2>    rms(phi)    rms(pi)
0    -2.70901650611117e-23    -8.27180612553028e-25    3.63166149140023e-14    5.13177830242205e-13    1.90569186685577e-07    7.16364313908925e-07
0.0707107    4.79482335140115e-18    2.14492380585154e-16    3.07760933979793e-14    4.41153205374964e-13    1.75431164272427e-07    6.64193650507865e-07
0.1414214    2.05711238411034e-17    1.37791256748161e-16    2.58278839991284e-14    3.8531426096231e-13    1.60710559700128e-07    6.20736869343452e-07
0.2121321    3.00361044994266e-17    3.28515429198625e-16    2.15862028065851e-14    3.38236257520757e-13    1.46922438063712e-07    5.81580826300831e-07
0.2828428    1.00712206261598e-16    1.84438683236228e-15    1.81405005973173e-14    2.94790800710942e-13    1.34686675648771e-07    5.42946406849647e-07
0.3535535    2.86712332242594e-16    3.17335812276962e-15    1.54847390579821e-14    2.53061648290529e-13    1.24437691468389e-07    5.03052331562561e-07
0.424264200000001    5.02334817733966e-16    2.62329672263178e-15    1.35054158977527e-14    2.1378538825026e-13    1.16212804362311e-07    4.62369320187077e-07
0.494974900000001    6.45173582899099e-16    1.56036770238005e-15    1.20177522993024e-14    1.78967157525432e-13    1.09625509345692e-07    4.23045101053578e-07
0.5656856    7.60001358617589e-16    1.95792164837254e-15    1.08235631338186e-14    1.50447494361397e-13    1.04036354866069e-07    3.87875617126673e-07
0.6363963    9.40763133671876e-16    3.13120245579392e-15    9.7634501394287e-15    1.28967420826895e-13    9.88101722467313e-08    3.59120343098097e-07
0.707106999999999    1.18373222805033e-15    3.55638803927649e-15    8.74559696980896e-15    1.13923718431514e-13    9.35178965215159e-08    3.3752587816568e-07
0.777817699999999    1.42579376860522e-15    3.25496778565306e-15    7.74669573108684e-15    1.03703987374207e-13    8.80153153211805e-08    3.22031034799764e-07
0.848528399999999    1.65089924190817e-15    3.19897451786603e-15    6.7915869162014e-15    9.63261110388165e-14    8.24110849109596e-08    3.10364480955564e-07
0.919239099999998    1.88470511871548e-15    3.39239029730735e-15    5.92396527288551e-15    9.00791575690319e-14    7.69673000233573e-08    3.00131900285578e-07
0.989949799999998    2.11906444614743e-15    3.11626726191597e-15    5.18054757738634e-15    8.3933721210716e-14    7.19760208499076e-08    2.89713170585522e-07
