#t    <|E|>    <|B|>    <|E|^2>    <|B|^2>    rms(|E|)    rms(|B|)
0    5199.0406098101    1962.26694683311    31751939.7499662    4518784.28031453    2172.99712091655    817.491718417261
0.0707107    6142.45726896796    2029.21288446481    44561585.0587003    4858421.47757272    2613.77194062584    860.648910470884
0.1414214    5609.89489115891    2669.9071276351    37031595.2223557    8390663.71290172    2358.10825292326    1123.50329002856
0.2121321    4776.95343615551    3267.50757464977    26926217.357289    12565180.33558    2026.55698811829    1374.2541923481
0.2828428    5804.78425001161    3513.15169983582    39541998.4406777    14521243.1396333    2417.94918298437    1476.14642687439
0.3535535    4428.84940374518    3722.95545250965    23147752.807564    16277931.9265122    1879.63979701164    1554.84231520139
0.424264200000001    5372.79902650658    3492.28543013193    33980340.6989137    14341727.0980134    2261.2764801509    1464.81042203473
0.494974900000001    5589.05471631266    3164.31455683851    36642872.687037    11787482.7178057    2324.93872286998    1332.13967105012
0.5656856    4852.52819356494    2883.50992062991    27776677.2375044    9786225.75563075    2056.6106506001    1213.09368692596
0.6363963    6039.50312668878    2523.05958885805    42985131.7658337    7501899.43104313    2551.3787936232    1065.86572424231
0.707106999999999    5262.49680809796    2700.84114762559    32667300.9477752    8580908.69065147    2230.11844809509    1134.18066724132
0.777817699999999    4853.62886380676    2935.56824911176    27806005.3287566    10170719.3182855    2061.13856428394    1246.25774745532
0.848528399999999    5464.22330553883    3096.37850632227    35044557.3747728    11320096.2872449    2277.45933925923    1316.25849772389
0.919239099999998    4707.42493942563    3399.98510473252    26115912.7671743    13622068.3117655    1988.98547175386    1436.0256262903
0.989949799999998    4021.99777193485    3500.80659526466    19039047.6678291    14446232.3181468    1691.91654356243    1480.06266782801
