#t    <phi>    <pi>    <phi^2>    <pi^2>    rms(phi)    rms(pi)
0    0.707106781186547    -0.500000278955975    0.50000000000003    0.250000278956676    1.75825920764174e-07    7.88924093562175e-07
0.0707107    0.671159341527595    -0.5165382237051    0.450454861719783    0.266811736548737    1.69245199005076e-07    5.63351985225671e-07
0.1414214    0.63410608471664    -0.531170915301292    0.402090526674694    0.282142541262292    1.65789028675077e-07    5.29272171829106e-07
0.2121321    0.596103441734692    -0.543279023721031    0.355339313247965    0.295152097615663    1.37468056726474e-07    6.21395731620143e-07
0.2828428    0.557351837344667    -0.552245742546947    0.310641070591494    0.304975360161502    1.33463310508183e-07    5.22299516167088e-07
0.3535535    0.518093700259722    -0.557510017533515    0.268421082248829    0.310817419650427    1.35549215259199e-07    4.54326366854422e-07
0.424264200000001    0.478607428593473    -0.558626343604315    0.229065070704872    0.312063391768917    1.24617445147649e-07    4.35866235404234e-07
0.494974900000001    0.439197137497781    -0.555322623956277    0.192894125586259    0.308383216677908    1.21087294695921e-07    4.72398731147113e-07
0.5656856    0.400178694296824    -0.547545141200855    0.160142987369123    0.299805681652838    1.11095462656113e-07    4.16698454862747e-07
0.6363963    0.36186335228518    -0.535480004163628    0.130945085727079    0.28673883485918    1.03733824399768e-07    3.18340755635969e-07
0.707106999999999    0.324540870030615    -0.519545636539385    0.105326776320239    0.269927668447261    1.04094243712449e-07    3.81403638604527e-07
0.777817699999999    0.288464213030221    -0.500355992725472    0.0832116021991532    0.250356119456431    9.24348200339305e-08    3.72937001195636e-07
0.848528399999999    0.253837710808524    -0.47866134277611    0.0644335834285202    0.229116681068315    9.04482960684889e-08    2.9413471416807e-07
0.919239099999998    0.220809865438974    -0.455278009040072    0.0487569966751854    0.207278065515577    8.79446888840241e-08    2.90806204302335e-07
0.989949799999998    0.189471176058673    -0.431018743554458    0.0358993265570631    0.185777157295366    7.98448856065053e-08    3.19697348366749e-07
