1:binCentralValue 2:valuesAverage 3:valuesAverage 4:multiplicity
0.707107 104736.4338374243 3753.510461835024 18
1.41421 305203.0514040496 38778.122456255 62
2.12132 706287.5936651625 81746.58232117951 98
2.82843 1472734.512163188 186939.3784017202 210
3.53554 2236144.800602891 234551.124374197 350
4.24264 2769958.773942082 330098.9162984457 450
4.94975 3246381.684193881 390581.8100917261 602
5.65686 3743032.987284229 431420.060885289 762
6.36396 5377929.457146204 689356.4740976506 1142
7.07107 5054111.316428008 703366.017124775 1250
7.77818 5139345.316466816 820178.9086297484 1458
8.48528 4961857.250957985 851143.5390298289 1814
9.19239 3931162.127235125 866831.7869532305 2178
9.8995 2413239.009210448 569199.1918280124 2498
10.6066 862535.6092872275 202645.4421315609 2622
11.3137 138693.5364211822 27366.86359369938 3338
12.0208 95046.75256322139 15718.62825878132 3722
12.7279 86308.85728702905 13845.05315363182 4170
13.435 69033.61694150401 12252.71578199887 4358
14.1421 59423.63429865544 10747.24836114069 5034
14.8492 49111.78627302018 9579.091609147812 5714
15.5564 34931.59361788683 7534.897606791435 5982
16.2635 26771.93733719859 5744.477043392746 6602
16.9706 19156.5746406636 4478.319288794118 7130
17.6777 13652.276930357 3288.975693812589 8034
18.3848 9538.575375361957 2162.371297676616 8606
19.0919 6371.619172002201 1466.734741408114 9066
19.799 4881.456229039837 1026.398163901406 9962
20.5061 3658.972532214457 758.1350514761579 10550
21.2132 2920.689843568126 600.5051424807317 11226
21.9203 2384.454541613126 513.4649771866997 12146
22.6274 1911.726730248352 409.6591455875481 12303
23.3345 1399.261071649855 327.05320217404 12584
24.0416 995.3993038567914 232.4108514350668 12120
24.7487 705.3102447265758 163.259791289175 11180
25.4559 530.1343954277736 124.2487647109995 11096
26.163 366.2645749144732 84.79045031955236 10056
26.8701 285.1997981790228 62.47856939760779 9716
27.5772 196.1899865913543 43.86757306537316 8604
28.2843 145.045914110387 32.58467956295425 8060
28.9914 107.6178567093409 24.55067537073084 7320
29.6985 75.59222937178573 17.10415467676802 6356
30.4056 53.05355349633695 12.11443737205322 5348
31.1127 36.73652281862272 7.978482945407082 4308
31.8198 25.80471581500282 5.352920296417843 3563
32.5269 13.93793688215562 3.108781082212783 2448
33.234 8.8269421414312 2.021597219148132 1868
33.9411 5.92264708957584 1.233880570226963 1358
34.6482 3.732441016932641 0.7516920901633366 1062
35.3554 2.415797878798275 0.4886106005105355 776
36.0625 1.202751827480623 0.280018354372211 432
36.7696 0.4405717928887314 0.1254074782208336 200
37.4767 0.4420989912866722 0.08668029767614295 168
38.1838 0.1689024542352779 0.03277790774081122 56
38.8909 0.0167145044110205 0.004229245353607334 7

0.707107 41157.21929755843 9781.950156151646 18
1.41421 448295.7379448437 59340.65067817199 62
2.12132 782742.1489993597 95603.41751625307 98
2.82843 1794492.345645076 343105.6728321388 210
3.53554 2304752.480896383 406885.3005145923 350
4.24264 2790131.92256456 513300.734307918 450
4.94975 3260817.338913508 627794.8347348083 602
5.65686 3868251.790645052 739292.5991681697 762
6.36396 5156111.503491256 992457.8610560083 1142
7.07107 5290783.782373927 909043.3513298443 1250
7.77818 5222544.233012482 932943.6907069315 1458
8.48528 4846913.261935673 954826.0205985745 1814
9.19239 3998717.269809429 831644.8545065657 2178
9.8995 2416246.612692528 604193.6701859827 2498
10.6066 787811.4405374583 268539.0555281593 2622
11.3137 132473.190730443 34576.26483958297 3338
12.0208 95158.38648580658 21187.37694319505 3722
12.7279 80205.89877614968 18468.08319878515 4170
13.435 67976.67226967536 14434.80216579985 4358
14.1421 56689.62554264793 12653.00809017753 5034
14.8492 46925.77350276131 10758.02613443782 5714
15.5564 34226.77177518296 7832.307109638708 5982
16.2635 25452.38403594632 6116.874896564726 6602
16.9706 18263.98858702871 4710.689116875017 7130
17.6777 12876.43747726918 3426.004927573509 8034
18.3848 8998.705650986602 2394.227536703423 8606
19.0919 6057.221964103301 1622.361931365612 9066
19.799 4323.860652390493 1204.939241496143 9962
20.5061 3271.701159058988 876.1380071313507 10550
21.2132 2562.652068534185 684.4894128238037 11226
21.9203 2125.196365350718 578.79380994214 12146
22.6274 1704.068719025116 456.1172182265948 12303
23.3345 1263.030070399223 357.2886016798771 12584
24.0416 913.9986194259823 260.6714895768075 12120
24.7487 636.5727957690682 176.1876019379616 11180
25.4559 482.8643016920928 140.3535232429017 11096
26.163 335.2800485900502 96.22237293738137 10056
26.8701 251.3676809910421 73.13956078352639 9716
27.5772 174.6792724480816 52.39538393327602 8604
28.2843 131.2869274207722 39.26432737461853 8060
28.9914 96.87620693461821 29.76818930209531 7320
29.6985 66.22163983931807 21.29941239402507 6356
30.4056 47.62500300183618 15.28441379169575 5348
31.1127 33.55493311748613 10.88734479710267 4308
31.8198 22.12946710396351 7.327095434885255 3563
32.5269 12.59356243982455 4.664815472984222 2448
33.234 8.079104952135429 3.087121799569184 1868
33.9411 4.695525767465161 2.09987765367472 1358
34.6482 3.413722804466139 1.447157636212283 1062
35.3554 1.927801729043326 1.059661491784438 776
36.0625 0.9818951041985942 0.5533594909819093 432
36.7696 0.4546026446537874 0.2328006043044403 200
37.4767 0.3898409455884039 0.2049415059564118 168
38.1838 0.1027789194011718 0.07900290971795867 56
38.8909 0.01965427971941114 0.002753744102604942 7

