#t    rhoGW_over_rho    rhoGW
0    0    0
4.99999999999994    3.28365799632372e-27    1.44322653977632e-30
9.99999999999983    4.99269014714957e-27    1.8126429140242e-31
14.9999999999997    4.85681594912316e-27    4.77997372041682e-32
20.0000000000003    2.30169648336476e-26    7.4094669106624e-32
25.0000000000011    1.99046670899135e-25    2.88411452673733e-31
30.0000000000019    1.56793307530581e-23    1.1379633234378e-29
35.0000000000016    3.38000241258784e-22    1.34766825326813e-28
40.0000000000006    2.09638848050767e-20    5.1513076033445e-27
44.9999999999996    2.13105785853742e-18    3.2077682438595e-25
49.9999999999986    3.04962448880497e-17    3.18266848008006e-24
54.9999999999976    6.88124321963617e-15    4.73655826008167e-22
59.9999999999966    4.66207528755901e-14    2.39025890940735e-21
64.9999999999963    7.99767182423653e-12    2.86540120522849e-19
69.9999999999989    7.9251607887739e-11    2.2124763560042e-18
75.0000000000015    2.46074269845596e-09    5.04933346640588e-17
80.000000000004    8.14982379513251e-09    1.3396198000112e-16
85.0000000000066    5.38961651927173e-08    6.79564789333823e-16
90.0000000000091    1.82186001785775e-07    1.87600003045317e-15
95.0000000000117    4.80608817624607e-07    3.93599885380918e-15
100.000000000014    1.14052077374671e-06    7.73207283024374e-15
105.000000000017    2.232089497006e-06    1.23818505843418e-14
110.000000000019    4.42189727163496e-06    2.05458361598302e-14
115.000000000022    6.58341760060577e-06    2.5581009738657e-14
120.000000000024    9.93874894350131e-06    3.27073282639613e-14
125.000000000027    1.23397662964106e-05    3.45755699889074e-14
130.000000000027    1.63593060187101e-05    3.91627439461927e-14
135.000000000022    1.90053242856905e-05    3.93634760685426e-14
140.000000000018    2.23098155741085e-05    3.98218103774462e-14
145.000000000013    2.5805913619977e-05    4.01815442021599e-14
150.000000000009    2.85117480049726e-05    3.88720755543221e-14
155.000000000004    3.11194332494072e-05    3.72158121333956e-14
159.999999999999    3.37828635502878e-05    3.55988845457711e-14
164.999999999995    3.60036912181457e-05    3.35839976148111e-14
169.99999999999    3.84473936453785e-05    3.18689112484841e-14
174.999999999986    4.07047080537319e-05    3.00821645698389e-14
179.999999999981    4.21938912577611e-05    2.78895886316601e-14
184.999999999977    4.33365702644091e-05    2.56965744093858e-14
189.999999999972    4.5486443637608e-05    2.42644484914519e-14
194.999999999968    4.67426550960368e-05    2.24929645557833e-14
199.999999999963    4.79507289451293e-05    2.08687838754159e-14
204.999999999959    4.90671153583907e-05    1.9361158752153e-14
209.999999999954    4.98714634283028e-05    1.78839715616755e-14
214.999999999949    5.10025963037726e-05    1.6658093011276e-14
219.999999999945    5.17506088359166e-05    1.54279555593388e-14
224.99999999994    5.25680902035693e-05    1.4333157145051e-14
229.999999999936    5.30809906442569e-05    1.32630601618927e-14
234.999999999931    5.37668815716265e-05    1.23340312394157e-14
239.999999999927    5.43924324518146e-05    1.14759076365813e-14
244.999999999922    5.47258768728953e-05    1.06378029641183e-14
249.999999999918    5.58786207432261e-05    1.00236061754949e-14
254.999999999913    5.58931984315108e-05    9.26733249323785e-15
259.999999999909    5.67583239876285e-05    8.71148487063383e-15
264.999999999904    5.74006460156393e-05    8.16743734590535e-15
269.999999999899    5.71268911191789e-05    7.54607014176521e-15
274.999999999895    5.78353444331232e-05    7.10194592513693e-15
279.99999999989    5.8434525367487e-05    6.67919770194098e-15
284.999999999886    5.87244198787266e-05    6.25600942747776e-15
289.999999999881    5.93760323571248e-05    5.90256716103423e-15
294.999999999877    5.98517632587754e-05    5.5585999983987e-15
