#t    <phi>    <pi>    <phi^2>    <pi^2>    rms(phi)    rms(pi)
0    9.85508151674506e-25    -1.80299524142418e-24    4.21929617954954e-15    5.26807460723199e-13    6.4956109639891e-08    7.25815032031715e-07
0.5    -2.80629470681426e-17    -6.01625314444416e-15    1.70495141708666e-15    2.59464764395468e-13    4.12910573500687e-08    5.09376839280574e-07
1    1.82181850686557e-16    -5.75530880050124e-15    9.67173351826185e-16    1.18334631299426e-13    3.10994107954827e-08    3.43998010603879e-07
1.5    5.98853286018564e-17    6.32404242018325e-16    9.37222453076352e-16    4.64383022919502e-14    3.06140891270074e-08    2.15495480908418e-07
2    5.51320159979626e-16    1.19645610611562e-15    1.44231336211689e-15    1.62999412226596e-14    3.79778009120708e-08    1.27671223157999e-07
2.49999999999999    9.2855303815164e-16    -6.98233387009022e-16    1.84443457514428e-15    1.12522526041367e-14    4.2946880854659e-08    1.06076635524213e-07
2.99999999999998    -7.89178707873414e-16    9.82442549729689e-16    7.28500008168094e-16    1.60973458298637e-14    2.69907393038444e-08    1.26875316077887e-07
3.49999999999997    -3.27922961715367e-16    -7.09602418429164e-15    1.89407406696481e-16    5.11417433548069e-14    1.37625363467815e-08    2.26145403125526e-07
3.99999999999996    -9.07002059581304e-17    -6.93388642058875e-15    1.47689800396903e-16    4.53734110390644e-14    1.21527692480727e-08    2.13010354300124e-07
4.49999999999995    3.29753535293719e-16    -3.63358355156897e-15    1.48168664029081e-16    3.01220087660791e-14    1.21724551356364e-08    1.73556932348089e-07
4.99999999999994    -1.4894966859093e-16    2.57456970291375e-15    2.75378816311738e-16    1.30001002737126e-14    1.6594541762632e-08    1.14017982238385e-07
5.49999999999993    1.01858479603899e-15    1.98167655365937e-15    7.80263218486903e-16    4.23160159019745e-15    2.79331920568864e-08    6.50507616419473e-08
5.99999999999992    1.47996623397496e-15    -2.74219028317367e-15    3.58094162342372e-16    1.42739932057837e-14    1.89233760820412e-08    1.19473818076529e-07
6.49999999999991    -8.69096504630344e-16    7.9890501822343e-15    7.89365727892612e-17    2.81572207699304e-14    8.88462564148093e-09    1.67801134590712e-07
6.9999999999999    -9.25684463861038e-16    2.19021105713421e-15    1.05237668813256e-16    2.44066516144613e-14    1.02585412614687e-08    1.56226283366344e-07
7.49999999999988    -7.8772014107155e-16    2.31527120519871e-16    1.14923240672954e-16    1.78848098064724e-14    1.07202257752789e-08    1.33734101135322e-07
7.99999999999987    -1.27681818430595e-16    -7.11399712622899e-15    1.99246321446983e-16    8.11975190675978e-15    1.41154639118586e-08    9.01096660007112e-08
8.49999999999986    -4.21493169666931e-16    4.31181323994441e-15    2.92379606996629e-16    5.15278533569823e-15    1.70991112925973e-08    7.17829042021721e-08
8.99999999999985    1.73109208633164e-15    3.51689606868055e-15    9.76225554683225e-16    2.12380458335632e-15    3.12446084098236e-08    4.60847543484427e-08
9.49999999999984    -1.61157408443761e-16    -1.13347455187991e-14    1.71399419343427e-16    1.9596712226466e-14    1.30919601031865e-08    1.39988257459209e-07
9.99999999999983    1.23615006489925e-15    -6.10198838014853e-16    2.20673027211101e-16    1.60208388070637e-14    1.48550673916714e-08    1.26573452220692e-07
10.4999999999998    1.13861255777273e-15    4.50513861071612e-15    2.09437874000017e-16    1.15056992319495e-14    1.44719685599443e-08    1.07264622462159e-07
10.9999999999998    8.29517670766017e-16    1.02053880422229e-14    2.58573343685015e-16    6.60434175675071e-15    1.60802159091542e-08    8.12671013187416e-08
11.4999999999998    -1.54765948254973e-15    -9.69980152451622e-16    2.91828136571753e-16    6.60684521244358e-15    1.70829779772659e-08    8.12825024986533e-08
11.9999999999998    6.97969157668398e-16    5.5263545255756e-15    7.39229285401531e-16    5.36337182170222e-15    2.7188771310994e-08    7.32350450378928e-08
12.4999999999998    2.92837894946566e-15    -1.45725704033403e-16    1.28153480912085e-15    1.06236182317985e-14    3.57985308234967e-08    1.03070937862224e-07
12.9999999999998    -2.23959492899548e-15    1.60482486442464e-15    3.73365527220616e-16    3.61087750523136e-14    1.93226687396077e-08    1.90023090839807e-07
13.4999999999998    -1.37278591954827e-15    -1.60426065345203e-14    4.88518284008559e-16    7.11424348553973e-15    2.21024497286739e-08    8.43459749219811e-08
13.9999999999997    -1.1532796333562e-15    -1.49250331209981e-14    4.73313634013586e-16    7.18924756941425e-15    2.17557724297159e-08    8.47894307647718e-08
14.4999999999997    7.22109868481218e-16    -1.35320254436412e-14    1.10025653409451e-16    4.04269271300232e-14    1.04893113887162e-08    2.01064485004247e-07
14.9999999999997    -1.50889973241538e-15    6.28581338373381e-15    1.68278669213011e-16    1.80403070687406e-14    1.29722268409479e-08    1.34314210226396e-07
15.4999999999997    2.05292426640878e-15    6.38428044784652e-15    3.16219630287017e-15    6.40933540080441e-15    5.62334091343408e-08    8.00583249937467e-08
15.9999999999997    -2.82802515154204e-17    -1.64515642350082e-14    1.08647557833989e-16    1.03817374743344e-13    1.04234139241416e-08    3.2220703707918e-07
16.4999999999998    1.75439510158321e-15    -1.57526237190431e-15    1.28983819726129e-15    7.71276156865872e-15    3.59143174411165e-08    8.78223295560914e-08
16.9999999999999    1.66627956287023e-15    4.3028443699316e-15    1.02678061525118e-15    1.67674255925605e-14    3.20434176587201e-08    1.29489094492782e-07
17.4999999999999    1.27097159117033e-15    1.40840587276915e-14    7.87855248987066e-16    5.8122179873583e-14    2.80687593061586e-08    2.41085420284145e-07
18    -2.41032860820825e-15    -2.40024787039869e-15    1.81997353690237e-15    7.76229583039113e-15    4.26611478619875e-08    8.81038922544919e-08
18.5000000000001    7.34840220103981e-16    8.34308239035724e-15    2.27309642811776e-15    3.06532749937801e-14    4.76770010394714e-08    1.75080767058464e-07
19.0000000000002    4.08237942037108e-15    3.12315800935873e-17    8.08132916597556e-15    2.25655132925301e-14    8.98962133016488e-08    1.50218218910124e-07
19.5000000000002    -3.01330255090009e-15    -3.66502178575555e-16    3.28149749334779e-15    8.2870027121379e-14    5.72843564452616e-08    2.87871546217022e-07
20.0000000000003    -1.38355509865624e-15    -2.62729757202967e-14    2.42597825083286e-15    7.08040313387215e-14    4.92542206397874e-08    2.66090269154512e-07
20.5000000000004    -1.04719965639398e-15    -2.68731508030874e-14    2.17416185559388e-15    1.02479871057361e-13    4.66279085483563e-08    3.20124774201187e-07
21.0000000000005    1.7017743684582e-15    -1.74413472891756e-14    1.86756435538098e-16    2.58288950900834e-13    1.36658858307135e-08    5.0822136013831e-07
21.5000000000006    -2.59561717089858e-15    8.38981624177172e-15    5.61656743746674e-16    1.07440886577953e-13    2.36992983808945e-08    3.27781766695392e-07
22.0000000000006    2.61604265704297e-15    1.01793649805352e-14    1.74253962067121e-14    4.79188306781676e-14    1.32005288555846e-07    2.18903701837515e-07
22.5000000000007    1.62526549499881e-15    -2.29939515133867e-14    4.31933980698838e-16    6.65966225954452e-13    2.07830214525905e-08    8.16067537618334e-07
23.0000000000008    2.0527008507673e-15    1.87881408840208e-14    7.62229853386878e-15    1.10455072012339e-13    8.73057760624621e-08    3.32347817823946e-07
23.5000000000009    1.31267202001969e-15    2.71889600910152e-14    4.89249421283979e-15    3.72426040037077e-13    6.99463666879116e-08    6.10267187416361e-07
24.000000000001    2.9319898127661e-16    2.94210233704314e-14    2.69307104661926e-15    6.43863155182707e-13    5.18948075111496e-08    8.02410839397566e-07
24.500000000001    -3.31505972412768e-15    -1.12517010740849e-14    1.27833271492167e-14    2.26879355235887e-14    1.13063376692971e-07    1.50625149040884e-07
25.0000000000011    1.47240166631351e-16    1.25964285111011e-14    1.16892565320582e-14    2.22368817905762e-13    1.08116865160151e-07    4.71559983359235e-07
25.5000000000012    5.73763511185584e-15    4.51413643311019e-15    6.00363778411932e-14    6.96541279776277e-14    2.4502321898382e-07    2.63920685012804e-07
26.0000000000013    -4.21910101626493e-15    -1.1585175357132e-14    2.7786609270147e-14    1.81151697342231e-13    1.66693159038237e-07    4.25619192873431e-07
26.5000000000013    -1.16350039906574e-15    -4.41023838567661e-14    1.156069179467e-14    1.31587684259452e-12    1.07520657525287e-07    1.14711675194573e-06
27.0000000000014    -1.20703512361921e-15    -4.06559720956805e-14    9.57606485219927e-15    1.57298472925239e-12    9.78573699431947e-08    1.25418687971625e-06
27.5000000000015    2.26717950281677e-15    -2.54478491110454e-14    2.84887809575779e-15    1.7587258037659e-12    5.33748826299204e-08    1.32616959841715e-06
28.0000000000016    -3.83421820593185e-15    9.94787127289052e-15    5.02775770908754e-15    7.70146420961728e-13    7.09066831059494e-08    8.77579865859357e-07
28.5000000000017    2.60358643469402e-15    1.22961306403718e-14    1.18457667063995e-13    4.03419810388355e-13    3.44176796231233e-07    6.35153375483713e-07
29.0000000000017    -1.81414300089076e-15    -3.20263110836213e-14    9.78214900431004e-15    4.73383696011279e-12    9.89047471272741e-08    2.17573825634261e-06
29.5000000000018    5.1004941623222e-15    -2.01808033356233e-14    4.46077333444468e-14    2.35134656527102e-12    2.11205429249455e-07    1.53341010994157e-06
30.0000000000019    5.07916582949015e-15    -1.48952648771619e-15    2.06294910274628e-14    5.46259359582843e-12    1.43629701063056e-07    2.33721920149318e-06
30.500000000002    2.91915605262278e-15    2.57473658308682e-14    7.52398388247012e-15    6.443029476129e-12    8.67409008626848e-08    2.53831232832546e-06
31.000000000002    -4.53967073554559e-15    -6.34106818125008e-15    9.73404186972329e-14    2.38189486433751e-13    3.11994260679957e-07    4.88046602727394e-07
31.5000000000021    2.00224762148484e-15    1.72464480770593e-14    7.25410584652255e-14    1.83238257965597e-12    2.69334473220985e-07    1.35365526617967e-06
32.0000000000022    1.11602668067763e-14    2.14001895771794e-14    4.96453179248688e-13    2.22616892251905e-13    7.04594336656695e-07    4.71822945872606e-07
32.5000000000021    -7.12953515439642e-15    -9.56621644205725e-14    2.37324406163125e-13    2.92342556414727e-13    4.87159528453591e-07    5.40687115081096e-07
33.000000000002    7.67937050975088e-15    -1.32577080803098e-13    4.65058711822947e-14    1.74049630207129e-11    2.1565219957676e-07    4.17192557708223e-06
33.5000000000019    6.65224193382567e-15    -1.04482114715909e-13    3.3858428850246e-14    1.91246481086708e-11    1.84006600018168e-07    4.37317368837218e-06
34.0000000000018    7.3195851343226e-15    -1.16889860988366e-14    5.23730544113191e-14    1.22093861358559e-11    2.28851599101512e-07    3.49419320242254e-06
34.5000000000017    -7.71457470068178e-15    7.46182268393901e-15    5.82815807453238e-14    6.08462852559859e-12    2.41415783960626e-07    2.46670398013191e-06
35.0000000000016    2.16007454438555e-15    2.11263875430682e-14    9.04038101261542e-13    3.66256218973582e-12    9.50809182360762e-07    1.91378216883109e-06
35.5000000000015    -9.24053865609474e-15    -6.40491316801246e-14    1.79781769482399e-13    3.5889464055824e-11    4.24006803580319e-07    5.990781589728e-06
36.0000000000014    1.71408362819197e-14    -8.97983434009257e-14    2.41078636820854e-13    3.51291000452303e-11    4.90997593498027e-07    5.9269806854106e-06
36.5000000000013    2.18311146790736e-14    -2.0889818989928e-14    6.01545183335819e-14    6.4456059363706e-11    2.45264180698245e-07    8.02845311150947e-06
37.0000000000012    1.82477589728952e-14    6.8166579625431e-14    1.30472311072803e-14    6.1001701987419e-11    1.14224476830844e-07    7.81035863372604e-06
37.5000000000011    -1.3060302015084e-14    7.18139397400537e-14    7.79275138638142e-13    4.33422870362402e-12    8.82765619311345e-07    2.08188104934552e-06
38.000000000001    2.01275670716972e-14    3.21940477972475e-14    4.89676932850227e-13    1.65359463231061e-11    6.99769199701035e-07    4.06644148157896e-06
38.5000000000009    3.31619076849394e-14    1.05757831380635e-14    4.41515506549398e-12    7.01356375773363e-13    2.10122703806466e-06    8.3747022381298e-07
39.0000000000008    -1.93286118063461e-14    -1.11384005785338e-13    2.02873722123324e-12    6.28945602471698e-12    1.42433746746803e-06    2.50787878987741e-06
39.5000000000007    -3.3756959379037e-15    -2.11446129346038e-13    1.15578130575481e-13    1.95766968347779e-10    3.3996783756038e-07    1.39916749657708e-05
40.0000000000006    -1.8139032310407e-14    -1.62068431671396e-13    6.34685553879044e-14    2.04292986863513e-10    2.519296635728e-07    1.42931097688191e-05
40.5000000000005    -1.23978857178994e-14    -3.05923995844422e-13    8.06631296018974e-13    8.18313840210797e-11    8.98126547886752e-07    9.04607008711958e-06
41.0000000000004    2.43831199282323e-14    2.24690331092928e-13    7.30025193638656e-13    5.07484402021635e-11    8.54415117866401e-07    7.12379394720001e-06
41.5000000000003    1.07175966304783e-13    1.43225927366821e-13    7.43189220812042e-12    3.52280175654658e-11    2.7261497039085e-06    5.935319499864e-06
42.0000000000002    5.59037201120774e-14    -5.97253748222669e-13    2.79795706648185e-12    2.82350574349718e-10    1.6727094985328e-06    1.68032905810058e-05
42.5000000000001    6.76861845663817e-14    5.83466381181974e-13    1.06414383132258e-12    4.43866531268959e-10    1.03157347354543e-06    2.10681401948287e-05
43    1.23995422252963e-13    9.84406941848063e-13    7.5267680731374e-14    6.64564441585776e-10    2.74349559378831e-07    2.5779147417744e-05
43.4999999999999    1.90984782791801e-13    1.58038252529426e-12    2.68951712119017e-13    5.43105795428113e-10    5.18605545785022e-07    2.33046303430908e-05
43.9999999999998    -2.34081745652689e-13    1.4223132902928e-12    6.35948713556194e-12    7.66157721992631e-11    2.52180235854476e-06    8.75304359633042e-06
44.4999999999997    5.29855908049173e-13    7.85672665221738e-13    3.43051210037945e-12    1.59423028602706e-10    1.85216416669235e-06    1.26262832457816e-05
44.9999999999996    7.96801015456071e-13    -2.87279599726565e-13    4.12914452937803e-11    5.07353800220703e-12    6.42584199103741e-06    2.25245155379798e-06
45.4999999999995    -5.64771090386378e-13    -8.56416304393298e-14    1.70681201180423e-11    1.9144764843726e-10    4.13135814448978e-06    1.38364608349556e-05
45.9999999999994    -7.1602903427105e-13    -6.6247605387012e-12    1.95194124256488e-13    1.96812253836827e-09    4.41807791076589e-07    4.43635271182109e-05
46.4999999999993    -1.27679296311666e-12    -9.07852169317932e-12    3.9963217964234e-13    1.95864942502604e-09    6.32164677628156e-07    4.42566314242957e-05
46.9999999999992    -5.72134094304052e-13    -1.73821276925218e-11    1.10228570763569e-11    4.94070366173831e-10    3.32006883608708e-06    2.22276936764373e-05
47.4999999999991    1.37688765379386e-12    1.10174726764607e-11    9.34497034511533e-12    4.3404030084126e-10    3.05695442313317e-06    2.0833633884686e-05
47.999999999999    4.44622275716259e-12    4.4266965019193e-12    6.42887136099702e-11    3.54075119643428e-10    8.01802429591919e-06    1.88168838983347e-05
48.4999999999989    2.31627373802027e-12    -2.34097362199423e-11    3.98554182279184e-11    2.26144237655582e-09    6.31311478019472e-06    4.75546251857301e-05
48.9999999999988    2.88423823706156e-12    2.9729192398191e-11    2.85739219306981e-12    5.05958463752228e-09    1.69038226240738e-06    7.11307573242504e-05
49.4999999999987    4.92457195218792e-12    5.92621266138876e-11    2.96058547461928e-12    6.07718020733341e-09    1.72063519509367e-06    7.79562711225332e-05
49.9999999999986    6.9442556275108e-12    8.67547565345447e-11    9.39068022172732e-12    4.43791568683847e-09    3.06442167817667e-06    6.66176829890604e-05
50.4999999999985    -1.1043984370333e-11    4.99196991552894e-11    5.14852893628072e-11    1.23778495630132e-09    7.17532503533361e-06    3.51821681580148e-05
50.9999999999984    2.07451287583804e-11    3.41072585762656e-11    2.41456583068069e-11    1.61378166404518e-09    4.91382318631598e-06    4.01719014243042e-05
51.4999999999983    3.29335220122237e-11    -2.82535211132872e-12    4.0020045528105e-10    1.01383436797075e-10    2.00050107543077e-05    1.0068934243358e-05
51.9999999999982    -2.15971844729356e-11    -5.74843958797942e-11    1.38711282088381e-10    3.78852246280169e-09    1.17775753908822e-05    6.15509745073007e-05
52.4999999999981    -1.89367408228419e-11    -3.32992404207515e-10    1.35870549115001e-11    1.78227524525522e-08    3.68606225003614e-06    0.000133501881831086
52.999999999998    -3.80082624070146e-11    -5.07893270768616e-10    2.19753385726197e-11    1.66716208756845e-08    4.68778610552732e-06    0.000129118631015925
53.4999999999979    -5.30060614911401e-12    -7.14117969808232e-10    1.38286131395296e-10    2.38211814228979e-09    1.17595123791451e-05    4.88069476794014e-05
53.9999999999978    4.54072894435381e-11    4.79016999122046e-10    1.1983651019024e-10    3.715983149518e-09    1.09469863518769e-05    6.09588644028786e-05
54.4999999999977    1.78662589136994e-10    1.83706181751422e-10    5.76146662736438e-10    3.68376999614424e-09    2.40030552785373e-05    6.06940688709407e-05
54.9999999999976    1.1734232374618e-10    -8.73382248175379e-10    5.38740042901611e-10    1.81746570708945e-08    2.32107742845395e-05    0.000134813415764648
55.4999999999975    8.91013445501024e-11    1.48964122186516e-09    5.36189434376176e-12    5.32411651474498e-08    2.31557645864323e-06    0.00023074047140723
55.9999999999974    1.42265192204624e-10    3.02654319872965e-09    1.12009500365357e-10    4.84365015914288e-08    1.05834540838574e-05    0.000220082942506385
56.4999999999973    1.96842476396073e-10    4.26861673680715e-09    1.98513207895219e-10    3.18012311049996e-08    1.40894715250953e-05    0.000178328996763786
56.9999999999972    -5.01806496054467e-10    1.5108786628184e-09    4.01430614961008e-10    1.86137355502135e-08    2.00357334457513e-05    0.000136432164638441
57.4999999999971    8.19932435749361e-10    1.50457601530571e-09    1.64658632794279e-10    1.693152538416e-08    1.28319379721845e-05    0.00013012119497567
57.999999999997    1.36325634766005e-09    1.72004564589968e-10    3.97578283531727e-09    1.98480067888376e-09    6.3053809032118e-05    4.45511018814818e-05
58.4999999999969    -8.20733503937794e-10    -3.95374524618294e-09    1.0620146122698e-09    6.05793431672304e-08    3.25885656572393e-05    0.000246128712570472
58.9999999999968    -4.3029468101386e-10    -1.51507889172178e-08    4.31386328283678e-10    1.42750131395489e-07    2.0769841792814e-05    0.000377822883327549
59.4999999999967    -1.00744782923995e-09    -2.49545436969012e-08    5.57330581569709e-10    1.20381861960069e-07    2.36078499773859e-05    0.000346960893095086
59.9999999999966    4.93028973838225e-10    -2.89116258248394e-08    1.61545148533669e-09    6.70440167736579e-09    4.01926794963163e-05    8.18804057237364e-05
60.4999999999965    1.36855909487516e-09    2.07817569877363e-08    1.53811649748737e-09    3.0717388199109e-08    3.92188283304641e-05    0.000175263766270235
60.9999999999964    7.23185225196087e-09    7.76105217122995e-09    5.24562725232085e-09    3.94386677142112e-08    7.24267022583602e-05    0.00019859171093975
61.4999999999963    5.71498440071137e-09    -3.20463474205427e-08    7.02219827339123e-09    1.43836874185327e-07    8.37985575098413e-05    0.000379258319827474
61.9999999999962    2.09163374157669e-09    6.77998919736145e-08    3.9566570627359e-10    5.16918129020482e-07    1.98913474128491e-05    0.000718970183264686
62.4999999999961    2.61271799379147e-09    1.35385364868477e-07    2.39247721109548e-09    3.11201530652931e-07    4.89129553826917e-05    0.000557854382723425
62.999999999996    3.42009273256508e-09    1.90905544651556e-07    3.27730151155527e-09    1.73903719397098e-07    5.72477204773975e-05    0.000417017605086609
63.4999999999959    -2.2019855499478e-08    3.21051628711721e-08    2.78540349876899e-09    2.68838664669788e-07    5.27769174345656e-05    0.000518496541588319
63.9999999999958    3.20878152782873e-08    6.86425012265428e-08    9.42092959876178e-10    1.80836966921525e-07    3.06935160945808e-05    0.000425249294190752
64.4999999999961    5.69389991481194e-08    1.91759705667933e-08    3.9442440198995e-08    3.40711337023648e-08    0.000198601200794319    0.000184583675699253
64.9999999999963    -2.92114178427789e-08    -2.25380570724008e-07    7.14632160964767e-09    8.52350580364725e-07    8.45359140031072e-05    0.00092322831930586
65.4999999999966    -9.17820444362501e-12    -6.14937729437873e-07    8.82780308663164e-09    9.03958306675141e-07    9.39563892805144e-05    0.000950767021160668
65.9999999999969    -9.52816281668948e-09    -1.07848889089475e-06    1.02399344169857e-08    5.71087433454196e-07    0.000101192560626757    0.000755702501197335
66.4999999999971    5.65572538669817e-08    -1.03440710506075e-06    1.71438992097951e-08    4.55010907057134e-08    0.00013093470132502    0.0002133073386165
66.9999999999974    2.0239973766898e-08    8.75132942863281e-07    2.09499069860052e-08    1.90016775082962e-07    0.000144740825534293    0.000435908257808102
67.4999999999976    2.91587044597334e-07    3.65306942839137e-07    4.20451928309656e-08    4.32002851330155e-07    0.00020504903756897    0.00065726913656507
67.9999999999979    2.86399148715217e-07    -1.11949414414901e-06    8.55953219844813e-08    9.96307530523207e-07    0.000292566641912589    0.000998151430022554
68.4999999999981    -2.49521519225026e-08    2.74206281731697e-06    1.49970599606714e-08    4.09848894957861e-06    0.000122462481348622    0.0020244706544354
68.9999999999984    -1.14316278498281e-07    4.55667661319362e-06    3.95224056266197e-08    7.87657676153132e-07    0.000198802395756209    0.000887489105764896
69.4999999999986    -2.1609481901741e-07    6.31299330610026e-06    4.51151347093054e-08    2.15222691548306e-07    0.000212403126183054    0.000463878041799591
69.9999999999989    -8.02065586843757e-07    -1.86829638379548e-06    6.75986763395512e-09    3.82759909791861e-06    8.22145019126767e-05    0.00195642418902119
70.4999999999992    9.26790764300091e-07    3.56464875266319e-06    6.69522702854037e-09    1.58122849946132e-06    8.18191181046311e-05    0.00125746403238446
70.9999999999994    2.34617431754847e-06    1.91418770256311e-06    2.76870100779687e-07    5.85120991982265e-07    0.000526179243457739    0.000764929622820102
71.4999999999997    -5.85451974227303e-07    -1.23471460726661e-05    2.19104186343822e-08    8.79576721455589e-06    0.000148020525199609    0.0029657401711107
71.9999999999999    1.35573524782236e-06    -8.71573772226295e-06    1.2210374807816e-07    1.22750687977603e-06    0.000349430837305607    0.00110789481255758
72.5000000000002    1.78782013834651e-06    -9.26329938079242e-06    1.05209486242456e-07    1.63788724894712e-06    0.000324355191019982    0.00127976616623183
73.0000000000004    2.63426192983738e-06    5.29534912125877e-06    5.84445697027324e-08    8.30309228746227e-06    0.000241738764716827    0.00288150381688797
73.5000000000007    -3.09032670547366e-06    8.25893792332061e-06    2.15467548268433e-07    1.3057620230505e-06    0.000464174534145602    0.00114266959922581
74.000000000001    4.2148802904994e-06    1.49659751054535e-05    6.75363056469286e-08    2.46273056611892e-06    0.000259843299761732    0.00156923758102719
74.5000000000012    8.14548863871706e-06    -1.44634777399572e-05    3.28649985843162e-07    1.34613000120574e-06    0.000573222153146578    0.00116013827150793
75.0000000000015    -5.2294706926074e-06    2.65902201486246e-05    1.32660307831113e-07    5.87879331757364e-06    0.000364188083917347    0.00242447649561015
75.5000000000017    -4.65418628067875e-06    -3.32656046389472e-05    1.20573548461224e-07    3.84576865480185e-06    0.000347205828020339    0.00196078098071912
76.000000000002    -3.32644258802596e-06    -5.47638624569447e-05    7.59874131685308e-08    1.00321658809795e-05    0.000275638074199192    0.00316688597842554
76.5000000000022    5.01783456285273e-06    -3.45418110667695e-05    8.3037248197803e-08    7.71814829694754e-06    0.000288118152038539    0.00277794081294684
77.0000000000025    -8.90435844241646e-06    4.92096492741702e-06    2.79365372820197e-07    1.4420908998117e-06    0.000528475245608464    0.00120086080955117
77.5000000000027    -3.31399512732555e-06    1.25912763671396e-05    1.57307215926984e-07    1.91841669903776e-06    0.000396605891740503    0.00138501197063318
78.000000000003    1.88157951437778e-06    -1.14154281284961e-06    3.40653012299707e-08    7.6019565528963e-06    0.000184558285884167    0.00275716434943155
78.5000000000033    -2.23854216460445e-07    8.02196289106202e-06    9.30080756331231e-08    3.02338381327397e-06    0.000304972171718032    0.00173876952509105
79.0000000000035    2.8248151482995e-07    8.95940133942446e-06    5.64134043158485e-08    7.0961496350909e-06    0.000237514893259438    0.00266384484612346
79.5000000000038    -4.20631443847609e-07    1.25399015168115e-05    3.32037724258068e-08    9.37713999639754e-06    0.000182218537736958    0.00306218594263436
80.000000000004    -3.70420860874681e-07    -1.09010263101873e-05    1.36847980001825e-07    3.07206934617814e-06    0.000369929510569528    0.00175269806692526
80.5000000000043    -3.97234231467845e-06    -5.01491172106262e-06    1.42427614888424e-07    1.80274896420215e-06    0.000377374926810141    0.00134265550863301
81.0000000000045    -4.53868467366974e-06    1.17355150259122e-05    2.31880688985178e-07    1.83436332760796e-06    0.000481518524385731    0.00135433585395021
81.5000000000048    2.67196412768974e-06    -2.22547849090139e-05    1.11681603177365e-07    4.07599288592268e-06    0.000334177293940006    0.00201878617254808
82.000000000005    2.92590916396381e-06    7.47805297166917e-06    7.15297896999232e-08    6.14930607742718e-06    0.000267434531718489    0.00247976816580723
82.5000000000053    2.17795440851359e-06    1.35373265308057e-05    5.34317283976796e-08    8.71551127700778e-06    0.0002311427803594    0.00295217343965394
83.0000000000056    -7.39603516971485e-07    2.00574826298061e-05    6.56255696183579e-08    6.32365125404566e-06    0.00025617381326942    0.0025146071167155
83.5000000000058    2.01716335061825e-06    -1.21756158367082e-05    1.64434142711765e-07    2.25612039711258e-06    0.000405499782692645    0.00150198939792915
84.0000000000061    -5.06734566765329e-06    -1.38447485257725e-05    2.8931555101241e-07    1.55389964001554e-06    0.000537856740238788    0.00124647822401909
84.5000000000063    -2.60700880446225e-06    3.90559241901199e-05    4.26432654020638e-08    9.58430026237784e-06    0.000206486001722047    0.00309560573994226
85.0000000000066    -3.19692124783129e-06    -2.95028441009502e-05    1.0893769999692e-07    5.67748874246567e-06    0.000330041633269887    0.00238256549220701
85.5000000000068    -2.62677463621882e-06    -4.30180239091693e-05    5.32044642337337e-08    1.26246404365145e-05    0.000230645971759197    0.0035528565811377
86.0000000000071    -3.13260786519003e-07    -5.26975582439125e-05    4.79836929478002e-08    1.20948699563359e-05    0.000219051580262457    0.0034773686781374
86.5000000000073    5.69524901980416e-06    3.3144248814464e-05    1.46625048378137e-07    5.13306911810082e-06    0.000382874147098938    0.0022653853042852
87.0000000000076    5.07363281480601e-06    -1.72817220561218e-05    2.28425670218896e-07    2.48557441764522e-06    0.00047791205097691    0.00157647574029161
87.5000000000079    -3.78019712038172e-06    -1.6515281517541e-05    3.44133631594976e-07    2.34113775831773e-06    0.000586616861081155    0.00152998856328867
88.0000000000081    2.9668807599185e-06    3.45172127058028e-05    1.91338489547244e-07    3.60444465061723e-06    0.000437412490866231    0.00189822369931582
88.5000000000084    -3.13179963018644e-06    4.58031975012027e-05    6.23641270983207e-08    1.39580481280659e-05    0.000249708467876837    0.00373576634643611
89.0000000000086    -5.1002292828056e-06    2.24053732506201e-05    5.59436335639203e-08    1.46622411899402e-05    0.000236469070335177    0.00382906505418617
89.5000000000089    -3.27192804265276e-06    -4.72338409203358e-05    1.43886417256022e-07    5.6648423078941e-06    0.000379309519710363    0.00237962418717032
90.0000000000091    2.98425955244895e-06    3.92941357007082e-05    2.78372931595055e-07    3.01509081188472e-06    0.000527602147256793    0.00173595702215932
90.5000000000094    1.93824459814456e-05    2.86536814479112e-05    3.82821533105723e-07    2.18651664576473e-06    0.000618422067760764    0.00147840982555725
91.0000000000096    9.31538195632442e-06    -0.000107459413711944    1.0615634278727e-07    9.18296614374634e-06    0.000325683230219608    0.00302843501137981
91.5000000000099    3.84520312540283e-06    0.00015252484169351    9.10145793674629e-08    1.1532041802009e-05    0.000301661720774094    0.00339245898643969
92.0000000000102    -1.01635582941634e-05    0.000132691909923106    7.19185734418359e-08    1.478909027185e-05    0.000267983722499403    0.00384336872143319
92.5000000000104    -1.623478250404e-05    -3.53874334158136e-07    1.02830777262063e-07    1.02531920324832e-05    0.000320261157649675    0.00320206057207795
93.0000000000107    8.83372874104816e-06    -9.872677152475e-05    1.29642835987466e-07    7.88448070110182e-06    0.000359951109491269    0.00280619559647686
93.5000000000109    -2.6960557604288e-05    -2.48684094674606e-05    3.4802626556964e-07    2.94799863503268e-06    0.000589321129693571    0.0017167935802662
94.0000000000112    -3.34737696005992e-05    2.01782479837869e-05    4.46613908768385e-07    2.87794518491567e-06    0.000667452931312097    0.00169633075289696
94.5000000000114    1.80887987771876e-05    7.14619334025844e-05    2.1449297335376e-07    5.7014843714777e-06    0.000462780475725325    0.00238670852086133
95.0000000000117    -9.87020338022618e-06    0.000164087270762081    1.02189895613245e-07    1.43279964948155e-05    0.000319519130410806    0.00378167580080437
95.500000000012    -1.73330339445454e-05    3.98903737960673e-05    1.13616181394979e-07    1.22248984540995e-05    0.00033662404449067    0.00349618466505674
96.0000000000122    -7.71939687234226e-06    -0.000124836053199138    1.52183314221836e-07    8.88846057353102e-06    0.000390030415652117    0.00297873740590752
96.5000000000125    1.2788492538741e-05    8.68483948286749e-05    2.73581104673525e-07    5.04639568971391e-06    0.000522893449119524    0.00224473897057756
97.0000000000127    3.53829284969128e-05    2.77747464614585e-05    5.24178232693905e-07    2.77848275232947e-06    0.000723136419401545    0.00166664672795061
97.500000000013    2.63626236531088e-05    -0.000115787786257814    2.48525911723862e-07    8.88277948522802e-06    0.000497826198384523    0.00297814920274011
98.0000000000132    -1.65956374760613e-05    0.000132306295736059    1.5487523840891e-07    1.41148456692502e-05    0.000393191840232822    0.00375464255467265
98.5000000000135    -1.17148423316194e-05    -0.00011053526026628    1.50610003843649e-07    1.2577576490375e-05    0.000387908193149866    0.00354476493531135
99.0000000000137    1.27613433181154e-06    -0.000137320196538758    1.47504437549864e-07    1.25548697444881e-05    0.000384060944422927    0.00354062323724379
99.500000000014    1.20571946683012e-05    6.01036430942631e-05    1.99889926269689e-07    9.36619194501986e-06    0.000446927902828208    0.00305983324661764
100.000000000014    -1.84253425612214e-06    -5.78350613515231e-05    4.22950674220452e-07    4.5671104594423e-06    0.000650343969978939    0.00213629716217589
100.500000000015    -2.80178435585278e-05    -3.8938967048318e-05    6.86723346883078e-07    3.34978000475713e-06    0.000828213950211784    0.00182982615611493
101.000000000015    -3.4639795622412e-06    0.000145856237473171    1.9965213906365e-07    1.18421660482794e-05    0.000446811078543541    0.00343815241172778
101.500000000015    -8.71190519018583e-06    -7.64872147965256e-05    2.00279253791827e-07    1.28672835495808e-05    0.000447440897214129    0.00358628404557607
102.000000000015    -2.07374037257978e-06    -0.00011267446043501    1.70753317485217e-07    1.58298989509101e-05    0.000413217880888623    0.00397708478874613
102.500000000016    6.26871212113771e-06    -6.10522634658057e-05    1.85481151469759e-07    1.4163868165568e-05    0.000430629602695984    0.00376299625121972
103.000000000016    -7.9226367828622e-07    6.69148319106634e-05    3.09480685335689e-07    8.32696620340818e-06    0.000556309318323856    0.00288487237303118
103.500000000016    2.34915244671375e-05    3.21875164886263e-05    6.53051312573053e-07    4.32216841042908e-06    0.000807774387345417    0.00207873335813215
104.000000000016    2.93457629438695e-05    -4.90747494581368e-05    5.59110524163811e-07    7.52186876424694e-06    0.00074716085976251    0.00274216345851456
104.500000000017    -2.26724022362132e-05    1.15062813404935e-05    3.39686518737554e-07    1.04728768370466e-05    0.000582385165431258    0.00323616199262897
105.000000000017    5.75941254120236e-06    -0.000138018700781853    2.10674256445623e-07    1.7686841423507e-05    0.000458956518215836    0.00420330730041731
105.500000000017    3.2189164978217e-06    -7.59560897631788e-05    2.05154633554204e-07    1.76861241052311e-05    0.000452928550801099    0.00420480139574499
106.000000000017    9.17265940127639e-06    6.99219994049967e-05    2.76133953889898e-07    1.25212867242778e-05    0.00052540443109038    0.00353785212216071
106.500000000018    -6.80541020444906e-07    -5.46917173776602e-05    4.94460503393666e-07    7.06415176096148e-06    0.000703178526590215    0.00265728443660286
107.000000000018    -2.40363257997685e-05    -4.04477638446383e-05    8.49758924421512e-07    4.7132389975041e-06    0.00092151027094849    0.00217062271615868
107.500000000018    -1.45120884791214e-05    0.000116086369074242    3.13599348922713e-07    1.42474392885014e-05    0.000559811350555423    0.00377279249938511
108.000000000018    4.8300683764586e-06    -0.000139787014277311    2.73534078500395e-07    1.78210215107167e-05    0.000522982551276688    0.00421918014563921
108.500000000019    1.18369613308332e-05    -6.37528121186507e-07    2.4486909742156e-07    1.86696423970828e-05    0.000494700903342628    0.00432083811206121
109.000000000019    3.26481802162753e-06    7.93092383355626e-05    2.62637532407111e-07    1.69617635667787e-05    0.000512471339072144    0.00411770246757744
109.500000000019    -1.00562941213255e-05    -3.3400013193777e-05    3.95689099552009e-07    1.11878088554189e-05    0.00062895784477225    0.0033446514458965
110.000000000019    -2.21407730103032e-07    3.7365742438126e-05    7.1674345088731e-07    6.23992393273412e-06    0.000846606993749713    0.0024977044929347
110.50000000002    1.56146128842915e-05    1.22267329297801e-05    8.01770744023204e-07    6.88750421833749e-06    0.000895280362728725    0.00262437701661544
111.00000000002    -4.13353597174155e-06    -5.84379137539821e-05    3.88161951963143e-07    1.27678099195261e-05    0.000623012733291634    0.00357272933900151
111.50000000002    8.60968034222871e-06    -1.79074863035116e-05    2.98657181512491e-07    1.73822866678917e-05    0.000546427538578443    0.00416916850101144
112.00000000002    2.72912238384286e-06    6.51908490152511e-05    2.72590846829928e-07    1.92422498344654e-05    0.000522095200821596    0.00438611445218545
112.500000000021    -2.54257662620153e-06    3.22497020423737e-05    3.36936056091229e-07    1.49065333584412e-05    0.000580456364764251    0.00386076330732141
113.000000000021    7.4419181296961e-06    -2.14885659892476e-05    5.51895072181404e-07    9.1700033895015e-06    0.000742859132027032    0.00302812510161539
113.500000000021    -8.18177972777384e-06    -3.19841821096966e-05    8.96744001446898e-07    5.99954437101239e-06    0.000946930335308456    0.00244918790277658
114.000000000021    -1.96993630442163e-05    1.10270177320417e-05    5.45080873256182e-07    1.18873986021238e-05    0.000738033067248233    0.0034477930632513
114.500000000022    1.08125089870308e-05    4.0797123708989e-05    4.12569065415895e-07    1.49150825375249e-05    0.000642224380621992    0.00386178949869383
115.000000000022    -6.57233352003275e-06    -1.12959237822083e-05    3.14008959416325e-07    1.88959684896349e-05    0.000560326479695923    0.00434693465464352
115.500000000022    2.63227521811299e-06    -7.82729897820554e-06    3.14807216252959e-07    1.81937186328066e-05    0.00056107066166405    0.00426540236861627
116.000000000022    -2.32094943009173e-06    -1.5440024254718e-05    4.33989458580272e-07    1.30806756532262e-05    0.000658774674508678    0.00361668871467772
116.500000000023    -3.75058161264379e-06    3.20277111600522e-06    7.19998419001691e-07    7.84493809809364e-06    0.00084851891678339    0.0028008798332579
117.000000000023    -1.04481771994627e-06    7.68923366997283e-06    9.25646684543246e-07    6.8593290592354e-06    0.000962104772308701    0.00261902079696229
117.500000000023    2.09070913176924e-06    1.34143609873057e-06    4.31985913062746e-07    1.43274902471556e-05    0.000657253027378401    0.00378516689826285
118.000000000023    9.06986026455071e-06    1.13763578694619e-05    3.60101189920435e-07    1.79034506688709e-05    0.000600015772755364    0.00423123164661928
118.500000000024    -9.27447877464281e-06    -5.69900643449061e-06    3.32471398762592e-07    1.905190233478e-05    0.000576528735455615    0.0043648447688441
119.000000000024    1.46408324175437e-06    5.02360217295785e-05    3.85615655935124e-07    1.60395789934188e-05    0.000620977867878868    0.00400462923821164
119.500000000024    1.16266126868622e-05    -1.4946069762532e-05    5.81637592595172e-07    1.05727321814503e-05    0.000762563056063302    0.00325153945023722
120.000000000024    -1.30171551023542e-07    -2.26458844224414e-05    9.06020550742703e-07    6.98124671730067e-06    0.000951851109049136    0.00264210784814311
120.500000000025    -1.05068394406742e-05    -5.96622382742354e-06    7.3561488240642e-07    1.0386641054818e-05    0.000857615583307222    0.00322282569478885
121.000000000025    1.03968054665542e-06    -5.47344874343948e-07    4.81319527971313e-07    1.40752774245732e-05    0.000693771177720489    0.00375170322986597
121.500000000025    -3.91332754756981e-06    9.12021817566913e-05    3.76733520760752e-07    1.83322033871943e-05    0.000613773742211458    0.004280640787223
122.000000000026    -2.31364184087024e-06    -6.29004856598522e-05    3.75891357493894e-07    1.79925184676948e-05    0.000613095428587856    0.00424129249128123
122.500000000026    5.45305021403069e-06    -5.43909611973217e-06    4.87198147482314e-07    1.36955220008991e-05    0.00069797450650126    0.00370074214410198
123.000000000026    -4.66729083003253e-06    -1.52089999435664e-05    7.62711329071843e-07    8.70486086352623e-06    0.000873320986503903    0.00295036091857368
123.500000000026    -1.05895329075614e-05    -6.82684552346347e-06    9.83103750792116e-07    7.38853967232576e-06    0.000991459334811527    0.00271817826245924
124.000000000027    -5.17996409730354e-06    3.28192426884702e-05    5.36423003707408e-07    1.39636872957763e-05    0.000732390723370633    0.00373665762320897
124.500000000027    5.0576522825865e-06    -3.97067333932316e-05    4.49266281736094e-07    1.68907300461872e-05    0.000670254206916661    0.00410964151982998
125.000000000027    1.78964385134149e-06    6.05429232703313e-05    4.00137226276021e-07    1.83036020342255e-05    0.000632561478001076    0.00427784251564588
125.500000000027    -2.40188768549495e-06    -2.46674538366403e-05    4.54957112282908e-07    1.59770720300574e-05    0.000674500810391251    0.00399705686058863
126.000000000028    -1.01424496541771e-06    1.01989609844668e-05    6.32855973967549e-07    1.1082740177975e-05    0.000795521806913361    0.00332905935050276
126.500000000028    2.87991670473872e-06    6.55658135372075e-06    9.58942727092008e-07    7.47978800306963e-06    0.000979251976343057    0.00273491224983739
127.000000000028    3.35073234888125e-06    -9.34422583129975e-06    7.74830768114342e-07    1.07248978068474e-05    0.000880238343124786    0.00327487564531708
127.500000000028    -6.72110870337346e-06    -1.01428786853706e-05    5.42422977584271e-07    1.41063791061742e-05    0.000736463036602699    0.00375583229500283
128.000000000029    6.60581904585764e-06    2.32750618681269e-05    4.42493814353432e-07    1.74147435630101e-05    0.000665169284850229    0.00417303269032308
128.500000000028    -3.65333533619179e-06    1.27395703865588e-05    4.54250666512606e-07    1.68848044936451e-05    0.000673971304770112    0.00410909262453299
129.000000000028    1.18448608374403e-05    1.59523844691751e-06    5.78577084061631e-07    1.29331767760817e-05    0.000760550316108916    0.00359627226879389
129.500000000027    3.32453729145841e-06    -1.82775156554788e-05    8.59313663080418e-07    8.68037356396096e-06    0.000926985766089326    0.00294619067549648
130.000000000027    -4.86435438792634e-06    -1.58071966114678e-05    9.61277721838909e-07    8.49376281429686e-06    0.000980435648013319    0.00291436321463749
130.500000000026    -6.51483931779374e-06    5.26805099088421e-06    5.85550364939802e-07    1.38467739120522e-05    0.00076518489387106    0.00372112162656516
131.000000000026    -9.25146132609406e-07    1.43887835377472e-05    5.03708461441344e-07    1.64616016280973e-05    0.000709723612081476    0.0040572644221206
131.500000000025    1.97954457210501e-06    -3.08990978036392e-05    4.77564723453359e-07    1.69476751358564e-05    0.00069105774350386    0.00411663945246743
132.000000000025    -6.40756703759127e-06    4.59232649579982e-05    5.64289871898263e-07    1.41045731530625e-05    0.00075116497188229    0.00375532478046814
132.500000000024    1.20607182447313e-05    2.18804080226532e-05    7.85151192572581e-07    9.94330386902463e-06    0.000886005491883658    0.00315322455857007
133.000000000024    1.88869216741676e-05    7.52399531924019e-06    9.95396019288468e-07    8.06348356118465e-06    0.000997516568021876    0.00283961739512194
133.500000000024    1.05466302997509e-05    -3.77178010333192e-05    7.07867093449938e-07    1.23598731216395e-05    0.000841282272509803    0.00351545878785753
134.000000000023    -7.81275017729616e-06    -1.45557420801115e-05    5.75311503466147e-07    1.47670315057982e-05    0.00075845267775967    0.00384276198016097
134.500000000023    1.47004273408323e-06    3.46695146432517e-05    5.13371210364621e-07    1.62601478332726e-05    0.000716497766457775    0.00403223831860506
135.000000000022    -6.38381648895648e-06    -5.15530899695605e-05    5.83453098037518e-07    1.44810268592889e-05    0.000763814339302787    0.00380504522157142
135.500000000022    -5.64217445962372e-06    3.14291205019516e-05    7.50571464746663e-07    1.08352997908573e-05    0.000866336903643167    0.00329155160999213
136.000000000021    2.22393140596004e-06    7.32245303223582e-06    9.85942372162184e-07    8.2169850921445e-06    0.000992943818295519    0.00286651905171169
136.500000000021    2.05630343325204e-07    -1.503294207218e-05    8.09441963128792e-07    1.11711970801107e-05    0.000899689902602532    0.00334230026938984
137.00000000002    2.04190821923317e-06    2.13265434718677e-05    6.36986660961897e-07    1.37465655879833e-05    0.000798111828989347    0.00370757478232427
137.50000000002    1.92022327692803e-06    -3.78185787385363e-06    5.57966195681812e-07    1.57576736186768e-05    0.000746968880492607    0.00396959183244674
138.000000000019    3.72350024145394e-06    -8.71096288277514e-06    5.96604087799817e-07    1.44466166785239e-05    0.000772392531907041    0.00380086053383304
138.500000000019    4.68861220449357e-06    7.6714638319236e-06    7.51075240301833e-07    1.11261649602899e-05    0.000866633288777571    0.00333558182464958
139.000000000019    -3.74475184594186e-06    -3.22674316983034e-05    9.88564704888326e-07    8.43090956806073e-06    0.000994258860519703    0.00290342356209223
139.500000000018    -2.21332037254969e-05    -2.94194153212389e-05    8.61717971274643e-07    1.06228605994206e-05    0.000928023756467198    0.00325914023899291
140.000000000018    -5.53181481258999e-06    9.14471358632154e-05    6.5908552715093e-07    1.33840490151357e-05    0.000811821979362353    0.00365727855604111
140.500000000017    1.16518497979404e-05    -5.56262697896926e-05    5.98100175745913e-07    1.49753692152162e-05    0.000773281585285851    0.00386940240002581
141.000000000017    -2.65679771755644e-06    1.28900251272889e-05    6.41966851951104e-07    1.39598402586086e-05    0.000801223934600678    0.00373626472641605
141.500000000016    -1.31907917644647e-05    -3.92797189036462e-05    7.72343685914454e-07    1.11309418361869e-05    0.000878731864067237    0.00333607537982429
142.000000000016    -3.09019167785704e-05    -2.78738716961306e-05    9.92548078645414e-07    8.60934291109598e-06    0.000995787703370967    0.00293403578000894
142.500000000015    -3.16768246847527e-05    4.09214751284925e-05    8.86354778464173e-07    1.04832708572199e-05    0.00094093111184723    0.00323752934968831
143.000000000015    7.96953532480893e-06    8.8878057201382e-05    7.04757021937244e-07    1.29340924957904e-05    0.000839460248280972    0.00359530154322812
143.500000000014    2.10174624630578e-05    -5.55984095998774e-05    6.49905472865511e-07    1.42785207253639e-05    0.000805893131337602    0.00377828394144933
144.000000000014    -2.15062077513319e-07    1.33488431073932e-06    6.78778029238532e-07    1.34077719454354e-05    0.000823879835283541    0.00366166221319216
144.500000000014    1.10999978143667e-06    1.4036248091632e-06    8.34650541372679e-07    1.0628036742335e-05    0.000913591434544548    0.00326006668216655
145.000000000013    1.58595003039558e-06    -9.58037186903501e-07    9.8734620937828e-07    8.89970692914237e-06    0.000993651696592313    0.00298323750501148
145.500000000013    -2.92566572855084e-06    -2.21178128571855e-05    8.98250276678293e-07    1.0682821712859e-05    0.000947756148573217    0.00326838377722283
146.000000000012    -1.19685579264936e-05    -9.93702580142446e-06    7.30149158610806e-07    1.29209222574035e-05    0.000854403834396807    0.00359455470300867
146.500000000012    -4.07349982841604e-06    2.74002483384368e-05    6.77177789993504e-07    1.38196183119036e-05    0.000822898047508105    0.00371737374207848
147.000000000011    7.11540915717691e-06    1.90995559295009e-05    7.43697866335042e-07    1.25521243971411e-05    0.000862349834630684    0.00354284625747497
147.500000000011    1.21536320605449e-05    -7.60139149466982e-06    8.90761496196119e-07    1.0118861591129e-05    0.00094372336276255    0.00318100672900519
148.00000000001    3.52279887533615e-06    -1.43569751644581e-05    1.02082600471099e-06    8.8606246792922e-06    0.00101035320289445    0.00297664552080968
148.50000000001    -1.35042590619052e-06    1.84479217772147e-06    8.42141759454256e-07    1.13917798463081e-05    0.000917681827107919    0.0033751705798448
149.000000000009    9.72019110390255e-06    2.54048501648051e-05    7.41674944685963e-07    1.2775265181894e-05    0.000861150661946484    0.00357416000977601
149.500000000009    -3.67507445165311e-07    -3.4694170650107e-05    7.21530559633524e-07    1.31295700516202e-05    0.000849429470039627    0.00362330875942738
150.000000000009    -1.05428077895517e-05    -1.49475048577884e-05    7.94855780639866e-07    1.16310329912482e-05    0.000891484509031861    0.00341039727353672
150.500000000008    -1.11809498947447e-05    8.09214691893496e-06    9.4615231676522e-07    9.40040669977683e-06    0.000972639348949379    0.00306599758919264
151.000000000008    -6.56819304653495e-06    1.42090649810208e-05    9.82369184214842e-07    9.37990176139794e-06    0.000991123626524434    0.00306262956687065
151.500000000007    1.76241926893601e-07    -6.80974838837961e-07    8.09018337854097e-07    1.17767996684036e-05    0.000899454449537541    0.00343173413956805
152.000000000007    -5.65513819881877e-07    8.72542677576055e-06    7.47361798185089e-07    1.27635270434538e-05    0.000864500710456162    0.00357259722196351
152.500000000006    6.59500798238207e-06    4.51255833767874e-05    7.54360825982638e-07    1.23957801698238e-05    0.000868514439633763    0.00352047494687133
153.000000000006    3.61631488473005e-05    3.27754952879465e-05    8.63310500803332e-07    1.04271745359163e-05    0.000928441019919295    0.00322894724373517
153.500000000005    3.51485831619361e-05    -2.69162864798101e-05    9.87742834119924e-07    9.06180115242031e-06    0.000993230794539533    0.00301016223249552
154.000000000005    1.11394365662104e-05    -6.9851917310912e-05    9.22518490463373e-07    1.01691991803836e-05    0.000960413662656025    0.00318815305310639
154.500000000004    -2.30151797213062e-05    -4.30772570058001e-05    7.82495752395342e-07    1.17573704735841e-05    0.000884288444964502    0.00342863162551957
155.000000000004    -2.77400720700651e-05    9.52656404747933e-06    7.67172087731057e-07    1.22186972053811e-05    0.000875444216459624    0.00349551233011108
155.500000000004    -1.14893425675559e-05    6.59891843190547e-05    8.09041016135216e-07    1.12739528422144e-05    0.000899393690850998    0.00335702223253993
156.000000000003    1.77805304181317e-05    4.81009219361012e-05    9.21191569440294e-07    9.45363965535384e-06    0.000959622541512205    0.00307430088909052
156.500000000003    3.77865530762385e-05    2.28717860771264e-05    9.72132389974175e-07    9.11578041808943e-06    0.000985243404637043    0.00301914843945956
157.000000000002    3.08212208298063e-05    -5.1642622160887e-05    8.37042425725845e-07    1.08772221267359e-05    0.00091438092613112    0.00329765904336883
157.500000000002    -9.09954137694015e-06    -9.15053920636372e-05    7.66507743225597e-07    1.18666051031563e-05    0.000875456990132768    0.0034435783520024
158.000000000001    -3.19292887987518e-05    -1.64546381154457e-05    7.9162679916809e-07    1.14472962273165e-05    0.000889161020111035    0.00338334530785744
158.500000000001    -3.4234479599937e-05    9.39594242262253e-06    8.77010061875127e-07    9.83257501863394e-06    0.000935862202614064    0.00313567962886835
159    -2.1201002730745e-05    3.69738579522589e-05    9.45590091158208e-07    8.98039034601168e-06    0.000972183423352517    0.00299650184045327
159.5    -3.0391172578873e-06    4.32297940110245e-05    9.11879146235975e-07    9.77179665483601e-06    0.000954918797596041    0.00312568837854092
159.999999999999    1.60372493307759e-05    2.18880875154295e-05    7.86899749880085e-07    1.12344768909431e-05    0.000886928721213823    0.00335171565061358
160.499999999999    2.4829089248683e-05    1.2915678658688e-05    7.91016488811984e-07    1.12762802028021e-05    0.000889044433725933    0.00335799246396518
160.999999999999    2.01865975635663e-05    -1.26855105811847e-05    8.3946778121499e-07    1.02617045734219e-05    0.000916002337602801    0.00320336442685549
161.499999999998    1.2727470555159e-05    -2.32882346646451e-05    9.2418935584962e-07    9.03771929078444e-06    0.000961263422451353    0.00300618977260429
161.999999999998    -4.75531876425902e-06    -4.81531514015095e-05    9.45640729543711e-07    9.13803977795908e-06    0.000972428977605646    0.00302253553361564
162.499999999997    -2.71828094882785e-05    -2.36828470737765e-05    8.29194018887811e-07    1.05941582653613e-05    0.000910195096534877    0.00325478069739204
162.999999999997    -3.36627187055681e-05    -2.63550292728658e-06    7.97045351955534e-07    1.09804228766015e-05    0.00089213909976241    0.00331367106555944
163.499999999996    -2.18547372651016e-05    3.17230985862349e-05    8.34332428493118e-07    1.0374698415106e-05    0.000913156502989598    0.00322082164363725
163.999999999996    -6.47193394530578e-06    4.17278555916708e-05    9.01513858463234e-07    9.26781478988234e-06    0.000949458778744102    0.00304402259780542
164.499999999995    1.49995790504279e-05    3.53506143017202e-05    9.40240317061328e-07    8.805928199982e-06    0.00096954387713483    0.00296726785680877
164.999999999995    3.24344178177118e-05    3.34115336403134e-05    8.63495887153813e-07    9.88679352000159e-06    0.000928678575016479    0.00314414967668866
165.499999999994    3.57040526295084e-05    -3.06115050249862e-05    8.15274493595135e-07    1.05909701192779e-05    0.000902219327115621    0.00325423309783395
165.999999999994    1.68859041506376e-05    -2.62112242887071e-05    8.09739412625266e-07    1.03224655064903e-05    0.000899696770510088    0.00321275247695985
166.499999999994    5.83783311126852e-06    -2.73440012760338e-05    8.69907742505647e-07    9.23117163332209e-06    0.00093267017868602    0.00303816127598854
166.999999999993    -9.79143847523556e-06    -3.03830536070233e-05    9.26031115772444e-07    8.69407317691533e-06    0.00096225529019332    0.00294841483630931
167.499999999993    -2.09851113613921e-05    -9.55257914910098e-06    8.8557209645658e-07    9.37472627008055e-06    0.000940814392724585    0.00306180257663882
167.999999999992    -2.59589943022985e-05    -5.55151019046125e-06    8.12600730285228e-07    1.01408270608744e-05    0.000901069842409589    0.00318446168788526
168.499999999992    -1.48419138390031e-05    4.96011830073612e-05    8.07319691710983e-07    1.00652631789099e-05    0.000898387115504546    0.00317219212872647
168.999999999991    9.39372822014229e-06    3.19491944631321e-05    8.52900271033944e-07    9.22125603668289e-06    0.000923478223297155    0.00303648403349269
169.499999999991    2.53027657023092e-05    2.96761674130354e-05    9.11323672351042e-07    8.54481490590088e-06    0.000954297355334728    0.00292300089479777
169.99999999999    3.41206769592121e-05    3.20603148875478e-06    8.88756407940121e-07    8.97690233319792e-06    0.000942121110762287    0.00299614620046486
170.49999999999    2.10429142923623e-05    -5.0498142427056e-05    8.22398889631327e-07    9.71427472808822e-06    0.000906617937937151    0.00311636401367036
170.999999999989    -5.63187753698875e-06    -5.49318785351079e-05    7.86817013941599e-07    9.92249320612332e-06    0.000887009185914671    0.00314951991497814
171.499999999989    -2.35895345800056e-05    -1.93779026386773e-05    8.57914103113138e-07    9.09723467793547e-06    0.000925936086871786    0.00301609999416876
171.999999999989    -2.84608669658803e-05    -9.20744807761572e-07    9.11341211857127e-07    8.39856167445156e-06    0.000954217580486064    0.00289802705761705
172.499999999988    -2.32266061493499e-05    2.43946185187018e-05    8.64274744641918e-07    8.7816006152807e-06    0.000929373589795138    0.00296327614607009
172.999999999988    -8.7048505507833e-06    3.96663742693065e-05    8.11985237081135e-07    9.44084296973331e-06    0.000901060188143957    0.00307233942598887
173.499999999987    1.58944698653561e-05    5.06328914336518e-05    8.18889254492611e-07    9.46636321158624e-06    0.000904785400147632    0.00307632890339952
173.999999999987    3.40131400386332e-05    1.71515930311391e-05    8.36032916788657e-07    9.01052313018201e-06    0.00091371550446152    0.0030017043413765
174.499999999986    2.98839430542631e-05    -3.18929378759918e-05    8.79093804901402e-07    8.32498589946312e-06    0.000937123660382626    0.00288512889486358
174.999999999986    9.90729452206149e-06    -4.51015630068214e-05    8.70270049990396e-07    8.50508417165672e-06    0.000932830046420916    0.00291599897473766
175.499999999985    -1.27050206612179e-05    -3.82015671930251e-05    8.22273055187633e-07    9.13927475424693e-06    0.000906703720979257    0.00302288196833931
175.999999999985    -2.1951175147802e-05    2.09542268031134e-06    8.07800266448826e-07    9.28275339250544e-06    0.000898508994033146    0.00304676041094623
176.499999999984    -1.79559362343313e-05    9.01917467288782e-06    8.30489514063223e-07    8.74046302191185e-06    0.000911135060469726    0.00295641365109825
176.999999999984    -9.18196263313457e-06    2.17799082840817e-05    8.57358307399265e-07    8.23973467298275e-06    0.000925890921740498    0.00287041117413131
177.499999999984    3.1121360968523e-06    2.2687143821079e-05    8.62230448889327e-07    8.36915896111474e-06    0.000928558433001522    0.00289286091173081
177.999999999983    1.23897065500297e-05    1.1420672351209e-05    8.39579914892093e-07    8.79829412603517e-06    0.00091620216658972    0.0029661698694239
178.499999999983    1.56353494061772e-05    1.21786956773968e-05    8.02686923335649e-07    9.0278578422003e-06    0.000895791526631389    0.00300461470434595
178.999999999982    2.60284213374447e-05    1.80729748032751e-05    8.11329653056845e-07    8.59699299993908e-06    0.000900362246176241    0.0029320072250117
179.499999999982    2.46661021938752e-05    -2.36413110973382e-05    8.65146455961071e-07    8.01955934135529e-06    0.000929805377142782    0.00283178396594177
179.999999999981    7.83451272147839e-06    -4.18620622143228e-05    8.57772202600596e-07    8.22265379456862e-06    0.000926126785602821    0.00286721142616232
180.499999999981    -1.22829597132077e-05    -3.26192424118438e-05    8.153484361218e-07    8.57296137822674e-06    0.000902882918778777    0.00292778027919638
180.99999999998    -2.36682126617735e-05    -9.37273458707063e-06    7.9570459637004e-07    8.66846506336855e-06    0.000891708703601931    0.00294421079666774
181.49999999998    -2.01378074157026e-05    2.53388429320459e-05    8.13198316645041e-07    8.31417823827519e-06    0.000901550212332918    0.00288332033969763
181.999999999979    -2.55397004936176e-06    3.71519092260863e-05    8.3885827503265e-07    7.95485706449269e-06    0.00091588850427857    0.00282019091554695
182.499999999979    1.10147221982504e-05    2.07797203548729e-05    8.43272479597163e-07    7.96312270100576e-06    0.000918232626022436    0.00282182403849491
182.999999999979    1.95949647877569e-05    1.01656074088286e-05    7.9745504135993e-07    8.39473269185866e-06    0.000892788372860498    0.00289734867633923
183.499999999978    1.84000418539077e-05    -1.17089529396943e-05    7.78112635444335e-07    8.45927708269354e-06    0.000881915003786708    0.00290846007074441
183.999999999978    1.10255793132815e-05    -1.44528963580594e-05    8.05009207876514e-07    8.06276886065414e-06    0.000897155306776547    0.00283946473379068
184.499999999977    2.8279977104337e-06    -1.97347938983622e-05    8.22623785013276e-07    7.78451348966585e-06    0.000906981690797684    0.00279000430601382
184.999999999977    -5.68293887672804e-06    -1.5247802151015e-05    8.11699372584568e-07    7.81908583065413e-06    0.000900925677728353    0.00279622126005502
185.499999999976    -1.06815300462629e-05    -7.79774407427542e-06    7.82722563679072e-07    8.11834321257121e-06    0.000884651608597952    0.00284925997546004
185.999999999976    -1.53059561400435e-05    -4.37021039048071e-06    7.79265849035209e-07    8.17268410971682e-06    0.000882627654643705    0.00285878733224036
186.499999999975    -1.29924408436808e-05    8.64448639677642e-06    7.98619067568372e-07    7.80953485087714e-06    0.000893560442303315    0.00279454112936848
186.999999999975    -5.83458646099921e-06    2.17655454219088e-05    8.00481792611759e-07    7.61966157736187e-06    0.000894677455965326    0.00276028763689481
187.499999999974    8.33273922833367e-06    3.12402705257399e-05    8.07043732138446e-07    7.62967687222963e-06    0.00089831748151497    0.00276201030369677
187.999999999974    1.92129170768836e-05    5.2517279961933e-06    7.8519407850699e-07    7.90978963922316e-06    0.000885903461063556    0.00281242992065157
188.499999999974    1.25681234676443e-05    -2.7612552833643e-05    7.6616130894023e-07    7.93957666953584e-06    0.000875216173989451    0.00281759014344916
188.999999999973    -1.50528884653135e-06    -2.43371212745074e-05    7.85475656356081e-07    7.60559806028031e-06    0.000886269366762481    0.00275771749184146
189.499999999973    -1.0350458058994e-05    -1.09679672432842e-05    7.96749572285641e-07    7.47637250925267e-06    0.000892548284578268    0.00273427361705942
189.999999999972    -8.61562137741782e-06    1.80162355874459e-05    7.84197498565309e-07    7.59497333577562e-06    0.000885507351541245    0.00275583902850491
190.499999999972    -5.31359083757884e-07    5.68928307919938e-06    7.77690936021691e-07    7.69501891618289e-06    0.000881867707583862    0.0027739838767089
190.999999999971    7.07127545019748e-07    3.06422621966077e-07    7.64249731215201e-07    7.75113875894105e-06    0.000874213492909962    0.0027840866841832
191.499999999971    -1.91369722746423e-06    -1.07863432453552e-05    7.70387597561911e-07    7.58116073639043e-06    0.000877715178930405    0.00275336964303557
191.99999999997    -5.74489009755517e-06    -3.98500392041618e-06    8.08923590787892e-07    7.23554041881057e-06    0.000899383448272014    0.00268989303477933
192.49999999997    -5.70913403557779e-06    3.96201968530417e-06    7.81059958310243e-07    7.45116790105346e-06    0.000883757525624991    0.00272967987197281
192.999999999969    -5.97137993403865e-07    1.3201363369159e-05    7.52257091402193e-07    7.63898755449538e-06    0.000867327351597083    0.00276384031349508
193.499999999969    3.11132297792746e-06    1.07963737892401e-06    7.66822075014213e-07    7.53887652202345e-06    0.000875678248378672    0.00274570125039243
193.999999999969    2.9780541566643e-06    2.46421924142825e-06    7.8164185464766e-07    7.28228836934856e-06    0.00088410009944638    0.00269857041727135
194.499999999968    2.71338985417631e-06    -4.65452951041746e-06    7.77045527780904e-07    7.14890347260241e-06    0.000881497683091909    0.00267373929319174
194.999999999968    8.79419361392176e-08    -4.8121183960569e-06    7.58975863157416e-07    7.30072093232645e-06    0.000871192203491074    0.00270198034334874
195.499999999967    -6.41600001922511e-07    1.86279630749376e-06    7.5532955587346e-07    7.36486541771175e-06    0.000869096740428186    0.00271382791416509
195.999999999967    -3.86850355217998e-07    -6.38678410135681e-06    7.50012934740661e-07    7.35683423320435e-06    0.00086603278522667    0.00271234095242342
196.499999999966    -8.44696655240561e-06    -2.184672022906e-05    7.72349533203121e-07    7.10443891586534e-06    0.000878793594627989    0.00266532580310186
196.999999999966    -1.55123905799634e-05    -3.76545105700814e-06    7.65872520916247e-07    6.9973234774989e-06    0.000875003935222432    0.00264524276747471
197.499999999965    -1.1376978703912e-05    2.22575996261608e-05    7.41487329278164e-07    7.15605585218397e-06    0.000861021424607852    0.00267498793482192
197.999999999965    8.85154532835615e-07    1.98698274606846e-05    7.44907013119383e-07    7.18219500082937e-06    0.000863079503650061    0.00267988809295949
198.499999999964    6.50121500686808e-06    2.35963955109545e-06    7.44558783249929e-07    7.14649956379632e-06    0.000862853705707615    0.00267329272544132
198.999999999964    5.9972269388951e-06    7.1972871609364e-07    7.52595448460321e-07    6.93213157618175e-06    0.000867501862666222    0.00263289404613485
199.499999999964    5.80735883988901e-06    -3.8004423627884e-06    7.42611721069397e-07    6.92315492994537e-06    0.000861729653460238    0.002631186136818
199.999999999963    7.68596929110998e-07    -1.66257696793518e-05    7.41557382960346e-07    6.94227463353636e-06    0.000861136918392834    0.00263476720362899
200.499999999963    -6.86837280235379e-06    -9.21798647244783e-06    7.27484529585047e-07    7.06011983387875e-06    0.000852899381545147    0.00265707261146626
200.999999999962    -1.10241934677004e-05    -1.04060952526594e-05    7.37742977598338e-07    6.95836680682077e-06    0.000858848906826297    0.00263785111786135
201.499999999962    -1.54331093807295e-05    -6.68615373157321e-06    7.43660037136416e-07    6.7883046325599e-06    0.000862219146314473    0.0026054289335747
201.999999999961    -1.56424117368273e-05    8.12947629530273e-06    7.34711843311586e-07    6.73275310209545e-06    0.000857010594022408    0.00259474218636662
202.499999999961    -8.13278417678835e-06    2.14807618268325e-05    7.22497469118151e-07    6.82738332377596e-06    0.000849959603122222    0.00261283790171669
202.99999999996    6.73788798251878e-06    3.84896152915037e-05    7.30333143572473e-07    6.84952932405578e-06    0.00085456874763708    0.00261687750450236
203.49999999996    2.32350565658109e-05    1.91085594050533e-05    7.22413084769632e-07    6.81214395364568e-06    0.000849631224070782    0.00260993846988835
203.999999999959    2.12683010956072e-05    -2.06950938977101e-05    7.21825306906319e-07    6.63201431918935e-06    0.000849336780243753    0.00257518660144812
204.499999999959    8.4139546512653e-06    -2.78353796080214e-05    7.21419703733214e-07    6.63946111543922e-06    0.000849322617796289    0.00257656482687343
204.999999999959    -7.72088407400121e-06    -2.8570412332285e-05    7.21718675876369e-07    6.68423855845448e-06    0.000849505187638948    0.00258523157376542
205.499999999958    -1.66355307762853e-05    -1.19799892885919e-05    7.102592182691e-07    6.72449255046684e-06    0.000842604579494374    0.00259313498112294
205.999999999958    -2.10287109597786e-05    -3.52751438618998e-06    7.08366259794609e-07    6.65425773143419e-06    0.000841382227712221    0.00257958238637118
206.499999999957    -1.83545703253204e-05    1.1984136378213e-05    7.26093235007205e-07    6.42654594279e-06    0.000851913343454238    0.00253503497476174
206.999999999957    -1.19252675743305e-05    1.62230730387383e-05    7.08347759038424e-07    6.59551369555518e-06    0.000841549491730406    0.00256812198064195
207.499999999956    -1.83589855097439e-06    2.49632437703796e-05    7.06625998073657e-07    6.53181839707171e-06    0.000840608486484741    0.00255562032264814
207.999999999956    1.57546236406926e-05    3.72744569662542e-05    7.00464658664551e-07    6.52182357577814e-06    0.00083678937045023    0.00255351408663356
208.499999999955    3.05390125634619e-05    1.76724447058575e-05    6.98778785018412e-07    6.53465678936652e-06    0.000835371865536577    0.00255623638853386
208.999999999955    3.15171787216129e-05    -1.08863548108126e-05    7.12791056083827e-07    6.31805619133035e-06    0.000843681055570917    0.00251355081082704
209.499999999954    1.74245502147816e-05    -4.4896917665492e-05    6.94790505925137e-07    6.44471971947364e-06    0.000833358800862479    0.0025382482121057
209.999999999954    -7.29941354147236e-06    -4.60999265019269e-05    6.91233827464202e-07    6.37354037029766e-06    0.000831372687803823    0.00252416623206044
210.499999999954    -2.41366481903466e-05    -2.1212508495552e-05    6.84648324960041e-07    6.407609251257e-06    0.000827082672514772    0.00253123670974098
210.999999999953    -2.6882185648993e-05    7.22832782655365e-06    6.9727050494572e-07    6.21790494205312e-06    0.000834594424280712    0.00249356224974031
211.499999999953    -1.77911142070034e-05    2.85960444554903e-05    6.79492117613444e-07    6.2798685147311e-06    0.000824121103885052    0.00250580342025718
211.999999999952    -1.66523974453026e-06    3.19063100826841e-05    6.82079538091278e-07    6.25243741226562e-06    0.000825879388935134    0.00250028386381277
212.499999999952    1.1254162603262e-05    1.87921100713604e-05    6.76270947867972e-07    6.28602602796288e-06    0.0008222799351146    0.00250712442542486
212.999999999951    1.77493600361399e-05    8.50749948467899e-06    6.77924285182798e-07    6.22084079505613e-06    0.000823170240837887    0.00249414683158563
213.499999999951    1.78432973228383e-05    -1.07464078958697e-05    6.82068367690539e-07    6.15408226913793e-06    0.000825681527243517    0.00248071900542066
213.99999999995    1.08692204578963e-05    -1.61941751805873e-05    6.7415882887669e-07    6.12216662934997e-06    0.000820999810550117    0.00247424824503124
214.49999999995    -3.12458999895297e-08    -2.78512912568992e-05    6.60447350988401e-07    6.17498999416858e-06    0.000812679118725278    0.00248479663146582
214.999999999949    -1.4120051525806e-05    -2.48953148246974e-05    6.72178881222707e-07    6.06388637831028e-06    0.000819743560735683    0.00246237011872912
215.499999999949    -2.35551308754949e-05    -1.16528845169521e-05    6.57823893859595e-07    6.1056069131905e-06    0.000810721314428721    0.00247092515537661
215.999999999949    -2.49325985024431e-05    6.22966549301145e-06    6.56885215204335e-07    5.96476016481883e-06    0.00081010096947001    0.00244227790312378
216.499999999948    -1.58515285067644e-05    3.16326813168164e-05    6.43350488245003e-07    6.02571748322218e-06    0.000801934671459591    0.0024545298646981
216.999999999948    3.26647758287917e-06    4.13473540895616e-05    6.54016043609159e-07    5.91947894908438e-06    0.000808705987200144    0.00243264657223243
217.499999999947    2.28728709423211e-05    3.45982546428052e-05    6.43745601670231e-07    5.99748903698643e-06    0.000802011492090411    0.00244873273301969
217.999999999947    3.58049560172748e-05    1.11542413280066e-05    6.39468982176529e-07    5.90921553317796e-06    0.000798866063430617    0.00243086221659689
218.499999999946    3.01052033803168e-05    -3.13767011615013e-05    6.38542360331673e-07    5.87320749944732e-06    0.000798521156301512    0.00242326701006545
218.999999999946    9.75475001439077e-06    -4.69400488477775e-05    6.44569151731142e-07    5.80144326076887e-06    0.000802791377995117    0.00240816110187484
219.499999999945    -1.4957573543063e-05    -4.39436307630084e-05    6.37628919210066e-07    5.83909645466003e-06    0.000798376596728492    0.00241602264310072
219.999999999945    -2.82424988344367e-05    -6.43462343233154e-06    6.26567139009299e-07    5.82104877672848e-06    0.000791055940037673    0.00241267639196594
220.499999999944    -2.53303878789803e-05    1.89118649019453e-05    6.25606032291226e-07    5.76744733058034e-06    0.000790546901670689    0.00240147656077387
220.999999999944    -1.25120999646439e-05    3.50858938428366e-05    6.35609059335774e-07    5.67618657176148e-06    0.000797152749910736    0.00238221652076689
221.499999999944    5.85471244495938e-06    3.69143368281077e-05    6.24360175764289e-07    5.70482880800948e-06    0.000790142960549846    0.0023881930700314
221.999999999943    2.43013650839479e-05    2.64054825839068e-05    6.12015532916488e-07    5.71742187040712e-06    0.000781936683224124    0.00239096729816546
222.499999999943    3.09530747125474e-05    -2.72409702743049e-06    6.18433733793389e-07    5.65929864572574e-06    0.000785796182835746    0.00237892648583791
222.999999999942    2.1623069460999e-05    -3.01205713893678e-05    6.16810233555036e-07    5.61659743310678e-06    0.000785074949557124    0.00236974475087212
223.499999999942    3.29442347849726e-06    -4.14227764263963e-05    6.1149590205163e-07    5.58281671663331e-06    0.000781975094760424    0.00236243536847602
223.999999999941    -1.45524961304591e-05    -2.90975461434022e-05    6.09803581857397e-07    5.59924029782756e-06    0.00078076360488548    0.00236609248142079
224.499999999941    -2.67097925712595e-05    -1.52028820695827e-05    6.03160639355159e-07    5.60585061331379e-06    0.000776174739563173    0.00236761894858328
224.99999999994    -2.94218354140204e-05    3.77637967091206e-06    6.08598436927831e-07    5.52423953918159e-06    0.000779572185579181    0.00235036705178961
225.49999999994    -2.01452273262464e-05    2.94490071596705e-05    6.04867372989542e-07    5.55114629992936e-06    0.000777471248861021    0.00235590302345123
225.999999999939    -3.40998280003767e-06    3.45840386486276e-05    6.026606546889e-07    5.47373536823129e-06    0.000776304725417927    0.00233934591552896
226.499999999939    1.2254160211426e-05    2.74367072712619e-05    5.97961130328218e-07    5.48775907488613e-06    0.000773182362632342    0.00234243597606855
226.999999999939    2.34683749696576e-05    2.02921389499221e-05    5.99356528700691e-07    5.4525632911723e-06    0.000773825409299135    0.00233498426552924
227.499999999938    3.00066442293959e-05    7.57899437098931e-07    5.91890601672806e-07    5.45863763474052e-06    0.000768758871802398    0.00233637262874075
227.999999999938    2.45949859502579e-05    -2.5065774017069e-05    5.97259952266762e-07    5.39130452235413e-06    0.000772434488440844    0.00232178298497664
228.499999999937    6.43272807665783e-06    -4.57670617723914e-05    5.94253758862161e-07    5.37263967781431e-06    0.000770851723012703    0.00231744364632045
228.999999999937    -1.88701414288822e-05    -4.78949166271236e-05    5.84448297702534e-07    5.39097708350583e-06    0.000764259259325648    0.00232135373445477
229.499999999936    -3.52841280810414e-05    -1.16707925475506e-05    5.84434931559463e-07    5.36329399255511e-06    0.000763668751400124    0.00231584925786555
229.999999999936    -3.18051347316002e-05    2.31359172929754e-05    5.9130003335262e-07    5.26763436195281e-06    0.000768302327705263    0.00229501614183513
230.499999999935    -1.36802371396411e-05    4.66974365434524e-05    5.7410477869606e-07    5.3412110939998e-06    0.000757573514457748    0.00231063420805199
230.999999999935    9.6464709177076e-06    3.88334055082665e-05    5.78971707826734e-07    5.26611291736492e-06    0.00076084075431431    0.00229447268102751
231.499999999934    2.47926415464467e-05    2.38003527058978e-05    5.76426976779649e-07    5.25070524603924e-06    0.00075882297125535    0.00229131813357515
231.999999999934    3.05414331756599e-05    -5.2056230469767e-06    5.71596244321733e-07    5.22475988940723e-06    0.000755422706291855    0.00228576744024757
232.499999999934    1.9237939477291e-05    -3.92910891034351e-05    5.69573427066008e-07    5.21320284724993e-06    0.000754455650618826    0.00228290583633382
232.999999999933    -4.12457050163754e-06    -4.79408998107056e-05    5.76131023065711e-07    5.13801692844532e-06    0.000759021746054676    0.00226621239043711
233.499999999933    -2.35108643522659e-05    -2.80599856780579e-05    5.68755258371727e-07    5.16815220359813e-06    0.000753792078513125    0.00227318385547713
233.999999999932    -3.22016911627353e-05    -5.70916989466589e-06    5.59078579377599e-07    5.16655866228453e-06    0.000747021840687311    0.00227299935496331
234.499999999932    -2.69421835473921e-05    2.73417241775556e-05    5.66572537316942e-07    5.1057692080921e-06    0.000752227795327081    0.00225942949396769
234.999999999931    -4.49694679712527e-06    5.75375365976561e-05    5.58284941020382e-07    5.13298180359892e-06    0.000747171144042572    0.00226487775287789
235.499999999931    2.05666803334248e-05    3.82419727158283e-05    5.65275718075597e-07    5.05038451609402e-06    0.000751566849811552    0.00224698065581723
235.99999999993    3.30485962657804e-05    1.22479583798227e-05    5.5786785310496e-07    5.08513580904232e-06    0.000746174003426695    0.00225499130742401
236.49999999993    2.99118016972471e-05    -2.69485127519019e-05    5.49722774140284e-07    5.07966113224145e-06    0.000740829304401161    0.00225364924287297
236.999999999929    9.63639397850098e-06    -4.80622518973511e-05    5.63384673014514e-07    5.00261373240596e-06    0.000750527689646162    0.00223613589755822
237.499999999929    -1.23526938444733e-05    -3.91024124540934e-05    5.58263954856745e-07    5.02140013042899e-06    0.00074706851480405    0.00224050689170314
237.999999999929    -2.66936859553315e-05    -1.785897892659e-05    5.51204450706792e-07    5.01410130900035e-06    0.000741951412045904    0.00223914768737394
238.499999999928    -3.07680278730532e-05    2.00317741999603e-06    5.49908142955496e-07    5.00559435310679e-06    0.000740919342044935    0.00223731766640033
238.999999999928    -2.27877037668556e-05    3.27530878078464e-05    5.53700894587278e-07    4.97052468994694e-06    0.00074376180000341    0.0022292267549951
239.499999999927    -2.54944246301268e-06    4.55217861531976e-05    5.53682635064398e-07    4.9292885635174e-06    0.000744094171061382    0.00221973339176191
239.999999999927    2.0112651819792e-05    3.92506518246846e-05    5.40061766474071e-07    4.9673114620739e-06    0.000734613672423027    0.00222840096221601
240.499999999926    3.0936699344557e-05    2.01730221269946e-06    5.41177030079903e-07    4.91901287053412e-06    0.000734996565103244    0.00221788385652313
240.999999999926    2.42470686041228e-05    -2.74259629557041e-05    5.47896199939098e-07    4.85133190500125e-06    0.000739802865365636    0.00220240316962113
241.499999999925    5.8838498825058e-06    -4.07171384861611e-05    5.33267843708539e-07    4.91324174491608e-06    0.000730228199961559    0.00221620934470315
241.999999999925    -1.33385652469538e-05    -3.55411980304606e-05    5.32481876188923e-07    4.8626063028324e-06    0.000729591638429386    0.00220484537464081
242.499999999924    -2.69554107593496e-05    -1.60415233309255e-05    5.41314333292861e-07    4.82018290338349e-06    0.000735246719899964    0.00219543288963993
242.999999999924    -2.77208685824475e-05    1.34780762439658e-05    5.32661752263303e-07    4.85633481089581e-06    0.000729310157414757    0.0022036681130235
243.499999999924    -1.62840787169958e-05    3.12639575011995e-05    5.30932955922221e-07    4.79442779315778e-06    0.00072846948096853    0.00218939497535715
243.999999999923    1.11183621569832e-06    3.52907442004756e-05    5.24627479716342e-07    4.79514126776417e-06    0.000724310874926348    0.00218949670726812
244.499999999923    1.70743845393349e-05    2.41884663096187e-05    5.21456461810841e-07    4.76842721307266e-06    0.000721917534905092    0.00218353890076872
244.999999999922    2.29473847058792e-05    -6.33368907212101e-07    5.28540405757157e-07    4.71239530780616e-06    0.000726645596761116    0.0021708051286677
245.499999999922    1.73785587101623e-05    -2.06540560951185e-05    5.22942441509766e-07    4.75660870371703e-06    0.000722938743744533    0.00218086728474794
245.999999999921    5.80752724700523e-06    -2.78631163842808e-05    5.15613868718185e-07    4.74220714567372e-06    0.000718039094580135    0.00217748267327643
246.499999999921    -6.71104906061016e-06    -1.82655998352029e-05    5.17512236338114e-07    4.63850316800313e-06    0.000719351929279834    0.002153640995121
246.99999999992    -1.44374215897185e-05    -1.01023845196059e-05    5.14136631374008e-07    4.70421079490622e-06    0.00071688785192096    0.00216889574132397
247.49999999992    -1.4166526082903e-05    9.56186621925436e-06    5.17271127522948e-07    4.63551287421212e-06    0.000719076099631806    0.00215300289013427
247.999999999919    -5.6649079426381e-06    1.95758088979338e-05    5.11000914903894e-07    4.66418102866969e-06    0.000714820833301531    0.00215958278757164
248.499999999919    8.24592334747528e-07    7.56059690370216e-06    5.16112869977301e-07    4.59607071096211e-06    0.000718409486313191    0.00214383151118192
248.999999999919    3.81504136650295e-06    4.76087618777479e-06    5.05153408606405e-07    4.65221741790817e-06    0.000710731210842592    0.00215689470117716
249.499999999918    6.00177524351047e-06    3.76220764743087e-06    5.10775493447576e-07    4.54784071664189e-06    0.000714660389374913    0.00213256337829278
249.999999999918    6.49863505493447e-06    -1.18719879319115e-06    5.04941042574138e-07    4.58466563047823e-06    0.000710562319797892    0.00214118290228492
250.499999999917    3.46195534389314e-06    -1.00632113949347e-05    5.05987893599503e-07    4.53197175887951e-06    0.000711319835562527    0.00212881903661536
250.999999999917    1.26117490637111e-08    -2.83551916160616e-06    5.00514872488436e-07    4.51334609521301e-06    0.000707470757225611    0.00212446182715626
251.499999999916    -9.29190397020572e-07    -4.30636054718816e-06    4.94683399586865e-07    4.49877730329134e-06    0.000703336716084175    0.00212102775996689
251.999999999916    -4.51726831964302e-06    -7.65208514661867e-06    4.94028006284918e-07    4.48757457664535e-06    0.000702856742566966    0.00211837579816194
252.499999999915    -6.83296100354609e-06    4.81656012880853e-07    4.95630093031491e-07    4.47553267981744e-06    0.000703976848820623    0.00211554542561131
252.999999999915    -5.6303639795182e-06    3.77808568958747e-06    4.88142655741399e-07    4.43963351741099e-06    0.000698649378975504    0.0021070403991095
253.499999999914    -4.10509905075479e-06    4.39414047062292e-06    4.86538070319399e-07    4.43402355902978e-06    0.000697510730011505    0.00210570754155445
253.999999999914    2.91790849525354e-07    1.18994924570986e-05    4.88079542979853e-07    4.43032435315993e-06    0.000698626837330168    0.00210479993235443
254.499999999914    7.17728932160881e-06    1.38200636595179e-05    4.84011345626627e-07    4.40279355982532e-06    0.000695672216021756    0.00209823796688216
254.999999999913    1.20050219271259e-05    4.90352886565226e-06    4.82179658385315e-07    4.38291404611471e-06    0.000694287791793752    0.00209353528786103
255.499999999913    1.2431199680329e-05    -2.33371608959773e-06    4.86828125349236e-07    4.37746531916222e-06    0.00069761994712289    0.00209223800580417
255.999999999912    7.55284742746862e-06    -1.49589887060285e-05    4.82979208274157e-07    4.40168449281035e-06    0.000694926012442976    0.00209796585326531
256.499999999912    -4.38042836599671e-07    -1.70542443797013e-05    4.85671362121677e-07    4.32419301923796e-06    0.000696901119413759    0.00207939947388341
256.999999999911    -8.02590622666437e-06    -1.0908534018912e-05    4.76078591231972e-07    4.35643016231465e-06    0.000689937805937037    0.00208717779937412
257.499999999911    -1.04819560949592e-05    1.53373144239387e-06    4.78565627899158e-07    4.33389788099993e-06    0.000691704963474733    0.00208180103003812
257.99999999991    -6.53635645211331e-06    1.23491347658346e-05    4.78758650457924e-07    4.31317193723854e-06    0.00069189300220645    0.00207678102748197
258.49999999991    1.90190181805086e-07    1.26539467970858e-05    4.76224287772763e-07    4.2914775725134e-06    0.000690090031517959    0.00207154952876919
258.999999999909    5.5839753596182e-06    5.78889998788418e-06    4.71724726565027e-07    4.2804568418266e-06    0.000686799494601016    0.00206891839627945
259.499999999909    6.08590993480975e-06    -3.33432800431179e-06    4.69793174506715e-07    4.25304379109968e-06    0.000685387581013094    0.00206228821297035
259.999999999909    4.02948212185224e-06    -1.55285978493721e-06    4.65087067392122e-07    4.25537992090195e-06    0.000681961018435769    0.00206285663814247
260.499999999908    2.77108935654159e-06    -5.81003421596228e-06    4.68237339970557e-07    4.20062648080737e-06    0.00068427308951495    0.00204953475801456
260.999999999908    -2.91453609698208e-06    -1.47488525416885e-05    4.64931916779258e-07    4.21331124027595e-06    0.000681852933013122    0.00205258220581409
261.499999999907    -1.01951540405962e-05    -1.1399800057357e-05    4.60778860046737e-07    4.1676642145113e-06    0.000678730372740771    0.00204145395712711
261.999999999907    -1.1284140560034e-05    4.25454565213451e-06    4.57873321712374e-07    4.18654763820901e-06    0.000676569279441651    0.00204610105738947
262.499999999906    -5.60198355611769e-06    1.7345779238697e-05    4.63035107596683e-07    4.13704673714255e-06    0.000680443770914923    0.00203389917672562
262.999999999906    3.56082241639653e-06    1.61389386258781e-05    4.57990590277409e-07    4.13478992856369e-06    0.000676740652555414    0.00203335423948306
263.499999999905    9.53420801081753e-06    6.55696358069565e-06    4.52391252124417e-07    4.12369195019191e-06    0.00067253278804979    0.00203067696998329
263.999999999905    1.0847582273064e-05    5.6823852600332e-07    4.49266166795273e-07    4.10215612401705e-06    0.000670185419681824    0.00202537794031683
264.499999999904    9.37381978403877e-06    -5.34288550582038e-06    4.5531610628802e-07    4.0858790860043e-06    0.000674706038057076    0.00202134869321915
264.999999999904    5.82241306005856e-06    -9.02807907010574e-06    4.52612596147717e-07    4.05242740683791e-06    0.000672739693829549    0.00201304393906994
265.499999999904    -1.92914850136946e-07    -1.36395888841144e-05    4.39437339453074e-07    4.09029915197992e-06    0.000662900672979697    0.00202240280695884
265.999999999903    -8.37870835255218e-06    -1.73649784514068e-05    4.50141674624625e-07    4.02255905180716e-06    0.000670873663122177    0.00200555665821999
266.499999999903    -1.54610421524654e-05    -1.01129164814738e-05    4.45466683219779e-07    4.03533600988665e-06    0.000667253804331859    0.002008789122533
266.999999999902    -1.81806374408215e-05    -6.49776431758897e-08    4.41926109485488e-07    4.01812092684413e-06    0.000664526578782018    0.002004525111497
267.499999999902    -1.44070096759436e-05    1.6155073019214e-05    4.42529948500836e-07    3.98905660340989e-06    0.000665073218956405    0.00199719693997003
267.999999999901    -2.98381405189508e-06    2.77829011924963e-05    4.33668824536314e-07    4.01777093822526e-06    0.000658528603319566    0.00200424525660574
268.499999999901    1.13667885995243e-05    2.59707135333718e-05    4.39890167801197e-07    3.94658939150893e-06    0.000663144753366964    0.00198643271055113
268.9999999999    2.05042601256043e-05    1.03637473081978e-05    4.38459702452259e-07    3.95536639277813e-06    0.000661845357896359    0.00198878329274958
269.4999999999    2.14324377334467e-05    -6.18968362390796e-06    4.30807193479513e-07    3.94375069621763e-06    0.000656009027447272    0.00198587823998207
269.999999999899    1.34996448038125e-05    -2.38204563119917e-05    4.26611416615304e-07    3.93984734140136e-06    0.000653015448672904    0.00198476193213757
270.499999999899    2.48371672620206e-07    -2.8672009030137e-05    4.37471486187438e-07    3.88082060770555e-06    0.000661416226365026    0.00196977118559586
270.999999999899    -1.24397606542433e-05    -1.9649734577956e-05    4.29930025488219e-07    3.89418238296973e-06    0.000655572480998924    0.00197327045052135
271.499999999898    -1.78565729254005e-05    -9.22513155038599e-07    4.22799885070342e-07    3.87635596033541e-06    0.000649985405892856    0.00196884613652385
271.999999999898    -1.43172762979058e-05    1.16305788412867e-05    4.22790062030725e-07    3.88091400343604e-06    0.00065006544103662    0.0019699692213514
272.499999999897    -7.99784481639553e-06    1.16910710401722e-05    4.29115132530845e-07    3.83943462565286e-06    0.00065501997451157    0.0019594126529424
272.999999999897    -3.35397030837775e-06    1.19096422851454e-05    4.23769152408662e-07    3.84104393785147e-06    0.000650966898768157    0.00195982195575825
273.499999999896    5.34700173494114e-06    2.11785057205682e-05    4.19248745166705e-07    3.83963004247826e-06    0.000647472126611758    0.00195938294199314
273.999999999896    1.46516658633609e-05    1.18686897913935e-05    4.20460423819361e-07    3.81417464200104e-06    0.000648263644288949    0.00195295513932186
274.499999999895    1.72100210148565e-05    -3.0495656322702e-06    4.21133458347937e-07    3.80044025195953e-06    0.000648719718772758    0.00194946940271167
274.999999999895    1.23085355835214e-05    -1.656104811614e-05    4.18593537834661e-07    3.81425227068664e-06    0.000646870959145987    0.00195294085992688
275.499999999894    2.32298545438067e-06    -1.94452351595283e-05    4.18843519268236e-07    3.75431907312266e-06    0.000647177041470736    0.00193750895635407
275.999999999894    -5.92201966932173e-06    -1.18547984180292e-05    4.1082551635722e-07    3.77398570527774e-06    0.000640929361193771    0.0019426387129449
276.499999999894    -9.25568581474754e-06    -3.37042778590182e-06    4.09253975001771e-07    3.76059944873044e-06    0.000639662651154396    0.0019392235788962
276.999999999893    -9.8475410205791e-06    -2.98734900680117e-07    4.13661782886226e-07    3.710539095813e-06    0.000643090047211177    0.00192627594247825
277.499999999893    -9.38658041703563e-06    4.17692201938009e-06    4.07727896697363e-07    3.72312405417893e-06    0.000638466748394493    0.00192953533460815
277.999999999892    -4.58933550228678e-06    1.24433135065651e-05    4.03525262127331e-07    3.70514949575324e-06    0.000635219804577107    0.00192483626828419
278.499999999892    1.81287148840653e-06    1.46048761638029e-05    4.02878403199545e-07    3.69696311510001e-06    0.000634724441546496    0.00192269337458999
278.999999999891    9.03453474842694e-06    1.33534720792718e-05    4.07485656189367e-07    3.6400140986945e-06    0.000638282095449376    0.00190783536592598
279.499999999891    1.38313007395485e-05    3.69340265335504e-06    3.98052894590496e-07    3.67531723488505e-06    0.000630762704755401    0.00191710813301229
279.99999999989    1.29508705576333e-05    -4.58734945702316e-06    3.96023753355105e-07    3.63807608427253e-06    0.000629170905483481    0.00190736861683773
280.49999999989    9.68718682273388e-06    -1.08769595131209e-05    3.97369619461976e-07    3.58944149135608e-06    0.000630298165849654    0.00189455091858409
280.999999999889    1.91138360977145e-06    -1.92566503575825e-05    3.91421421959818e-07    3.62576125543163e-06    0.000625633893401336    0.00190404580744493
281.499999999889    -8.51441597417512e-06    -1.8682578921528e-05    3.94894932983411e-07    3.57000459580278e-06    0.000628348977642226    0.00188935321129947
281.999999999889    -1.45676390344261e-05    -4.31235425269841e-06    3.92076574136422e-07    3.59919879629354e-06    0.000625990701232362    0.0018971505475039
282.499999999888    -1.44619157767523e-05    3.97406243545489e-06    3.89690223774789e-07    3.5593360590605e-06    0.000624084190447775    0.00188661608863283
282.999999999888    -8.79638327553153e-06    1.5916747363688e-05    3.85887599518362e-07    3.55258557251383e-06    0.000621136235587356    0.00188476317601634
283.499999999887    -1.00078670149138e-07    1.47296437227954e-05    3.88943965575348e-07    3.53880681953033e-06    0.000623653714459881    0.00188111399365539
283.999999999887    6.08330103621254e-06    1.09691309922251e-05    3.86620012442439e-07    3.5149970940551e-06    0.00062175799624206    0.00187480046197465
284.499999999886    1.0910006463755e-05    7.73001313578472e-06    3.83027378632795e-07    3.51769813598092e-06    0.000618795887503913    0.0018755368252524
284.999999999886    1.16998685195741e-05    -4.2701525401237e-06    3.81684489250185e-07    3.50151538359571e-06    0.000617695396070596    0.00187122878061262
285.499999999885    7.02540572413835e-06    -1.27393250697173e-05    3.79956036523826e-07    3.47662122423231e-06    0.000616365703294917    0.00186452646369771
285.999999999885    -1.14668458903954e-06    -1.79730232589379e-05    3.78197345950999e-07    3.51249520578439e-06    0.000614976447569703    0.00187407902080444
286.499999999884    -1.03708240273765e-05    -1.65220458982193e-05    3.84028611641128e-07    3.43457020070635e-06    0.000619613635784528    0.00185318569568883
286.999999999884    -1.62635551180496e-05    -5.67693592594225e-06    3.71201306595455e-07    3.47364219964672e-06    0.00060904581385178    0.00186376231640336
287.499999999884    -1.48797688106284e-05    1.34501690948677e-05    3.72084322071799e-07    3.4493663845822e-06    0.000609805636700696    0.00185719828708017
287.999999999883    -4.90093406299091e-06    2.6096325662144e-05    3.76137485846838e-07    3.44621670818065e-06    0.00061328090357694    0.00185621542121802
288.499999999883    8.86382370276989e-06    2.26393772788499e-05    3.77633206202699e-07    3.38101710879468e-06    0.000614454749214346    0.00183861485020412
288.999999999882    1.62710127739409e-05    5.34580446003833e-06    3.64251476776169e-07    3.44821368105501e-06    0.000603313128416314    0.00185692894409821
289.499999999882    1.54901187052916e-05    -1.03315837582167e-05    3.72008873350928e-07    3.39589122163217e-06    0.000609728570409345    0.00184276544356823
289.999999999881    8.41915787253134e-06    -1.72100495693078e-05    3.71868348832033e-07    3.38332861385336e-06    0.000609751971388983    0.00183930215789771
290.499999999881    1.45212682170879e-06    -1.08793931434434e-05    3.69727156282511e-07    3.38867187199729e-06    0.000608050201554284    0.00184080240949487
290.99999999988    -3.60044904987096e-06    -1.09066687842926e-05    3.67752730777202e-07    3.39799440654144e-06    0.000606415507341164    0.00184333270223188
291.49999999988    -8.47937624389665e-06    -9.50482393340935e-06    3.67967521010739e-07    3.33870785230474e-06    0.00060654399773574    0.00182718841683794
291.999999999879    -1.23946727465375e-05    -2.06863424775022e-06    3.66304594289375e-07    3.37650253772287e-06    0.000605104095488438    0.00183752503614923
292.499999999879    -1.12461291794411e-05    9.02334036568248e-06    3.66801438224484e-07    3.3464260353898e-06    0.00060553692108984    0.00182930167405993
292.999999999879    -5.42787304437555e-06    1.34667377375513e-05    3.60827259737068e-07    3.32959189497832e-06    0.000600664463682747    0.00182466724143144
293.499999999878    7.22801976156679e-07    1.1933909484207e-05    3.62402467382806e-07    3.32630788407865e-06    0.000601998293137206    0.00182377780057853
293.999999999878    6.8637011443799e-06    7.69712523152709e-06    3.64896540907172e-07    3.29708437882614e-06    0.000604027673632403    0.00181577122267352
294.499999999877    9.2923580538427e-06    1.51165059133543e-06    3.57466052538194e-07    3.32605186962118e-06    0.000597812432640869    0.00182374603071087
294.999999999877    9.3988732121248e-06    -1.34366047406448e-06    3.58363500311445e-07    3.27623550228004e-06    0.000598560908758489    0.00181003693245651
295.499999999876    7.06386675779887e-06    -6.69338288357519e-06    3.56600876604172e-07    3.30329921392947e-06    0.000597118898035056    0.00181748573929895
295.999999999876    9.12255414786706e-07    -1.6115210859191e-05    3.57247120424879e-07    3.2654032293452e-06    0.000597700835046211    0.00180697081584738
296.499999999875    -6.91122089420088e-06    -1.33316083642373e-05    3.54158424273995e-07    3.25470354549403e-06    0.000595071978251158    0.00180403043591633
296.999999999875    -1.06384124772774e-05    -1.9392017774573e-06    3.50789087546623e-07    3.25647642135794e-06    0.000592178952451526    0.00180456993792272
297.499999999874    -8.19988508403082e-06    1.10587460604132e-05    3.53739063855888e-07    3.22210039347217e-06    0.000594703140853062    0.00179498693521923
297.999999999874    -8.9923882246917e-07    1.34843473498708e-05    3.52109792225544e-07    3.21744533245764e-06    0.000593387717765614    0.00179367318785619
298.499999999874    3.8598266776803e-06    5.97689264643039e-06    3.45154488225534e-07    3.21519048467551e-06    0.000587485821074477    0.00179308526329057
298.999999999873    5.33301125966729e-06    -7.41760695053316e-07    3.43528389825992e-07    3.20228309448508e-06    0.000586088686818724    0.0017894922587919
299.499999999873    3.88733018834474e-06    -7.22616505416843e-06    3.49095000138002e-07    3.15617263792248e-06    0.000590829830663625    0.0017765473313315
