#t    <phi>    <pi>    <phi^2>    <pi^2>    rms(phi)    rms(pi)
0    0.999999999999999    -0.500000416654173    1.00000000000001    0.250000416654521    1.33280037492501e-07    4.17344776473299e-07
0.5    0.732695233529613    -0.557509753366288    0.536842305237021    0.310817125098606    8.37418446068345e-08    2.57317505822433e-07
1    0.45897049608109    -0.519545144360683    0.210653916272926    0.269927157028801    6.02852873770044e-08    1.95347888024542e-07
1.5    0.226072004119369    -0.406633367783471    0.0511085510465507    0.165350695794945    5.24670414519338e-08    1.33167400472246e-07
2    0.0507682639087541    -0.300706532500513    0.00257741662031087    0.0904244186884953    4.44016357756195e-08    1.14222608773957e-07
2.49999999999999    -0.0813881021928772    -0.233096213582745    0.00662402317855993    0.0543338447866218    4.13780181821633e-08    9.60789888717674e-08
2.99999999999998    -0.183404089899398    -0.170808027744597    0.0336370601918278    0.0291753823420082    3.45455465951413e-08    9.58323250782703e-08
3.49999999999997    -0.243145988877863    -0.0567604809158463    0.0591199719073946    0.00322175219380653    2.78413061637551e-08    9.1511827369744e-08
3.99999999999996    -0.233717825846707    0.0914189779602498    0.054624022118512    0.00835742953130365    2.30248231356631e-08    8.3744414146554e-08
4.49999999999995    -0.164145671418972    0.169973014131948    0.0269438014455857    0.0288908255331046    2.44462240746606e-08    7.22755388433383e-08
4.99999999999994    -0.0774254419202147    0.168779863060508    0.00599469905654113    0.0284866421747278    2.41250052383601e-08    6.2552101708459e-08
5.49999999999993    0.00145792034750497    0.14677557552167    2.12553174021798e-06    0.0215430695697207    2.34302987324011e-08    5.64890976121546e-08
5.99999999999992    0.0699405700643893    0.126827941509539    0.00489168334093223    0.0160853267475499    2.17160819871756e-08    5.42313844425374e-08
6.49999999999991    0.125370281030116    0.0888957510027769    0.0157177073655706    0.00790245454635075    1.92815083230255e-08    5.51188227696585e-08
6.9999999999999    0.151189141925803    0.0077864439595602    0.0228581566362609    6.06287095383109e-05    1.7452951162006e-08    5.42168082070084e-08
7.49999999999988    0.132245845532787    -0.077716743185783    0.0174889636606821    0.00603989217140745    1.63140310512067e-08    4.99409756707038e-08
7.99999999999987    0.0828587731932052    -0.110450300992341    0.00686557629508329    0.0121992689893007    1.62765705707052e-08    4.43447156638135e-08
8.49999999999986    0.0279722273531815    -0.106280817202198    0.000782445503098342    0.0112956121051686    1.63737925441375e-08    4.01857572542652e-08
8.99999999999985    -0.022684504477115    -0.0965249491842698    0.000514586743372505    0.00931706581502731    1.58778189132666e-08    3.79770047614742e-08
9.49999999999984    -0.0680719826193998    -0.0830049633383649    0.00463379481773608    0.00688982393880473    1.45530831782607e-08    3.78418764046164e-08
9.99999999999983    -0.101472608840404    -0.0446159765857066    0.0102966903448779    0.0019905853666979    1.28153551836136e-08    3.9778498566393e-08
10.4999999999998    -0.107574442721119    0.0220094452787678    0.0115722607267595    0.00048441568148053    1.21451835897518e-08    3.81835171579805e-08
10.9999999999998    -0.0825924468302202    0.0711749795760774    0.00682151227340289    0.00506587771765626    1.17180362805322e-08    3.51566301050784e-08
11.4999999999998    -0.0431031964955073    0.0819052531775695    0.00185788554813046    0.00670847049808277    1.23324601196082e-08    3.16531306511463e-08
11.9999999999998    -0.00316245804198354    0.0771960505235674    1.00011408674561e-05    0.00595923021643804    1.22355916359877e-08    2.96751101431963e-08
12.4999999999998    0.034016070708111    0.071214049764779    0.00115709306641935    0.00507144088390126    1.2004635404115e-08    2.88665494918978e-08
12.9999999999998    0.0664854507447735    0.0553959760465174    0.00442031516073582    0.00306871416214724    1.03643871087861e-08    3.02085942742259e-08
13.4999999999998    0.0848553999636066    0.0135301772224225    0.00720043890298374    0.000183065695671116    9.4513176370506e-09    3.08912685044155e-08
13.9999999999997    0.0782308869114842    -0.0379477694752328    0.00612007166695751    0.00144003320814626    8.86214876663591e-09    2.91582158673078e-08
14.4999999999997    0.0516835912917347    -0.0627578050541398    0.00267119360881116    0.00393854209521413    9.4869127339659e-09    2.6611390269901e-08
14.9999999999997    0.0194385064009733    -0.0641469848315116    0.000377855531100778    0.00411483566297479    9.85559190924824e-09    2.47046709850493e-08
15.4999999999997    -0.0117391520817164    -0.0605326365305969    0.000137807691597767    0.0036642000853459    1.00172644987441e-08    2.33534818441538e-08
15.9999999999997    -0.040781328710438    -0.0544555364775337    0.00166311677138888    0.00296540545305658    9.188048389395e-09    2.41122998727251e-08
16.4999999999998    -0.0636009186601747    -0.0329407766103136    0.00404507685441822    0.00108509476369122    7.92568334074729e-09    2.53697039728443e-08
16.9999999999999    -0.0700325247842398    0.00911731512965574    0.00490455452765522    8.31254351740797e-05    7.77150157377954e-09    2.51059579404746e-08
17.4999999999999    -0.0557925623944713    0.0438738403415109    0.00311281001854105    0.00192491386631292    8.49595463089494e-09    2.31689673067464e-08
18    -0.030511253640943    0.0538303265955165    0.000930936598742026    0.00289770406138044    8.24177281926237e-09    2.1620806475084e-08
18.5000000000001    -0.00382943003980927    0.052288308033148    1.46645344298641e-05    0.00273406715696977    8.39511892268686e-09    2.01422590463171e-08
19.0000000000002    0.0216531137681411    0.0494522594028837    0.00046885733585613    0.00244552596005049    8.29891515046135e-09    1.98258244404154e-08
19.5000000000002    0.0446291549258803    0.0402993827008831    0.00199176146939828    0.00162404024607268    7.59244480506243e-09    2.09222553374436e-08
20.0000000000003    0.0587797072140387    0.0128974861487007    0.00345505398016815    0.000166345148956398    6.79676189170741e-09    2.17102260603483e-08
20.5000000000004    0.0558215471018388    -0.0237939766530591    0.00311604512084286    0.000566153324966746    6.96045289058662e-09    2.06654911344961e-08
21.0000000000005    0.0380457434519647    -0.0434615643298755    0.00144747859481276    0.00188890757400028    6.97479792501938e-09    1.93216714619183e-08
21.5000000000006    0.0152980707361049    -0.0458837921952219    0.00023403096824692    0.00210532238621464    7.12216496534304e-09    1.8173495531198e-08
22.0000000000006    -0.00720595683815607    -0.0440642264837062    5.19258139534222e-05    0.00194165605560765    7.34921678160978e-09    1.70615193126753e-08
22.5000000000007    -0.0285604735066739    -0.0405727155569105    0.000815700646925473    0.00164614524766227    7.22754833678634e-09    1.73831398085609e-08
23.0000000000008    -0.0459682601090237    -0.0262368102514074    0.00211308093745089    0.000688370212168711    6.02470445534094e-09    1.87784971846678e-08
23.5000000000009    -0.0519316968570021    0.00413089011718183    0.00269690113844759    1.70642531605821e-05    5.46569765717692e-09    1.87516781914228e-08
24.000000000001    -0.0424359278996071    0.0311484087581725    0.00180080797670069    0.000970223368166498    5.95316484306823e-09    1.73238247197351e-08
24.500000000001    -0.023988348972565    0.039980926986424    0.000575440886429599    0.00159847452269404    6.15076250867116e-09    1.64153940620606e-08
25.0000000000011    -0.00397610913500161    0.0395199946968118    1.58094438534848e-05    0.00156182998083627    6.44420400625187e-09    1.52691921186728e-08
25.5000000000012    0.0154041985420688    0.0378795604067201    0.000237289332723517    0.00143486109660658    6.51812077977042e-09    1.49564459074392e-08
26.0000000000013    0.0332136340952913    0.0318037530229577    0.00110314548981593    0.00101147870634555    5.75113582813015e-09    1.59901044366645e-08
26.5000000000013    0.0448105516562499    0.0118745816995926    0.00200798553973747    0.000141005690540589    5.72343377822121e-09    1.69995833516806e-08
27.0000000000014    0.0435297072514798    -0.0165893696588338    0.00189483541339956    0.000275207185677692    5.106236395734e-09    1.60207672390616e-08
27.5000000000015    0.0303900962747141    -0.0330180042675433    0.000923557951586421    0.00109018860581174    5.49179256900656e-09    1.51618166650961e-08
28.0000000000016    0.0128661976701738    -0.0356916945010569    0.000165539042488017    0.00127389705635698    5.60562947926333e-09    1.41532551750851e-08
28.5000000000017    -0.00473553277511262    -0.0346340607795905    2.24252706642011e-05    0.00119951816608455    5.93882915285548e-09    1.35831828526169e-08
29.0000000000017    -0.0216255612393535    -0.0323731126408622    0.000467664898917063    0.00104801842205814    5.74009657067292e-09    1.37078980172303e-08
29.5000000000018    -0.0357562625725452    -0.0219660820424056    0.00127851031315682    0.000482508760293919    4.85190330355486e-09    1.50033476871414e-08
30.0000000000019    -0.041254773101863    0.00156341345339145    0.00170195630368622    2.44426162647445e-06    4.39810906063416e-09    1.51355108041001e-08
30.500000000002    -0.0344244068301999    0.0237792710674945    0.00118503978561114    0.000565453732501576    5.00776549927084e-09    1.39994670907105e-08
31.000000000002    -0.0199988469661697    0.0317268110403416    0.000399953879976299    0.00100659053878972    4.99817361624123e-09    1.32858544993207e-08
31.5000000000021    -0.00400105760762087    0.0317596392635079    1.60084619795282e-05    0.00100867468614832    5.23014028587225e-09    1.26507010827522e-08
32.0000000000022    0.0116340118935516    0.0306998015080023    0.00013535023273933    0.000942477812630887    5.54218067662093e-09    1.19873312021524e-08
32.5000000000021    0.026194274306277    0.0263579835184678    0.000686140006432508    0.00069474329515999    4.86866783743161e-09    1.31289153464634e-08
33.000000000002    0.0360905474914702    0.0109838612739873    0.00130252761823409    0.000120645208486394    4.3498014155856e-09    1.39986465508893e-08
33.5000000000019    0.0357518635924619    -0.0122273284974967    0.00127819575033402    0.000149507562185872    4.49547147800113e-09    1.33333783522672e-08
34.0000000000018    0.0254842407072423    -0.0264614972934583    0.000649446524424686    0.000700210839011857    4.57341247421837e-09    1.24574174864927e-08
34.5000000000017    0.011268164057466    -0.0291878908873093    0.00012697152122599    0.000851932974449614    4.55432850501712e-09    1.19660885897123e-08
35.0000000000016    -0.00318274063029871    -0.0285265778230764    1.01298379197795e-05    0.000813765642296156    5.02899839990966e-09    1.11524657358122e-08
35.5000000000015    -0.017155550160532    -0.0269572359062231    0.000294312901310555    0.00072669256770389    5.04647617324993e-09    1.13191711360244e-08
36.0000000000014    -0.0290870356310043    -0.0190116988839943    0.000846055641799329    0.000361444694455832    4.01732952885196e-09    1.27256303302871e-08
36.5000000000013    -0.0341992686598567    2.11179051902414e-05    0.00116958997686907    4.45966083865271e-10    3.84058632768456e-09    1.28156641342365e-08
37.0000000000012    -0.0290769643365121    0.0189619950283504    0.000845469855026817    0.000359557255455322    4.30647513686114e-09    1.17433776087926e-08
37.5000000000011    -0.0173057666063538    0.0262413089307689    0.000299489557833607    0.000688606294400181    4.14274693101144e-09    1.14400633774662e-08
38.000000000001    -0.00399060648562308    0.0265447173518273    1.59249401231171e-05    0.000704622019288513    4.4746901310937e-09    1.06655261320064e-08
38.5000000000009    0.00911196931179457    0.0258102273204812    8.30279847391092e-05    0.000666167834335021    4.81136695270492e-09    1.02927233868259e-08
39.0000000000008    0.0214384691741417    0.0225644130048688    0.000459607960530643    0.000509152734254417    4.6186532886153e-09    1.12512467469063e-08
39.5000000000007    0.0301200705278034    0.0102542981571197    0.00090721864859987    0.000105150630695266    4.03343772815382e-09    1.25048789647807e-08
40.0000000000006    0.0303780950817438    -0.00929913806740876    0.000922828660795482    8.64739687968639e-05    4.25673385000361e-09    1.15372138288428e-08
40.5000000000005    0.0220688241526345    -0.0219531536623435    0.00048703299947992    0.000481940955722589    4.06219273485891e-09    1.10854382220707e-08
41.0000000000004    0.0101381622008991    -0.0246751754606512    0.000102782332811755    0.000608864284014038    3.94676341574226e-09    1.06870791503336e-08
41.5000000000003    -0.00211694093888441    -0.0242492918449707    4.48143893874579e-06    0.00058802815498266    4.5799357915602e-09    9.78881717465998e-09
42.0000000000002    -0.0140337585700926    -0.0231101484127435    0.000196946379603671    0.000534078959659214    4.95159007733784e-09    1.35718364695631e-08
42.5000000000001    -0.0243845813883718    -0.0168420058938315    0.000594607809486178    0.000283653162528026    6.9549635322278e-09    1.30583818058058e-08
43    -0.0291813289953226    -0.000998270759450955    0.000851549961933309    9.96544509353621e-07    7.41232336835851e-09    1.33728973606619e-08
43.4999999999999    -0.0252486271544951    0.015557683600697    0.000637493173186734    0.000242041519019593    5.05229480925334e-09    1.39724513175289e-08
43.9999999999998    -0.0153643762740717    0.0223263493952726    0.000236064058291272    0.000498465877319934    3.89651949472879e-09    1.21317568746781e-08
44.4999999999997    -0.00396959749247414    0.0227992550451563    1.5757704252279e-05    0.000519806030614217    4.69172300513305e-09    1.14777660637239e-08
44.9999999999996    0.00730629574601774    0.0222651348033281    5.3381957528307e-05    0.000495736227810608    5.48713758571953e-09    1.53662529727358e-08
45.4999999999995    0.0180013112934874    0.0197651199917328    0.000324047208285208    0.000390659968288508    1.31081935503508e-08    3.0181350149874e-08
45.9999999999994    0.0257696231299624    0.00965510283423233    0.000664073476260846    9.32210107399067e-05    2.3536934280903e-08    1.7481936250552e-08
46.4999999999993    0.0264361803084395    -0.00719398711844131    0.000698871629300628    5.17534506615005e-05    1.74248865502004e-08    3.46557057248625e-08
46.9999999999992    0.0195514230416497    -0.0186552960909427    0.000382258142953608    0.0003480200722414    7.67999936337766e-09    2.56857038329331e-08
47.4999999999991    0.0092967456735695    -0.0213586397805492    8.6429480119076e-05    0.00045619149327602    6.5398270702191e-09    2.757603703017e-08
47.999999999999    -0.00134029344312247    -0.0210869581614054    1.79638651382397e-06    0.000444659804501186    1.21201056141925e-08    1.80037428788204e-08
48.4999999999989    -0.0117296071730625    -0.0202339711136005    0.00013758368443467    0.000409413587037034    1.76176363652101e-08    1.04957752386729e-07
48.9999999999988    -0.0208872581940853    -0.0151758814015766    0.000436277554870514    0.000230307376321214    6.42720603653849e-08    8.06026938577033e-08
49.4999999999987    -0.0254233025550174    -0.00171663171787448    0.000646344312809496    2.94682445988691e-06    7.44443319253756e-08    7.1233593829457e-08
49.9999999999986    -0.0223681006707855    0.0130170384106407    0.000500331927619772    0.000169443288995308    3.71099151693384e-08    1.05895856553232e-07
50.4999999999985    -0.0138974399777807    0.0193874228971617    0.000193138837936336    0.000375872166598821    1.78733681288321e-08    7.37075350952644e-08
50.9999999999984    -0.0039463099424618    0.0199785353869048    1.55733621628036e-05    0.000399141876211059    2.88221302722407e-08    7.24645693951892e-08
51.4999999999983    0.0059496934453556    0.0195764339141584    3.53988520950037e-05    0.000383236764809684    3.60031547128056e-08    1.19475900270709e-07
51.9999999999982    0.0153996540549643    0.0176102217552584    0.000237149345029755    0.000310119910368561    1.31053932527917e-07    3.14937748720985e-07
52.4999999999981    0.0224538857509192    0.00915483918883847    0.000504176985382162    8.38110805996363e-05    2.58511296088369e-07    1.61689818185348e-07
52.999999999998    0.0234155697488577    -0.00560476947207436    0.000548288906702034    3.14134409607524e-05    1.95997092068467e-07    3.54479389951975e-07
53.4999999999979    0.0176165486323559    -0.0161316682316264    0.00031034278572231    0.000260230720012145    7.84082743563836e-08    2.77270300719103e-07
53.9999999999978    0.00864565914080128    -0.0188163839285005    7.47474219826676e-05    0.000354056304230408    6.12111409406309e-08    2.92705652754911e-07
54.4999999999977    -0.000749232213036292    -0.0186539107109989    5.61348925411193e-07    0.000347968384848419    1.27905956871392e-07    1.85740081808757e-07
54.9999999999976    -0.00995851117987441    -0.0179998146676292    9.91719449485826e-05    0.000323993329406996    1.6999731186872e-07    1.15671857982377e-06
55.4999999999975    -0.0181813732230484    -0.0138508759648815    0.000330562332773666    0.000191846765968213    7.05609015502172e-07    9.86753059387524e-07
55.9999999999974    -0.0224978593580874    -0.00224599941464217    0.00050615367641919    5.04451390118455e-06    8.50241904109027e-07    7.2843090091499e-07
56.4999999999973    -0.0201178451346096    0.0110420854127635    0.000404727693050206    0.000121927651691185    4.35971711076431e-07    1.19516509184279e-06
56.9999999999972    -0.0127487795767567    0.0170953181894026    0.00016253138073699    0.000292249904707362    2.00654238454706e-07    8.42877345201805e-07
57.4999999999971    -0.00392369249656165    0.0177769310460241    1.53953629082346e-05    0.000316019278130148    3.17270216326489e-07    8.45608278841854e-07
57.999999999997    0.00489289578878441    0.0174660279756158    2.39404293788799e-05    0.000305062134569968    4.23055282986209e-07    1.15107500333784e-06
58.4999999999969    0.0133595951716938    0.0158944690700725    0.000178478785158683    0.000252634159865128    1.41673523187129e-06    3.58408111051687e-06
58.9999999999968    0.0198368561513582    0.00872717877811023    0.000393500870518651    7.61636534560627e-05    2.92386308110833e-06    2.00772633745463e-06
59.4999999999967    0.0210198637354308    -0.00435937313179798    0.000441834676748041    1.90041494459918e-05    2.30042606961244e-06    3.91710986751227e-06
59.9999999999966    0.0160793513747062    -0.0141300524171313    0.00025854554150645    0.000199658392451117    9.3551263860469e-07    3.33769976773862e-06
60.4999999999965    0.00812638184361945    -0.016802276192158    6.60380823358752e-05    0.000282316496500084    6.83788956873182e-07    3.35596833581205e-06
60.9999999999964    -0.000283951913283916    -0.0167228260077344    8.06308259612516e-08    0.000279652914588526    1.46181519177365e-06    2.21439983955359e-06
61.4999999999963    -0.00855224354678845    -0.016204935567983    7.31408726290625e-05    0.000262600101233617    1.71623944046649e-06    1.28246301408219e-05
61.9999999999962    -0.0160169353528107    -0.0127578250657529    0.00025654227971007    0.000162762250975094    7.84945560034963e-06    1.22705640070343e-05
62.4999999999961    -0.0201417366755791    -0.00264634365337999    0.000405689653394958    7.0031956518549e-06    9.85325279690783e-06    7.80513102697334e-06
62.999999999996    -0.0183001192519211    0.00944964154929912    0.000334894391987364    8.92959210584893e-05    5.22999334090166e-06    1.39874318253211e-05
63.4999999999959    -0.0118210433038263    0.0152439975807059    0.00013973707023153    0.000232379558976675    2.33250801217647e-06    9.83545157943545e-06
63.9999999999958    -0.00390297725181798    0.0160055921292938    1.52332440954626e-05    0.0002561790830432    3.55910859875425e-06    1.01800730803552e-05
64.4999999999961    0.00404365429185799    0.0157563072810359    1.63511656806061e-05    0.000248261342366074    5.06443921613963e-06    1.11009750682255e-05
64.9999999999963    0.0117019334559033    0.0144646629788742    0.000136935478404864    0.000209228197085964    1.52249293871496e-05    4.14969101385195e-05
65.4999999999966    0.017685822635866    0.00832762923881052    0.000312789410388018    6.9350024788965e-05    3.2986068390947e-05    2.48203519954564e-05
65.9999999999969    0.0190358150640326    -0.00334332632755032    0.000362362986784046    1.11797838635386e-05    2.70486967322675e-05    4.4191979447127e-05
66.4999999999971    0.0148074453003565    -0.0124623242913593    0.000219260563552462    0.000155311218505824    1.1279601602805e-05    4.11310444976233e-05
66.9999999999974    0.00769869468031814    -0.0151454588839975    5.92699588644248e-05    0.00022938638454937    7.68659001055476e-06    3.82065768194654e-05
67.4999999999976    9.60509827540205e-05    -0.0151392384613787    9.51125466538697e-09    0.000229197240274549    1.68956614955979e-05    2.64401978200859e-05
67.9999999999979    -0.00738666320005473    -0.0146480647530255    5.45630475260635e-05    0.000214583676199281    1.59466303893885e-05    0.000133698131818999
68.4999999999981    -0.0141732537238101    -0.0117215387459534    0.000200887777032534    0.000137415459451957    8.15837792440027e-05    0.000144875391529211
68.9999999999984    -0.0180885085870883    -0.00292255833714478    0.000327205772992902    8.54840259909421e-06    0.00010784288448235    8.39962206278646e-05
69.4999999999986    -0.0167054999440297    0.00803932978604552    0.00027907738061762    6.46574313601512e-05    6.04337458996981e-05    0.00016311943891673
69.9999999999989    -0.0110172069730949    0.0136048759222022    0.000121379526844845    0.000185103676148664    2.60260799132957e-05    0.000105010904895481
70.4999999999992    -0.00388352410649716    0.0145053098428901    1.50832580448031e-05    0.000210421556750938    3.87112265178268e-05    0.000132450415977943
70.9999999999994    0.00332443654746681    0.0142767370086293    1.1055759456616e-05    0.000203833678838581    6.22984629259415e-05    9.19740453319385e-05
71.4999999999997    0.0102144502397497    0.0130107912441678    0.00010434607258666    0.000169427361295358    0.000105256288826747    0.000382978453760213
71.9999999999999    0.0156400430986335    0.00772326123641887    0.000244679330447744    5.97013252978648e-05    0.00026150013504734    0.000229262233903843
72.5000000000002    0.0170740936790665    -0.0024039331121893    0.000291576595280366    5.94307883194409e-06    0.000227860305509482    0.000405196772030518
73.0000000000004    0.0135537203387363    -0.0107379554417814    0.000183714667450119    0.000115432494651002    0.000106453884117608    0.000358897731001469
73.5000000000007    0.00729291813187164    -0.0135350057787086    5.31913905348042e-05    0.000183288622381709    6.88161072864903e-05    0.000303711955695534
74.000000000001    0.000418937057423076    -0.0137503040628278    2.03453992640746e-07    0.000189180190769493    0.00016716977764668    0.000330649284400863
74.5000000000012    -0.00636487698903679    -0.0131860553247615    4.05407874084457e-05    0.000174129962646469    0.000170670216721228    0.000507846058167766
75.0000000000015    -0.0124676252425508    -0.0105731456255947    0.000155495640565924    0.000112284720807015    0.000232295882945072    0.000702362005651426
75.5000000000017    -0.0160999705166986    -0.00307451092222621    0.000259335959976802    9.68550465669917e-06    0.000356243369393151    0.000482583926183755
76.000000000002    -0.0151325702196283    0.00661776734078098    0.000229045931419739    4.43076071907791e-05    0.000226384557242696    0.000716074447297037
76.5000000000022    -0.010241683910864    0.0120012740236253    0.000104924834911146    0.000144271539385049    0.00018095740132889    0.000490877983724085
77.0000000000025    -0.00386995106078203    0.0131636718923566    1.50144775418733e-05    0.000173694080967874    0.000194823841008572    0.000641734585520785
77.5000000000027    0.00270384839517609    0.0130495387809414    7.39926876900879e-06    0.000170526548490473    0.000297443481879289    0.000485886916041625
78.000000000003    0.00903332328697155    0.0119941953421072    8.16586764641624e-05    0.000144570569419279    0.000240305757775244    0.000842524489052329
78.5000000000033    0.0141191670542611    0.00748398057835564    0.000199472792810052    5.651744498768e-05    0.000349162575197515    0.000712376087804466
79.0000000000035    0.0156894354328761    -0.00162944770992347    0.000246260071929909    3.36820557852974e-06    0.00031888513217281    0.000844455883486454
79.5000000000038    0.0126997214083459    -0.00952419620310548    0.000161349539595242    9.12703308761314e-05    0.000258100262774144    0.00074834321062104
80.000000000004    0.00705263384308138    -0.0123274123144545    4.98088656244567e-05    0.000152477768398595    0.000263099790725671    0.000716012589296408
80.5000000000043    0.00076409157749007    -0.0126268146639175    6.81593119486546e-07    0.000159931497322746    0.000312661447408029    0.000703597019481938
81.0000000000045    -0.00547534085670352    -0.012188063665804    3.00755812041578e-05    0.000149298798910834    0.000310199463363402    0.000865969392728985
81.5000000000048    -0.0111707682157121    -0.0100385365017439    0.000124918420011918    0.000101620905352188    0.000363809679302993    0.000921243863123773
82.000000000005    -0.0147464464725509    -0.0034342446628114    0.000217624550029741    1.25718472019243e-05    0.000408492915401329    0.000881935824125376
82.5000000000053    -0.0141583230144428    0.00558671882793436    0.000200558180306915    3.2129886782584e-05    0.000316337992685017    0.000958362937611695
83.0000000000056    -0.00982333473667312    0.01087374540194    9.6592366374362e-05    0.000118973469478614    0.000307345124629237    0.000857397464658024
83.5000000000058    -0.00399144789435758    0.0120829947290632    1.60508889433364e-05    0.000146722392896491    0.000345300810837319    0.000850665194962936
84.0000000000061    0.00204696680897666    0.0119875790911353    4.3264789033072e-06    0.000144466825731973    0.000369331539751351    0.000874513159277474
84.5000000000063    0.00784691754691916    0.0110222777575527    6.17237098014518e-05    0.000122669930423304    0.000386774887116498    0.00108596660108129
85.0000000000066    0.012592591108885    0.00722670254772131    0.000158815191002549    5.32171804542472e-05    0.000491772474808017    0.000995967238921779
85.5000000000068    0.0143167015685807    -0.000766390270031426    0.000205143925998552    1.86277785121497e-06    0.000419502317932782    0.00112934662757549
86.0000000000071    0.0119187519345736    -0.00818547987303491    0.000142183671790335    6.80910565077142e-05    0.000356404422576684    0.00104354001162134
86.5000000000073    0.00691906134782189    -0.0111198532325194    4.80184980850158e-05    0.000124678057424755    0.000380904384449601    0.00101337135936538
87.0000000000076    0.00118826743404333    -0.0115786109704454    1.60501625915935e-06    0.000134976853546952    0.000439359493298392    0.000955312274616065
87.5000000000079    -0.00453178400371917    -0.0111518781986058    2.07061980300123e-05    0.000126035689597676    0.000411256335692594    0.00129278855236953
88.0000000000081    -0.00976173511926784    -0.00934172970224029    9.55929536018169e-05    8.87122975573383e-05    0.000549072912343861    0.00120182516516331
88.5000000000084    -0.0132175474762833    -0.0037644169199613    0.000175032527395925    1.58002343977251e-05    0.000573555671337572    0.0012764793967919
89.0000000000086    -0.0130675495081092    0.00431105596005249    0.000170990170489606    2.01796580674438e-05    0.000478874036380881    0.00126271714043158
89.5000000000089    -0.00942492575105334    0.00951683482088854    8.90084237083401e-05    9.21619118808798e-05    0.000423318196480829    0.00126165243740233
90.0000000000091    -0.00420695253002195    0.0109685505605243    1.79447856215372e-05    0.000121609229442487    0.000496322507729739    0.00114023157459782
90.5000000000094    0.00131818730629004    0.0109964138208889    1.97471566546726e-06    0.000122588994070097    0.000486926987343144    0.00129146318176731
91.0000000000096    0.00664292516126566    0.0101421908270063    4.44322929798627e-05    0.000105008707195459    0.000551215277079908    0.00146447001473174
91.5000000000099    0.011098164247378    0.00705931958400398    0.000123640232107368    5.17522131126324e-05    0.000686281608078796    0.00138499823954047
92.0000000000102    0.0130307780184757    0.000192462060307829    0.000170191346922023    2.32141688737184e-06    0.000624636818666896    0.00151141498031279
92.5000000000104    0.0112746974798276    -0.00677337227494026    0.000127393885369436    4.80095684470202e-05    0.000524482704961812    0.00145979329772776
93.0000000000107    0.00693599870893352    -0.00994104010314074    4.83783199607325e-05    0.000100830517122755    0.00051984793007677    0.00141641759043809
93.5000000000109    0.00174794983984702    -0.0105935391834966    3.39924152718028e-06    0.000113886599473541    0.000586440861945219    0.00128977790385129
94.0000000000112    -0.00349962839665953    -0.0102380899013211    1.25287064503777e-05    0.000107738330277207    0.000530384328267671    0.00170875552659617
94.5000000000114    -0.0083248879595537    -0.00878470488509881    6.98339839302687e-05    7.95720574913674e-05    0.000728165085091676    0.00154952172398082
95.0000000000117    -0.0117283892183301    -0.00421509692119537    0.000138171053238236    2.06574902722765e-05    0.000784818183780804    0.00170013182347891
95.500000000012    -0.0120841385694345    0.00289992006165643    0.000146549967189946    1.10408411742646e-05    0.000723575997840839    0.00162212971437774
96.0000000000122    -0.00917972231948368    0.00809326147567236    8.46093151636448e-05    6.83980329957991e-05    0.000584819032537355    0.00170210213624115
96.5000000000125    -0.00457960036444854    0.00987040221807247    2.13788734435022e-05    9.96563190001117e-05    0.000637286392013057    0.00149381359398748
97.0000000000127    0.000449088386863723    0.0100796672130784    5.81206100730015e-07    0.000104209961876619    0.000616056589538781    0.00161563323505388
97.500000000013    0.00532388218302219    0.00925371955306211    2.88058722132592e-05    8.93424838833011e-05    0.000679816677169723    0.00192643668896153
98.0000000000132    0.00947868670491607    0.00683728809031107    9.0677528239425e-05    4.99469473095916e-05    0.000912154915281577    0.0017884179823749
98.5000000000135    0.0116251100981447    0.00125037040127497    0.000136041011655964    5.17124452012236e-06    0.000947537261524491    0.00189942580264085
99.0000000000137    0.0105907214963811    -0.00512167840563824    0.000112857670171458    2.95878802568103e-05    0.000833239675933455    0.00183201816749432
99.500000000014    0.00701359951479643    -0.00861537946903143    4.96679487067822e-05    7.77188934896377e-05    0.000690920077020094    0.00186925923676447
100.000000000014    0.00240812062590422    -0.00956240547956214    6.33651879813017e-06    9.41319058745548e-05    0.000733126080033189    0.00164082519452708
100.500000000015    -0.0023667176022374    -0.0093425841937653    6.00730348136871e-06    9.17004917342831e-05    0.000637143055073468    0.00210157377141273
101.000000000015    -0.00675209038287177    -0.00808251818303615    4.64508283416144e-05    6.92126663559728e-05    0.000927417814765764    0.00197118395307562
101.500000000015    -0.0100295747522156    -0.00454129230901625    0.000101807566376    2.51847763027993e-05    0.00110235959002502    0.00213575290398238
102.000000000015    -0.0108656713932985    0.00138520404424532    0.000119298446077276    5.89950381278341e-06    0.00111158951512262    0.00199517256611798
102.500000000016    -0.00879743983504581    0.00643684564998443    7.81826856382644e-05    4.60789510194952e-05    0.0008875460478271    0.00215545101957147
103.000000000016    -0.00492904778638098    0.00861898421766785    2.49416372145845e-05    7.81400928683337e-05    0.000803819092929006    0.00196295795266385
103.500000000016    -0.000455456735102551    0.00909422807342521    8.02585962327918e-07    8.65988463184152e-05    0.00077145649571291    0.0019732871222759
104.000000000016    0.00395777829808054    0.00833658307069608    1.62849035073954e-05    7.54307146320878e-05    0.000787968559422311    0.00243558973094224
104.500000000017    0.00774249272486002    0.00645284810972084    6.12436282410109e-05    4.65307159480284e-05    0.0011390498876259    0.00221166616398148
105.000000000017    0.00998325832912763    0.00211221505624813    0.000101263595832799    9.92736948340862e-06    0.00126417916716843    0.00233793007585072
105.500000000017    0.00964289140561246    -0.00339093010930341    9.43912048541258e-05    1.63362965996987e-05    0.00118568553743862    0.00219952030986721
106.000000000017    0.00692325966538966    -0.00703537126063778    4.88016955012037e-05    5.50789924154237e-05    0.000932829623667851    0.00236274070528605
106.500000000018    0.00299554869342028    -0.00839620520086276    9.79081766466818e-06    7.47912065441246e-05    0.000904160212581944    0.00207242485246864
107.000000000018    -0.00125998499193772    -0.00841484559976155    2.1981236676707e-06    7.69047697752372e-05    0.000781384340617599    0.00246883440258978
107.500000000018    -0.0051975321238303    -0.00722364995327073    2.80978414415205e-05    5.83538725196426e-05    0.00104091366754052    0.00248450274144633
108.000000000018    -0.00824894919302778    -0.00456311278729997    6.97804045613153e-05    2.71242147465819e-05    0.00131728575949246    0.00251042156558642
108.500000000019    -0.00942317674746931    0.000107530209576366    9.07353737390913e-05    5.97913177255742e-06    0.00139252063720612    0.00244286082832933
109.000000000019    -0.00815804256684446    0.00469499889324832    6.80059780483357e-05    2.82817143207133e-05    0.00120512220371612    0.00249773892012562
109.500000000019    -0.00509104270088129    0.0072027153908729    2.69395135941483e-05    5.79508558378989e-05    0.00101034539240384    0.0024640914828759
110.000000000019    -0.00123214937145001    0.00801647888624989    2.42479637137151e-06    6.97817332894214e-05    0.000952157706373713    0.00234899969257791
110.50000000002    0.00270807434404742    0.00750619495843894    8.09341760003793e-06    6.44606296062281e-05    0.00087163693539804    0.0028491519531492
111.00000000002    0.00611640519770175    0.00597503000404844    3.90146559665778e-05    4.23116973936798e-05    0.00126658731404701    0.00257113084933472
111.50000000002    0.00834235217532149    0.0026383369933395    7.16783215954836e-05    1.46554671396006e-05    0.00144342709493499    0.00277392232212384
112.00000000002    0.00853505119223644    -0.00189887715424274    7.49510070041995e-05    1.0015515233776e-05    0.0014504854877257    0.00253175448787418
112.500000000021    0.00661409059476565    -0.00546885437125811    4.51449641305295e-05    3.75157516936007e-05    0.0011826959604066    0.00275814857460069
113.000000000021    0.0033888866704994    -0.00716362448068667    1.26239350486078e-05    5.77043799851464e-05    0.00106741846673146    0.00252722462097319
113.500000000021    -0.000331629661971845    -0.00749805169536412    9.98343172453841e-07    6.36267215476467e-05    0.000942531134633907    0.00272138610294349
114.000000000021    -0.00387228118442612    -0.00649121286695119    1.61284100514583e-05    5.06825228259182e-05    0.00106482321546709    0.00292347025670615
114.500000000022    -0.00668468776028381    -0.00443716944305447    4.6692014854142e-05    2.73600845491227e-05    0.0014166737103701    0.00276976747810108
115.000000000022    -0.00804216709562279    -0.000778502834099363    6.7023287701453e-05    8.73046192301857e-06    0.0015319386761666    0.00285033248241636
115.500000000022    -0.00739557132587793    0.0032419354586517    5.67842341552729e-05    1.78392174088322e-05    0.00144559984751141    0.00270722586622709
116.000000000022    -0.00504467484595058    0.00587118582000701    2.6837957296144e-05    4.26777583007856e-05    0.00117864880043953    0.00286477492444593
116.500000000023    -0.00177899860114121    0.00697616474904969    4.36203379286824e-06    5.56260889453474e-05    0.00109416533028874    0.00263803228552341
117.000000000023    0.00171290361806622    0.00674871076995527    3.83493686677357e-06    5.51567646201811e-05    0.000949156500261797    0.00310026895021558
117.500000000023    0.00478073857004073    0.00542326419489968    2.45265941971396e-05    3.75434726838829e-05    0.00129272306472209    0.00285160974823027
118.000000000023    0.00690169959858525    0.00280770349398921    4.99659844046395e-05    1.68983402948158e-05    0.00152726129248657    0.00300252250360536
118.500000000024    0.00740222535275252    -0.000889376583443328    5.73685720882399e-05    8.68544062190756e-06    0.00160487753903771    0.00280970637518055
119.000000000024    0.00608318788012655    -0.00418357769382773    3.89537926947677e-05    2.61839703696803e-05    0.00139592904900254    0.0029464636514621
119.500000000024    0.00346775338858358    -0.00604320563800096    1.34648508098171e-05    4.47430831433625e-05    0.00119980717025037    0.00286753356740526
120.000000000024    0.000249936607461116    -0.00660994624452172    1.20382528050274e-06    5.21658830831407e-05    0.00106834309692794    0.00291109837134953
120.500000000025    -0.00290374730410098    -0.00579687096287243    9.59474421906085e-06    4.38743745439552e-05    0.00107842283589841    0.00320478729150027
121.000000000025    -0.00542224731589999    -0.00407885413603871    3.15593670779548e-05    2.54614528858481e-05    0.00146921786103022    0.00297058947395429
121.500000000025    -0.00675620416089082    -0.00109912255425327    4.83149711914486e-05    1.07054157154678e-05    0.00163360843772617    0.00308177632643895
122.000000000026    -0.00644138621096338    0.00230480657159668    4.41145425791765e-05    1.35706634085568e-05    0.00161959447405432    0.00287376583529026
122.500000000026    -0.00460847081273454    0.00481050707965944    2.30730137948805e-05    3.25342810906915e-05    0.00135462561730329    0.00306484954398057
123.000000000026    -0.00184955521596299    0.00602552527441873    4.84084209296223e-06    4.48406818763919e-05    0.00119163232419497    0.00292125436135454
123.500000000026    0.00120354228174409    0.00594415130665625    2.51909777412444e-06    4.58763162972703e-05    0.00103469017110374    0.0032470573664238
124.000000000027    0.00389344635909626    0.00470858347941749    1.68762242127579e-05    3.17849635003255e-05    0.00131045780611127    0.00310067817060755
124.500000000027    0.00574334824108775    0.00247638409808316    3.55728391245176e-05    1.58092246562228e-05    0.00160835011925631    0.00311074692879116
125.000000000027    0.00623219287203554    -0.000592941415388648    4.17527176024047e-05    9.41375257491814e-06    0.00170660177198845    0.00301034434123989
125.500000000027    0.00519100643451813    -0.00343230294083282    2.93227729319616e-05    2.1055691986931e-05    0.0015415009337503    0.00304548658005275
126.000000000028    0.00298673254042612    -0.00518516596733639    1.06068661373569e-05    3.63639522710061e-05    0.00129857416781506    0.00307863706243242
126.500000000028    0.000203896678186737    -0.00573600935767572    1.31311261259521e-06    4.27271430882004e-05    0.00112762527340408    0.00313453979666186
127.000000000028    -0.00252071985398998    -0.00496169309417231    7.6687098161089e-06    3.57756319031613e-05    0.00114659549703006    0.0033402445333245
127.500000000028    -0.00463324260073028    -0.00332565041222059    2.38174200129925e-05    2.0629702463063e-05    0.00153312850595461    0.00309350154335827
128.000000000029    -0.00567164424815431    -0.000721066554690477    3.51039854684079e-05    1.06353063806657e-05    0.00171360351037982    0.00318046685321079
128.500000000028    -0.00530861387485384    0.00212970361237315    3.10860992225784e-05    1.35086188439317e-05    0.00170432331154851    0.00299549350982045
129.000000000028    -0.00367164728208916    0.00424626042898879    1.55548739747722e-05    2.81603496686413e-05    0.00144009729209504    0.00318270671565024
129.500000000027    -0.00124033429367786    0.00528699421207331    3.06337744048027e-06    3.76052737543085e-05    0.00123488796269415    0.00310692226420486
130.000000000027    0.00139588797855745    0.0050259939249725    3.16528640307992e-06    3.66418118259674e-05    0.00110307894295862    0.00337360295412887
130.500000000026    0.00361126806520043    0.00373366034226143    1.49851482555537e-05    2.43140998067323e-05    0.00139423499339863    0.00322085085891236
131.000000000026    0.00497652756099142    0.00157653957591059    2.76657573879704e-05    1.251041716041e-05    0.00170291832530608    0.00316621858468388
131.500000000025    0.00510531334163456    -0.00107942108695831    2.92522396671631e-05    1.07520413435041e-05    0.0017855014284204    0.00309627057288826
132.000000000025    0.00396008197141231    -0.00336996353932942    1.8271129896303e-05    2.11215916624931e-05    0.00160899989931579    0.00312488998303676
132.500000000024    0.00189261215624995    -0.00472435723275298    5.34377180485937e-06    3.26191125979403e-05    0.00132732476465795    0.00320929296501191
133.000000000024    -0.000567533960860129    -0.00488969990564737    1.64604941293173e-06    3.48862262268324e-05    0.00115063226801709    0.00331316481019952
133.500000000024    -0.00278897223327923    -0.00385536544311424    9.42544368079287e-06    2.59819026909301e-05    0.00128338519657596    0.00333437550239481
134.000000000023    -0.00430341551125305    -0.00205062768555523    2.12187858459932e-05    1.44585793303395e-05    0.00164298532662341    0.00320210952741686
134.500000000023    -0.0047362470978468    0.0003633345412769    2.57207079747179e-05    1.00565667109619e-05    0.00181346943808152    0.00315032612947881
135.000000000022    -0.00395749854748161    0.00266148424205815    1.86283679401718e-05    1.67363365950219e-05    0.00172237428767755    0.003106901708181
135.500000000022    -0.00220725034779168    0.00417778444522278    6.94552769407804e-06    2.78517386263515e-05    0.00143999083200261    0.00322457063120133
136.000000000021    3.97056819586016e-05    0.00460378269748519    1.39672910132474e-06    3.23929519804245e-05    0.00118116576319539    0.00334636173399716
136.500000000021    0.00218421234265336    0.00380302852143058    6.28553212683501e-06    2.59184298567445e-05    0.00123075122142362    0.00338458327153137
137.00000000002    0.00372492984371312    0.00223423199051897    1.6417949176495e-05    1.55606644012294e-05    0.00159463062679429    0.00325098013124827
137.50000000002    0.00430639572826868    3.93084785941902e-05    2.19022896959381e-05    9.96740193440896e-06    0.00183227877995881    0.0031568745267938
138.000000000019    0.00375664825139121    -0.00217576467902952    1.73443709539939e-05    1.44961718542387e-05    0.00179776663371898    0.00312445513901644
138.500000000019    0.00224565892647221    -0.00372659643459584    7.39494794129086e-06    2.42934110295576e-05    0.00153361140033796    0.00322581618249012
139.000000000019    0.000197616090781357    -0.00427095771751619    1.56044912513225e-06    2.9670683670366e-05    0.00123344923113866    0.00338076971199679
139.500000000018    -0.00181841370608612    -0.00361126038296737    4.78777125913237e-06    2.48240990547587e-05    0.00121702212496343    0.00343262253986206
140.000000000018    -0.00329238339032772    -0.00217447925590072    1.33053738988659e-05    1.55209802471797e-05    0.00157021830009719    0.00328521235429875
140.500000000017    -0.00388852302367286    -0.000150517018093729    1.85254101362809e-05    1.00784378436547e-05    0.00184520969828551    0.00317108537742504
141.000000000017    -0.00343524849696683    0.00191373483568726    1.51910280438673e-05    1.34295974506563e-05    0.00184122128163739    0.00312525461832046
141.500000000016    -0.00207142483087624    0.00340234599777404    6.78740788178894e-06    2.22136026820275e-05    0.00158006552136875    0.00326154018731311
142.000000000016    -0.000192409489427929    0.00392870784298141    1.64970025504006e-06    2.70451462459743e-05    0.00126991292749469    0.00340740384023829
142.500000000015    0.00165813775375797    0.00330021245565395    4.30664390580498e-06    2.29239842683894e-05    0.00124788745300505    0.00346880123615291
143.000000000015    0.002990425796798    0.00193065372778268    1.1504877277069e-05    1.45912223294324e-05    0.0016006969828528    0.00329602768690301
143.500000000014    0.00349459835295127    3.54923351695671e-05    1.56960437920547e-05    9.92155998866676e-06    0.00186650104302274    0.00314965081918789
144.000000000014    0.00302228839214419    -0.00187021252743996    1.24832253128081e-05    1.35114173497986e-05    0.00183002682699425    0.00316444662650601
144.500000000014    0.00172145795613983    -0.00320418771178588    5.37349602934962e-06    2.10657168140539e-05    0.00155244276370902    0.00328616766487869
145.000000000013    -2.48944083482344e-05    -0.00359802348870965    1.57982125883516e-06    2.4832028257003e-05    0.00125666285346076    0.00344764488190078
145.500000000013    -0.00169041428279808    -0.00290806296720012    4.53136853170056e-06    2.0205930350733e-05    0.00129378053943194    0.00342769603808917
146.000000000012    -0.00281976774456908    -0.00151572800266051    1.06181986553907e-05    1.28537910272335e-05    0.00163312844628906    0.00324905519331148
146.500000000012    -0.00313386235091078    0.000292194664084674    1.31984330886836e-05    9.95854432456021e-06    0.00183775402440794    0.00314215954445993
147.000000000011    -0.00254354497237526    0.00200528400600403    9.53302531722378e-06    1.40025888925817e-05    0.00175025834970964    0.00315933932141612
147.500000000011    -0.00122921145310618    0.00311662574945443    3.61610974535877e-06    2.081716398395e-05    0.00145091314313137    0.00333223767486469
148.00000000001    0.000407504571435428    0.00324853144601328    1.66865806923047e-06    2.24501518003995e-05    0.00122580507972912    0.00344923110919845
148.50000000001    0.00185265815728599    0.00240611986603784    5.28399562654061e-06    1.70577920135993e-05    0.00136075470926331    0.00335684065809762
149.000000000009    0.00271810967269204    0.000972099442986409    1.01536585694775e-05    1.11638868731913e-05    0.00166299079272721    0.00319670291802926
149.500000000009    0.00277254472208537    -0.000758271233056068    1.0853695233182e-05    1.03200504254143e-05    0.00177951987828699    0.00312171029445942
150.000000000009    0.00199944556106992    -0.00224629998636511    6.66037409256907e-06    1.51818088416081e-05    0.0016317449374479    0.00318369992506584
150.500000000008    0.000643728307196699    -0.00303133120114589    2.2114598846048e-06    2.04080373101204e-05    0.00134054979434502    0.00334948779055542
151.000000000008    -0.000864443282689317    -0.00282852448296204    2.21859032798029e-06    1.97360652584995e-05    0.00121298315692907    0.00342571372239184
151.500000000007    -0.00204590920033832    -0.00180042381777197    6.25441371608666e-06    1.39329349716312e-05    0.001438286918545    0.00326977201774537
152.000000000007    -0.00258781507533608    -0.000306924555351019    9.54232951984433e-06    9.92750205819863e-06    0.00168687363359193    0.0031358092058544
152.500000000006    -0.00233802787958814    0.00127827151689551    8.37173742194342e-06    1.12851696403747e-05    0.00170451255677745    0.00310663669737359
153.000000000006    -0.00137729692425358    0.00246478702855371    4.1166728074915e-06    1.65150189623676e-05    0.00148987448797982    0.00323107472309771
153.500000000005    -8.0610140395253e-06    0.00285005535226576    1.54453517814611e-06    1.93495231388089e-05    0.001242767153653    0.00335062794530072
154.000000000005    0.00130736222773218    0.00226770693977747    3.24830029662368e-06    1.64849348556911e-05    0.00124060642514975    0.00336785392957833
154.500000000004    0.0021617467953069    0.00107302405854974    6.98110363100099e-06    1.13157130020063e-05    0.00151919532120835    0.00318815501062602
155.000000000004    0.00232724678150154    -0.00042511366394341    8.28283897172253e-06    9.75979917364734e-06    0.00169315131920135    0.00309500848890208
155.500000000004    0.00176159651915994    -0.00177078398733009    5.71057112689672e-06    1.29456918845864e-05    0.00161472871733313    0.0031320944996602
156.000000000003    0.000652441173907677    -0.00254325294424318    2.26947721942235e-06    1.72887768326294e-05    0.00135786513837432    0.00328947431882782
156.500000000003    -0.00063224038390894    -0.00243526853444124    1.81840314491658e-06    1.73440712343784e-05    0.00119108154291436    0.00337839287228985
157.000000000002    -0.00165594494431993    -0.00156432668742867    4.56840834722997e-06    1.30997186598316e-05    0.00135138990991173    0.00326383220690496
157.500000000002    -0.00212497486171081    -0.000269566927634086    7.06788188948e-06    9.79869059458924e-06    0.00159761188233473    0.00311865744610003
158.000000000001    -0.00191305620445143    0.00109734660570134    6.36033827517289e-06    1.07498184532848e-05    0.00164333631183114    0.00308960335322199
158.500000000001    -0.0010915943022575    0.0020988964255825    3.33318052246731e-06    1.4640186797333e-05    0.00146342147098718    0.00319919061514158
159    6.57485473278408e-05    0.00238804121637524    1.49680814908698e-06    1.68235341873919e-05    0.00122167314679961    0.00333478535085618
159.5    0.00115378341281044    0.00184168304886556    2.85153850568017e-06    1.4387373733529e-05    0.00123301352060861    0.00331595797335404
159.999999999999    0.00182218856093984    0.000775515840808195    5.49355069425485e-06    1.05197007886017e-05    0.00147417079832523    0.00314932944755821
160.499999999999    0.00188931420980284    -0.000522016816193797    6.12980315419631e-06    9.59210197776044e-06    0.00160009217573031    0.00305280206062747
160.999999999999    0.00133327068589169    -0.0016357946173808    4.01188420254615e-06    1.25255905509694e-05    0.00149474863461655    0.00313843376873201
161.499999999998    0.000346314277380015    -0.00219410891661655    1.73570075127491e-06    1.53675422791715e-05    0.00127112830688238    0.00324860406039198
161.999999999998    -0.000728625236149269    -0.0019677736959412    1.89795495872218e-06    1.47875434433872e-05    0.00116921350657979    0.00330384777569263
162.499999999997    -0.00151174518982961    -0.001088637341802    4.09826579881827e-06    1.11588146170633e-05    0.00134643688297867    0.00315811389204024
162.999999999997    -0.00176920250824882    8.77494446273871e-05    5.45669884733203e-06    9.24913342790363e-06    0.00152532663129512    0.00303997260890147
163.499999999996    -0.00142691614044891    0.00123937232038265    4.28071623342391e-06    1.09291010242613e-05    0.00149820778316971    0.00306480950072441
163.999999999996    -0.000603078042961344    0.00195076565125988    2.05786312849781e-06    1.3892396407153e-05    0.00130159901759172    0.00317598957508012
164.499999999995    0.000408156565686972    0.00196143915480237    1.46962839926044e-06    1.44623664540355e-05    0.00114150629308255    0.00325808577174446
164.999999999995    0.00124025861862897    0.00127098378435648    3.09376673162997e-06    1.16638259805099e-05    0.00124720699586978    0.003169925267323
165.499999999994    0.00161511108725566    0.000190860023405024    4.69196624834627e-06    9.17902897386878e-06    0.00144339267843858    0.00302367349846749
165.999999999994    0.00142259700993956    -0.000932870340291754    4.17918883576482e-06    1.00384580036755e-05    0.00146813030180425    0.00302790537036405
166.499999999994    0.000739545786545209    -0.001714115052053    2.2892700870215e-06    1.26218364249311e-05    0.00131997807429697    0.00311185571857958
166.999999999993    -0.000186898286342624    -0.00186618352047596    1.33673762184923e-06    1.39159933200717e-05    0.00114096741952232    0.00323007002833928
167.499999999993    -0.00100860940088004    -0.00132332238752983    2.44230423788945e-06    1.1739021670746e-05    0.00119373837767991    0.0031603543360529
167.999999999992    -0.00144674768161316    -0.000386571684709742    3.99090223693504e-06    9.43973977676213e-06    0.00137761510687201    0.00304799968985281
168.499999999992    -0.00137343421670157    0.00066750213135588    3.95890220899254e-06    9.41381465372921e-06    0.0014396460194735    0.00299470458615947
168.999999999991    -0.000819765913363312    0.00147637178578556    2.41191495432349e-06    1.16999541114411e-05    0.00131905223611921    0.00308549517283328
169.499999999991    1.154450164413e-05    0.00174102447434185    1.33290258454727e-06    1.30441171764229e-05    0.00115445628285746    0.00316432472356514
169.99999999999    0.000809631563640335    0.00134871765563751    1.97660906134936e-06    1.17781853851548e-05    0.00114939366298351    0.00315581147575809
170.49999999999    0.00128647652347869    0.00050960201766254    3.36931202351093e-06    9.41769566226429e-06    0.00130930904604266    0.0030262190016353
170.999999999989    0.00129402114804023    -0.000471448146704384    3.60894496759863e-06    9.06953533034465e-06    0.00139084658967956    0.00297443641305603
171.499999999989    0.000841571858784615    -0.0012819476504157    2.42336364522336e-06    1.08816800275603e-05    0.00130962607324578    0.00303945558433644
171.999999999989    9.49098426804688e-05    -0.00160594414725369    1.35466335476167e-06    1.22967634694291e-05    0.00116002391204838    0.00311732367028687
172.499999999988    -0.000658083638573856    -0.00130636824547388    1.70471040848211e-06    1.14318694040958e-05    0.0011276685386777    0.00311853674201754
172.999999999988    -0.00113890656182702    -0.000567346235703359    2.87199369806263e-06    9.43863870939346e-06    0.00125494443761068    0.00301939678714585
173.499999999987    -0.00119494072535622    0.00034830753043882    3.23149619909876e-06    8.78035980013219e-06    0.00134298654571962    0.00294262496155589
173.999999999987    -0.000813262112403518    0.0011253562935598    2.2903502528586e-06    1.02960803907545e-05    0.00127630521012318    0.00300493820290865
174.499999999986    -0.000141306177596749    0.00147129448709708    1.32692393282246e-06    1.16246174094553e-05    0.00114322198062994    0.00307569665957049
174.999999999986    0.000559039995688922    0.00123999524436295    1.54690999355168e-06    1.09718676154131e-05    0.00111102847703009    0.00307152721123716
175.499999999985    0.00102358766340958    0.000567499441473058    2.52416214628036e-06    9.29920986372356e-06    0.00121508454092548    0.00299618995520166
175.999999999985    0.00109465602190178    -0.000285203635856684    2.89251807860523e-06    8.6848392751414e-06    0.00130163215707027    0.0029331720306241
176.499999999984    0.000760525303118161    -0.0010084946573172    2.15649980253458e-06    9.82668484019188e-06    0.00125622492645689    0.00296810096970345
176.999999999984    0.000153734866541881    -0.00133363198037818    1.30223418307815e-06    1.10377386476467e-05    0.00113075186220828    0.00304288750836426
177.499999999984    -0.000485342019683471    -0.00113786031519518    1.44283191795268e-06    1.05548111190097e-05    0.00109876068453611    0.00304303878090858
177.999999999983    -0.000914930706210563    -0.000534533582141805    2.25129567990114e-06    9.00115165100602e-06    0.00118920035432814    0.0029521899499471
178.499999999983    -0.000989472313025792    0.000242782690116888    2.5411451031131e-06    8.61445953629531e-06    0.00124983584716894    0.00292498138484246
178.999999999982    -0.000690253036284757    0.000914654635932216    1.96679746364765e-06    9.37993382140759e-06    0.00122079818542924    0.00292289936849959
179.499999999982    -0.000138334336823592    0.00121674316786489    1.26544867587991e-06    1.05351222747908e-05    0.00111638357527128    0.00300909593370582
179.999999999981    0.000445972251933097    0.00103754774851835    1.39105202434653e-06    1.00323656986248e-05    0.00109186115181934    0.00299263435256787
180.499999999981    0.00083661285730234    0.000480086652478317    2.04777639128019e-06    8.8358354524487e-06    0.00116097171295282    0.00293348807029462
180.99999999998    0.00089949915393257    -0.000233610278310876    2.28412395422757e-06    8.4445455532419e-06    0.00121450616560895    0.00289654480219268
181.49999999998    0.000621211801313825    -0.000838883701443875    1.79979647542174e-06    9.0980504806335e-06    0.00118907206397685    0.00289729608705864
181.999999999979    0.000115038439483071    -0.00111236931764043    1.22718529405908e-06    1.00416437589066e-05    0.00110179465033207    0.0029672004078051
182.499999999979    -0.000418033668234038    -0.000949617791284081    1.32950343662651e-06    9.70359131970889e-06    0.00107459354588109    0.00296678569670707
182.999999999979    -0.000775873007122153    -0.000440251319464609    1.89365663728382e-06    8.62583296423941e-06    0.00113652000162912    0.00290379264754718
183.499999999978    -0.000834388279831957    0.00021453353643036    2.11125038528349e-06    8.24685869666426e-06    0.00118955730579176    0.00286370984186788
183.999999999978    -0.000576502943158719    0.000784445438636385    1.68475858981962e-06    8.91992716415638e-06    0.00116292860758903    0.00288176552098864
184.499999999977    -0.000102094041674304    0.00104112149487616    1.18877190517745e-06    9.67473317923471e-06    0.00108551771603786    0.00293100651861123
184.999999999977    0.000394423144504373    0.00088240076026791    1.28542877492724e-06    9.29573043632969e-06    0.00106294833270791    0.00291840698577294
185.499999999976    0.000723205694161504    0.000391394637115479    1.7513493062341e-06    8.449315282371e-06    0.00110829726615493    0.00288029955393675
185.999999999976    0.000764750858996138    -0.000228278375278194    1.91153397291958e-06    8.13165732206796e-06    0.00115182034041089    0.00284245427499693
186.499999999975    0.000511079307208253    -0.000751420879852759    1.54957025710053e-06    8.7220026935587e-06    0.00113506308143824    0.00285611087930424
186.999999999975    6.61995961089252e-05    -0.000964355567211046    1.15644659834221e-06    9.24914763676947e-06    0.0010733425416973    0.00288429644398049
187.499999999974    -0.000388392647517096    -0.000790726116984449    1.24274246372862e-06    8.90375577035283e-06    0.00104493713451254    0.00287723964561027
187.999999999974    -0.000674720377128895    -0.000320919493181432    1.6167736713255e-06    8.29172336952769e-06    0.00107774119528417    0.00286159641606287
188.499999999974    -0.000691888386994197    0.000253720084632826    1.76209740217039e-06    7.88300318057811e-06    0.00113286709816861    0.00279618119928449
188.999999999973    -0.000441064266632813    0.000715247800536723    1.42398821607865e-06    8.49786765236231e-06    0.00110880590221116    0.00282600216493011
189.499999999973    -2.44607666735726e-05    0.000890787581452042    1.09311125485271e-06    8.93464371359305e-06    0.00104523343122312    0.00285326851143104
189.999999999972    0.000388066976644179    0.000701445289368563    1.20432910689945e-06    8.53295362912782e-06    0.00102651504058036    0.00283565303504333
190.499999999972    0.000632396029885459    0.000246140618066503    1.53043432720179e-06    7.99128255560423e-06    0.00106325424456566    0.00281614938377602
190.999999999971    0.000622355000270526    -0.000284833394072456    1.60969435759638e-06    7.75641277558624e-06    0.00110560780172476    0.00277043005925207
191.499999999971    0.000368884784203628    -0.000691912742591666    1.2996655552249e-06    8.14152266115002e-06    0.00107869809085209    0.00276817257731329
191.99999999997    -1.96230927639678e-05    -0.000805978750632793    1.01545575399027e-06    8.67675380951241e-06    0.00100750716534457    0.00283322291093391
192.49999999997    -0.000384282887475316    -0.000602433756414935    1.15791695561324e-06    8.17895830781714e-06    0.00100510875929268    0.00279571670184032
192.999999999969    -0.000582809410377802    -0.00017078847914253    1.43936436130247e-06    7.69031771991283e-06    0.00104866465205877    0.00276787807088842
193.499999999969    -0.000546260712530815    0.000305674155218397    1.46655380678729e-06    7.57282694892672e-06    0.00108081128821484    0.00273484739240752
193.999999999969    -0.00029967876433184    0.000645097995998776    1.17625295632996e-06    8.04681450020055e-06    0.0010423270094066    0.00276236548555019
194.499999999968    5.60623957547802e-05    0.000725682311803363    9.80602208509617e-07    8.25328443221403e-06    0.000988665371241378    0.0027796887621728
194.999999999968    0.000376322063091485    0.000514691221257155    1.1174617903288e-06    7.95668390747716e-06    0.000987847910945492    0.00277340528128111
195.499999999967    0.000538683994485668    0.000112302327796214    1.36981156825377e-06    7.39449237779115e-06    0.0010390529930368    0.00271696164215888
195.999999999967    0.000481819151422661    -0.000329825746263581    1.34260583966846e-06    7.47199062491323e-06    0.00105378182988264    0.00271352272922393
196.499999999966    0.000233965719086997    -0.000623797440568781    1.08842101104212e-06    7.77355631699403e-06    0.00101670106389943    0.00271743133678367
196.999999999966    -9.89191019268422e-05    -0.000659756178652343    9.38395638453213e-07    8.00751481435181e-06    0.000963644462302981    0.00275176972130334
197.499999999965    -0.00038051071046145    -0.000429070941936897    1.0957572035643e-06    7.61647872418994e-06    0.000975176293184174    0.00272623859025129
197.999999999965    -0.000502172136287916    -4.18415786601346e-05    1.30008977804055e-06    7.22756576570638e-06    0.00102367618101457    0.00268808761910798
198.499999999964    -0.000422029116494583    0.00034833267252918    1.24177789627655e-06    7.30716857214025e-06    0.00103134345448418    0.00268064039389638
198.999999999964    -0.000178680705652955    0.000588868793292631    1.00418859541812e-06    7.62892897837911e-06    0.000986033367004121    0.00269854822500269
199.499999999964    0.000126879546360051    0.00058936319327262    9.11097940356037e-07    7.6678438032788e-06    0.000946044143299616    0.00270564129730722
199.999999999963    0.00037195232985868    0.000356643590127749    1.05613952062139e-06    7.40904852235101e-06    0.000958014083891303    0.00269849103611107
200.499999999963    0.000462097264852701    -4.54112697796777e-06    1.22485872124812e-06    7.03283253196226e-06    0.001005646478174    0.00265194492969368
200.999999999962    0.000366868017572706    -0.000362807174978208    1.1571740454791e-06    7.11578183982883e-06    0.00101122791850372    0.00264275477364306
201.499999999962    0.000127615566929759    -0.000557517436727946    9.40687510851416e-07    7.45284175284711e-06    0.0009614581519383    0.00267245506240824
201.999999999961    -0.000155128961939046    -0.000532548177217719    8.71427742127279e-07    7.4687352072433e-06    0.000920523083520991    0.00268050884090789
202.499999999961    -0.000366682254150459    -0.000286877821191318    1.03408573726749e-06    7.09031400064149e-06    0.000948488198007031    0.00264726559233297
202.99999999996    -0.000423972244195969    6.26180292989803e-05    1.15402828814995e-06    6.88902033708812e-06    0.000987054114170741    0.00262394727833751
203.49999999996    -0.000306755856502881    0.000383574222251326    1.05658396803242e-06    7.01189092494257e-06    0.000981063103237304    0.00262006903362619
203.999999999959    -7.02899178797475e-05    0.000531269935277382    8.83734908308692e-07    7.23626735246657e-06    0.00093744025716477    0.00263704751726944
204.499999999959    0.000185119322222696    0.000455080355367128    8.54904913339345e-07    7.22211085315993e-06    0.000905889479947281    0.00264858692953787
204.999999999959    0.000354735869684008    0.000200160276887165    1.00037085950655e-06    6.88964761238942e-06    0.000935164863682376    0.00261717089162054
205.499999999958    0.000375579645889272    -0.000117165259553497    1.08752269106585e-06    6.63831173239551e-06    0.000972863104788919    0.00257382672966718
205.999999999958    0.000244526630337937    -0.000386570023450177    9.62850853567838e-07    6.91496756843772e-06    0.000950293418173256    0.00260106347200668
206.499999999957    1.89152728726344e-05    -0.000482566666768245    8.31002980868555e-07    7.0162203513472e-06    0.000911397384964818    0.00260448646828341
206.999999999957    -0.000204238953030702    -0.000379580214385514    8.44454941968907e-07    6.95235796218116e-06    0.000895958365122973    0.00260926748782646
207.499999999956    -0.000332828511523154    -0.000116031614407138    9.76440916311343e-07    6.58237659787264e-06    0.000930411789601048    0.00256298912645581
207.999999999956    -0.000319269242376068    0.000166276559704606    9.89713803143771e-07    6.58982615411613e-06    0.000942221287180662    0.002561674893465
208.499999999955    -0.000178658339090987    0.0003767474218566    8.79339428957865e-07    6.75200142105891e-06    0.000920554521378889    0.00257100423982212
208.999999999955    3.09302221775325e-05    0.000429256991624159    8.01143605080629e-07    6.8396767680042e-06    0.000894531679951402    0.00257980914083697
209.499999999954    0.000219686731097827    0.000300708434448246    8.54572667089944e-07    6.63244614935419e-06    0.000897947886722551    0.00255773739598221
209.999999999954    0.000311738277659169    5.49534693305243e-05    9.25726281309922e-07    6.49713265439182e-06    0.000910244762441409    0.00254835491456751
210.499999999954    0.000272199986049976    -0.000205166478202184    9.13161338144389e-07    6.4799418673367e-06    0.000916006826251192    0.00253729158426043
210.999999999953    0.000120270281368172    -0.000376159586088525    8.27769017059986e-07    6.63651872899749e-06    0.00090183372995226    0.00254853343999862
211.499999999953    -7.55885767365285e-05    -0.000379761039316877    7.9584146601838e-07    6.55987018971648e-06    0.000888891350551532    0.00253291368639625
211.999999999952    -0.000233655897573732    -0.000228015971144247    8.34862647226423e-07    6.49109986175835e-06    0.00088332755462254    0.00253753986740337
212.499999999952    -0.000287754506555824    1.82335467127857e-05    8.75556953791711e-07    6.3551417863735e-06    0.000890367507127548    0.00252087471409187
212.999999999951    -0.00022015030515941    0.000240001909970289    8.42884608900484e-07    6.38585385201857e-06    0.000891301549442557    0.00251560190316934
213.499999999951    -6.56618003026741e-05    0.00035482929602577    7.92793646426856e-07    6.39190164602364e-06    0.000887965187610341    0.00250319751851617
213.99999999995    0.000112433405739772    0.000328614128966434    7.74434117732025e-07    6.39799335669379e-06    0.000872807451277646    0.00250798845909175
214.49999999995    0.000240252189686011    0.000164749474370535    8.02785851459749e-07    6.30028472890857e-06    0.000863171325294594    0.00250462419129162
214.999999999949    0.000266793633690423    -6.34324158679814e-05    8.38161181189283e-07    6.16863161797991e-06    0.000875775278374278    0.00248286285295766
215.499999999949    0.000177544568035044    -0.000273571605489093    7.99035517273771e-07    6.30708068560589e-06    0.000876078446050935    0.00249644532531277
215.999999999949    1.43473559313826e-05    -0.000356647973991761    7.70616111403342e-07    6.21563411961601e-06    0.000877730177663455    0.00246747570246671
216.499999999948    -0.000153888749948734    -0.000294180366778543    7.53973935305094e-07    6.28708051118841e-06    0.000854571347486159    0.00249008803518881
216.999999999948    -0.000257139102352495    -0.000102037913759493    7.89178272400088e-07    6.21140104280922e-06    0.000850328027552568    0.00249017856929274
217.499999999947    -0.000246941680735208    0.000137867155063225    8.21428621754803e-07    6.01778445458076e-06    0.000872036941918445    0.00244924010708128
217.999999999947    -0.000132407060941059    0.000300747448293957    7.68318011345946e-07    6.141655575779e-06    0.000866479302441147    0.00245992002880656
218.499999999946    3.22800313159523e-05    0.000337420095893536    7.20742740113951e-07    6.17837690134528e-06    0.00084835177826901    0.00246262554608541
218.999999999946    0.000179339807294637    0.000229601191058317    7.40858476756878e-07    6.07904670103645e-06    0.000841840667986764    0.00245485844685616
219.499999999945    0.000245196600200487    2.47419622388564e-05    7.75093250608345e-07    6.01755907589384e-06    0.000845560097129984    0.00245294657732255
219.999999999945    0.000202985989546268    -0.000183660821904526    7.73615375336798e-07    5.9476038458393e-06    0.000855810763770076    0.00243184550256316
220.499999999944    7.74178203903378e-05    -0.0002990304126001    7.26133923839576e-07    6.02650788868249e-06    0.000848610867786635    0.00243661418797123
220.999999999944    -7.4784656735187e-05    -0.000288360290933563    7.07760767123909e-07    6.04342125829991e-06    0.000837954665981943    0.00244136633894068
221.499999999944    -0.000188291798143288    -0.00015259815578233    7.31497916935612e-07    5.92804065526664e-06    0.00083429258398213    0.00242997005292626
221.999999999943    -0.000218998600364476    3.20295644822371e-05    7.46556029175641e-07    5.8810738675346e-06    0.000835820340871195    0.00242488102275837
222.499999999943    -0.000159596868698244    0.000199958104933835    7.32775080167259e-07    5.87867725215276e-06    0.000841013626327764    0.00241633896803077
222.999999999942    -3.51749893506376e-05    0.000278631886018165    7.0325564469961e-07    5.8643764607598e-06    0.000837865361990691    0.00240556453516711
223.499999999942    9.95667207672687e-05    0.000241827799942215    6.92668357301708e-07    5.85540624125696e-06    0.000826289795058224    0.00240768053454607
223.999999999941    0.000190064961109098    0.000109694163213696    7.08703992215591e-07    5.79244966940868e-06    0.00082010932367227    0.00240424974991483
224.499999999941    0.000199802282231607    -6.96890924508992e-05    7.23344140894195e-07    5.71356222691538e-06    0.000826694132620546    0.00238928978094093
224.99999999994    0.000127146991407605    -0.00021171524366513    7.02466114692035e-07    5.72280262159274e-06    0.000828432107820568    0.00238285108162314
225.49999999994    5.18661626220825e-06    -0.000258544707896638    6.75252147555186e-07    5.74020275379112e-06    0.000821720905518981    0.00238188106080253
225.999999999939    -0.000113356817295411    -0.000198321809025074    6.71574677728482e-07    5.70869943769886e-06    0.000811618697234814    0.00238104344726506
226.499999999939    -0.000180898027329551    -6.33052096772102e-05    6.8213155957938e-07    5.68215055888122e-06    0.000805858215375172    0.00238288543772229
226.999999999939    -0.000173082913157419    9.26970430215473e-05    6.98847537399158e-07    5.55561631398222e-06    0.000817856859463867    0.00235521200153984
227.499999999938    -9.266654143259e-05    0.000215370195946382    6.72839736374821e-07    5.64786953419442e-06    0.00081501696207732    0.0023667457009346
227.999999999938    2.50388127678421e-05    0.000237562309678102    6.54371473326441e-07    5.55409165415772e-06    0.000808544699556937    0.00234470804220443
228.499999999937    0.00012826444728977    0.000160325830135871    6.44905619540092e-07    5.61973966798994e-06    0.000792750812741016    0.00236517130377087
228.999999999937    0.000175215736121293    1.97432793410936e-05    6.74544950263018e-07    5.4713100610693e-06    0.000802399150098311    0.0023389998426657
229.499999999936    0.000146902153643027    -0.000127940423891609    6.71759864522738e-07    5.482640888095e-06    0.00080633716383271    0.00233800601710719
229.999999999936    5.62038165032442e-05    -0.000222030486759939    6.50364859599642e-07    5.46240513419556e-06    0.000804491137682766    0.00232660860420155
230.499999999935    -5.78817189522942e-05    -0.000214292814047354    6.26073156295119e-07    5.48414734108444e-06    0.00078912791289261    0.00233200041400771
230.999999999935    -0.000144228811828895    -0.000116015431603392    6.3657584657089e-07    5.45923079800628e-06    0.00078471262026892    0.00233361762455552
231.499999999934    -0.000165837670370637    3.1173665532257e-05    6.61258727184632e-07    5.35911238169139e-06    0.00079608830808565    0.00231476577308994
231.999999999934    -0.000116343216839504    0.000159179185646554    6.48327111947427e-07    5.38385037072727e-06    0.000796737954312999    0.00231484607643449
232.499999999934    -1.77788851915795e-05    0.000218695031399218    6.24801086817348e-07    5.35011606560055e-06    0.000790243632089935    0.00230266987404661
232.999999999933    8.55335652810916e-05    0.000176683305707149    6.05997575298397e-07    5.39903133723598e-06    0.000773745167680356    0.00231685440775211
233.499999999933    0.00014603210358626    5.70751983834796e-05    6.30999630982769e-07    5.28144660859855e-06    0.000780816403327274    0.00229743096312556
233.999999999932    0.000139907752722475    -7.77083460956525e-05    6.42885997216623e-07    5.27775054105335e-06    0.000789500992997963    0.00229602089581093
234.499999999932    7.63236474439614e-05    -0.000164799953753891    6.26177083249638e-07    5.22170578256986e-06    0.000787624138844467    0.00227915483410245
234.999999999931    -1.44358149558975e-05    -0.00018311152624415    5.86859165858912e-07    5.31264190072953e-06    0.000765931310957759    0.00229763183945689
235.499999999931    -9.46367844245534e-05    -0.000125561647282912    5.98825992532079e-07    5.17810587190979e-06    0.000768029863720064    0.00227207837554988
235.99999999993    -0.000129198136924509    -1.06809327906008e-05    6.12510750731972e-07    5.19325265454013e-06    0.000771892863127525    0.00227884588601661
236.49999999993    -0.000107766707902818    8.88935618700611e-05    6.19935383327079e-07    5.06950924126965e-06    0.000779949818895336    0.00224980158590212
236.999999999929    -4.71123726379634e-05    0.00014788792904136    5.77494328036535e-07    5.20283350007094e-06    0.000758468689123656    0.00227617280989709
237.499999999929    3.09667081615329e-05    0.000153979217536271    5.76875144962513e-07    5.07507217569271e-06    0.000758891433571464    0.00224752365421582
237.999999999929    9.52423848814086e-05    9.21930513843252e-05    5.84520025315894e-07    5.10546927031042e-06    0.00075858349140882    0.00225764694130567
238.499999999928    0.000116217431321258    -1.32758217553244e-05    5.97991721975655e-07    4.98384097724264e-06    0.000764516337714731    0.00223241231178279
238.999999999928    8.41495342240516e-05    -0.000110319827460247    5.74964918306798e-07    5.03080769949927e-06    0.000753580635497405    0.00224023151374326
239.499999999927    1.55616629512553e-05    -0.000151220683744216    5.62374100475205e-07    5.03251637292928e-06    0.000749754583261347    0.00223822444757831
239.999999999927    -5.82651865088156e-05    -0.000132178804614734    5.66630507185148e-07    4.97523613558053e-06    0.000750490289894706    0.00222660389364412
240.499999999926    -0.000106830316518515    -5.36536212514374e-05    5.71712888407297e-07    4.93108584557621e-06    0.000748532011259272    0.00221995656139998
240.999999999926    -0.000106147678019481    5.38509379622794e-05    5.71184812604431e-07    4.92731681019911e-06    0.000748276341370956    0.00221910272107437
241.499999999925    -5.75252727450403e-05    0.000128602071598307    5.56018940339264e-07    4.94505114085056e-06    0.000743444539515136    0.00222002537103322
241.999999999925    1.19684032378641e-05    0.000140701752362738    5.46614726453089e-07    4.88070186208163e-06    0.000739237095779849    0.00220474598966949
242.499999999924    7.38023253934505e-05    0.000100186796104361    5.53824357111933e-07    4.8457743005274e-06    0.000740525201379705    0.00219903090165048
242.999999999924    0.000106160221024159    2.35877789980117e-05    5.56961038419187e-07    4.84243341619331e-06    0.000738709040076869    0.00220042655702826
243.499999999924    9.49967002702497e-05    -6.74929481840674e-05    5.50530832513954e-07    4.80154220001427e-06    0.000735871224774905    0.00219020247967162
243.999999999923    4.16351555287242e-05    -0.000137334438063782    5.43943469857895e-07    4.79770754320104e-06    0.000736349090908649    0.00218605736322786
244.499999999923    -3.13625996796742e-05    -0.000140297887878024    5.37142942927995e-07    4.807465930011e-06    0.000732229014905397    0.00218810018798682
244.999999999922    -8.82156900000825e-05    -7.93908534684167e-05    5.36331701372856e-07    4.77470796808426e-06    0.00072701423191755    0.00218366779993428
245.499999999922    -0.000105871331856436    9.29943600400915e-06    5.53208165149569e-07    4.69146555883969e-06    0.000736206103099202    0.00216595915920169
245.999999999921    -7.91557535695056e-05    9.51953358059599e-05    5.40498265301989e-07    4.72315177636196e-06    0.000730912191702145    0.00217119543671286
246.499999999921    -1.80748594177064e-05    0.000138507503550296    5.15217785317414e-07    4.74405547209059e-06    0.000717559115874396    0.00217367687192712
246.99999999992    4.79318615793672e-05    0.000116625475018464    5.24277453542137e-07    4.68046269715358e-06    0.000722481826890942    0.00216029192372936
247.49999999992    9.16089474633868e-05    4.90617106909507e-05    5.37807127738682e-07    4.63953276988267e-06    0.000727609049203851    0.00215339864363911
247.999999999919    9.48368647218756e-05    -3.7124653072649e-05    5.26407546204093e-07    4.626095467097e-06    0.000719314614959141    0.0021505155724224
248.499999999919    5.74205499067179e-05    -0.000105040819892254    5.1203794187991e-07    4.6469028431763e-06    0.000713260697310822    0.00215310688757727
248.999999999919    -3.34960706329677e-06    -0.000129681821049002    5.15858410185803e-07    4.56646861466768e-06    0.000718225027632931    0.00213299114858855
249.499999999918    -6.40372628605269e-05    -0.000100966498036662    5.11624422628877e-07    4.60955343026359e-06    0.000712406942410171    0.00214461166567232
249.999999999918    -9.68761037147822e-05    -2.53720633666383e-05    5.2020560956209e-07    4.54318704423569e-06    0.000714717167900095    0.00213132430724097
250.499999999917    -8.82125342332802e-05    5.88161421775083e-05    5.16539105304732e-07    4.53242972737174e-06    0.000713272496391719    0.00212813777486118
250.999999999917    -4.0533124217835e-05    0.000122770289671275    5.02696550986438e-07    4.55904429702805e-06    0.000707851408720488    0.00213165938953719
251.499999999916    2.47468321366714e-05    0.000127666517613855    5.02491885583373e-07    4.51447068986908e-06    0.000708434527590639    0.00212088942430986
251.999999999916    7.85645056719612e-05    7.77669894052137e-05    5.04988784998263e-07    4.51266311836454e-06    0.000706269356157255    0.00212287903888172
252.499999999915    9.58737368147434e-05    -1.10597507482667e-05    5.11275596481664e-07    4.47339659501068e-06    0.000708578734560134    0.00211501164935895
252.999999999915    6.94666290137871e-05    -9.00980948933791e-05    4.97569600052586e-07    4.46276201130376e-06    0.000701957254757045    0.00211060283914344
253.499999999914    1.25141370855284e-05    -0.000127701262280945    4.9055726025638e-07    4.47417648289459e-06    0.000700286124829976    0.00211136658837504
253.999999999914    -4.55677680295562e-05    -9.62300240669532e-05    4.99087958726949e-07    4.40717982317544e-06    0.000704990451881268    0.00209712174316216
254.499999999914    -7.83587280057396e-05    -3.30336061369299e-05    4.94170533872174e-07    4.39588241673007e-06    0.000698591757478928    0.00209637572910861
254.999999999913    -7.63288329025841e-05    4.43780554863627e-05    4.82005924635464e-07    4.43170905279853e-06    0.000690057848229548    0.00210469466692672
255.499999999913    -3.92851684932864e-05    9.44023622329615e-05    4.89674005342447e-07    4.29881208314167e-06    0.000698663496168864    0.00207120744425722
255.999999999912    1.03023626313843e-05    9.84009127481118e-05    4.79974628230829e-07    4.38323791997363e-06    0.000692725407037335    0.00209130465985804
256.499999999912    5.43277475071172e-05    7.37920326698811e-05    4.77751152536041e-07    4.2937846619968e-06    0.000689057071937328    0.00207083060579837
256.999999999911    7.71268282111261e-05    1.21546933417048e-05    4.74550561756635e-07    4.31073959889417e-06    0.000684545114749004    0.00207619648933427
257.499999999911    6.39217426893506e-05    -6.31113949289024e-05    4.81323389995443e-07    4.24626746556531e-06    0.000690823711815829    0.00205968065908175
257.99999999991    2.03677464943536e-05    -9.98946050116873e-05    4.67927205962348e-07    4.30377426701936e-06    0.000683748755658897    0.00207214751765141
258.49999999991    -2.80510636540387e-05    -8.78888000826073e-05    4.70198322633478e-07    4.20093342269815e-06    0.000685136089008129    0.00204773264405249
258.999999999909    -6.15944113703116e-05    -4.35590355390673e-05    4.61668495030545e-07    4.25892392252752e-06    0.000676664335929188    0.0020632562935686
259.499999999909    -6.92630574267959e-05    1.59378938416539e-05    4.68483602270658e-07    4.22705755946712e-06    0.000680945101419013    0.00205591914797421
259.999999999909    -4.55124246705935e-05    7.51501228890579e-05    4.72897592927806e-07    4.16156457852415e-06    0.000686167772580737    0.00203860664120225
260.499999999908    -6.77118016761911e-07    9.50248983099635e-05    4.58834609400502e-07    4.21942471041635e-06    0.000677372977695223    0.00205192470113246
260.999999999908    4.20178036038659e-05    6.93326168894003e-05    4.50883945797933e-07    4.2211835678039e-06    0.00067016300254359    0.00205338173656025
261.499999999907    6.42267557538165e-05    1.68396403256238e-05    4.64270332695991e-07    4.13527239577267e-06    0.000678340074403194    0.00203346719233096
261.999999999907    5.8104573379959e-05    -3.70048041696838e-05    4.62347524726076e-07    4.1339742718529e-06    0.000677474267613471    0.00203288094002607
262.499999999906    2.94499135914993e-05    -7.66397497623914e-05    4.50565219036308e-07    4.13656077518429e-06    0.000670595199524841    0.00203240919205278
262.999999999906    -1.26357300777965e-05    -8.44965449521681e-05    4.48054687118112e-07    4.13996661153963e-06    0.00066924959876231    0.00203293554876459
263.499999999905    -4.6060885049753e-05    -4.68159046295854e-05    4.50460778102988e-07    4.0874132371917e-06    0.000669581341564579    0.00202119309029727
263.999999999905    -5.74799828406224e-05    1.10530132379472e-06    4.52704969195305e-07    4.08497800493133e-06    0.00067037379182658    0.00202113254964644
264.499999999904    -4.62528906947772e-05    4.44268778601937e-05    4.5030601538052e-07    4.07370300541859e-06    0.000669452526683481    0.00201785263533842
264.999999999904    -1.63445782382375e-05    7.06403448290564e-05    4.41058967154162e-07    4.05045016960361e-06    0.0006639215480133    0.00201133291905792
265.499999999904    2.01571883892464e-05    6.80664803080591e-05    4.3368002817028e-07    4.08450612649253e-06    0.000658235304375662    0.00201986957023245
265.999999999903    4.58788926826932e-05    3.00211078493947e-05    4.45534553008298e-07    3.98654209293627e-06    0.000665905158573282    0.00199640697905506
266.499999999903    4.82987741903546e-05    -1.96824553771149e-05    4.39819571428368e-07    4.01407009592529e-06    0.000661427849307902    0.00200341775395837
266.999999999902    2.7940920019711e-05    -5.61848535520463e-05    4.36587410949708e-07    3.99112435339322e-06    0.000660156584408699    0.0019969896383368
267.499999999902    -1.81535594797262e-06    -5.93645936864373e-05    4.31554107859631e-07    3.99907222745088e-06    0.000656925271505377    0.00199888670826221
267.999999999901    -2.75315225164783e-05    -4.03249683736279e-05    4.28950953521078e-07    3.97153491885886e-06    0.000654364553432567    0.00199246300236279
268.499999999901    -3.88841859434849e-05    -7.08240642915658e-06    4.34871362927469e-07    3.93522761218439e-06    0.000658300374457573    0.00198372816981147
268.9999999999    -3.38576250279829e-05    2.60589267696327e-05    4.30267411512652e-07    3.93984982709166e-06    0.000655073333864321    0.00198473443045342
269.4999999999    -1.56623973806325e-05    4.34339561149027e-05    4.23978142356953e-07    3.94836536879121e-06    0.000650947641262524    0.00198657465509037
269.999999999899    7.40724843161825e-06    4.70304354829458e-05    4.25255737262757e-07    3.87836348004871e-06    0.000652074282527251    0.0019687944580852
270.499999999899    2.83086514048123e-05    3.14074013376129e-05    4.19181154021484e-07    3.91816503397368e-06    0.000646822830670907    0.00197918635027501
270.999999999899    3.77948865501121e-05    4.02155530188052e-06    4.24438483242637e-07    3.87487099465098e-06    0.0006503922122791    0.00196846509284364
271.499999999898    3.10895283715458e-05    -3.00033690818928e-05    4.22141756988278e-07    3.85309851610566e-06    0.000648980121586103    0.00196270178935808
271.999999999898    9.59856443144163e-06    -5.2192634229055e-05    4.16670101164142e-07    3.84999613145194e-06    0.000645428515580925    0.00196144642047245
272.499999999897    -1.78746456259219e-05    -5.30920698729921e-05    4.13484605455357e-07    3.8392151371795e-06    0.000642779201980824    0.00195867209335715
272.999999999897    -3.81256442915249e-05    -2.17063403476121e-05    4.13797304950023e-07    3.83359463251073e-06    0.000642139969319291    0.00195783642506197
273.499999999896    -3.79183162448976e-05    2.07341122306193e-05    4.159672346854e-07    3.78452519152602e-06    0.000643839604232725    0.00194527511887548
273.999999999896    -1.97450508220834e-05    4.84931964210279e-05    4.08818515561675e-07    3.77854070961675e-06    0.000639084226475438    0.00194324190967507
274.499999999895    7.23466226917767e-06    5.23926553835786e-05    4.02566358125707e-07    3.79432736107365e-06    0.000634439924490537    0.00194719859560742
274.999999999895    2.89828792811463e-05    3.11299976820632e-05    4.07590505170835e-07    3.72534477187582e-06    0.000637769941185228    0.00192986416494015
275.499999999894    3.52271746226296e-05    -6.71163855367178e-06    4.03740932460478e-07    3.75603787871744e-06    0.000634428860179441    0.00193803839812976
275.999999999894    2.30110808537095e-05    -3.76065005599279e-05    4.03610269310044e-07    3.71808076638716e-06    0.000634886414619173    0.00192786579343656
276.499999999894    2.39981710559439e-06    -4.2642692805342e-05    4.02662381234905e-07    3.7164554543688e-06    0.000634552300533821    0.00192733937206687
276.999999999893    -1.71975411098134e-05    -3.29606411736994e-05    4.01197868039351e-07    3.69408739784836e-06    0.00063316831302516    0.00192171824000861
277.499999999893    -2.78710198695108e-05    -6.49504328403326e-06    3.95033658276213e-07    3.71472791848318e-06    0.000627898769331208    0.00192735200025733
277.999999999892    -2.41907161203902e-05    1.96271071103529e-05    3.99307270658377e-07    3.69094269125481e-06    0.000631444439291344    0.00192108236885389
278.499999999892    -1.03024668786417e-05    3.45797465502464e-05    4.03093567711105e-07    3.63333582037923e-06    0.000634812906994903    0.00190581742606886
278.999999999891    8.58882272528666e-06    3.74000381294001e-05    3.92125467854266e-07    3.68494086029366e-06    0.000626140319719518    0.00191925561024101
279.499999999891    2.52925673530322e-05    2.58220052242615e-05    3.92427507177179e-07    3.65252202835735e-06    0.000625929543330455    0.00191098279751638
279.99999999989    2.9049043773964e-05    -1.09486716213627e-05    3.97981696466943e-07    3.62720753002993e-06    0.000630188741190099    0.00190449144304186
280.49999999989    1.59596655900102e-05    -3.76674176874295e-05    3.94425227482605e-07    3.64573780163408e-06    0.000627830006097877    0.00190900994425876
280.999999999889    -5.00208385649306e-06    -4.38493879384228e-05    3.91205171733629e-07    3.60706753548803e-06    0.00062544396303004    0.00189872187712299
281.499999999889    -2.32384274072223e-05    -2.30997596013325e-05    3.87093659398992e-07    3.62300119281428e-06    0.000621734376474899    0.00190327811785893
281.999999999889    -2.76299929691282e-05    3.46376202443006e-06    3.90286917663763e-07    3.58905849800437e-06    0.000624118178834977    0.0018944778965079
282.499999999888    -1.98366921010733e-05    2.43706289795864e-05    3.89089371883971e-07    3.58786983337267e-06    0.000623454791889884    0.00189401053476896
282.999999999888    -6.02582025757093e-06    2.68926524973423e-05    3.8243797951375e-07    3.58506366096572e-06    0.000618386342834294    0.00189323544394441
283.499999999887    6.90029337087348e-06    2.29270861915233e-05    3.84214158967683e-07    3.55295423705118e-06    0.000619811701179543    0.00188478873770244
283.999999999887    1.57672026886327e-05    1.07032834876259e-05    3.85200231445103e-07    3.53973875574158e-06    0.000620444700811022    0.00188138890064339
284.499999999886    1.79125221508968e-05    -2.23571455711766e-06    3.77679449165963e-07    3.55927489378036e-06    0.000614295198350237    0.00188660273914801
284.999999999886    1.40636543034786e-05    -1.07564695854592e-05    3.80864856470794e-07    3.51618808474235e-06    0.000616982228348942    0.00187511929836595
285.499999999885    6.59839041856707e-06    -1.85059769082891e-05    3.80175177713936e-07    3.49571215000483e-06    0.000616548164345512    0.00186959077843883
285.999999999885    -3.02958864274847e-06    -1.83083948290145e-05    3.75542177246489e-07    3.51429450843169e-06    0.000612807472897602    0.00187455576367055
286.499999999884    -1.20284710066525e-05    -1.79611317345357e-05    3.74730451561038e-07    3.49853619883477e-06    0.000612034122779343    0.00187035119605426
286.999999999884    -1.88839355347723e-05    -5.53258735750838e-06    3.76341824272255e-07    3.44175027959902e-06    0.000613176337810726    0.001855187233159
287.499999999884    -1.66631509970291e-05    1.37074548542338e-05    3.70856988419384e-07    3.48031936955769e-06    0.000608752271304374    0.0018655110493479
287.999999999883    -7.90491271676337e-06    2.08783283674613e-05    3.69911554580829e-07    3.47065647207288e-06    0.000608152174160193    0.00186285280349185
288.499999999883    3.39537004579303e-06    2.23080967893606e-05    3.73064092603339e-07    3.41078394740221e-06    0.000610780291156805    0.00184669604868258
288.999999999882    1.35095499971669e-05    1.55166741421635e-05    3.64542312545236e-07    3.44774247653543e-06    0.000603622236671339    0.00185674492307344
289.499999999882    1.70093816926473e-05    -2.36939973387098e-06    3.65808943281089e-07    3.41317470478372e-06    0.000604582189793516    0.00184747641141331
289.999999999881    1.19951520091525e-05    -1.62958370712984e-05    3.6475965739179e-07    3.38818243341492e-06    0.00060383422701936    0.00184062947903946
290.499999999881    1.30977087847769e-06    -2.43969562390598e-05    3.62300578659318e-07    3.37937591740889e-06    0.000601912670708603    0.00183814599690426
290.99999999988    -1.02142125196159e-05    -1.94788440220086e-05    3.57277814390305e-07    3.35839399575202e-06    0.000597639928596567    0.00183248862762845
291.49999999988    -1.5523186539914e-05    3.72811061136255e-07    3.58532578358374e-07    3.33532265551811e-06    0.000598574647841037    0.00182628653735662
291.999999999879    -1.00454186738518e-05    2.00557089112147e-05    3.58648734198359e-07    3.33826898146833e-06    0.000598788630287872    0.00182698296379807
292.499999999879    1.3169970267115e-06    2.22905311586472e-05    3.55105051449586e-07    3.32986778519927e-06    0.000595905459757182    0.00182465638338289
292.999999999879    8.93554893194254e-06    9.98038317780279e-06    3.53585550740874e-07    3.30642138646804e-06    0.000594563458939547    0.00181832939216735
293.499999999878    1.2036668703229e-05    7.2757811054223e-07    3.52520615107558e-07    3.30513335806064e-06    0.000593612444035742    0.00181800242813114
293.999999999878    1.12552849182404e-05    -5.78705975350681e-06    3.54422783266169e-07    3.2876630726681e-06    0.000595227773064714    0.0018131821702762
294.499999999877    7.08706317365121e-06    -8.8354467606753e-06    3.52380110970167e-07    3.26446437184545e-06    0.000593573823972839    0.00180676127552203
294.999999999877    2.41224332122328e-06    -1.07853021863061e-05    3.47026817568202e-07    3.27219963300529e-06    0.000589084882381445    0.00180889007688749
295.499999999876    -3.57110456007947e-06    -1.12348987385492e-05    3.45899588086046e-07    3.26472216243015e-06    0.000588121446045174    0.00180681928799769
295.999999999876    -8.15463586409452e-06    -6.67601826728393e-06    3.49374388749754e-07    3.23401850779942e-06    0.000591022749700617    0.00179832531500269
296.499999999875    -8.55859902421494e-06    5.33895235270616e-06    3.45952986907846e-07    3.23830256517522e-06    0.000588115411539766    0.00179952050856971
296.999999999875    -4.96618243078517e-06    9.30117227475592e-06    3.44168435531748e-07    3.21875203504616e-06    0.000586637684234325    0.00179406396854752
297.499999999874    -2.60181323600144e-07    1.05467249101649e-05    3.42582811782123e-07    3.23854037873042e-06    0.000585305684311883    0.00179956359857719
297.999999999874    4.65079208409716e-06    5.11669680942451e-06    3.46500710278968e-07    3.1871495524489e-06    0.000588624736493429    0.00178525162704383
298.499999999874    4.98446349819474e-06    -4.16931268556783e-06    3.39332143867768e-07    3.21499754946e-06    0.000582500900421109    0.00179303657695311
298.999999999873    2.7729124324133e-06    -4.37889724300426e-06    3.4202615828537e-07    3.18984641257848e-06    0.000584823451344089    0.00178600874517383
299.499999999873    7.93927291381928e-08    -5.67461423725816e-06    3.4449542789339e-07    3.16601352090781e-06    0.000586937323391676    0.00177932046570062
