#t    a    aDot    H
0    1    0.827097369034933    0.827097369034933
0.5    1.49564536420931    1.13658952321653    0.759932501657837
1    2.09600561237734    1.21335014740552    0.578886879042898
1.5    2.67015321570412    1.06577131470789    0.3991423819576
2    3.16147857636083    0.908112411282367    0.287242943245781
2.49999999999999    3.58692253771865    0.800589046119117    0.223196636587615
2.99999999999998    3.96929538329957    0.739850938372763    0.186393519989874
3.49999999999997    4.34548040255048    0.789861551459097    0.181766221059358
3.99999999999996    4.77758481338294    0.939652582140712    0.196679414148455
4.49999999999995    5.26730374644229    0.992972755779564    0.18851632705827
4.99999999999994    5.75177643385243    0.936781656252925    0.162868231584844
5.49999999999993    6.20286444326354    0.869513164949229    0.140179295050296
5.99999999999992    6.62345070107627    0.81527695992017    0.123089458458216
6.49999999999991    7.0231990846244    0.793529902058711    0.112986958293116
6.9999999999999    7.43148141965576    0.854309409142349    0.114958157182868
7.49999999999988    7.88191968785678    0.938421582073684    0.119060028424225
7.99999999999987    8.35466589133987    0.938857691189858    0.112375252751046
8.49999999999986    8.81368928074898    0.895575611320323    0.101611888369659
8.99999999999985    9.25065969050039    0.85331569620169    0.0922437669043182
9.49999999999984    9.66838792494764    0.820398535428365    0.084853704857194
9.99999999999983    10.0774758513283    0.826501864489102    0.0820147700359076
10.4999999999998    10.5054293026021    0.890321842905373    0.0847487348931896
10.9999999999998    10.962995105736    0.928405828869992    0.0846854185298537
11.4999999999998    11.4236721050176    0.908498741207121    0.0795277326638328
11.9999999999998    11.8695351460402    0.875112248466    0.0737275923360777
12.4999999999998    12.2993347923278    0.84484695368651    0.0686904591143839
12.9999999999998    12.7164192281046    0.828064632211901    0.0651177518889743
13.4999999999998    13.1351598743746    0.855969716948209    0.0651662960431963
13.9999999999997    13.5767118812881    0.906930381616684    0.066800443991645
14.4999999999997    14.0338698614603    0.913126483532525    0.0650659078747868
14.9999999999997    14.484826207499    0.889027672570454    0.061376481832429
15.4999999999997    14.9227373118167    0.862979137413618    0.057829814958296
15.9999999999997    15.3483851388763    0.840971275400757    0.0547921665889555
16.4999999999998    15.7672870803991    0.84102173692152    0.0533396603127132
16.9999999999999    16.1965164151013    0.880251991017206    0.0543482294869578
17.4999999999999    16.6455270282091    0.908719894242439    0.0545924375180452
18    17.0983203444993    0.89807292294625    0.0525240435815773
18.5000000000001    17.5418808721106    0.876034126658496    0.049939577918995
19.0000000000002    17.9745726375528    0.85509655890553    0.0475725668781158
19.5000000000002    18.3981198186049    0.841883604760567    0.0457592195866244
20.0000000000003    18.8215924945348    0.858486214288296    0.0456117735275362
20.5000000000004    19.2603210713604    0.894972631413993    0.0464671709312673
21.0000000000005    19.711140442063    0.902054729016647    0.0457637005665937
21.5000000000006    20.1584605762695    0.885729008557753    0.0439383258065068
22.0000000000006    20.5965827476643    0.866930978291888    0.0420910103832733
22.5000000000007    21.0257066291147    0.850375204036164    0.0404445481446333
23.0000000000008    21.4493142146148    0.848502062950119    0.0395584704695118
23.5000000000009    21.8795381603031    0.876151009751866    0.0400443100458811
24.000000000001    22.3245963671902    0.899150127459362    0.0402762098212363
24.500000000001    22.7734412949151    0.892659325024516    0.0391973840696545
25.0000000000011    23.2157357796688    0.876291297239148    0.0377455750511497
25.5000000000012    23.6498288374893    0.860289658201982    0.0363761473333906
26.0000000000013    24.0767593318512    0.849342751479201    0.0352764564272404
26.5000000000013    24.5029182574577    0.860297000214878    0.0351099812347061
27.0000000000014    24.9403000535883    0.888662592053112    0.0356315918470778
27.5000000000015    25.3876637463235    0.895868045719322    0.035287533924781
28.0000000000016    25.8329111115329    0.883761402596385    0.0342106779518874
28.5000000000017    26.2710964686847    0.869068543923253    0.0330807869005082
29.0000000000017    26.7021735707078    0.855773110063846    0.0320488183404899
29.5000000000018    27.1285534315928    0.853074623727024    0.0314456362694801
30.0000000000019    27.5594862034024    0.873964831222323    0.0317119421157578
30.500000000002    28.0022593617691    0.893460532830634    0.0319067301422991
31.000000000002    28.4487222977541    0.889337633770821    0.0312610747316772
31.5000000000021    28.8902180183137    0.876376887213785    0.0303347273689054
32.0000000000022    29.3251361058186    0.86342794331938    0.0294432714720823
32.5000000000021    29.7541525196424    0.854028679803026    0.0287028400233961
33.000000000002    30.1820512354913    0.861613251920889    0.0285472065897136
33.5000000000019    30.6186542275802    0.884744880065891    0.0288956161655513
34.0000000000018    31.0638301246423    0.891899078771328    0.0287118193472158
34.5000000000017    31.5077343283225    0.882456327304308    0.0280076097541251
35.0000000000016    31.9459388913705    0.870405692239498    0.0272462078888725
35.5000000000015    32.3782680552063    0.859281617208362    0.0265388382029345
36.0000000000014    32.806482649452    0.856177237658647    0.0260978065465652
36.5000000000013    33.2379407374105    0.87261944442028    0.0262537156352203
37.0000000000012    33.6792179653106    0.889665554086697    0.0264158614075614
37.5000000000011    34.1240794206694    0.887085164363632    0.0259958709340687
38.000000000001    34.565024907144    0.876404508166891    0.0253552401747511
38.5000000000009    35.0004861937783    0.865530253099476    0.024729092284819
39.0000000000008    35.4309202291457    0.857257664913119    0.0241951848658995
39.5000000000007    35.8600452724663    0.862613842925253    0.0240550126574318
40.0000000000006    36.2961449844026    0.882062207828337    0.0243018151984841
40.5000000000005    36.7398022435658    0.889122186188358    0.0242005163853071
41.0000000000004    37.1827619544787    0.881526781103244    0.0237079424649105
41.5000000000003    37.6209698997627    0.871320481431266    0.0231605002144499
42.0000000000002    38.0541706238771    0.861749013452113    0.0226453237404525
42.5000000000001    38.4836943051658    0.858435223538417    0.0223064661290376
43    38.9155595832891    0.871715836121757    0.0224001876230526
43.4999999999999    39.3557765806956    0.886936584407518    0.0225363761426212
43.9999999999998    39.7994812077879    0.885451502039179    0.0222478151766942
44.4999999999997    40.2400238694655    0.876409523375539    0.0217795478009288
44.9999999999996    40.6758697645141    0.867037387972259    0.0213157676281251
45.4999999999995    41.1073318410184    0.85962616692213    0.0209117480610688
45.9999999999994    41.5373738144362    0.863407148182714    0.0207862719496879
46.4999999999993    41.9731245364788    0.880100788833086    0.0209681980684614
46.9999999999992    42.415659264385    0.887058902308901    0.0209134767133924
47.4999999999991    42.8579157273545    0.880829949180502    0.0205523281809597
47.999999999999    43.2961207793541    0.871985531777328    0.020140038324014
48.4999999999989    43.7299635073208    0.863581506334295    0.0197480500112863
48.9999999999988    44.16047183316    0.860163377771598    0.0194781292423987
49.4999999999987    44.5926652982613    0.871073470368305    0.0195340077688128
49.9999999999986    45.0320883290285    0.884866583439501    0.019649690171466
50.4999999999985    45.4749131447254    0.884207375504261    0.0194438496823566
50.9999999999984    45.9151473417892    0.876405049372922    0.0190874929105426
51.4999999999983    46.351279831238    0.868171090398505    0.0187302506761294
51.9999999999982    46.7835228968614    0.861443803205506    0.0184134017676402
52.4999999999981    47.2142810935257    0.864059093879021    0.0183007995434141
52.999999999998    47.649778228732    0.878597865968225    0.0184386559314235
53.4999999999979    48.0914441555868    0.885455783087906    0.0184119191809515
53.9999999999978    48.5331540953578    0.880286882437352    0.0181378461558004
54.4999999999977    48.9713536708448    0.872490750189991    0.0178163494530769
54.9999999999976    49.4056893076246    0.864998549691113    0.0175080757259594
55.4999999999975    49.8369681419379    0.86153817025276    0.0172871304650608
55.9999999999974    50.2694352464358    0.870599584463818    0.0173186665057182
56.4999999999973    50.7082390370907    0.883231511041191    0.0174179093538458
56.9999999999972    51.1503676224102    0.883223074015551    0.0172671891732131
57.4999999999971    51.590357110648    0.876396428731723    0.0169876015173161
57.999999999997    52.0267113980118    0.86905534218336    0.0167040221999612
58.4999999999969    52.45956959738    0.862889274513854    0.0164486533369681
58.9999999999968    52.8909079668674    0.864614498439793    0.0163471290563099
59.4999999999967    53.3262153745906    0.877403975869412    0.0164535204627983
59.9999999999966    53.7671832478818    0.884163028688182    0.0164442876728718
60.4999999999965    54.2084529423143    0.879849881749722    0.0162308613139359
60.9999999999964    54.6466458602291    0.87288738392409    0.0159733021154984
61.4999999999963    55.0813728852878    0.866134696072876    0.0157246388516256
61.9999999999962    55.5132777102015    0.862677952566911    0.0155400291272727
62.4999999999961    55.9459841366245    0.87024667373822    0.0155551231633178
62.999999999996    56.3842872493416    0.881888276973313    0.0156406743792547
63.4999999999959    56.8258419569784    0.88241118380784    0.015528343327951
63.9999999999958    57.2656299762978    0.876385022500903    0.0153038571803652
64.4999999999961    57.702160863771    0.869767068956066    0.0150733881701501
64.9999999999963    58.1355257147181    0.864095198639625    0.0148634623668822
65.4999999999966    58.5673658993886    0.865142721045504    0.0147717539923464
65.9999999999969    59.0025347983228    0.876415264395354    0.0148538578451085
66.4999999999971    59.4429073056967    0.883048122693386    0.0148553992851013
66.9999999999974    59.8837987854359    0.87948060049423    0.0146864530696427
67.4999999999976    60.3219828104822    0.873205022930833    0.0144757347528552
67.9999999999979    60.7570361397222    0.867130476360069    0.0142720996851449
68.4999999999981    61.1895101038022    0.863794105176445    0.0141167024169846
68.9999999999984    61.6224861234447    0.870041803597136    0.0141189013675013
69.4999999999986    62.0603502002956    0.880628523364604    0.0141898735750352
69.9999999999989    62.5013583082992    0.881624695942836    0.0141056885771036
70.4999999999992    62.9409532858561    0.876366409052758    0.013923627833735
70.9999999999994    63.3776269539008    0.870365676204517    0.013733011443259
71.4999999999997    63.8114852750168    0.865333472175001    0.0135607793557157
71.9999999999999    64.2439182653891    0.865978357249667    0.0134795383069934
72.5000000000002    64.6790557312597    0.875434083011886    0.0135350473675636
73.0000000000004    65.1187719742226    0.881678625925154    0.0135395462659242
73.5000000000007    65.5592033246304    0.879001951574638    0.0134077582856227
74.000000000001    65.9973624393256    0.873477506187012    0.0132350365818034
74.5000000000012    66.4327028231683    0.868073152889592    0.0130669552193329
75.0000000000015    66.8657656841622    0.865082165812677    0.0129375945517301
75.5000000000017    67.2991190299995    0.869971859074582    0.0129269427536901
76.000000000002    67.7365763231328    0.879202512659746    0.0129797306032352
76.5000000000022    68.1769621933031    0.880782357558197    0.0129190613547858
77.0000000000025    68.6163215964849    0.876345653905645    0.0127716792960603
77.5000000000027    69.0531352275049    0.87090792481053    0.0126121416781614
78.000000000003    69.4873573410105    0.866252331460209    0.0124663300578414
78.5000000000033    69.9201555973597    0.866312009613076    0.0123900183317926
79.0000000000035    70.3551896675893    0.874673467547745    0.0124322522855863
79.5000000000038    70.7944572588613    0.880885223685658    0.0124428558081134
80.000000000004    71.2346202762196    0.878755234523077    0.0123360696121579
80.5000000000043    71.6727911011994    0.873774194865067    0.0121911562454897
81.0000000000045    72.1083965146135    0.868773948672407    0.0120481662422814
81.5000000000048    72.5418319532951    0.865701216377991    0.0119338207082413
82.000000000005    72.9752986624035    0.869676385105898    0.0119174076851562
82.5000000000053    73.4124036154596    0.878348335026357    0.0119645767168614
83.0000000000056    73.8524417694084    0.880329628661067    0.0119201154026802
83.5000000000058    74.2917252362702    0.876423475042778    0.0117970537399083
84.0000000000061    74.7286946486424    0.871460472029063    0.0116616578962937
84.5000000000063    75.1633120064821    0.867198158606935    0.0115375192425282
85.0000000000066    75.5965275731935    0.866790107513432    0.0114660042642064
85.5000000000068    76.0314695831571    0.873819857774649    0.0114928708147478
86.0000000000071    76.4702035255897    0.879911758681421    0.0115065962703626
86.5000000000073    76.9100540437861    0.878503478062552    0.0114224790111629
87.0000000000076    77.3482584791679    0.87412136140959    0.0113011123792143
87.5000000000079    77.7841561110527    0.869588239623902    0.0111795034246099
88.0000000000081    78.2180657625346    0.86661637485696    0.011079491245513
88.5000000000084    78.6517819861604    0.869512509867717    0.0110552169055841
89.0000000000086    79.0884740873447    0.877166165445352    0.0110909481510114
89.5000000000089    79.5279918971034    0.87964242334899    0.0110607900736021
90.0000000000091    79.9671429602864    0.876510744099564    0.0109608860796097
90.5000000000094    80.4043032859614    0.872093634693981    0.0108463552204705
91.0000000000096    80.8393299107166    0.8681843908561    0.0107396287403046
91.5000000000099    81.2729681051515    0.867285630170871    0.0106712680783206
92.0000000000102    81.7077924899055    0.872928158479083    0.0106835361949955
92.5000000000104    82.1459445639077    0.87886507626274    0.0106988248893894
93.0000000000107    82.5854786081891    0.878320630286263    0.0106352913985434
93.5000000000109    83.0237484411733    0.874559445673914    0.0105338467859421
94.0000000000112    83.4599811925951    0.870456448992037    0.0104296267091571
94.5000000000114    83.8943797411677    0.867507455061687    0.0103404716470654
95.0000000000117    84.3283271056515    0.869335029266499    0.0103089324679398
95.500000000012    84.7645611608016    0.875850350522585    0.0103327421097723
96.0000000000122    85.2035241011877    0.878905723441344    0.0103153682046949
96.5000000000125    85.6425593915173    0.87666854251584    0.0102363655260246
97.0000000000127    86.0799491150531    0.872808823722091    0.010139513704353
97.500000000013    86.5154335784067    0.869300567110944    0.0100479247592641
98.0000000000132    86.949565630026    0.868006879021782    0.00998287769159408
98.5000000000135    87.3843280215292    0.87197522238423    0.00997862250733792
99.0000000000137    87.8218186362308    0.877497626873297    0.00999179521102842
99.500000000014    88.2609273682771    0.878021488768843    0.00994802020496811
100.000000000014    88.6992514189695    0.875021190822363    0.00986503467418473
100.500000000015    89.1358429734528    0.871387492867644    0.00977594942504967
101.000000000015    89.5707997379204    0.868627747218275    0.00969766653596747
101.500000000015    90.005108759728    0.86938974305348    0.00965933773130977
102.000000000015    90.4409596067327    0.874386027819339    0.00966803129490731
102.500000000016    90.8792316316143    0.877882859824788    0.00965988426688455
103.000000000016    91.3180210965068    0.876690844835207    0.00960041440132285
103.500000000016    91.7556049613764    0.873515766408457    0.00952002623464969
104.000000000016    92.1915508767742    0.870434767169314    0.0094415893744185
104.500000000017    92.6262509351319    0.868915780283219    0.00938088038229831
105.000000000017    93.0611394813947    0.871347677123744    0.00936317438169719
105.500000000017    93.4980073200631    0.875987814426132    0.00936905330428534
106.000000000017    93.9365341804329    0.877357142348986    0.0093398926200935
106.500000000018    94.3747901556544    0.875331111564518    0.00927505226894614
107.000000000018    94.8116972763678    0.872273305543725    0.00920006002003239
107.500000000018    95.2471912194814    0.869875561001683    0.00913282113482169
108.000000000018    95.6819649748203    0.869858135287587    0.009091139960561
108.500000000019    96.1176309518799    0.873258562270865    0.0090853109218646
109.000000000019    96.5552111681137    0.87659894880383    0.00907873265667216
109.500000000019    96.9936072168129    0.876415689976978    0.00903580880354205
110.000000000019    97.4312760534209    0.874070358556704    0.00897114760231055
110.50000000002    97.8676179614139    0.871392418213256    0.00890378693549912
111.00000000002    98.3028479362912    0.869814322155162    0.00884831254043502
111.50000000002    98.7379731321036    0.871168146551266    0.00882303048074231
112.00000000002    99.1744126559567    0.874673066022927    0.00881954369679235
112.500000000021    99.6123504419326    0.876520035843442    0.00879931084804987
113.000000000021    100.050417638194    0.8753899226818    0.00874948794164374
113.500000000021    100.487534336036    0.872985950484278    0.00868750493533822
114.000000000021    100.923456188097    0.870865910430532    0.00862897430709715
114.500000000022    101.358648817623    0.870418389961529    0.00858750979926431
115.000000000022    101.794303358659    0.87258182673775    0.00857201039692093
115.500000000022    102.231371400809    0.875489828383411    0.00856380792301963
116.000000000022    102.669361518535    0.875987150391571    0.00853211841814591
116.500000000023    103.107004765159    0.874368453142019    0.00848020418334833
117.000000000023    103.543624301717    0.872132100821816    0.00842284695656876
117.500000000023    103.97927104245    0.870648278742594    0.00837328700243675
118.000000000023    104.414663910786    0.871314196845692    0.00834474933128319
118.500000000024    104.850907747761    0.873829504022937    0.0083340194452594
119.000000000024    105.288385325906    0.875717505710117    0.00831732296966521
119.500000000024    105.726205015229    0.875221059096233    0.00827818476006178
120.000000000024    106.163388344131    0.873390920933376    0.00822685611825294
120.500000000025    106.599596580735    0.871564759519066    0.00817606058066992
121.000000000025    107.035143238031    0.870973435485351    0.00813726603372159
121.500000000025    107.470929699548    0.87244139536677    0.00811792917215677
122.000000000026    107.90773648684    0.874715072964509    0.00810613864624233
122.500000000026    108.34537229413    0.875452995437788    0.00808020662904882
123.000000000026    108.782869306335    0.874323581755132    0.00803732781944757
123.500000000026    109.219583859702    0.872529897304524    0.00798876782414163
124.000000000027    109.655498642845    0.871292808597352    0.00794572838919102
124.500000000027    110.091172258788    0.871737759529021    0.00791832570807631
125.000000000027    110.527468075082    0.873582669995322    0.00790376080452591
125.500000000027    110.96469871388    0.875095642259281    0.00788625258665099
126.000000000028    111.402247932499    0.87481153200035    0.00785272782404188
126.500000000028    111.839316632292    0.873368088909146    0.00780913291683124
127.000000000028    112.275613841867    0.871920170899373    0.0077658909273693
127.500000000028    112.711407881418    0.871546655035792    0.00773255051478669
128.000000000029    113.147440084797    0.872761885417824    0.00771349210166615
128.500000000028    113.584255496429    0.874441001189334    0.00769861102110957
129.000000000028    114.021665965903    0.874908509871268    0.00767317774617416
129.500000000027    114.458916066306    0.873927112434326    0.00763529083158592
130.000000000027    114.89552066666    0.872514935462866    0.00759398565235845
130.500000000026    115.331534130342    0.871700389650984    0.00755821377235674
131.000000000026    115.767482398409    0.87233490607004    0.00753523258861186
131.500000000025    116.204011195338    0.873817408759773    0.00751968369913575
132.000000000025    116.641202518096    0.874730629924127    0.00749932794793007
132.500000000024    117.07849534617    0.874222291651552    0.00746697580171925
133.000000000024    117.515299342815    0.872966824766646    0.00742853764274586
133.500000000024    117.951514266779    0.87201291900198    0.00739297773684944
134.000000000023    118.387501375541    0.872186934542236    0.00736722140773577
134.500000000023    118.823875606325    0.873393668874797    0.0073503213425594
135.000000000022    119.260872074005    0.874447748971465    0.00733222668729808
135.500000000022    119.698117078399    0.874312464842892    0.00730431260059206
136.000000000021    120.135027081575    0.873257131807569    0.00726896354062169
136.500000000021    120.571388059833    0.872280824894757    0.00723455903536494
137.00000000002    121.007457782288    0.872205325230265    0.00720786421940622
137.50000000002    121.443776198464    0.873167869626441    0.0071898939324771
138.000000000019    121.880644643983    0.87420864468196    0.00717266180561773
138.500000000019    122.31780963611    0.874257750585326    0.00714742810704513
139.000000000019    122.754743764554    0.873385344017604    0.00711488059225456
139.500000000018    123.191191633634    0.872479932868385    0.00708232399815654
140.000000000018    123.62734447585    0.872308782541424    0.0070559534077174
140.500000000017    124.063672932093    0.873111929740158    0.00703761148695044
141.000000000017    124.500479579362    0.874039930328404    0.0070203740040315
141.500000000016    124.937571873348    0.874144728811133    0.00699665213357332
142.000000000016    125.37447583887    0.873388311822927    0.00696623699504352
142.500000000015    125.810953419323    0.872583715468675    0.00693567365760586
143.000000000015    126.247173063488    0.872452880977452    0.00691067260998161
143.500000000014    126.683556668477    0.873172989493453    0.00689255190220534
144.000000000014    127.120363459631    0.87397147947684    0.00687514931275653
144.500000000014    127.557391216291    0.873986783570986    0.00685171415969948
145.000000000013    127.994228596899    0.873289739569041    0.00682288372797929
145.500000000013    128.430686676698    0.872620203325396    0.00679448366979509
146.000000000012    128.866964216892    0.872634000615865    0.00677158809411512
146.500000000012    129.303439740104    0.873327510879736    0.00675409341495556
147.000000000011    129.740277151399    0.873936220637957    0.00673604403987919
147.500000000011    130.177245223668    0.87379626663997    0.00671235794810859
148.00000000001    130.613980365895    0.873121984422074    0.00668475137176095
148.50000000001    131.050402390669    0.872646290314398    0.00665886005991029
149.000000000009    131.486743381709    0.872845587414803    0.006638278239814
149.500000000009    131.923328858412    0.873509124909057    0.00662133932237686
150.000000000009    132.360204187984    0.873885614981701    0.00660232900321435
150.500000000008    132.79709220356    0.873561947944601    0.00657817075245555
151.000000000008    133.233718351974    0.872954748429991    0.00655205573504926
151.500000000007    133.670111853173    0.872718302706548    0.00652889632998262
152.000000000007    134.106542999052    0.873101142204818    0.00651050368370909
152.500000000006    134.543242577468    0.873668521413058    0.00649358901031404
153.000000000006    134.980126558649    0.873761737217479    0.00647326209786761
153.500000000005    135.416907536688    0.873304463647701    0.00644900610664959
154.000000000005    135.85343649745    0.872863362291629    0.00642503704577259
154.500000000004    136.289843551221    0.872872104642532    0.00640452789363197
155.000000000004    136.726393287898    0.873354831743757    0.00638760966878412
155.500000000004    137.163181612067    0.873723550533848    0.00636995686644952
156.000000000003    137.600021337427    0.873545622397458    0.00634844103879407
156.500000000003    138.03667820966    0.8730833439042    0.00632500981063961
157.000000000002    138.473145023855    0.872856995357892    0.00630343880185231
157.500000000002    138.909622826026    0.873124705048156    0.00628555954069271
158.000000000001    139.346297701193    0.873560162241391    0.00626898724008162
158.500000000001    139.783117182807    0.873638334687822    0.00624995601969074
159    140.219862988859    0.873292828209898    0.00622802511423992
159.5    140.656411542066    0.872949251601184    0.0062062528258096
159.999999999999    141.09288282312    0.873007984681789    0.00618747003543921
160.499999999999    141.529474508113    0.873388270176751    0.0061710698298868
160.999999999999    141.966241686547    0.873615505466572    0.00615368481329147
161.499999999998    142.403017859963    0.873428506345594    0.00613349716509879
161.999999999998    142.839640370877    0.873073544038263    0.00611226366694401
162.499999999997    143.276138842985    0.872987585281532    0.00609304237489419
162.999999999997    143.712686384778    0.873248532667785    0.00607634965732768
163.499999999996    144.149395733816    0.873547568590747    0.00606001547314028
163.999999999996    144.586172853706    0.87349177129514    0.00604132299828524
164.499999999995    145.022844801905    0.873187652656535    0.00602103519517404
164.999999999995    145.459378050625    0.872999314933581    0.00600167089006628
165.499999999994    145.895910735458    0.873184716539372    0.0059849841721928
165.999999999994    146.33258110189    0.873475854731376    0.00596911397416809
166.499999999994    146.769339715191    0.873500958818974    0.00595152203119548
166.999999999993    147.206036605896    0.873254675024404    0.00593219337439472
167.499999999993    147.642601961377    0.873054896599323    0.00591329931199475
167.999999999992    148.079139380411    0.873142534853208    0.00589645873488046
168.499999999992    148.51577893601    0.873413900845437    0.00588095020679086
168.999999999991    148.952518220331    0.873487811172706    0.00586420304677657
169.499999999991    149.389225556463    0.873311665794264    0.00584588120422506
169.99999999999    149.825821305568    0.873097252672587    0.00582741509483814
170.49999999999    150.262368681257    0.873142845326354    0.00581078850938723
170.999999999989    150.6989928988    0.873354452986718    0.00579535693097304
171.499999999989    151.135708163526    0.873465690041638    0.00577934692373669
171.999999999989    151.5724172285    0.873339741236552    0.00576186457407989
172.499999999988    152.009035495893    0.873146635385164    0.00574404430984468
172.999999999988    152.445597382545    0.873142165080385    0.00572756563700118
173.499999999987    152.882211243166    0.873330382285167    0.00571243949955759
173.999999999987    153.318915422592    0.873447254611724    0.00569693082033777
174.499999999986    153.755619925845    0.873343868334293    0.0056800777022362
174.999999999986    154.192245410998    0.87316889549045    0.00566285868114202
175.499999999985    154.628820363097    0.873161956578741    0.00564682543996905
175.999999999985    155.065435851435    0.873311828485568    0.00563189226335563
176.499999999984    155.502127111475    0.873428605501843    0.00561682738188981
176.999999999984    155.938826976024    0.873340575751546    0.00560053318783668
177.499999999984    156.375457973203    0.873192357954093    0.00558394756614382
177.999999999983    156.812043306334    0.873182949768575    0.00556834112583306
178.499999999983    157.248666750399    0.873312711944994    0.00555370503287768
178.999999999982    157.685349185379    0.873400944434326    0.00553888455044442
179.499999999982    158.122037949322    0.873329079061637    0.00552313321019514
179.999999999981    158.558671781295    0.873211514486366    0.00550718232359322
180.499999999981    158.995269782261    0.873205828834786    0.00549202394530741
180.99999999998    159.431896652688    0.873309349346275    0.00547763256714385
181.49999999998    159.868573483741    0.873382033504872    0.00546312520636645
181.999999999979    160.305256555403    0.873323938182636    0.00544788085524074
182.499999999979    160.741892106605    0.873225577512571    0.00543247044108106
182.999999999979    161.178497544065    0.873217731022639    0.00541770611048106
183.499999999978    161.615126565795    0.873308971547227    0.0054036338683415
183.999999999978    162.051799897394    0.873370297111213    0.00538945138322564
184.499999999977    162.48847941983    0.873325620687597    0.00537469255547119
184.999999999977    162.925117397971    0.873235883396737    0.00535973763495113
185.499999999976    163.361729358392    0.873230751478571    0.00534538141159627
185.999999999976    163.798362272092    0.873308210687737    0.00533160526499679
186.499999999975    164.235032723535    0.873362552407054    0.00531776039450261
186.999999999975    164.671707155009    0.873319226038629    0.00530339571458109
187.499999999974    165.108345466996    0.87324072179737    0.00528889511506808
187.999999999974    165.544964344607    0.873243051621481    0.00527495991846477
188.499999999974    165.981600371889    0.873312299850269    0.00526150065967296
188.999999999973    166.418270324637    0.873354553536837    0.00524794874885526
189.499999999973    166.854940651886    0.873310826675534    0.00523395245752743
189.999999999972    167.291579370994    0.873252016205434    0.00521994005609132
190.499999999972    167.728201329616    0.873250121243962    0.00520634046225697
190.999999999971    168.164842812843    0.873319459879603    0.00519323447916846
191.499999999971    168.601512889332    0.873347574350662    0.00517995099441318
191.99999999997    169.038178781477    0.873303427279308    0.00516630878050493
192.49999999997    169.474817100933    0.873255652539186    0.00515271630013978
192.999999999969    169.911444855541    0.873262860436888    0.00513951759505865
193.499999999969    170.348089078771    0.873315791433998    0.00512665446473054
193.999999999969    170.784758181117    0.873348288811081    0.00511373671814961
194.499999999968    171.221421697267    0.87329733666762    0.00510039764890915
194.999999999968    171.658060488812    0.873261151366566    0.00508721320094072
195.499999999967    172.094689211904    0.873270672815758    0.00507436154372247
195.999999999967    172.531340147379    0.873328732882054    0.00506185561496273
196.499999999966    172.968007001899    0.873333416826955    0.00504910377337798
196.999999999966    173.404668165799    0.873303448846669    0.00503621648761884
197.499999999965    173.841306611929    0.873256467761564    0.00502329673413557
197.999999999965    174.277939236251    0.873284590735492    0.00501087283085019
198.499999999964    174.714593186796    0.873325475030717    0.00499858345603107
198.999999999964    175.151260990931    0.873336716474241    0.004986185720464
199.499999999964    175.58791893097    0.873291190327414    0.00497352662782418
199.999999999963    176.02455724781    0.873269370501502    0.00496106557036868
200.499999999963    176.461194822721    0.873290005024159    0.00494890678883535
200.999999999962    176.89784962329    0.873327428294444    0.00493690245615888
201.499999999962    177.334517008462    0.873331421189752    0.00492476837517244
201.999999999961    177.771173915713    0.873295349067889    0.00491246882063087
202.499999999961    178.20781243789    0.873266109752668    0.00490026838782405
202.99999999996    178.644452917917    0.873300097170318    0.00488848146643309
203.49999999996    179.081112563761    0.873331712474808    0.00487673825548668
203.999999999959    179.517777997234    0.873325606052802    0.00486484188806223
204.499999999959    179.954431831937    0.873288943161028    0.00485283376614258
204.999999999959    180.391071446852    0.873279291569539    0.00484103389688458
205.499999999958    180.827716952848    0.873307503493664    0.00482950024592405
205.999999999958    181.264379321484    0.87333129056349    0.00481799730224205
206.499999999957    181.701040877885    0.873316711123554    0.0048063385157517
206.999999999957    182.137693522009    0.873286608715158    0.00479465063946048
207.499999999956    182.57433512811    0.873295585578234    0.00478323300460304
207.999999999956    183.010987129801    0.873310949521167    0.00477190448080457
208.499999999955    183.447649267304    0.873326930182656    0.00476063298532715
208.999999999955    183.884307599295    0.873309713056245    0.00474923458373234
209.499999999954    184.320957746511    0.873293251908473    0.0047378944998185
209.999999999954    184.757605333176    0.873302385643625    0.00472674661521396
210.499999999954    185.194260385784    0.873312826510478    0.00471565816721993
210.999999999953    185.630920150973    0.873324507510464    0.00470462844659818
211.499999999953    186.06757815122    0.873306876495182    0.00469349300492013
211.999999999952    186.504228566356    0.873295118398974    0.00468244138544165
212.499999999952    186.940879701162    0.873311350759572    0.00467159110492912
212.999999999951    187.377536617887    0.87331672162542    0.00466073328419483
213.499999999951    187.814194988222    0.873316999399063    0.00464989879733973
213.99999999995    188.250851848485    0.873309313366761    0.00463907230587009
214.49999999995    188.687505358666    0.873304970207093    0.00462831372192385
214.999999999949    189.124156222996    0.873305280871344    0.00461762948907295
215.499999999949    189.560815926549    0.873325113279754    0.00460709724745091
215.999999999949    189.997473721311    0.873313421486105    0.00459644754417674
216.499999999948    190.434131758831    0.873308971953679    0.00458588470400702
216.999999999948    190.87078334648    0.873302288532446    0.00457535864431999
217.499999999947    191.307437159669    0.873316297776623    0.00456498874660966
217.999999999947    191.744098064667    0.873324100790351    0.00455463354337934
218.499999999946    192.180758371906    0.87331534388149    0.00454423924267933
218.999999999946    192.617412297851    0.873304605399216    0.0045338819319657
219.499999999945    193.054066269027    0.873310482306506    0.00452365753896901
219.999999999945    193.490723902184    0.873321302695483    0.00451350475662582
220.499999999944    193.92738487325    0.87331908135462    0.00450333036731979
220.999999999944    194.364042467137    0.873312296679171    0.00449317829364878
221.499999999944    194.800698366561    0.873313696399789    0.0044831137861552
221.999999999943    195.237355287117    0.873312248621088    0.0044730796897796
222.499999999943    195.674013261305    0.873319272278231    0.0044631336462241
222.999999999942    196.110673520429    0.873321759455272    0.00445320871005165
223.499999999942    196.547332579796    0.873314298493359    0.00444327728608987
223.999999999941    196.983989081728    0.873310451225943    0.00443340829524783
224.499999999941    197.420646302972    0.873319797571888    0.00442364977486523
224.99999999994    197.857305789821    0.87331872360548    0.00441388161088773
225.49999999994    198.293966838044    0.873321242852049    0.00440417455345644
225.999999999939    198.730625779356    0.8733157202936    0.0043944697344395
226.499999999939    199.167283808484    0.873314566508626    0.00438482942483863
226.999999999939    199.603940871395    0.873317890668365    0.00437525374927866
227.499999999938    200.040602786133    0.873321431021833    0.00436572085295862
227.999999999938    200.477263002518    0.873323151340838    0.00435622044246418
228.499999999937    200.913923317591    0.873312815665382    0.00434670131987273
228.999999999937    201.350580821072    0.873319651272453    0.00433730882578639
229.499999999936    201.787240549732    0.873318525570808    0.0043279174797753
229.999999999936    202.223901511517    0.873328003669864    0.00431861910062163
230.499999999935    202.660565120694    0.873320977999426    0.0043092792990058
230.999999999935    203.097223628592    0.873314679548355    0.00429998334760796
231.499999999934    203.533881650802    0.87332123737081    0.00429079045851022
231.999999999934    203.970543525049    0.873324913714135    0.00428162272169895
232.499999999934    204.407206280532    0.873326530201585    0.00427248405813549
232.999999999933    204.84386795097    0.873319479014452    0.0042633420651063
233.499999999933    205.280526976727    0.873319145520393    0.00425427174404811
233.999999999932    205.717187589213    0.873322249772642    0.00424525660693232
234.499999999932    206.153849422645    0.873325676875077    0.00423628120125293
234.999999999931    206.590515023915    0.873328651275043    0.00422734146905992
235.499999999931    207.027174504649    0.873317224535094    0.0042183700116889
235.99999999993    207.463835323911    0.873322110392914    0.0042095149211399
236.49999999993    207.90049694997    0.873327732713909    0.00420070055399661
236.999999999929    208.33716138823    0.873326742373437    0.00419189133879969
237.499999999929    208.773823789052    0.873325686443203    0.00418311870038661
237.999999999929    209.210485733267    0.873319328508154    0.00417435734852025
238.499999999928    209.647146713484    0.87332849683272    0.00416570657184408
238.999999999928    210.083810843062    0.873325775862068    0.00415703510116953
239.499999999927    210.520474488233    0.873326787509032    0.00414841734340594
239.999999999927    210.957137969887    0.873325173928569    0.00413982282056381
240.499999999926    211.393800097854    0.873326990572337    0.00413128005725842
240.999999999926    211.830462367204    0.873323230524785    0.00412274618468658
241.499999999925    212.267128261173    0.873333780226931    0.00411431476640314
241.999999999925    212.703792407341    0.873327952989285    0.00410584100596009
242.499999999924    213.140454149497    0.873321110789026    0.00409739725043692
242.999999999924    213.577118126938    0.873332630668649    0.00408907395290159
243.499999999924    214.013782506117    0.873328367946541    0.00408071086693484
243.999999999923    214.450447492771    0.873330284232004    0.00407241064051146
244.499999999923    214.887112339111    0.873326515613147    0.00406411769466641
244.999999999922    215.323775734652    0.873328954245771    0.00405588723895494
245.499999999922    215.760438775658    0.873324497229402    0.00404765814430634
245.999999999921    216.197105041172    0.873337068752532    0.00403954099471506
246.499999999921    216.633771784958    0.873332731656394    0.00403137850788708
246.99999999992    217.07043579988    0.873321996778575    0.00402321943824586
247.49999999992    217.507098862471    0.873333365632999    0.00401519476927603
247.999999999919    217.943765470502    0.873330859003645    0.00400713852547365
248.499999999919    218.380431386414    0.873333320581154    0.00399913726260496
248.999999999919    218.817097232685    0.873330418887132    0.00399114342495117
249.499999999918    219.25376236696    0.873331231047388    0.00398319837990152
249.999999999918    219.690427502407    0.873328096891183    0.00397526695550545
250.499999999917    220.127093313226    0.873335965069694    0.0039674169677378
250.999999999917    220.563760942257    0.873332179940844    0.00395954519550236
251.499999999916    221.000427377542    0.87333426111041    0.00395173109606012
251.999999999916    221.437093156613    0.873327641265618    0.00394390853319209
252.499999999915    221.873758459768    0.873333567542304    0.00393617331587532
252.999999999915    222.310426845175    0.873341400607461    0.00392847700848367
253.499999999914    222.747094097566    0.873324842901231    0.00392070139652957
253.999999999914    223.183759586657    0.873338806476087    0.00391309299607435
254.499999999914    223.620427151269    0.873332544718411    0.00390542382842173
254.999999999913    224.057095367244    0.873338748754128    0.0038978401791859
255.499999999913    224.49376102963    0.87332786337457    0.00389020995224586
255.999999999912    224.930429475707    0.873337846755013    0.00388270208166447
256.499999999912    225.367096620726    0.873337239281743    0.003875176333977
256.999999999911    225.803765265839    0.873334104133532    0.0038676684735764
257.499999999911    226.240431774518    0.873332799404258    0.00386019772219434
257.99999999991    226.677100735916    0.873339205836609    0.00385278973041952
258.49999999991    227.113768495796    0.873336948991313    0.00384537210040386
258.999999999909    227.550437714331    0.873336116611414    0.00383798917454867
259.499999999909    227.987105208334    0.873336067338921    0.00383063799393773
259.999999999909    228.423773372641    0.87333850372532    0.0038233257897399
260.499999999908    228.860442778383    0.873336335053962    0.00381602134668443
260.999999999908    229.29711235646    0.87334011832901    0.00380877067902772
261.499999999907    229.733779924113    0.873335161410398    0.00380150956336888
261.999999999907    230.170449096279    0.873339046091607    0.00379431438536358
262.499999999906    230.607118590468    0.873339295155799    0.00378713068570424
262.999999999906    231.04378831723    0.873336872607583    0.00377996257319183
263.499999999905    231.480457717572    0.873342432370441    0.00377285599389993
263.999999999905    231.917127005549    0.873334296425503    0.0037657171236198
264.499999999904    232.353795944481    0.873340620113627    0.00375866732266472
264.999999999904    232.790466669263    0.873343056289301    0.00375162724137712
265.499999999904    233.227138444604    0.87333879732803    0.00374458479897468
265.999999999903    233.663805763469    0.873337229518201    0.00373758026693382
266.499999999903    234.100476721478    0.873344154676139    0.00373063808714582
266.999999999902    234.537147426537    0.873338381971485    0.00372366762175718
267.499999999902    234.973818012632    0.87334316741758    0.003716767999108
267.999999999901    235.410489484954    0.873341478359649    0.00370986645612266
268.499999999901    235.847158551392    0.873339522515782    0.00370298937617041
268.9999999999    236.283829700644    0.873342523880523    0.00369615866217757
269.4999999999    236.720501834249    0.873345104783187    0.00368935135747008
269.999999999899    237.157172909176    0.873340938040021    0.00368254068526312
270.499999999899    237.593843278233    0.873339980004674    0.0036757685635059
270.999999999899    238.030514540501    0.873345803181914    0.00366904976392559
271.499999999898    238.467186708038    0.873343516307738    0.00366232154773142
271.999999999898    238.903858576481    0.873341978574178    0.00365562106773002
272.499999999897    239.340529632851    0.87334399465353    0.00364895989823889
272.999999999897    239.777201708585    0.873343084954956    0.0036423107732168
273.499999999896    240.213873618648    0.873347295763195    0.00363570714133555
273.999999999896    240.650546049681    0.873343108358099    0.00362909256884794
274.499999999895    241.087218569674    0.873345590775202    0.00362252962208697
274.999999999895    241.523890329577    0.873342883090605    0.0036159689291973
275.499999999894    241.960562885467    0.873348353894018    0.00360946570581182
275.999999999894    242.39723607129    0.87334396830164    0.00360294524168908
276.499999999894    242.833908761962    0.873346162377305    0.0035964753309366
276.999999999893    243.270580972349    0.873344915665341    0.00359001451048703
277.499999999893    243.707254978333    0.873348193269873    0.0035835953810547
277.999999999892    244.143927758464    0.873344463691383    0.00357717053096401
278.499999999892    244.580600320535    0.873348344213758    0.00357079974073656
278.999999999891    245.017274066845    0.873346081010938    0.0035644265668088
279.499999999891    245.453948249482    0.873350180361785    0.00355810198446718
279.99999999989    245.890621140066    0.873343347048039    0.00355175542279248
280.49999999989    246.327294797119    0.873351752584037    0.00354549321585881
280.999999999889    246.763969361387    0.873346253899473    0.00353919681288824
281.499999999889    247.200643090391    0.87334927642025    0.00353295713757873
281.999999999889    247.637316827883    0.873344670937797    0.00352670866461052
282.499999999888    248.073991135848    0.873352809566273    0.00352053355358812
282.999999999888    248.510666346406    0.873347510549871    0.00351432605847384
283.499999999887    248.947339947766    0.873347835147564    0.00350816295257788
283.999999999887    249.384014371239    0.873350604535459    0.00350203122175814
284.499999999886    249.82069003108    0.873350691736668    0.00349591017312464
284.999999999886    250.25736433815    0.873349791922788    0.00348980656066812
285.499999999885    250.69403925321    0.873350455163751    0.0034837304379688
285.999999999885    251.13071474565    0.873346922367114    0.00347765872944557
286.499999999884    251.567389052388    0.873354411600721    0.00347165192949094
286.999999999884    252.004065344432    0.87335115162785    0.00346562326458575
287.499999999884    252.440741000069    0.873349715956468    0.00345962269202906
287.999999999883    252.877415888808    0.873349817408355    0.0034536489323838
288.499999999883    253.314090718532    0.873355749474809    0.00344771878657643
288.999999999882    253.750768739911    0.873349152719939    0.00344175963311112
289.499999999882    254.187443304266    0.873351602344229    0.00343585659067673
289.999999999881    254.624119171047    0.873353630932135    0.00342997212430394
290.499999999881    255.060795554793    0.87335053180573    0.00342408769605721
290.99999999988    255.497472339063    0.873356450684804    0.00341825867273473
291.49999999988    255.934148256905    0.873350760780471    0.00341240419353422
291.999999999879    256.370824645962    0.873350649207195    0.00340659141075533
292.499999999879    256.80750133002    0.873356547218414    0.00340082179334815
292.999999999879    257.244178655542    0.873354397450015    0.00339504047094284
293.499999999878    257.680855161856    0.873350817826047    0.00338927320493978
293.999999999878    258.117531328465    0.873354769545189    0.00338355463517048
294.499999999877    258.554209246743    0.873356217677261    0.0033778456758513
294.999999999877    258.990886693738    0.87335469776836    0.00337214451410841
295.499999999876    259.427564074829    0.873351902697775    0.00336645763071601
295.999999999876    259.864240743627    0.873356516948521    0.00336081838135684
296.499999999875    260.300918790372    0.873354862133226    0.00335517395094777
296.999999999875    260.737596795507    0.873356806128308    0.00334956222985084
297.499999999874    261.174274142995    0.873352837663438    0.00334394664455072
297.999999999874    261.610951496249    0.873359154262064    0.00333838912043629
298.499999999874    262.047630926834    0.873356745859    0.00333281679658783
298.999999999873    262.484308660483    0.873355022974105    0.00332726564658677
299.499999999873    262.920985674116    0.873355802212365    0.00332174246180131
