1:binCentralValue 2:valuesAverage 3:valuesAverage 4:multiplicity
0.25 2.696444758076248e-17 6.618453090116466e-17 18
0.5 1.717279452804931e-16 4.941954384796447e-16 62
0.75 5.044904488234137e-16 1.346648532043791e-15 98
1 1.193230687616629e-15 4.912371012125464e-15 210
1.25 2.35054637375626e-15 1.064489134180526e-14 350
1.5 3.116089849414062e-15 1.901553554954922e-14 450
1.75 4.904769771626833e-15 3.47425451676858e-14 602
2 6.898188452081045e-15 5.004642586569057e-14 762
2.25 1.032307758253645e-14 8.748036200513075e-14 1142
2.5 1.206728544333765e-14 1.063546868784791e-13 1250
2.75 1.446372813337452e-14 1.549237934302152e-13 1458
3 1.786528994905807e-14 2.23689058061849e-13 1814
3.25 2.204627378744739e-14 3.149187257759912e-13 2178
3.5 2.556939729790813e-14 3.929229252109093e-13 2498
3.75 2.739629577429419e-14 4.648889174229787e-13 2622
4 1.663734738787459e-14 3.061830980376603e-13 3191
4.25 3.870290575198214e-32 1.207043815373841e-32 3044
4.5 3.18943703298444e-32 1.350062037557106e-32 2736
4.75 3.755639875599676e-32 1.227472251480402e-32 2276
5 1.918118478708303e-32 9.21872305782521e-33 2016
5.25 2.67333971047344e-32 8.21985257012693e-33 1640
5.5 1.409792379084259e-32 7.802477588190129e-33 1056
5.75 1.962835147283675e-32 4.407219719961791e-33 683
6 4.671067804444216e-33 1.911375488635872e-33 350
6.25 4.380958366201571e-33 1.129528338126636e-33 192
6.5 2.008923492769638e-33 6.366784361951337e-34 44
6.75 6.389914136426562e-34 3.858758812761121e-34 24
7 1.612778249328178e-35 6.66505296916237e-36 1

0.25 5.805349688802648e-18 3.887024560818336e-19 18
0.5 2.336869522614106e-17 2.893621088989066e-18 62
0.75 5.166019260966564e-17 3.335125630515103e-17 98
1 4.801917611167834e-17 1.241206315348613e-16 210
1.25 6.3729377835468e-17 3.271015176659242e-16 350
1.5 1.208396961769183e-16 4.463856551205377e-16 450
1.75 2.143721291871737e-16 6.611438439321144e-16 602
2 2.539465077517248e-16 1.125909318374408e-15 762
2.25 3.791812793426797e-16 1.945814314857358e-15 1142
2.5 4.579088471750173e-16 2.386653617781604e-15 1250
2.75 5.827469147213548e-16 3.245772616500574e-15 1458
3 7.084574281828397e-16 4.883379564758962e-15 1814
3.25 8.285355891929827e-16 7.470116553157362e-15 2178
3.5 9.670107209636095e-16 9.161463471834249e-15 2498
3.75 1.111692910807844e-15 1.045755136817706e-14 2622
4 6.912246911378627e-16 6.823468883899547e-15 3191
4.25 6.946879509149555e-28 2.716634768154216e-27 3044
4.5 4.552395417865407e-28 3.65750768201911e-27 2736
4.75 1.925616878561675e-28 3.290118054149157e-27 2276
5 8.90711454846545e-29 2.753782743200164e-27 2016
5.25 6.353597278425873e-29 2.09968137358898e-27 1640
5.5 2.853443529994447e-29 8.342469219210771e-28 1056
5.75 1.486428261964288e-29 1.811789343330807e-28 683
6 5.719229094389008e-30 5.024702402811694e-29 350
6.25 2.443574725573975e-30 3.824173549896591e-29 192
6.5 3.531690086055364e-31 1.109898449843898e-29 44
6.75 1.111949719928744e-31 5.913392109258432e-30 24
7 2.3662095167778e-34 6.077506317192829e-32 1

0.25 7.230483773997311e-19 4.429443311509772e-18 18
0.5 2.107058198985519e-18 4.541090304206418e-18 62
0.75 8.001007520444715e-18 4.634903133843298e-17 98
1 1.050217975096164e-17 4.705183863826393e-17 210
1.25 3.331381667591947e-17 1.90610456917061e-16 350
1.5 1.662517026735669e-17 3.437035044269543e-16 450
1.75 4.492740030828644e-17 3.296866894073512e-16 602
2 7.0271599013289e-17 4.296726078821533e-16 762
2.25 9.756201798866131e-17 8.066240718453861e-16 1142
2.5 1.165805678704944e-16 9.989536474883465e-16 1250
2.75 1.414545866462707e-16 1.434351137516469e-15 1458
3 1.833950773269151e-16 1.980761083539842e-15 1814
3.25 2.441754568142187e-16 2.673768477831274e-15 2178
3.5 2.767327146807236e-16 3.39457521252023e-15 2498
3.75 3.167519686970504e-16 3.929611139870097e-15 2622
4 2.000075586175974e-16 2.531351259678417e-15 3191
4.25 9.542355251827984e-28 8.459969944061173e-27 3044
4.5 4.649670018949217e-28 4.85837425985428e-27 2736
4.75 1.801069668559893e-28 2.573603860917642e-27 2276
5 7.057597104507614e-29 1.565242528833475e-27 2016
5.25 3.896613312264852e-29 9.383299990795425e-28 1640
5.5 2.496056100163507e-29 4.677695325721966e-28 1056
5.75 1.792163514328904e-29 3.017145547838667e-28 683
6 6.148597721226139e-30 2.227213065154767e-28 350
6.25 1.842803446201196e-30 1.448592223222408e-28 192
6.5 3.259304335282632e-31 3.889686255611435e-29 44
6.75 9.213803814395522e-32 2.349136538814337e-29 24
7 6.683579862157283e-34 1.389152768320997e-30 1

0.25 4.217789547643101e-19 1.665003534654288e-19 18
0.5 3.119047335114064e-18 7.59462015214537e-19 62
0.75 5.829278535175594e-18 4.680268328014701e-18 98
1 8.580139107056493e-18 1.690529876035983e-17 210
1.25 1.782390956542987e-17 5.946035435174184e-17 350
1.5 2.397819891166042e-17 1.133898256107581e-16 450
1.75 4.022190865638366e-17 8.789265729421895e-17 602
2 4.564910958861698e-17 1.56860760646537e-16 762
2.25 6.475237129926305e-17 2.840871992270685e-16 1142
2.5 7.329040844971669e-17 3.732195026465749e-16 1250
2.75 9.160301924582804e-17 5.143505466875631e-16 1458
3 1.08901050711524e-16 7.837052870771827e-16 1814
3.25 1.427932207266397e-16 1.070601565980649e-15 2178
3.5 1.547303094078212e-16 1.423866792090455e-15 2498
3.75 1.735348560608797e-16 1.682680172405785e-15 2622
4 1.090368914425901e-16 1.079219418891678e-15 3191
4.25 2.059631179105015e-27 1.764313208500704e-26 3044
4.5 9.25257060659516e-28 1.153202716705512e-26 2736
4.75 3.490394974775094e-28 4.76503369658168e-27 2276
5 1.146876957386069e-28 1.823655826768598e-27 2016
5.25 4.407066548802522e-29 6.921490515863345e-28 1640
5.5 1.530368107725615e-29 2.337790358932291e-28 1056
5.75 7.902300785573455e-30 1.104955942939018e-28 683
6 2.441485317411676e-30 8.085258176105731e-29 350
6.25 2.064300673930148e-30 2.699613147021908e-29 192
6.5 6.725674661156986e-31 5.574456647136481e-30 44
6.75 4.425239054487029e-31 9.888921786110403e-31 24
7 2.614250743900761e-32 4.161548319543095e-33 1

0.25 8.632645909920873e-20 7.706893170931168e-19 18
0.5 3.531889925876028e-19 3.479989288188656e-18 62
0.75 1.438948488415823e-18 7.336478580021728e-18 98
1 2.381575758687984e-18 2.122788531676961e-17 210
1.25 6.248923681957039e-18 7.025999720731443e-17 350
1.5 7.247948584414754e-18 1.727712717828708e-16 450
1.75 1.405413809026492e-17 8.620697718275537e-17 602
2 1.866963509452971e-17 1.339214680774763e-16 762
2.25 2.774028573385232e-17 2.320657276077011e-16 1142
2.5 3.382873324643599e-17 2.811347827763697e-16 1250
2.75 3.878556309565612e-17 4.266932868695229e-16 1458
3 5.48366355727721e-17 5.444385823093544e-16 1814
3.25 6.949794491442571e-17 7.706928747710637e-16 2178
3.5 7.92875270157305e-17 9.781852974435141e-16 2498
3.75 9.103094526924697e-17 1.121847563499691e-15 2622
4 5.466514136089774e-17 7.535585101451707e-16 3191
4.25 7.35272772275385e-27 1.355616263684861e-25 3044
4.5 3.078814026194014e-27 6.894551563594392e-26 2736
4.75 7.174262643719614e-28 2.516371889711483e-26 2276
5 2.269837838438312e-28 7.139765433831387e-27 2016
5.25 6.502860318865403e-29 2.111806933391465e-27 1640
5.5 1.384672467763705e-29 2.834882305559364e-28 1056
5.75 4.893809518130053e-30 9.450033731544174e-29 683
6 1.60345648856077e-30 5.772944873004119e-29 350
6.25 1.522866354510242e-30 2.14321809854701e-29 192
6.5 2.784198699841519e-31 8.427888853575638e-30 44
6.75 1.777436520644634e-31 4.980645481314761e-30 24
7 4.595068350216023e-33 3.011859695612869e-31 1

0.25 4.062174740990297e-19 2.964617946712261e-20 18
0.5 8.297706442398609e-19 4.224815343395178e-19 62
0.75 2.548267480495565e-18 2.119572581480234e-18 98
1 4.059216693138522e-18 5.302526179400582e-18 210
1.25 6.309373914981214e-18 2.274208182704965e-17 350
1.5 2.395997903322154e-17 6.23622757840889e-17 450
1.75 1.610422354308994e-17 3.267540024466831e-17 602
2 1.848300930727239e-17 5.84921207460697e-17 762
2.25 2.623277770749903e-17 1.062608033542312e-16 1142
2.5 2.897832833189802e-17 1.425467308065753e-16 1250
2.75 3.701954117903362e-17 1.929639087074091e-16 1458
3 4.409785082361582e-17 2.917369344425242e-16 1814
3.25 5.624148000199032e-17 4.119162589319141e-16 2178
3.5 6.418399447338947e-17 5.224197171974417e-16 2498
3.75 6.925470746833869e-17 6.344896647620687e-16 2622
4 4.147937066548047e-17 4.288383553348224e-16 3191
4.25 3.049770239790117e-26 3.057980211580906e-25 3044
4.5 1.518135137130197e-26 1.878295888305364e-25 2736
4.75 5.029170509523674e-27 6.84141305818765e-26 2276
5 1.818366939042374e-27 1.99767877277797e-26 2016
5.25 4.143778539904329e-28 6.40251508797392e-27 1640
5.5 4.039161243461975e-29 8.42368079398977e-28 1056
5.75 4.752679083603856e-30 1.109700987500301e-28 683
6 1.548304573415853e-30 3.157491554591516e-29 350
6.25 8.787434090762353e-31 1.970046599555984e-29 192
6.5 1.535808886923083e-31 4.980827765925083e-30 44
6.75 4.462406566964909e-32 3.790069237164337e-30 24
7 3.33964487128023e-33 4.480640872468049e-31 1

0.25 1.015358742032437e-20 7.842709628842606e-19 18
0.5 7.08655687338581e-20 2.421826672848587e-18 62
0.75 3.988365159096877e-19 6.286426129926901e-18 98
1 8.074130926520766e-19 1.269289625644172e-17 210
1.25 1.845725277644367e-18 3.387942612489221e-17 350
1.5 1.463281351411917e-17 1.008076222439254e-16 450
1.75 6.991883108130759e-18 3.764459342841021e-17 602
2 8.607554615174287e-18 6.304534568388686e-17 762
2.25 1.28235154426259e-17 1.090190349744215e-16 1142
2.5 1.422020434859383e-17 1.457414729879721e-16 1250
2.75 1.827089122132362e-17 1.974524476546497e-16 1458
3 2.450074030854367e-17 2.651012770167649e-16 1814
3.25 3.224220929734402e-17 3.610480243246868e-16 2178
3.5 3.795480941046466e-17 4.437568920950594e-16 2498
3.75 3.999696756407081e-17 5.56322819849223e-16 2622
4 2.585539122948347e-17 3.472276789083717e-16 3191
4.25 1.208473180603466e-25 1.996545578201064e-24 3044
4.5 5.430774894025537e-26 9.318303797048469e-25 2736
4.75 1.526254341010029e-26 2.312717101167525e-25 2276
5 3.991417365913808e-27 7.518440219507227e-26 2016
5.25 1.014922460081008e-27 2.216242870063478e-26 1640
5.5 8.144751650729178e-29 3.365684557336269e-27 1056
5.75 7.619228049992973e-30 2.129114875852914e-28 683
6 1.216397100357752e-30 2.346098668536403e-29 350
6.25 4.869283481876296e-31 1.936435024451906e-29 192
6.5 1.982975425396609e-31 2.566626249151326e-30 44
6.75 1.208049065568276e-31 1.150695310680134e-30 24
7 1.877614109772391e-32 3.623824524129843e-33 1

0.25 1.929865156763692e-19 1.696444649793694e-20 18
0.5 3.887901348595125e-19 2.303050536606082e-19 62
0.75 1.203437888938661e-18 1.079451671834887e-18 98
1 2.260879813115385e-18 2.624954510184689e-18 210
1.25 3.112699198164826e-18 9.875606945901175e-18 350
1.5 3.277993056356719e-17 4.238306165729299e-17 450
1.75 8.437909283349402e-18 1.773623093606217e-17 602
2 1.003405967567501e-17 2.999027592245843e-17 762
2.25 1.3791603657558e-17 5.640102283940997e-17 1142
2.5 1.492420055629671e-17 7.692867172459688e-17 1250
2.75 1.858858031978068e-17 1.07332632996635e-16 1458
3 2.347121093926339e-17 1.535357340634747e-16 1814
3.25 2.98258580046345e-17 2.16773174776316e-16 2178
3.5 3.487101155013869e-17 2.683055805436182e-16 2498
3.75 3.833443687573837e-17 3.228424055409239e-16 2622
4 2.211950960059182e-17 2.261361470025551e-16 3191
4.25 5.981371815923905e-25 8.466515568875355e-24 3044
4.5 3.603619699405308e-25 4.585633963360164e-24 2736
4.75 1.244555350329115e-25 1.67648830907033e-24 2276
5 4.23619099778702e-26 6.197223020358624e-25 2016
5.25 8.483213630754189e-27 1.945983369442579e-25 1640
5.5 5.790289207348097e-28 1.857099121960757e-26 1056
5.75 2.940970960163618e-29 6.817645327970032e-28 683
6 1.061896787302109e-30 1.775661807482348e-29 350
6.25 5.916501588865143e-31 1.155594472518133e-29 192
6.5 1.856968836733309e-31 1.592840608599262e-30 44
6.75 8.767935943291252e-32 1.185250608542268e-30 24
7 1.184040517253199e-32 2.564140687774899e-31 1

0.25 2.23281479075221e-19 2.887567747002993e-19 18
0.5 6.192295799426706e-19 1.492990020073839e-18 62
0.75 1.454146579514824e-18 4.035806977259608e-18 98
1 1.971084991728412e-18 8.494456537955096e-18 210
1.25 3.558514765217438e-18 1.409245020648704e-17 350
1.5 2.881915081486268e-17 5.054124645403502e-17 450
1.75 5.29098934295509e-18 2.874417698543021e-17 602
2 6.223165549548672e-18 4.466554559242364e-17 762
2.25 8.584559316142667e-18 8.048432984900063e-17 1142
2.5 8.926153671813523e-18 9.4567553503675e-17 1250
2.75 1.119774598654709e-17 1.183816078249119e-16 1458
3 1.441521266678645e-17 1.52620084507908e-16 1814
3.25 1.80685005656701e-17 2.146102719838103e-16 2178
3.5 2.2374849383553e-17 2.50475375715785e-16 2498
3.75 2.485607920026926e-17 2.958026109320137e-16 2622
4 1.576606121189615e-17 1.879555551387632e-16 3191
4.25 2.765926593042813e-24 3.561893954293356e-23 3044
4.5 9.9844362798844e-25 2.148085517844807e-23 2736
4.75 2.291101914390539e-25 9.793102828407654e-24 2276
5 6.609702750227018e-26 4.288491525786651e-24 2016
5.25 2.496774637137552e-26 1.330311843005933e-24 1640
5.5 4.546518088510224e-27 1.263127664872563e-25 1056
5.75 2.596482452175428e-28 2.977723220221149e-27 683
6 9.808071440715614e-31 2.083995779299366e-29 350
6.25 5.541642343773133e-31 9.610759316719077e-30 192
6.5 9.855041314958435e-32 3.3233088217284e-30 44
6.75 2.445291810267924e-32 1.906843350872446e-30 24
7 3.058075266314126e-33 4.505424598572036e-31 1

0.25 5.206305473223498e-19 4.624870201361428e-18 18
0.5 1.488270715137752e-18 1.121430231939348e-17 62
0.75 3.562635310368202e-18 2.106097256263759e-17 98
1 4.263374433362044e-18 3.97538314416845e-17 210
1.25 4.438911323326857e-18 4.027517881050349e-17 350
1.5 4.972592090515923e-17 6.306545172736504e-17 450
1.75 5.843472156966363e-18 5.119121488438013e-17 602
2 1.281951844453484e-17 8.279715785757539e-17 762
2.25 3.068888895657132e-17 1.913004209374652e-16 1142
2.5 3.058799068265021e-17 3.280585306683739e-16 1250
2.75 2.168232241753952e-17 4.509213970998399e-16 1458
3 1.603952858641709e-17 3.308875386710117e-16 1814
3.25 1.854256563084068e-17 1.868740125083808e-16 2178
3.5 2.130299590661765e-17 1.707977709472571e-16 2498
3.75 2.142194223804201e-17 2.194832755420886e-16 2622
4 1.41128564212317e-17 1.353260138071572e-16 3191
4.25 2.167820064361124e-23 4.588453650626382e-22 3044
4.5 1.367297800611657e-23 2.413843687213057e-22 2736
4.75 5.787873363183679e-24 9.612925508508548e-23 2276
5 1.965793660904532e-24 4.174207926354011e-23 2016
5.25 6.075069954664743e-25 1.309766877931472e-23 1640
5.5 5.824906425887104e-26 1.272405917812891e-24 1056
5.75 1.857377489169463e-27 3.008085469670805e-26 683
6 1.514475331470596e-30 2.540831937711051e-29 350
6.25 4.154097964800391e-31 8.503027061999589e-30 192
6.5 6.465153527415547e-32 2.949169343125077e-30 44
6.75 5.369052499108562e-32 1.127598950495876e-30 24
7 2.036339545020771e-32 9.156903500475058e-33 1

0.25 1.760985376282578e-16 3.310869265749549e-16 18
0.5 3.869526506085839e-16 9.078468944464955e-16 62
0.75 6.376137417536397e-16 1.981024463334236e-15 98
1 1.046866818092957e-15 4.386883847523844e-15 210
1.25 9.998418349704747e-16 6.110603532152779e-15 350
1.5 7.878694707914091e-16 7.388705481654909e-15 450
1.75 4.69858612615614e-16 9.550139552992539e-15 602
2 2.180816960720338e-16 1.283310354035442e-14 762
2.25 5.404256921038428e-17 1.761650939162747e-14 1142
2.5 2.980285795469326e-16 9.403611800814009e-15 1250
2.75 5.142292734367242e-16 2.594092162369062e-15 1458
3 2.334291141965179e-16 6.883127801575833e-16 1814
3.25 4.435724846447831e-17 3.264102710102336e-16 2178
3.5 1.641633779806946e-17 1.823197183919203e-16 2498
3.75 1.595295553069694e-17 1.976843394526956e-16 2622
4 1.010528112198367e-17 1.249112461294209e-16 3191
4.25 6.330309357740346e-23 1.642720842874525e-21 3044
4.5 3.475216104753637e-23 1.019280500968167e-21 2736
4.75 1.911224244114664e-23 4.809597223003038e-22 2276
5 1.113468726763716e-23 1.786754163526046e-22 2016
5.25 3.968889013392245e-24 4.719702985646079e-23 1640
5.5 4.386229970813765e-25 3.221218766460679e-24 1056
5.75 9.453681239504058e-27 6.780751367633648e-26 683
6 5.665597241582592e-29 4.593156177608462e-29 350
6.25 4.608431610969173e-30 1.17193135278303e-29 192
6.5 2.638721432005524e-31 2.568016505133074e-30 44
6.75 1.096592108709753e-31 5.59977195443332e-31 24
7 7.180553882950554e-33 2.320779253896005e-31 1

0.25 2.880935427492096e-15 3.120165086676502e-14 18
0.5 7.004516065445682e-15 7.520227047710178e-14 62
0.75 1.354102166821482e-14 1.559584267887241e-13 98
1 2.275350067771427e-14 3.333371214957198e-13 210
1.25 2.053282513927988e-14 4.562807329553677e-13 350
1.5 1.317849925174786e-14 5.463816817175006e-13 450
1.75 7.15148399631949e-15 7.315187946663648e-13 602
2 3.292211489540747e-15 1.108012670084591e-12 762
2.25 1.503065684975589e-15 2.09187875726995e-12 1142
2.5 4.257673663710274e-15 2.226557925520224e-12 1250
2.75 1.828346924741495e-14 1.935692884916716e-12 1458
3 2.213386841574375e-14 8.083537491456056e-13 1814
3.25 5.821114083435228e-15 1.257231302562712e-13 2178
3.5 3.970529019366439e-16 6.067691606801782e-15 2498
3.75 2.364615125724888e-17 2.824613529867172e-16 2622
4 9.253367221721626e-18 9.519696128951313e-17 3191
4.25 3.735082517299279e-21 3.821055800367346e-20 3044
4.5 2.083989959358854e-21 1.750867523743365e-20 2736
4.75 1.000080348864037e-21 6.624418084694198e-21 2276
5 4.239237064901095e-22 2.439138044017053e-21 2016
5.25 1.526895494695916e-22 6.916928351917755e-22 1640
5.5 3.02796567401683e-23 8.164190909122392e-23 1056
5.75 3.750029326799127e-24 4.589038735896599e-24 683
6 2.547989570932034e-25 2.093905851598236e-25 350
6.25 1.504781953507775e-26 1.06527657908937e-26 192
6.5 1.651830138654575e-28 1.781196080568402e-28 44
6.75 5.975414177123061e-30 1.747890631127563e-29 24
7 7.65138855984251e-33 5.215477615855637e-33 1

0.25 1.20601752277465e-13 5.949795638198432e-13 18
0.5 2.216255834856487e-13 1.460774672470542e-12 62
0.75 3.128230160399088e-13 3.046074874532856e-12 98
1 4.221465566656741e-13 6.321210779578525e-12 210
1.25 2.832066106484102e-13 8.077342067725196e-12 350
1.5 9.73462349725042e-14 8.487046673178148e-12 450
1.75 9.548430633453166e-15 9.032821258533473e-12 602
2 1.30317359861269e-13 9.341563083504758e-12 762
2.25 8.993313894826702e-13 7.424610784837328e-12 1142
2.5 1.383657999796861e-12 1.444752811551715e-12 1250
2.75 9.542037253113768e-13 3.410850991529461e-12 1458
3 2.010310674365141e-13 4.448927382545599e-12 1814
3.25 2.052735435132052e-14 1.000888505949165e-12 2178
3.5 9.473109306206149e-16 5.32435431115371e-14 2498
3.75 2.533989496507589e-17 1.246449966723817e-15 2622
4 7.622122248337452e-18 9.735796733993935e-17 3191
4.25 5.755689915123606e-19 3.879238912404977e-19 3044
4.5 3.928858080772866e-19 1.673288432086048e-19 2736
4.75 1.974264865910665e-19 9.870160404499439e-20 2276
5 8.431332136379512e-20 6.200601410729369e-20 2016
5.25 2.988833672107723e-20 2.755417634522557e-20 1640
5.5 7.429176027109889e-21 9.642681446183234e-21 1056
5.75 1.027791387519899e-21 1.827639418068048e-21 683
6 6.47680171518284e-23 1.201317642949334e-22 350
6.25 3.337614084653562e-24 6.130530675436994e-24 192
6.5 3.568714411400401e-26 1.129636381020632e-25 44
6.75 1.782822488283739e-27 2.958335693993118e-26 24
7 4.122447900822105e-29 1.008032884326662e-27 1

0.25 1.289564322634998e-11 4.738935654976137e-11 18
0.5 2.954453410861765e-11 1.061110104074778e-10 62
0.75 5.876711908334471e-11 2.144001499265183e-10 98
1 1.110821947216706e-10 4.544383283480015e-10 210
1.25 1.24991790695471e-10 6.281629923582978e-10 350
1.5 1.118337089092164e-10 7.494681031178881e-10 450
1.75 1.082179263028689e-10 1.015596442198021e-09 602
2 1.233466303205328e-10 1.583482640222705e-09 762
2.25 1.888030953273094e-10 2.947683520276827e-09 1142
2.5 2.258151206514187e-10 2.858959333613749e-09 1250
2.75 2.68644376792643e-10 1.9648389413615e-09 1458
3 1.479877252220975e-10 5.57030483057164e-10 1814
3.25 2.42777824073896e-11 5.636872698789856e-11 2178
3.5 9.826790878698235e-13 1.557718097216835e-12 2498
3.75 2.949335545536994e-14 3.534834399860017e-14 2622
4 1.393961459974973e-14 6.587097157023061e-15 3191
4.25 9.08301206169772e-15 2.635325906027106e-15 3044
4.5 4.445711837135275e-15 2.097138551369626e-15 2736
4.75 1.804791008541087e-15 2.477424140646125e-15 2276
5 6.730176600588943e-16 1.88437816138368e-15 2016
5.25 2.18303049190446e-16 9.756934914207482e-16 1640
5.5 5.265039511481981e-17 3.638633076063577e-16 1056
5.75 7.459581142013765e-18 7.390478382788226e-17 683
6 4.617020709196504e-19 5.353340782990634e-18 350
6.25 2.79565522603999e-20 3.190641722660424e-19 192
6.5 9.850726306559394e-22 1.027292062527778e-20 44
6.75 2.940556827151007e-22 3.634320791235479e-21 24
7 8.190640957155701e-24 1.858510440330572e-22 1

0.25 5.707551332422079e-11 6.201009913476451e-10 18
0.5 8.452115481656753e-11 1.403635378082558e-09 62
0.75 9.1536761999987e-11 2.861610190138913e-09 98
1 8.339947056101713e-11 5.611782590463071e-09 210
1.25 2.005081964993388e-11 6.660928055920569e-09 350
1.5 2.568514349072334e-11 5.888313649851226e-09 450
1.75 2.098639550398602e-10 4.683254714912749e-09 602
2 7.100373143650265e-10 2.703213560850353e-09 762
2.25 1.80099771702616e-09 9.157284632971982e-10 1142
2.5 1.386588453899896e-09 8.835131197273608e-09 1250
2.75 4.0277160722749e-10 2.101705199396029e-08 1458
3 2.0871324001099e-10 1.188099483436896e-08 1814
3.25 6.989743390823865e-11 1.675229703482708e-09 2178
3.5 7.105454244567995e-12 9.948183086576003e-11 2498
3.75 4.223185337735499e-12 4.100577908961627e-11 2622
4 4.660541003287634e-12 3.184508292557412e-11 3191
4.25 3.545327969701287e-12 1.63633497770957e-11 3044
4.5 2.060385926947547e-12 5.236719284570039e-12 2736
4.75 9.140672957740835e-13 1.442063356612071e-12 2276
5 3.650147515660764e-13 4.69284340427538e-13 2016
5.25 1.290948181348287e-13 1.971520455626844e-13 1640
5.5 3.171552008330244e-14 8.036600182250744e-14 1056
5.75 4.967201040935408e-15 3.284589774814588e-14 683
6 5.96136113549143e-16 1.212469530855865e-14 350
6.25 1.626942206886269e-16 4.381682609134222e-15 192
6.5 2.591562325328207e-17 7.075822528471486e-16 44
6.75 1.032262611792797e-17 2.657905723531171e-16 24
7 4.753263007441229e-19 1.314909027933571e-17 1

0.25 3.552096859281927e-10 1.231618587999349e-09 18
0.5 1.644831913779793e-09 4.808887793408072e-09 62
0.75 3.444398033478242e-09 9.441566026385349e-09 98
1 7.443325414921326e-09 2.128006915590091e-08 210
1.25 9.526566900187797e-09 4.025381420468403e-08 350
1.5 1.16220777289539e-08 9.147459464123789e-08 450
1.75 1.5182813842032e-08 2.138178689041667e-07 602
2 1.767476166320979e-08 4.888342005511868e-07 762
2.25 3.918638013957366e-08 1.206986441476038e-06 1142
2.5 9.20644721430013e-08 1.379264114017808e-06 1250
2.75 1.77498358478691e-07 8.471800293441069e-07 1458
3 1.155995923637429e-07 1.798555039078639e-07 1814
3.25 2.046747176795959e-08 1.812036353740468e-08 2178
3.5 2.170315324261036e-09 3.840536546219912e-09 2498
3.75 1.700285330835049e-09 2.839360553081046e-09 2622
4 2.220446549999232e-09 2.200774816639582e-09 3191
4.25 1.87259040029186e-09 1.116125568081129e-09 3044
4.5 1.196851175655517e-09 8.115714730326901e-10 2736
4.75 6.456433469565162e-10 7.464494600028525e-10 2276
5 3.595522905239532e-10 6.622862068284558e-10 2016
5.25 1.869007597316577e-10 4.915242317758112e-10 1640
5.5 7.894428467049103e-11 2.731688649372304e-10 1056
5.75 2.485843081346678e-11 1.261768864673136e-10 683
6 6.563295688239683e-12 4.590014921554316e-11 350
6.25 2.521644713845074e-12 2.260751008498949e-11 192
6.5 3.762080389819566e-13 5.095361557726611e-12 44
6.75 1.272304528822461e-13 1.554970117674935e-12 24
7 2.922511285500292e-16 1.362472348209143e-13 1

0.25 1.01375442645828e-10 4.207624868783139e-10 18
0.5 3.372203720591849e-10 2.052263371980995e-09 62
0.75 1.512958489273812e-09 4.272272231580826e-09 98
1 2.965407042529875e-09 8.975950769630783e-09 210
1.25 5.455258855088007e-09 1.115874694878706e-08 350
1.5 4.950618287608645e-09 2.826122058717681e-08 450
1.75 6.597791811204244e-09 8.739290994964677e-08 602
2 1.636376208717796e-08 1.954146997086088e-07 762
2.25 1.128695807797518e-07 4.053060709670632e-07 1142
2.5 2.439543794253761e-07 5.393796882246485e-07 1250
2.75 1.174995271057016e-07 2.288047510760823e-06 1458
3 8.502165739874818e-08 1.468332632976474e-06 1814
3.25 3.478773057278334e-08 2.547288082170338e-07 2178
3.5 1.945695277760134e-08 5.501947245512267e-08 2498
3.75 1.864415491349557e-08 4.366069643482606e-08 2622
4 2.054692784942832e-08 4.456307681633229e-08 3191
4.25 1.502107838471424e-08 3.130540274906093e-08 3044
4.5 6.747717585042672e-09 2.321416069109583e-08 2736
4.75 2.46932634163702e-09 1.666469380788877e-08 2276
5 1.310614121026866e-09 1.141103640809526e-08 2016
5.25 6.672799480226725e-10 7.013507043111339e-09 1640
5.5 2.548819840914513e-10 3.282651194248296e-09 1056
5.75 1.132301496215903e-10 1.310016462296218e-09 683
6 4.091044341084429e-11 4.106526575196433e-10 350
6.25 2.522412867233365e-11 2.123595516107045e-10 192
6.5 8.726982283839348e-12 4.994952581110681e-11 44
6.75 1.371606397379786e-12 3.31871103457323e-11 24
7 7.568814403101958e-13 3.148772431553363e-12 1

0.25 1.757574023279681e-09 1.063340885434643e-09 18
0.5 8.494525895766121e-09 4.943588864953484e-09 62
0.75 1.74967953331006e-08 6.843514055782515e-09 98
1 2.691372003176587e-08 2.228251667566815e-08 210
1.25 4.054811255027327e-08 6.541772655198086e-08 350
1.5 5.868181143870181e-08 6.832186712611603e-08 450
1.75 4.904926548593929e-08 1.523214158694793e-07 602
2 9.130415234656266e-08 2.961488627029171e-07 762
2.25 1.71838001327807e-07 6.713940011999856e-07 1142
2.5 2.423121530300917e-07 1.849535683210507e-06 1250
2.75 6.407499073861708e-07 2.197685247464826e-06 1458
3 5.605670818466445e-07 2.010456524811105e-06 1814
3.25 2.427122732546673e-07 1.124348300609902e-06 2178
3.5 1.129919178814213e-07 8.909574443231236e-07 2498
3.75 8.299327433934299e-08 6.703507130077126e-07 2622
4 6.334775920686677e-08 6.248319638548495e-07 3191
4.25 2.141189783624949e-08 3.517246284893792e-07 3044
4.5 8.780401784619772e-09 1.314980078707806e-07 2736
4.75 4.943192884002048e-09 5.962256953650542e-08 2276
5 3.428428443700624e-09 3.969700394790427e-08 2016
5.25 2.438318025055442e-09 3.131152548474748e-08 1640
5.5 1.433503299768842e-09 2.040400390341807e-08 1056
5.75 9.762176466030418e-10 1.303583999374582e-08 683
6 5.781467232119121e-10 6.196792512405966e-09 350
6.25 2.766719014031033e-10 3.681661624123026e-09 192
6.5 7.361436092396496e-11 9.472912538419393e-10 44
6.75 6.835344766070697e-11 4.903550360686043e-10 24
7 3.352474202408295e-12 1.228276603649235e-11 1

0.25 6.583403078800415e-10 1.443141961486385e-09 18
0.5 1.403641106432507e-09 6.133633064969097e-09 62
0.75 2.886149009047343e-09 1.063489472423519e-08 98
1 5.139655446041915e-09 2.821909367407861e-08 210
1.25 5.360305060787133e-09 2.401541028616052e-08 350
1.5 6.814928449090637e-09 5.03293198798119e-08 450
1.75 1.598273360016472e-08 7.466279976566426e-08 602
2 3.836492252981358e-08 1.498303525908187e-07 762
2.25 1.348038211620182e-07 6.860138976390228e-07 1142
2.5 2.243351612205071e-07 1.666376843030564e-06 1250
2.75 4.342887547252679e-07 4.598927814839862e-06 1458
3 7.835539096560905e-07 2.893882515286848e-06 1814
3.25 4.636453293946618e-07 1.615283375526374e-06 2178
3.5 2.986246425380574e-07 1.000419601201774e-06 2498
3.75 2.253824333549416e-07 7.417649182533304e-07 2622
4 1.92668758665956e-07 6.331835252136907e-07 3191
4.25 7.428706975593473e-08 3.863042119503139e-07 3044
4.5 2.0955240610551e-08 2.084532170540841e-07 2736
4.75 1.086529592281019e-08 1.207661666671925e-07 2276
5 7.709995044514853e-09 9.649724060346884e-08 2016
5.25 5.817155325606324e-09 8.323992692517096e-08 1640
5.5 3.73937975117969e-09 5.890170394757503e-08 1056
5.75 2.975116846831702e-09 3.984626242770313e-08 683
6 1.501573570294577e-09 2.362688934694454e-08 350
6.25 1.059323739486462e-09 1.198659820363099e-08 192
6.5 3.476365705236128e-10 5.076367367477215e-09 44
6.75 1.286892908920437e-10 1.87033348856634e-09 24
7 1.843660116237796e-12 1.641773760860085e-10 1

0.25 1.099318495395549e-08 3.281487886100414e-09 18
0.5 5.179917836093347e-08 2.008000145683132e-08 62
0.75 9.781693522383024e-08 3.394974877181392e-08 98
1 2.122896487966635e-07 8.147321079734906e-08 210
1.25 2.857363973452088e-07 1.202064992367555e-07 350
1.5 2.486374532499414e-07 2.081177536966154e-07 450
1.75 2.26193773132542e-07 2.604914379753831e-07 602
2 2.569020273577325e-07 4.235755409780345e-07 762
2.25 4.038431744509112e-07 1.140150797553654e-06 1142
2.5 6.534404782804727e-07 1.907659326725656e-06 1250
2.75 9.732338488490517e-07 4.722771927833072e-06 1458
3 6.532438200266092e-07 9.104754306251918e-06 1814
3.25 4.209419511660593e-07 5.339960810932976e-06 2178
3.5 2.284960559243171e-07 3.717880857038965e-06 2498
3.75 1.669925899163602e-07 3.134634680794266e-06 2622
4 1.312915173455161e-07 2.5478107331312e-06 3191
4.25 6.553006255321485e-08 1.031720394389032e-06 3044
4.5 3.189790498315119e-08 4.378830686209471e-07 2736
4.75 2.019393955828528e-08 3.126520497711734e-07 2276
5 1.644700404245436e-08 2.712621666767984e-07 2016
5.25 1.451462855591032e-08 2.404308260936114e-07 1640
5.5 9.033828745293937e-09 1.75195545228595e-07 1056
5.75 6.853679882835213e-09 1.39362667596184e-07 683
6 3.749765811013249e-09 7.725573821246526e-08 350
6.25 2.129546408365514e-09 4.861878331449324e-08 192
6.5 7.265118655201645e-10 1.178197098358307e-08 44
6.75 1.722307298326134e-10 9.720050181789693e-09 24
7 1.473973797425285e-12 1.707561838921974e-10 1

0.25 2.458985838327917e-09 4.631083974455619e-09 18
0.5 6.390902755578371e-09 4.761305024055149e-08 62
0.75 6.518000902781449e-09 6.3861659158571e-08 98
1 1.294249410509068e-08 1.25285998503521e-07 210
1.25 1.704168522153882e-08 9.568319833904565e-08 350
1.5 2.287924066084064e-08 1.137159784673133e-07 450
1.75 4.738962662468847e-08 1.453250112331597e-07 602
2 7.873956212475359e-08 3.545635395572323e-07 762
2.25 2.205279122237464e-07 1.250515626769391e-06 1142
2.5 4.387219958644751e-07 2.953808281636943e-06 1250
2.75 1.109849858238748e-06 4.876266560967938e-06 1458
3 1.569695532052273e-06 5.530416563027045e-06 1814
3.25 9.174854726558675e-07 4.706703072860476e-06 2178
3.5 6.914183468303274e-07 3.140152772849721e-06 2498
3.75 5.475018005872715e-07 2.551824515538829e-06 2622
4 4.250993909566871e-07 2.668285172803485e-06 3191
4.25 1.577316652756463e-07 1.626708891366653e-06 3044
4.5 6.264057999205337e-08 8.191876022387947e-07 2736
4.75 3.872737538562828e-08 5.874020801911676e-07 2276
5 3.057243825155088e-08 4.908251449046095e-07 2016
5.25 2.718600762269399e-08 3.854857611652166e-07 1640
5.5 1.67520401886254e-08 2.666094900563901e-07 1056
5.75 1.301223068103826e-08 2.258747404012555e-07 683
6 6.793306490218245e-09 1.314616410801833e-07 350
6.25 4.136265011189429e-09 7.316230018299877e-08 192
6.5 1.074623790191468e-09 2.023958204612868e-08 44
6.75 7.44177759143373e-10 6.041483028224517e-09 24
7 6.6453470693528e-11 7.416737610664489e-13 1

0.25 2.282106109493729e-08 1.335574563668942e-08 18
0.5 3.483188213595383e-07 7.591218865738118e-08 62
0.75 4.442859964844595e-07 9.472709366999825e-08 98
1 9.368784400467531e-07 1.364799264947948e-07 210
1.25 1.008942703570377e-06 1.967919165003072e-07 350
1.5 6.435213475482081e-07 2.274768735251602e-07 450
1.75 6.545432721204466e-07 2.978566899111286e-07 602
2 5.682398995469525e-07 5.390978211563173e-07 762
2.25 8.414206700432106e-07 1.600680095343609e-06 1142
2.5 1.073305750501538e-06 3.687904644601937e-06 1250
2.75 1.127516879587292e-06 9.954332268049966e-06 1458
3 9.132277771739507e-07 1.496090682243719e-05 1814
3.25 6.644441117953973e-07 9.070540591439055e-06 2178
3.5 4.420342242633702e-07 7.871225814727912e-06 2498
3.75 3.767476866078886e-07 6.114263311923097e-06 2622
4 3.654644735071381e-07 5.356197370801329e-06 3191
4.25 2.209263570733415e-07 2.453899752590643e-06 3044
4.5 1.283120908213191e-07 1.501542137994786e-06 2736
4.75 8.988684858914121e-08 1.13252444317457e-06 2276
5 7.588626544734918e-08 1.056279793299651e-06 2016
5.25 5.914153150170661e-08 8.606595333299889e-07 1640
5.5 3.497008734064496e-08 6.726906295371339e-07 1056
5.75 2.503703482974172e-08 5.55143925421664e-07 683
6 1.376403197502733e-08 3.152427984905667e-07 350
6.25 9.170333711307586e-09 2.333110197029904e-07 192
6.5 2.040743300800686e-09 4.707379840478272e-08 44
6.75 1.160676522932462e-09 2.259109335390295e-08 24
7 3.316201279213452e-11 8.929396138175774e-10 1

0.25 1.466567965205831e-08 1.285182327506149e-08 18
0.5 2.669576246747716e-08 1.778666141187932e-07 62
0.75 2.351315574956121e-08 2.368227452098741e-07 98
1 3.591288438391613e-08 3.954583562104913e-07 210
1.25 4.084244827540965e-08 3.789262515356843e-07 350
1.5 5.249844791601568e-08 2.418379248827641e-07 450
1.75 8.265747556549393e-08 3.152048795187201e-07 602
2 1.285335292499819e-07 6.338889171898891e-07 762
2.25 3.584420145113249e-07 1.908368170326379e-06 1142
2.5 7.799834478135275e-07 4.966588393723203e-06 1250
2.75 1.816669528056991e-06 6.413180459353611e-06 1458
3 2.286421577957407e-06 1.097088531487178e-05 1814
3.25 1.385717586540537e-06 8.638918646435917e-06 2178
3.5 1.141522484896847e-06 7.429605518976707e-06 2498
3.75 8.768778780514556e-07 6.613777919597341e-06 2622
4 7.429074523589368e-07 6.354317566665345e-06 3191
4.25 3.123880280185781e-07 4.169199106954297e-06 3044
4.5 1.847804068473212e-07 2.579048921301497e-06 2736
4.75 1.250198176231684e-07 1.964088316500674e-06 2276
5 1.045758356586179e-07 1.742046696879825e-06 2016
5.25 8.664515039931058e-08 1.43188145582798e-06 1640
5.5 5.850230265535236e-08 9.442343700937847e-07 1056
5.75 3.628169145282776e-08 7.906123392341601e-07 683
6 2.115725379199411e-08 4.325339324303693e-07 350
6.25 1.365036003892631e-08 3.030678217988931e-07 192
6.5 4.008060729523364e-09 6.242257221667285e-08 44
6.75 1.374443765502044e-09 3.652250554962028e-08 24
7 8.191738158596616e-11 6.530692960659919e-09 1

0.25 4.347014074408387e-08 4.392658117979407e-08 18
0.5 5.291879806144008e-07 7.581406056579065e-08 62
0.75 7.787321971499351e-07 6.805959218617075e-08 98
1 1.474943485889143e-06 1.459571383833303e-07 210
1.25 1.393411843811711e-06 2.00417492319014e-07 350
1.5 1.002565785280939e-06 2.414083216230204e-07 450
1.75 6.438777891762444e-07 4.322378587709693e-07 602
2 6.426326088135579e-07 7.58367002599827e-07 762
2.25 9.616275258362697e-07 2.28491932349743e-06 1142
2.5 1.277464263218999e-06 5.441998070002958e-06 1250
2.75 1.35142187725492e-06 1.526130497420316e-05 1458
3 1.509723545274212e-06 1.942577986562815e-05 1814
3.25 1.008679092887318e-06 1.279380805805915e-05 2178
3.5 8.483852994117783e-07 1.138321514127069e-05 2498
3.75 7.367162123878435e-07 8.66260336890765e-06 2622
4 6.791317580959271e-07 8.110651667949429e-06 3191
4.25 4.658888316679763e-07 4.858465756681923e-06 3044
4.5 2.76422300810059e-07 3.616815347494865e-06 2736
4.75 2.137419164510284e-07 2.910067052199444e-06 2276
5 1.773352632879277e-07 2.644364257955499e-06 2016
5.25 1.424791292324694e-07 2.273872997412059e-06 1640
5.5 9.658465210020501e-08 1.684844318693774e-06 1056
5.75 6.19800710107802e-08 1.21793256625155e-06 683
6 3.684080225290451e-08 6.101445782652086e-07 350
6.25 2.02927979431744e-08 4.778456676536747e-07 192
6.5 3.672275817896715e-09 9.375189500730183e-08 44
6.75 2.958958105897443e-09 6.720264382187404e-08 24
7 3.97933371884405e-10 9.669201023155941e-10 1

0.25 4.003716579367788e-08 3.678608216657918e-08 18
0.5 5.797879081546287e-08 3.579203671788779e-07 62
0.75 4.773260593529058e-08 5.281176110455291e-07 98
1 6.539753152798959e-08 8.164132792199882e-07 210
1.25 8.827429972013948e-08 6.503004022962163e-07 350
1.5 8.903439200872379e-08 4.955861648694514e-07 450
1.75 1.222921933925373e-07 5.270922072798414e-07 602
2 1.730334218868728e-07 8.126975830223948e-07 762
2.25 4.26346715109235e-07 2.196174980663461e-06 1142
2.5 9.764692174796052e-07 5.239846288238345e-06 1250
2.75 2.076234861667585e-06 8.767121091759957e-06 1458
3 2.476622408546509e-06 1.630405140502073e-05 1814
3.25 1.522197230516896e-06 1.33232274235549e-05 2178
3.5 1.393545076031269e-06 1.161089341211857e-05 2498
3.75 9.609518363049636e-07 1.058655179037459e-05 2622
4 8.913168157540925e-07 9.977825614038147e-06 3191
4.25 5.149047330998004e-07 6.692501385819667e-06 3044
4.5 3.348395759327628e-07 4.789197592503595e-06 2736
4.75 2.43456539229565e-07 3.698714103180625e-06 2276
5 2.056726131240778e-07 3.343598525554708e-06 2016
5.25 1.67153547272634e-07 2.93834654803063e-06 1640
5.5 1.14116408288071e-07 2.05325761865008e-06 1056
5.75 7.9105278392679e-08 1.482729176068455e-06 683
6 4.74360870994676e-08 7.884881487600253e-07 350
6.25 2.573686961021992e-08 5.575143659491187e-07 192
6.5 4.455369156379224e-09 1.101292250142892e-07 44
6.75 4.220411074644891e-09 8.285195083952177e-08 24
7 4.115239185743313e-10 2.592096158570283e-10 1

0.25 9.592490482304654e-08 6.004363304577728e-08 18
0.5 8.020285363306683e-07 6.079526389421697e-08 62
0.75 1.194948428973258e-06 8.210659905404622e-08 98
1 1.861131237041511e-06 1.752869387528873e-07 210
1.25 1.441041198243433e-06 3.4783696630832e-07 350
1.5 8.465276814094271e-07 4.267067954895671e-07 450
1.75 5.7889668710974e-07 6.593687884088226e-07 602
2 5.681392149726238e-07 1.08747465139953e-06 762
2.25 8.485518712581297e-07 2.700263516720721e-06 1142
2.5 1.094762247339102e-06 5.954415217764916e-06 1250
2.75 1.341232982482911e-06 1.477932218300367e-05 1458
3 1.923787094125809e-06 1.803745945552237e-05 1814
3.25 1.558612289297317e-06 1.291394492032579e-05 2178
3.5 1.288503151288993e-06 1.230396277961716e-05 2498
3.75 1.152565835412429e-06 9.686558190842e-06 2622
4 1.069937300681393e-06 9.931032714542381e-06 3191
4.25 6.833182231503857e-07 7.176367979211073e-06 3044
4.5 4.835415532166155e-07 5.48399626684091e-06 2736
4.75 3.434939220440218e-07 4.669810201034931e-06 2276
5 2.817611350796281e-07 4.593414357913854e-06 2016
5.25 2.480647554587547e-07 3.629529294804611e-06 1640
5.5 1.579958248408368e-07 2.632917414864824e-06 1056
5.75 1.072081943639804e-07 1.785688938992952e-06 683
6 5.747156480686977e-08 9.895398739361786e-07 350
6.25 3.94147338032125e-08 6.521894024789304e-07 192
6.5 5.67516830039514e-09 1.50873150915929e-07 44
6.75 5.984610167969081e-09 8.184907967734024e-08 24
7 7.902991145979896e-11 8.510321047985778e-09 1

0.25 5.638798969161463e-08 1.298912964268278e-07 18
0.5 6.401642319903322e-08 8.084104799172803e-07 62
0.75 1.049282788974445e-07 1.011692686763262e-06 98
1 1.852392243954526e-07 1.697718677184537e-06 210
1.25 1.706608988474577e-07 9.927149666402787e-07 350
1.5 1.631516875591007e-07 8.439758672712181e-07 450
1.75 1.592366342307042e-07 9.412499411874149e-07 602
2 2.272375175676934e-07 1.275645809147707e-06 762
2.25 4.45830504607079e-07 2.717979445163656e-06 1142
2.5 8.55760478394887e-07 5.814047649061352e-06 1250
2.75 1.682154456144551e-06 9.930769946831875e-06 1458
3 1.878740105476993e-06 1.852292147572655e-05 1814
3.25 1.354809572941596e-06 1.686337535122809e-05 2178
3.5 1.344506358058369e-06 1.491569952134778e-05 2498
3.75 1.059084717305037e-06 1.312558835504065e-05 2622
4 1.163437508609241e-06 1.31503355886211e-05 3191
4.25 7.640543679094735e-07 9.362113426244076e-06 3044
4.5 5.564574203747461e-07 7.08997786530745e-06 2736
4.75 4.270483994155307e-07 5.775302726042586e-06 2276
5 3.401466841408112e-07 5.145129319988452e-06 2016
5.25 2.853111819996976e-07 4.696790131458851e-06 1640
5.5 1.721431800506014e-07 3.237553821958839e-06 1056
5.75 1.163814722301332e-07 2.17237316207613e-06 683
6 5.996304866431136e-08 1.191694429059835e-06 350
6.25 4.251982013887324e-08 7.595350967739508e-07 192
6.5 6.724042557060867e-09 1.913543053159702e-07 44
6.75 4.905805600764296e-09 1.122536851913095e-07 24
7 2.736067812769356e-11 1.038025311433734e-08 1

0.25 2.302446375621809e-07 4.233915750418297e-08 18
0.5 1.164991108838537e-06 1.764837828355489e-07 62
0.75 1.303536432815763e-06 4.828855381223915e-07 98
1 1.508217192248281e-06 1.117441562975065e-06 210
1.25 7.75951736538976e-07 8.643595163957663e-07 350
1.5 4.184622593278517e-07 8.043116312614626e-07 450
1.75 4.126169799584703e-07 1.016161832799671e-06 602
2 4.189678032595236e-07 1.353149419314495e-06 762
2.25 6.128287059763039e-07 2.98165976142817e-06 1142
2.5 8.686575824037933e-07 5.624354528469389e-06 1250
2.75 1.20708095726423e-06 1.0969046253621e-05 1458
3 2.01274957973096e-06 1.314267173245474e-05 1814
3.25 1.644722291116175e-06 1.215896588090421e-05 2178
3.5 1.419181764715499e-06 1.21119308660486e-05 2498
3.75 1.340389373101848e-06 1.047613020975267e-05 2622
4 1.268951490784597e-06 1.233373805509144e-05 3191
4.25 8.635283399441985e-07 9.627982517754878e-06 3044
4.5 6.535084674834277e-07 8.015361400663314e-06 2736
4.75 5.236807330947096e-07 6.165777453206146e-06 2276
5 4.298464773452638e-07 5.793208938774767e-06 2016
5.25 3.777638355167753e-07 4.962200308087846e-06 1640
5.5 2.441725934571957e-07 3.146423996277498e-06 1056
5.75 1.488330600650098e-07 2.391271319168357e-06 683
6 7.135489906683921e-08 1.225688699425433e-06 350
6.25 4.227336223045754e-08 8.461107644824161e-07 192
6.5 9.839632249655225e-09 1.948929464427924e-07 44
6.75 6.903391426850346e-09 7.613856937718021e-08 24
7 7.189849547572692e-10 1.436998486054696e-08 1

0.25 3.353972278874584e-08 3.614747602013632e-07 18
0.5 6.889100479000736e-07 1.298281627332023e-06 62
0.75 1.124409126567919e-06 1.17883158490095e-06 98
1 1.234643554446876e-06 9.945530050298429e-07 210
1.25 6.665183598639381e-07 7.326168929258194e-07 350
1.5 4.459654263858996e-07 7.806079278087363e-07 450
1.75 4.501509327254624e-07 9.520140081083061e-07 602
2 4.482803021092025e-07 1.358397776745842e-06 762
2.25 6.5041077465598e-07 2.801180712934133e-06 1142
2.5 8.870148879992244e-07 4.863673827479381e-06 1250
2.75 1.425565102723086e-06 7.975232857389242e-06 1458
3 1.752614604116523e-06 1.268714087944669e-05 1814
3.25 1.667168637604318e-06 1.161462056936975e-05 2178
3.5 1.536827693645864e-06 1.210305892347198e-05 2498
3.75 1.41743612610132e-06 1.203700290310399e-05 2622
4 1.530318512977932e-06 1.259786782545489e-05 3191
4.25 1.090023377776033e-06 1.096140227591832e-05 3044
4.5 8.022757825416596e-07 9.398477435236139e-06 2736
4.75 5.912740471290733e-07 7.829431006102828e-06 2276
5 5.418436228212272e-07 7.032511361718192e-06 2016
5.25 4.369324121031131e-07 6.146219262464065e-06 1640
5.5 2.417871534706171e-07 4.065173288164712e-06 1056
5.75 1.623265159141978e-07 2.736518340322581e-06 683
6 7.789409348828743e-08 1.407429143011729e-06 350
6.25 3.948208238914196e-08 8.351429778110325e-07 192
6.5 1.36565202864689e-08 1.922002910246597e-07 44
6.75 5.935878706919588e-09 1.012755233028916e-07 24
7 1.45714418988454e-09 2.179167156718389e-09 1

0.25 2.516529984211111e-07 2.211120324570996e-07 18
0.5 3.503119987408185e-07 2.085302975522363e-06 62
0.75 1.87644976207273e-07 2.139069599162022e-06 98
1 2.315757247612348e-07 1.999956258874445e-06 210
1.25 2.204379607712581e-07 1.211572688674571e-06 350
1.5 2.235600863305135e-07 1.023495970846212e-06 450
1.75 2.794255824693641e-07 1.072863878525932e-06 602
2 3.053869907891752e-07 1.5782717590487e-06 762
2.25 4.940000000243261e-07 2.849892973135936e-06 1142
2.5 6.877652281751091e-07 4.790522504168764e-06 1250
2.75 9.793885132335186e-07 7.822503170180005e-06 1458
3 1.325407041252642e-06 1.144875643592435e-05 1814
3.25 1.339219654308905e-06 1.092522436475194e-05 2178
3.5 1.323918764332967e-06 1.154443387676415e-05 2498
3.75 1.226864212898151e-06 1.174297693373744e-05 2622
4 1.181437550035399e-06 1.373938620860047e-05 3191
4.25 9.587281836706922e-07 1.195671352225634e-05 3044
4.5 7.728633553280258e-07 1.040740439912748e-05 2736
4.75 5.759373386217766e-07 8.664071618655063e-06 2276
5 4.755499997694448e-07 7.816474112705451e-06 2016
5.25 3.989097945451176e-07 6.559284316990745e-06 1640
5.5 2.525030875004813e-07 4.423014195089476e-06 1056
5.75 1.61167776794442e-07 2.910652676270282e-06 683
6 7.624684598413344e-08 1.382297286026413e-06 350
6.25 3.63985726700453e-08 9.454055104613902e-07 192
6.5 8.930954546683406e-09 2.430919618724292e-07 44
6.75 6.994269025119071e-09 1.180333231001601e-07 24
7 2.308598356152357e-10 3.122595385372831e-08 1

0.25 4.038024539656175e-07 4.174421738441961e-08 18
0.5 1.268390891650985e-06 8.472675960841861e-07 62
0.75 8.697102425989944e-07 1.153801208471837e-06 98
1 7.442181377286487e-07 1.214472583505856e-06 210
1.25 4.944220233956963e-07 1.030518766061513e-06 350
1.5 3.838087740589796e-07 1.030043576164418e-06 450
1.75 4.212489509236274e-07 1.393691494093561e-06 602
2 3.957119550264247e-07 1.620253656340951e-06 762
2.25 5.982239127442594e-07 2.866480727880416e-06 1142
2.5 7.315055463902835e-07 4.482199942276031e-06 1250
2.75 8.989363723520431e-07 6.667696500658655e-06 1458
3 1.254719444972341e-06 8.813570015178076e-06 1814
3.25 1.116845761059479e-06 1.032367930019402e-05 2178
3.5 1.174627792370757e-06 1.103246560943892e-05 2498
3.75 1.21826771121984e-06 1.127990274875107e-05 2622
4 1.264989239873193e-06 1.329239457357736e-05 3191
4.25 1.050298382671046e-06 1.161914523453924e-05 3044
4.5 8.302806087711229e-07 1.075711714532231e-05 2736
4.75 6.369128515469566e-07 8.98121430502243e-06 2276
5 5.76443462473315e-07 7.911227944735791e-06 2016
5.25 4.686531535558092e-07 6.715694780824244e-06 1640
5.5 2.842984293624796e-07 4.512202154035181e-06 1056
5.75 1.787136175964817e-07 3.204309147998996e-06 683
6 1.009152451731651e-07 1.528123757935761e-06 350
6.25 4.838183879734769e-08 8.839765060185048e-07 192
6.5 1.171401205632195e-08 2.530036705834031e-07 44
6.75 7.875287459465068e-09 2.145380405711018e-07 24
7 4.949926120258667e-11 1.118467138092908e-08 1

0.25 2.85767044554409e-07 2.294672225296569e-07 18
0.5 1.432109778321798e-06 4.672196102961198e-07 62
0.75 1.211498386065028e-06 4.161274900441011e-07 98
1 9.954905928532243e-07 6.686153232332028e-07 210
1.25 5.938771846112614e-07 6.975537895106842e-07 350
1.5 4.904027537682743e-07 8.325497136432424e-07 450
1.75 4.993564419778302e-07 1.259907634974349e-06 602
2 4.469370725930382e-07 1.632286230152433e-06 762
2.25 6.857046212236135e-07 2.847478727105691e-06 1142
2.5 7.578739959496726e-07 3.898052517001225e-06 1250
2.75 8.260745730734837e-07 5.628922167275993e-06 1458
3 1.048847325668945e-06 8.670188215151005e-06 1814
3.25 1.112539021284508e-06 9.529721381558749e-06 2178
3.5 1.229655452013346e-06 1.081844000610878e-05 2498
3.75 1.155122797772292e-06 1.096442687043325e-05 2622
4 1.322251882010638e-06 1.31357567059701e-05 3191
4.25 1.117582142521164e-06 1.236783952408751e-05 3044
4.5 9.181576531269095e-07 1.112950635564535e-05 2736
4.75 7.1604188616942e-07 9.766427655799172e-06 2276
5 5.761652901561797e-07 8.670781215961217e-06 2016
5.25 5.017894263938103e-07 7.37799312962801e-06 1640
5.5 3.046469921298459e-07 4.993253065467966e-06 1056
5.75 2.045864586064781e-07 3.456402166380501e-06 683
6 9.70315833810901e-08 1.76237310908979e-06 350
6.25 5.283074879121521e-08 9.988784416793964e-07 192
6.5 1.378942279627048e-08 1.827049516903113e-07 44
6.75 9.980372818491898e-09 1.776887392203839e-07 24
7 1.232646623925199e-09 1.988167479850627e-08 1

0.25 1.140614432059287e-07 4.228653065162309e-07 18
0.5 8.991267715043582e-07 8.838448247197715e-07 62
0.75 7.829852883971631e-07 6.984832674299234e-07 98
1 7.130869479177577e-07 5.882531139174291e-07 210
1.25 5.659497724068141e-07 9.502552766238933e-07 350
1.5 4.771249430522072e-07 9.99750890949318e-07 450
1.75 4.468236141932126e-07 1.389606119412727e-06 602
2 4.797604484570594e-07 1.674123888911637e-06 762
2.25 6.69743403393859e-07 2.821527328584781e-06 1142
2.5 6.897928454768326e-07 3.75117834247347e-06 1250
2.75 7.691970382437937e-07 4.879767689438748e-06 1458
3 9.775148824966522e-07 7.153903317266869e-06 1814
3.25 1.050534001566271e-06 8.194182979993928e-06 2178
3.5 1.173318854581522e-06 1.007490600461188e-05 2498
3.75 1.114079025247534e-06 1.095273076991176e-05 2622
4 1.27872736199481e-06 1.286095768677738e-05 3191
4.25 1.086779319379655e-06 1.276131822886524e-05 3044
4.5 9.080561375820623e-07 1.218782464322564e-05 2736
4.75 7.767023697672377e-07 9.893489458351206e-06 2276
5 6.040360861239218e-07 8.93746182964741e-06 2016
5.25 4.954499783827917e-07 7.644132232813768e-06 1640
5.5 3.223096153598712e-07 5.265384758679096e-06 1056
5.75 2.038535647843582e-07 3.672995744309099e-06 683
6 1.057804763552151e-07 1.814621785442048e-06 350
6.25 5.88696610977809e-08 1.11743873985508e-06 192
6.5 1.101262960686777e-08 3.45006533039636e-07 44
6.75 9.55492370620367e-09 1.297314133019008e-07 24
7 2.218493874177213e-09 7.570845577351345e-10 1

0.25 4.733750102617702e-08 4.21167968174418e-07 18
0.5 4.884124207516089e-07 9.73080099672891e-07 62
0.75 4.370780723710643e-07 1.036962960269825e-06 98
1 3.809285958738512e-07 1.022344482488217e-06 210
1.25 4.411766594437401e-07 9.414364662726975e-07 350
1.5 3.653916484187695e-07 1.104672223331711e-06 450
1.75 3.554734552188334e-07 1.491985137771444e-06 602
2 4.15944437309767e-07 1.902464170356778e-06 762
2.25 5.45829318684946e-07 2.881451299524883e-06 1142
2.5 6.141401514186656e-07 3.538597036067485e-06 1250
2.75 6.758948836199321e-07 4.925559604870273e-06 1458
3 8.319544100884933e-07 6.362671943521145e-06 1814
3.25 9.351698888634305e-07 7.885794807213319e-06 2178
3.5 1.003730575355506e-06 9.481778658836231e-06 2498
3.75 9.854555593578786e-07 1.062646031155703e-05 2622
4 1.190278316605255e-06 1.296932591438728e-05 3191
4.25 1.067600987150945e-06 1.2091411492897e-05 3044
4.5 8.920121584655139e-07 1.174524793000358e-05 2736
4.75 7.349102922219409e-07 1.023052922534475e-05 2276
5 6.135410844078449e-07 9.399374255124722e-06 2016
5.25 4.765773511729527e-07 7.732779222953196e-06 1640
5.5 3.240212339436816e-07 5.037529160905754e-06 1056
5.75 1.885571908305788e-07 3.660004736814116e-06 683
6 9.683936177397635e-08 1.787228188495556e-06 350
6.25 5.624569629423187e-08 9.833749916680074e-07 192
6.5 1.376595175781428e-08 3.094783506584243e-07 44
6.75 1.100695238321879e-08 1.465138349594505e-07 24
7 9.987281824007464e-10 4.381497803342246e-08 1

0.25 4.602860199556714e-08 3.686870775848316e-07 18
0.5 2.893899702945236e-07 9.659167429083008e-07 62
0.75 3.394940398306421e-07 1.074798927389762e-06 98
1 3.255219070733673e-07 1.137383949865138e-06 210
1.25 3.44754810910778e-07 1.096126110676584e-06 350
1.5 3.091979352588886e-07 1.1222919122793e-06 450
1.75 3.440046973922966e-07 1.478623588297311e-06 602
2 3.608118998581923e-07 1.882597689899876e-06 762
2.25 5.325984459018587e-07 3.085757798558751e-06 1142
2.5 5.410504674419263e-07 3.717685061901439e-06 1250
2.75 5.890672609928555e-07 4.840103660579059e-06 1458
3 7.402416963236065e-07 6.135048239869037e-06 1814
3.25 8.429019024330764e-07 7.614629541976061e-06 2178
3.5 9.152383335482871e-07 9.072602346332554e-06 2498
3.75 9.665256356937281e-07 9.932625454680578e-06 2622
4 1.137024250557458e-06 1.228305156321153e-05 3191
4.25 1.012756367047309e-06 1.189808039282768e-05 3044
4.5 8.621690777796625e-07 1.206329003987728e-05 2736
4.75 6.953841920223119e-07 9.948076155185126e-06 2276
5 6.080529973936798e-07 9.475434823993347e-06 2016
5.25 5.027260277384753e-07 8.003268045201093e-06 1640
5.5 2.97119662865008e-07 5.370426980374045e-06 1056
5.75 2.018579737528748e-07 3.595321306159171e-06 683
6 8.816356983485406e-08 1.717402758801011e-06 350
6.25 4.755951590812387e-08 1.079990608002978e-06 192
6.5 8.486566742502076e-09 2.725163164154703e-07 44
6.75 7.465528580439502e-09 1.86182845202009e-07 24
7 3.467269126211451e-11 3.970492311592662e-08 1

0.25 6.508128249317623e-08 2.813170974782103e-07 18
0.5 2.017000776314882e-07 9.062533705947657e-07 62
0.75 2.388505836611942e-07 9.422317831519943e-07 98
1 3.235617574116338e-07 1.015212042127372e-06 210
1.25 3.048944753068347e-07 1.113028247265667e-06 350
1.5 3.483888602322027e-07 1.163382575199457e-06 450
1.75 3.157511448590051e-07 1.389269712078187e-06 602
2 3.864863773615669e-07 1.859013982273261e-06 762
2.25 5.176806199479552e-07 3.048449582161435e-06 1142
2.5 5.125484394213858e-07 3.567634081238732e-06 1250
2.75 6.128323240967792e-07 4.269180996788953e-06 1458
3 6.892477794152381e-07 5.983419184066913e-06 1814
3.25 8.003522774517253e-07 7.003381681751683e-06 2178
3.5 8.977481240414137e-07 8.659396382531346e-06 2498
3.75 9.323718471106723e-07 9.699510778540477e-06 2622
4 1.04660107482473e-06 1.22281044128789e-05 3191
4.25 9.299169898907623e-07 1.17381253756318e-05 3044
4.5 8.959431493674343e-07 1.137734297238919e-05 2736
4.75 6.682246098658051e-07 9.722610462596129e-06 2276
5 5.817967156136191e-07 8.703882884167462e-06 2016
5.25 4.863274401802335e-07 7.790562309494325e-06 1640
5.5 2.893895155015114e-07 4.781932027821526e-06 1056
5.75 1.885183989888138e-07 3.377760301438491e-06 683
6 1.039502383070683e-07 1.879816371787387e-06 350
6.25 5.123870984022018e-08 9.676598066575415e-07 192
6.5 1.094320547738649e-08 2.286136751434274e-07 44
6.75 5.661710501144188e-09 9.797317143806741e-08 24
7 1.202251989797468e-09 4.118672617987957e-09 1

0.25 7.897488745860938e-08 2.278360630965168e-07 18
0.5 1.872892458458111e-07 7.996174116216996e-07 62
0.75 2.33671138245618e-07 7.072930174165494e-07 98
1 2.661568359391273e-07 8.372984667151578e-07 210
1.25 3.363062783120981e-07 1.098607978465152e-06 350
1.5 3.068987298738066e-07 1.117930655441424e-06 450
1.75 3.169614419681426e-07 1.468193076059262e-06 602
2 3.748072833485018e-07 1.994288277794693e-06 762
2.25 4.980010165781556e-07 3.01674286639566e-06 1142
2.5 4.923570127807717e-07 3.411921273537924e-06 1250
2.75 5.558487289172383e-07 4.150829044622681e-06 1458
3 6.677350880324196e-07 5.389463513414163e-06 1814
3.25 7.608884410082414e-07 6.977016096283429e-06 2178
3.5 8.517114933692034e-07 8.293766083926971e-06 2498
3.75 8.775552901658955e-07 9.115139602354289e-06 2622
4 1.03755531489277e-06 1.1548943544781e-05 3191
4.25 9.167830965972568e-07 1.169820178337107e-05 3044
4.5 8.097670922780772e-07 1.075617971820087e-05 2736
4.75 6.352173453685996e-07 9.266694063121172e-06 2276
5 5.737774006177309e-07 8.648311381554965e-06 2016
5.25 4.653675943442411e-07 7.129054404687885e-06 1640
5.5 2.823108277916976e-07 5.102427722075186e-06 1056
5.75 1.83899126094648e-07 3.364829394161195e-06 683
6 9.813467926214965e-08 1.862065062319527e-06 350
6.25 5.611929044860318e-08 1.110273086921279e-06 192
6.5 1.319472593074636e-08 1.883109999280645e-07 44
6.75 6.420306268989421e-09 1.011010826539387e-07 24
7 7.405868423230508e-11 2.502876208232941e-09 1

0.25 6.698071726226184e-08 2.0276325253317e-07 18
0.5 1.659949708031218e-07 7.214019851712308e-07 62
0.75 2.091140214167709e-07 5.095197259290286e-07 98
1 2.450190041568398e-07 6.596724118884747e-07 210
1.25 3.099603113965193e-07 9.359748876820504e-07 350
1.5 3.013014787818443e-07 1.071613877342732e-06 450
1.75 3.461034140521349e-07 1.414395632641278e-06 602
2 3.643015852518989e-07 2.099205254930958e-06 762
2.25 4.578521814219845e-07 2.928894925924316e-06 1142
2.5 5.025578195946363e-07 3.322488154584435e-06 1250
2.75 5.012094977765839e-07 4.089823064717561e-06 1458
3 6.30059628067095e-07 5.143458905948468e-06 1814
3.25 7.419775004708969e-07 6.575214713725421e-06 2178
3.5 8.293612321799106e-07 8.111906547146662e-06 2498
3.75 8.19643860480516e-07 9.070784340286273e-06 2622
4 1.021237901172846e-06 1.102483424676049e-05 3191
4.25 9.419847983593134e-07 1.120509036139326e-05 3044
4.5 7.881583900845248e-07 1.025846722614738e-05 2736
4.75 6.345176059661141e-07 9.370984876202997e-06 2276
5 5.214745239629867e-07 8.209622165960873e-06 2016
5.25 4.342051978110629e-07 7.19654296293446e-06 1640
5.5 3.159125570522476e-07 4.731109341537825e-06 1056
5.75 1.801443398834228e-07 3.271911282731809e-06 683
6 8.538323322374431e-08 1.555805596218978e-06 350
6.25 5.116337524274302e-08 1.042367203654026e-06 192
6.5 1.248737458605975e-08 1.471225761950428e-07 44
6.75 3.187538275780902e-09 1.759348493540458e-07 24
7 2.915775452836863e-10 3.231790157969617e-09 1

0.25 5.273435228385049e-08 1.853766753536578e-07 18
0.5 1.504169432346179e-07 6.636920811619684e-07 62
0.75 1.802052537718142e-07 3.800652405310209e-07 98
1 2.237044935848312e-07 6.081616479557924e-07 210
1.25 2.675859965117702e-07 9.854555162755315e-07 350
1.5 2.967049871623425e-07 9.275610085189582e-07 450
1.75 3.154629212219114e-07 1.430738300054073e-06 602
2 3.626647428451008e-07 1.667467569617067e-06 762
2.25 4.510333089476412e-07 2.747137760775912e-06 1142
2.5 4.928873220276008e-07 3.096873838680151e-06 1250
2.75 5.093736862096825e-07 3.634526880368473e-06 1458
3 5.544978579743613e-07 5.211581172722846e-06 1814
3.25 7.091176406400788e-07 6.246930637421662e-06 2178
3.5 7.815245389941283e-07 7.843603276123603e-06 2498
3.75 7.928995593823978e-07 8.588390238965313e-06 2622
4 9.44814439790774e-07 1.075883674711563e-05 3191
4.25 9.013095674930218e-07 1.077658698817443e-05 3044
4.5 8.051661561789893e-07 1.042407462820174e-05 2736
4.75 6.166499964451248e-07 8.481822850766241e-06 2276
5 5.328704362680266e-07 7.922022858009379e-06 2016
5.25 4.243365335534019e-07 6.317702022774221e-06 1640
5.5 2.654863409877362e-07 4.746832498130385e-06 1056
5.75 1.805929804076528e-07 2.946195809522317e-06 683
6 7.537706834327165e-08 1.460939379479069e-06 350
6.25 4.069176924745521e-08 9.002723823132658e-07 192
6.5 8.308141764921554e-09 3.666593845118196e-07 44
6.75 4.479809353992503e-09 9.21185850246733e-08 24
7 9.000195513906519e-12 1.146122006952023e-08 1

0.25 3.377177872157525e-08 1.403089137608288e-07 18
0.5 1.634776760895603e-07 4.732093485068201e-07 62
0.75 1.486328708603884e-07 3.578796943904772e-07 98
1 1.926613930195781e-07 5.228511250156667e-07 210
1.25 2.433778431058009e-07 9.209579801869623e-07 350
1.5 2.745565803141035e-07 9.928596431584884e-07 450
1.75 3.049449647021071e-07 1.271527889127794e-06 602
2 3.204169989355855e-07 1.563930064663311e-06 762
2.25 4.503523034472727e-07 2.658399101384172e-06 1142
2.5 4.355732437514214e-07 2.883723664011087e-06 1250
2.75 4.671752561348758e-07 3.710342992044897e-06 1458
3 5.747487143126252e-07 5.063491211074067e-06 1814
3.25 6.372418322121987e-07 6.102189051954099e-06 2178
3.5 7.533616356481551e-07 7.509977869222249e-06 2498
3.75 7.58128798478821e-07 8.406131865771978e-06 2622
4 9.0794016042995e-07 1.060499073031144e-05 3191
4.25 8.898085438393121e-07 1.03332772697863e-05 3044
4.5 7.218875428849075e-07 1.014452236886818e-05 2736
4.75 6.061212784011473e-07 8.982947822331756e-06 2276
5 4.829932624230399e-07 7.648575661710908e-06 2016
5.25 3.942000304000221e-07 6.466472111403151e-06 1640
5.5 2.503020046493104e-07 4.373795812470566e-06 1056
5.75 1.582474844691023e-07 2.830399630693604e-06 683
6 7.300700378162083e-08 1.546159884300734e-06 350
6.25 3.59817769921092e-08 7.910402669424236e-07 192
6.5 8.298697221579746e-09 1.996754103949952e-07 44
6.75 4.392912585708993e-09 1.347223080055067e-07 24
7 5.581337433198618e-11 2.299180213790307e-08 1

0.25 2.896430943433028e-08 1.114288093015744e-07 18
0.5 1.531466224734732e-07 3.83249397281975e-07 62
0.75 1.267407680696055e-07 3.653647652359419e-07 98
1 1.771230206799372e-07 4.438576144655997e-07 210
1.25 2.541007035613292e-07 6.977038361277995e-07 350
1.5 2.369744281189501e-07 9.796747450705927e-07 450
1.75 2.572947369360241e-07 1.282602024790431e-06 602
2 2.857085913621138e-07 1.702411624885262e-06 762
2.25 4.540758834851577e-07 2.3336549063991e-06 1142
2.5 4.078407804012231e-07 2.858884591408399e-06 1250
2.75 4.690071871096399e-07 3.652250388760944e-06 1458
3 5.416621496512903e-07 4.587772052845071e-06 1814
3.25 5.962844862749885e-07 5.889657377680596e-06 2178
3.5 7.07636760061488e-07 7.342953149075014e-06 2498
3.75 7.737387008393498e-07 8.068093398850843e-06 2622
4 9.077565750815364e-07 9.881135430677433e-06 3191
4.25 7.933464888853351e-07 1.02157655229191e-05 3044
4.5 6.9958634482362e-07 9.62211455274617e-06 2736
4.75 5.678750510621389e-07 8.213854234005044e-06 2276
5 4.864973127035826e-07 7.385565521768708e-06 2016
5.25 3.656650706294305e-07 6.149728898837756e-06 1640
5.5 2.314905616503389e-07 4.475889108051478e-06 1056
5.75 1.435749115911301e-07 2.769281644211807e-06 683
6 7.317786220470927e-08 1.523411029782169e-06 350
6.25 4.30864738171341e-08 6.918524363072939e-07 192
6.5 7.563698351651848e-09 1.574580035718395e-07 44
6.75 4.699644757028014e-09 9.846279213712573e-08 24
7 9.878730308813627e-10 1.693531832400286e-09 1

0.25 2.941497563953805e-08 7.382481118408076e-08 18
0.5 1.418398795712067e-07 2.653913699666848e-07 62
0.75 1.304238637233618e-07 2.651075079763179e-07 98
1 1.675220128269757e-07 4.686128807726776e-07 210
1.25 2.151140816139531e-07 5.950944635437864e-07 350
1.5 2.161116557418405e-07 8.757343439259456e-07 450
1.75 2.601368517378564e-07 1.26100854153739e-06 602
2 2.774947452996408e-07 1.492137356748204e-06 762
2.25 3.930902157906261e-07 2.333042376073233e-06 1142
2.5 3.783419740932712e-07 2.62705236330858e-06 1250
2.75 4.577027190386052e-07 3.399962979763986e-06 1458
3 5.495423667390591e-07 4.467553037696775e-06 1814
3.25 5.837022732236248e-07 5.854784329903565e-06 2178
3.5 6.720740263394464e-07 6.809152460502659e-06 2498
3.75 7.512396184566034e-07 7.884775326537394e-06 2622
4 8.278289527427587e-07 9.845961303450318e-06 3191
4.25 8.084669477166225e-07 9.462762140661923e-06 3044
4.5 6.5802210314252e-07 8.828664244125555e-06 2736
4.75 5.474307611761664e-07 8.067956865818845e-06 2276
5 4.522445543360095e-07 7.062899912486525e-06 2016
5.25 3.643902671050039e-07 5.971944862252314e-06 1640
5.5 2.20665663381307e-07 4.282659847123024e-06 1056
5.75 1.414805293330729e-07 2.644394360155502e-06 683
6 7.576896205471938e-08 1.467707206893072e-06 350
6.25 3.947155958188799e-08 8.217218619391901e-07 192
6.5 8.161428212501308e-09 2.120368001202869e-07 44
6.75 5.087508617255015e-09 9.897560866735555e-08 24
7 4.81287093856476e-14 2.160632388996494e-09 1

0.25 3.364583492766067e-08 5.868538600079679e-08 18
0.5 1.178551307162473e-07 1.925027596870296e-07 62
0.75 1.113786249836839e-07 2.060266350907095e-07 98
1 1.623696042165426e-07 3.709005536218768e-07 210
1.25 2.018689456476722e-07 5.667033121184389e-07 350
1.5 2.08280439710256e-07 8.585344799572269e-07 450
1.75 2.427196755016234e-07 1.175694963444033e-06 602
2 2.803763431195622e-07 1.475217919472009e-06 762
2.25 3.336054078647379e-07 2.304079075207553e-06 1142
2.5 3.728562783110791e-07 2.541732916398097e-06 1250
2.75 4.1743672316766e-07 3.317780566125834e-06 1458
3 5.120544103899988e-07 4.465152707820615e-06 1814
3.25 6.148946396962956e-07 5.25462032368693e-06 2178
3.5 6.662444526331542e-07 6.758931275518543e-06 2498
3.75 6.912060339933977e-07 7.551091607188365e-06 2622
4 8.355997324919432e-07 9.209842173857291e-06 3191
4.25 7.384999537868127e-07 9.018836394165819e-06 3044
4.5 6.154499670091478e-07 8.842242419656129e-06 2736
4.75 4.992883640268909e-07 7.67282369388709e-06 2276
5 4.387365253027952e-07 6.741480649617185e-06 2016
5.25 3.787920579298906e-07 5.742727911751028e-06 1640
5.5 2.167495281301434e-07 4.044386900853574e-06 1056
5.75 1.513272177580889e-07 2.412670892257039e-06 683
6 7.248424093272757e-08 1.24579008571873e-06 350
6.25 3.571555345794314e-08 8.411798022446812e-07 192
6.5 9.27637976148191e-09 1.35246163357671e-07 44
6.75 4.192597641666909e-09 9.259574537641717e-08 24
7 3.219545414667069e-13 1.184937386357476e-09 1

0.25 2.729702795316068e-08 4.804217999519656e-08 18
0.5 8.520639706076788e-08 1.554681261139939e-07 62
0.75 7.436214434504485e-08 2.427724512131873e-07 98
1 1.429498208006317e-07 3.537363363302905e-07 210
1.25 1.791839562292329e-07 6.242626546057097e-07 350
1.5 2.082495765151919e-07 7.545470482516087e-07 450
1.75 2.396720961147992e-07 1.060581498205172e-06 602
2 2.751812336832994e-07 1.368582165630095e-06 762
2.25 3.468030249884742e-07 2.150289712437804e-06 1142
2.5 3.84629724981127e-07 2.249225207550204e-06 1250
2.75 4.149899504357768e-07 2.960187412085619e-06 1458
3 4.749877410388769e-07 4.098335231295419e-06 1814
3.25 5.684369648268629e-07 5.348343497856094e-06 2178
3.5 6.178066315115634e-07 6.535204960841204e-06 2498
3.75 6.833695924246506e-07 6.955976737041219e-06 2622
4 7.844086823962168e-07 8.729061657590758e-06 3191
4.25 7.284773993839095e-07 8.734198882256522e-06 3044
4.5 6.1782774365037e-07 8.409454866439455e-06 2736
4.75 4.871424948974352e-07 7.17746507220537e-06 2276
5 4.285232834057348e-07 6.575081363726714e-06 2016
5.25 3.391320541914747e-07 5.611751993077937e-06 1640
5.5 2.179293236597966e-07 3.650463248056924e-06 1056
5.75 1.36638600943692e-07 2.825125513598046e-06 683
6 6.541626332027566e-08 1.333557659241793e-06 350
6.25 3.130953713706899e-08 6.39260531581798e-07 192
6.5 7.083016642195331e-09 1.76904251138345e-07 44
6.75 3.893427214999072e-09 7.7601770547594e-08 24
7 2.149643271928707e-11 1.25791776805322e-10 1

0.25 2.482556387804269e-08 3.393765666310891e-08 18
0.5 8.024979830367005e-08 1.066168496372118e-07 62
0.75 8.844146325657154e-08 1.487019061551609e-07 98
1 1.126449013084988e-07 3.227497808575294e-07 210
1.25 1.761562786830354e-07 5.679203324248484e-07 350
1.5 1.835321447581089e-07 7.05901537470906e-07 450
1.75 2.297476215041512e-07 1.006191957123106e-06 602
2 2.588875566626333e-07 1.379300611271406e-06 762
2.25 3.524873317535272e-07 2.280350332441578e-06 1142
2.5 3.7807709719454e-07 2.289849338876008e-06 1250
2.75 3.936447436133806e-07 3.064758932973576e-06 1458
3 4.528725740005961e-07 3.880423332009896e-06 1814
3.25 5.305398687954432e-07 5.089744942826804e-06 2178
3.5 5.713005507707536e-07 6.064898755523583e-06 2498
3.75 6.582740497122916e-07 6.618638919915394e-06 2622
4 7.425943261417719e-07 8.673415973691364e-06 3191
4.25 7.059318461753648e-07 8.410385081140527e-06 3044
4.5 6.115353331718959e-07 8.209157099352272e-06 2736
4.75 4.41615363977363e-07 6.928365125532992e-06 2276
5 4.315027825503337e-07 6.438481770689835e-06 2016
5.25 3.276510903986837e-07 5.302283394876506e-06 1640
5.5 2.214214901988939e-07 3.644241420751456e-06 1056
5.75 1.371823500071927e-07 2.400400596120374e-06 683
6 6.607337444924029e-08 1.386423760383584e-06 350
6.25 3.050500694321994e-08 6.599038766777949e-07 192
6.5 7.771417926840355e-09 2.077964407014631e-07 44
6.75 4.701721384068074e-09 1.220108076439329e-07 24
7 2.580258998904152e-10 1.148042513661326e-09 1

0.25 2.454135408419589e-08 2.713732810583279e-08 18
0.5 6.977728585545673e-08 9.029706684781405e-08 62
0.75 6.218960431452421e-08 1.40834071038044e-07 98
1 9.869972857122554e-08 3.111730807806582e-07 210
1.25 1.749433634238431e-07 5.498950775572804e-07 350
1.5 1.708235356307019e-07 7.659891265754722e-07 450
1.75 2.194651209747674e-07 1.030293108734508e-06 602
2 2.576413154035397e-07 1.286224327091319e-06 762
2.25 3.284014959580185e-07 2.191991710709692e-06 1142
2.5 3.351964815122854e-07 2.359026895454639e-06 1250
2.75 3.799562678547529e-07 2.848329284745261e-06 1458
3 4.423322268452015e-07 3.858766714353347e-06 1814
3.25 5.264416112544702e-07 4.705542332492187e-06 2178
3.5 5.8312902533566e-07 5.457610637005813e-06 2498
3.75 5.954982639591853e-07 6.328325349676393e-06 2622
4 6.936593433171494e-07 8.150843343983594e-06 3191
4.25 6.657037135425513e-07 8.128766859618e-06 3044
4.5 5.651572271812313e-07 8.051371221778138e-06 2736
4.75 4.40411048974187e-07 6.645813606466149e-06 2276
5 3.994705853107674e-07 6.134410518627692e-06 2016
5.25 3.166521679919941e-07 5.39197768880836e-06 1640
5.5 1.865560574036203e-07 3.557960038238708e-06 1056
5.75 1.376489721078929e-07 2.332181760930775e-06 683
6 6.876446225040323e-08 1.270227535314189e-06 350
6.25 3.048830629746304e-08 6.636458214286408e-07 192
6.5 8.556314816001566e-09 1.936061523772459e-07 44
6.75 4.346443250662804e-09 9.439996952818679e-08 24
7 2.311003208502768e-10 4.721218297070504e-10 1

0.25 2.006306553640162e-08 2.007951421593214e-08 18
0.5 5.109757623910972e-08 7.522242720487896e-08 62
0.75 5.687963802502375e-08 1.28579372676986e-07 98
1 1.041092606177214e-07 2.914550030798019e-07 210
1.25 1.587497889321887e-07 5.429731826637472e-07 350
1.5 1.607997726355145e-07 6.461924016478162e-07 450
1.75 2.079747366172292e-07 9.004788422654773e-07 602
2 2.50070929079371e-07 1.307764843222143e-06 762
2.25 3.142063890005393e-07 1.963617653598055e-06 1142
2.5 3.209367772652611e-07 2.209252296533479e-06 1250
2.75 3.555172276481784e-07 2.905435864217874e-06 1458
3 4.327996514310995e-07 3.597394141568071e-06 1814
3.25 5.163046818995066e-07 4.744766335885604e-06 2178
3.5 5.55385541118968e-07 5.828842855761585e-06 2498
3.75 5.839877335432881e-07 6.043363205225176e-06 2622
4 6.536172655410161e-07 7.976496318055635e-06 3191
4.25 6.537353657288071e-07 7.997678891084566e-06 3044
4.5 5.561494677732529e-07 7.217410081401911e-06 2736
4.75 4.186972278087971e-07 6.238207152222551e-06 2276
5 3.611581972921799e-07 5.777289507555209e-06 2016
5.25 2.987938832434729e-07 4.754527576800876e-06 1640
5.5 2.032393016835373e-07 3.333236774252289e-06 1056
5.75 1.168540766786085e-07 2.207753628522614e-06 683
6 6.211291853913147e-08 1.201328351384679e-06 350
6.25 3.546291133825535e-08 5.754546709805807e-07 192
6.5 9.579393382718555e-09 1.597046341942651e-07 44
6.75 4.233640081509553e-09 1.000511857329597e-07 24
7 5.693103521934874e-12 2.337613899529315e-09 1

0.25 1.247667356351298e-08 1.821132597119937e-08 18
0.5 2.437532901885843e-08 1.049960070119776e-07 62
0.75 4.361500649713847e-08 1.586013467378009e-07 98
1 8.200521622623807e-08 2.693934124238566e-07 210
1.25 1.455526358510857e-07 5.298212404844824e-07 350
1.5 1.627252287799909e-07 6.197296542191957e-07 450
1.75 1.913726142346361e-07 8.478511871521151e-07 602
2 2.287237146042768e-07 1.187584264861507e-06 762
2.25 3.077194957697204e-07 1.893766483051584e-06 1142
2.5 3.098664494612302e-07 2.10402603073746e-06 1250
2.75 3.457610223501706e-07 2.72675202666096e-06 1458
3 3.934671957885694e-07 3.567332432083356e-06 1814
3.25 4.779907303994029e-07 4.662971088883545e-06 2178
3.5 5.544896025241907e-07 5.64596295341015e-06 2498
3.75 5.408702769485492e-07 6.178391894250804e-06 2622
4 6.256981991755487e-07 7.806507126814049e-06 3191
4.25 5.89881887962403e-07 7.653212066995526e-06 3044
4.5 5.075596534090729e-07 6.974023100443163e-06 2736
4.75 4.329641467022075e-07 6.46692619582815e-06 2276
5 3.585625608403339e-07 5.647020195690006e-06 2016
5.25 2.710823373955215e-07 4.420488777318438e-06 1640
5.5 1.768159717839775e-07 3.114202958607647e-06 1056
5.75 1.112198699683324e-07 2.083616720407352e-06 683
6 6.427556853721522e-08 1.072310771505576e-06 350
6.25 3.343795823136779e-08 6.300676491126082e-07 192
6.5 8.136994743102941e-09 1.487320716284134e-07 44
6.75 3.133886232826754e-09 6.328350575904304e-08 24
7 2.501987620738434e-10 1.859505244117071e-08 1

0.25 6.462888501353991e-09 2.703155097655651e-08 18
0.5 3.096022824788709e-08 6.883079406742902e-08 62
0.75 5.430771681808422e-08 1.075674838214811e-07 98
1 9.150603390761482e-08 2.400539211866407e-07 210
1.25 1.33730839895465e-07 4.894432934364029e-07 350
1.5 1.40483769739045e-07 6.013575614310184e-07 450
1.75 1.768842699100194e-07 7.718350382363218e-07 602
2 2.197764305315325e-07 9.52638735278194e-07 762
2.25 2.828510753724278e-07 1.760448372198382e-06 1142
2.5 2.901159618652118e-07 2.078389866319382e-06 1250
2.75 3.252115044525537e-07 2.518009819292211e-06 1458
3 3.921347839558153e-07 3.284254710381799e-06 1814
3.25 4.507426675980983e-07 4.274849081234325e-06 2178
3.5 5.074335900596071e-07 5.19653342616724e-06 2498
3.75 5.335134491256255e-07 5.500904277652744e-06 2622
4 6.346230266169264e-07 7.30512547956372e-06 3191
4.25 5.797207301688213e-07 7.535167699523919e-06 3044
4.5 4.874664773144688e-07 6.739477643691756e-06 2736
4.75 3.950951504633067e-07 5.949974444627455e-06 2276
5 3.544189792681919e-07 5.627717191612146e-06 2016
5.25 2.561633282698263e-07 4.60242462045452e-06 1640
5.5 1.785900923000448e-07 3.06585656771833e-06 1056
5.75 1.058915832641941e-07 2.192896547199173e-06 683
6 5.444101366261079e-08 1.077307356987235e-06 350
6.25 3.067887461098275e-08 6.210422096800952e-07 192
6.5 7.80250386043178e-09 1.20410942128444e-07 44
6.75 2.834726481515895e-09 8.316579269698699e-08 24
7 1.740932614770794e-09 3.619952284709213e-09 1

0.25 7.320199314819217e-09 2.233858378480664e-08 18
0.5 3.455789560974805e-08 2.670078640983062e-08 62
0.75 3.607314044189323e-08 1.534862611813556e-07 98
1 8.266584827622594e-08 2.388754979089238e-07 210
1.25 1.139823248175243e-07 4.80613178413872e-07 350
1.5 1.264852851760632e-07 5.715829056178048e-07 450
1.75 1.532790497020822e-07 8.087589376012528e-07 602
2 1.890984237464483e-07 1.121537526512002e-06 762
2.25 2.597217926676791e-07 1.789699719033247e-06 1142
2.5 2.942721706661854e-07 1.939537690010678e-06 1250
2.75 3.274551554729644e-07 2.354300554258661e-06 1458
3 3.683945429974314e-07 3.185588115959849e-06 1814
3.25 4.277134743905574e-07 3.991060718887037e-06 2178
3.5 4.778512155962837e-07 5.118700636763395e-06 2498
3.75 4.775033067083517e-07 5.283433644900671e-06 2622
4 6.284836862846417e-07 6.885550778293342e-06 3191
4.25 5.531092893968642e-07 7.234825671042495e-06 3044
4.5 4.848171425960824e-07 6.664546143595318e-06 2736
4.75 3.966627358272345e-07 5.791445618190844e-06 2276
5 3.091619438136107e-07 5.094870706737229e-06 2016
5.25 2.612365305864094e-07 4.407052194106128e-06 1640
5.5 1.846953298438961e-07 2.804578909471729e-06 1056
5.75 1.087929298846358e-07 2.043486704863743e-06 683
6 4.827351473126939e-08 8.706169138272477e-07 350
6.25 2.861399985839356e-08 5.459005758619808e-07 192
6.5 7.693668807126991e-09 1.217839895617514e-07 44
6.75 3.383821454550868e-09 6.355079771010514e-08 24
7 1.597531425292355e-14 1.374835464683555e-08 1

0.25 9.839311594716747e-09 1.491344902677792e-08 18
0.5 1.416837574426712e-08 5.120390170913052e-08 62
0.75 4.653236918804957e-08 8.834357798163802e-08 98
1 8.673693188040948e-08 2.164322329120402e-07 210
1.25 1.013480516544404e-07 4.470918042416963e-07 350
1.5 1.240825448017085e-07 5.278800071085777e-07 450
1.75 1.563640460623927e-07 6.993070966963243e-07 602
2 2.022613268644021e-07 9.761356786736935e-07 762
2.25 2.554999006084172e-07 1.590831543850211e-06 1142
2.5 2.918850866100204e-07 1.747812803271163e-06 1250
2.75 2.805216560186335e-07 2.326136391355161e-06 1458
3 3.540743351534002e-07 3.226112309735028e-06 1814
3.25 4.120355856556921e-07 3.890817052194332e-06 2178
3.5 4.934656524656555e-07 4.787928332207775e-06 2498
3.75 4.809317109991813e-07 5.21976077970362e-06 2622
4 5.840698398111577e-07 6.83761246926899e-06 3191
4.25 5.244074352393201e-07 6.817659226737546e-06 3044
4.5 4.57864101876971e-07 6.185690139804267e-06 2736
4.75 3.926742607840968e-07 5.54957861835539e-06 2276
5 3.215748426444335e-07 4.917080154849201e-06 2016
5.25 2.410409006664826e-07 4.389336089089862e-06 1640
5.5 1.632854526763168e-07 2.717921594851819e-06 1056
5.75 1.033311463926267e-07 2.015699242060073e-06 683
6 4.639880215615553e-08 9.674917310598982e-07 350
6.25 2.943332487185366e-08 4.669163975725877e-07 192
6.5 9.241812536328423e-09 1.474127815949316e-07 44
6.75 3.466610211027131e-09 8.526635300878213e-08 24
7 5.471354726256066e-10 1.217374387330959e-09 1

0.25 1.070519882474494e-08 1.079979242572003e-08 18
0.5 1.21778153825022e-08 4.114826115659803e-08 62
0.75 3.141116517186071e-08 1.023075664945364e-07 98
1 6.116631802616302e-08 2.438592088723772e-07 210
1.25 1.007359587993782e-07 3.765932578928838e-07 350
1.5 1.099896358258648e-07 5.221833297977218e-07 450
1.75 1.490352135577682e-07 7.388989928147355e-07 602
2 1.752490350333833e-07 1.058694756818825e-06 762
2.25 2.521130798208806e-07 1.425800044472947e-06 1142
2.5 2.501378370854753e-07 1.758238143078489e-06 1250
2.75 2.974526570838135e-07 2.154191427893322e-06 1458
3 3.452546524786865e-07 3.006290859496693e-06 1814
3.25 4.00399543892004e-07 3.933350588091794e-06 2178
3.5 4.552952798822596e-07 4.841955426049524e-06 2498
3.75 4.747776026971115e-07 5.355534696059509e-06 2622
4 5.527137013633426e-07 6.415108428378145e-06 3191
4.25 5.010618142373723e-07 6.666045703776757e-06 3044
4.5 4.384012080975296e-07 6.26651849299561e-06 2736
4.75 3.400145020067519e-07 5.095031814117806e-06 2276
5 2.922866467555332e-07 4.996102423796289e-06 2016
5.25 2.525871839174504e-07 4.046512089276933e-06 1640
5.5 1.633235383873773e-07 2.645122982243483e-06 1056
5.75 1.000298004905988e-07 1.839595269029137e-06 683
6 4.796823292725481e-08 8.851208116557797e-07 350
6.25 2.59254209101248e-08 5.155611691715257e-07 192
6.5 5.780900153081873e-09 1.624518376902655e-07 44
6.75 5.053515006721113e-09 3.023066307350076e-08 24
7 1.708726182992475e-10 1.361502942147575e-09 1

0.25 6.851480400041683e-09 6.99072330411294e-09 18
0.5 1.30352498072841e-08 2.869689359454917e-08 62
0.75 3.938295944077341e-08 6.906670663650324e-08 98
1 7.109451020886854e-08 1.899960444633242e-07 210
1.25 1.096552330856216e-07 3.754485062699635e-07 350
1.5 1.162756518434068e-07 4.57726441539803e-07 450
1.75 1.576497683869831e-07 6.055732445455025e-07 602
2 1.735359490956517e-07 9.361841644982217e-07 762
2.25 2.296749757184044e-07 1.54494893722678e-06 1142
2.5 2.436506887116465e-07 1.782551586918132e-06 1250
2.75 2.863910440420627e-07 2.166904846079218e-06 1458
3 3.332990713987923e-07 2.985770573202683e-06 1814
3.25 3.778031647377717e-07 3.510586034532642e-06 2178
3.5 4.248163681168919e-07 4.436905987707589e-06 2498
3.75 4.586463906175188e-07 4.762801439491047e-06 2622
4 5.426770250482107e-07 6.122071017216068e-06 3191
4.25 5.146758928377542e-07 6.10810485873349e-06 3044
4.5 4.308709993617206e-07 5.947567500249701e-06 2736
4.75 3.456378844198487e-07 5.097128566577806e-06 2276
5 3.069723302528923e-07 4.640336224690277e-06 2016
5.25 2.385182323193704e-07 3.633039365899618e-06 1640
5.5 1.423140156892802e-07 2.632880616906966e-06 1056
5.75 9.792847844867972e-08 1.762953525292542e-06 683
6 4.783232212269156e-08 8.294683452772732e-07 350
6.25 2.798898897981483e-08 5.768892836591676e-07 192
6.5 8.749756361287432e-09 1.286899417399853e-07 44
6.75 4.060497709080432e-09 1.143642675523349e-07 24
7 3.049037946386639e-11 4.188018166547831e-09 1

0.25 2.615745887114778e-09 1.029986112885778e-08 18
0.5 1.559685337209569e-08 3.033240417478832e-08 62
0.75 2.851304224990441e-08 7.649108240367285e-08 98
1 6.242129882900097e-08 2.05557067286788e-07 210
1.25 9.984471386395552e-08 3.197876730320767e-07 350
1.5 1.08363442135862e-07 4.265960488485949e-07 450
1.75 1.321709195651115e-07 7.206642896874514e-07 602
2 1.57992099602705e-07 9.139447000458292e-07 762
2.25 2.289119233872483e-07 1.480310836274703e-06 1142
2.5 2.400184046438756e-07 1.643810277218339e-06 1250
2.75 2.708530809416573e-07 2.052559235651054e-06 1458
3 3.080323552054428e-07 2.783727116499348e-06 1814
3.25 3.753957786779912e-07 3.579513273467683e-06 2178
3.5 4.340507434703932e-07 4.183944638320271e-06 2498
3.75 4.26999049023009e-07 4.447847162180645e-06 2622
4 5.306520179992237e-07 5.881602136715114e-06 3191
4.25 4.584146764599212e-07 6.161945629217188e-06 3044
4.5 4.165153590589414e-07 5.84472411023424e-06 2736
4.75 3.304788108860577e-07 4.829334346364734e-06 2276
5 2.905592067823051e-07 4.441132305251401e-06 2016
5.25 2.432645462678708e-07 3.77749298525919e-06 1640
5.5 1.441201039165513e-07 2.587554535426093e-06 1056
5.75 9.457372847305276e-08 1.762208460694812e-06 683
6 3.951801498422023e-08 9.178456054942217e-07 350
6.25 2.686948300285921e-08 5.143933927439961e-07 192
6.5 6.229467189152761e-09 1.356324130909315e-07 44
6.75 3.529771921724002e-09 9.402537428016425e-08 24
7 2.848455202613831e-11 1.660521886025727e-09 1

0.25 3.346774138363471e-09 5.84243633676967e-09 18
0.5 1.481802131790727e-08 3.499225513958781e-08 62
0.75 2.401813989072869e-08 8.612436712540711e-08 98
1 5.889468494564259e-08 1.558643035240487e-07 210
1.25 8.395061721114632e-08 2.932907767266634e-07 350
1.5 1.00875957136099e-07 4.333137466444423e-07 450
1.75 1.192676873193087e-07 5.935928996799677e-07 602
2 1.670595485814858e-07 8.87926997167229e-07 762
2.25 2.331681868593194e-07 1.37597662061961e-06 1142
2.5 2.439596261109621e-07 1.685053869206839e-06 1250
2.75 2.41372330630503e-07 1.924996613769356e-06 1458
3 3.106808768924918e-07 2.662203421313562e-06 1814
3.25 3.650156609367931e-07 3.404320867866987e-06 2178
3.5 4.138729392442164e-07 4.129946011959607e-06 2498
3.75 4.112487853621986e-07 4.554651103709943e-06 2622
4 5.152067028702014e-07 5.707155461399143e-06 3191
4.25 4.512239730108695e-07 5.63873827872441e-06 3044
4.5 3.985092276940212e-07 5.471648649577748e-06 2736
4.75 3.213308593447502e-07 4.813956702829575e-06 2276
5 2.781256414446778e-07 4.339474104052215e-06 2016
5.25 2.322452432453353e-07 3.656341450361648e-06 1640
5.5 1.462831808971666e-07 2.537602194671e-06 1056
5.75 9.76665634692726e-08 1.515520393010709e-06 683
6 4.594775825622918e-08 8.664525998670221e-07 350
6.25 2.543895872158981e-08 4.641417268168365e-07 192
6.5 7.71616363600341e-09 1.066050989263133e-07 44
6.75 3.039466738434163e-09 7.813243365924686e-08 24
7 3.194342180747959e-11 2.003872119223629e-11 1

0.25 1.991659637831759e-09 7.403787351442527e-09 18
0.5 1.309429234609376e-08 3.057410056301702e-08 62
0.75 2.806152984627649e-08 6.312486582578149e-08 98
1 5.585380150578983e-08 1.349837489877774e-07 210
1.25 8.886479977792822e-08 3.020719264524324e-07 350
1.5 9.096101393745551e-08 4.041102414962552e-07 450
1.75 1.119999774617278e-07 5.320151417781995e-07 602
2 1.464048723949338e-07 8.377219745338862e-07 762
2.25 2.169296234538864e-07 1.385603655373711e-06 1142
2.5 2.206304879193381e-07 1.566115961609469e-06 1250
2.75 2.461091918292185e-07 1.968857742828907e-06 1458
3 2.974032130256138e-07 2.525230074578221e-06 1814
3.25 3.402956892215525e-07 3.356262065920541e-06 2178
3.5 3.887304889727373e-07 3.948089047489616e-06 2498
3.75 4.121955849882113e-07 4.434771599057999e-06 2622
4 5.141966911307117e-07 5.578367829358673e-06 3191
4.25 4.513005343670549e-07 5.447256429737566e-06 3044
4.5 3.814066348366923e-07 5.142923373953064e-06 2736
4.75 3.137959740037724e-07 4.295126505277863e-06 2276
5 2.596630419941991e-07 4.187519860048074e-06 2016
5.25 2.263048526531966e-07 3.559939872629628e-06 1640
5.5 1.290970011014111e-07 2.365784965833871e-06 1056
5.75 9.007426253626164e-08 1.643264141882812e-06 683
6 4.086325083289103e-08 9.166061858770831e-07 350
6.25 2.392768241844759e-08 4.542369353232584e-07 192
6.5 5.595210698478384e-09 1.091041142731703e-07 44
6.75 2.86666978950743e-09 8.776380070833945e-08 24
7 4.834089558605826e-12 1.464984882717674e-09 1

0.25 2.621785566114193e-09 5.609158566688772e-09 18
0.5 1.412809401930169e-08 2.542003402382044e-08 62
0.75 2.496770726734856e-08 5.893121710724942e-08 98
1 5.545336166090299e-08 1.39020117272541e-07 210
1.25 8.390444611834657e-08 2.507694029459462e-07 350
1.5 9.776249984569128e-08 4.17181643828348e-07 450
1.75 1.116894217467828e-07 5.75464136992273e-07 602
2 1.444641148788375e-07 8.173592002675486e-07 762
2.25 2.232587837762995e-07 1.257676692760868e-06 1142
2.5 2.017577471510878e-07 1.343228634216075e-06 1250
2.75 2.407542747723631e-07 1.754536367811234e-06 1458
3 2.90723529361147e-07 2.549764750691676e-06 1814
3.25 3.298345805704106e-07 3.245777031743845e-06 2178
3.5 3.794163637718976e-07 3.829878551346282e-06 2498
3.75 3.876108968210657e-07 4.276469688549449e-06 2622
4 4.977211731547075e-07 5.660100500206128e-06 3191
4.25 4.358593937482865e-07 5.488822070985125e-06 3044
4.5 3.744898098962248e-07 5.177333246340335e-06 2736
4.75 2.956916509515153e-07 4.40328804365249e-06 2276
5 2.608663308609986e-07 4.201124271546717e-06 2016
5.25 2.119251656449741e-07 3.412524244338975e-06 1640
5.5 1.339005153785639e-07 2.306740036997834e-06 1056
5.75 8.340317296256576e-08 1.540957201700834e-06 683
6 3.656927293438472e-08 7.952138608352098e-07 350
6.25 2.470784570980119e-08 4.097833107967153e-07 192
6.5 4.630739847340453e-09 8.682406200330266e-08 44
6.75 3.023206852202593e-09 6.900339422149346e-08 24
7 1.185831369703107e-10 2.373074318548856e-09 1

0.25 2.8816901154029e-09 4.122842928298235e-09 18
0.5 1.028532470015155e-08 2.745433402854862e-08 62
0.75 2.052624127363355e-08 5.459980355969246e-08 98
1 4.563423239781488e-08 1.620042834394008e-07 210
1.25 8.575679609446747e-08 2.404915391825464e-07 350
1.5 9.812905410001651e-08 3.510309683245461e-07 450
1.75 1.122884627984045e-07 5.44011433187234e-07 602
2 1.445618444732819e-07 8.086876574733461e-07 762
2.25 1.982538178298604e-07 1.184375031175857e-06 1142
2.5 1.836517504991127e-07 1.428558131002031e-06 1250
2.75 2.372151517695104e-07 1.704744554095892e-06 1458
3 2.955209560756909e-07 2.364604632963113e-06 1814
3.25 3.203859337401224e-07 3.205676709812941e-06 2178
3.5 3.759072929612306e-07 3.746779589422211e-06 2498
3.75 3.684603393488554e-07 4.194386581784879e-06 2622
4 4.646310140623596e-07 5.137315535211013e-06 3191
4.25 4.261504958784337e-07 5.479344183978703e-06 3044
4.5 3.588217932479787e-07 4.978134054636926e-06 2736
4.75 2.880585161427327e-07 4.27043059223613e-06 2276
5 2.632035882951614e-07 4.059415206976066e-06 2016
5.25 1.988151089607686e-07 3.594149953959034e-06 1640
5.5 1.323845535753353e-07 2.187693005861341e-06 1056
5.75 8.10106027295267e-08 1.40576877420999e-06 683
6 3.948690196857484e-08 7.72204499595562e-07 350
6.25 2.129039356654487e-08 4.123925607382594e-07 192
6.5 4.076742555522258e-09 1.108088773952553e-07 44
6.75 2.863139208737768e-09 3.937942735829793e-08 24
7 1.779842472882488e-12 9.170041241644991e-12 1

0.25 2.362361481154656e-09 3.522863667005295e-09 18
0.5 1.071701386493845e-08 2.006243223575387e-08 62
0.75 2.129499648465266e-08 5.066159211492191e-08 98
1 4.662518931725336e-08 1.17503273388531e-07 210
1.25 7.804419112578856e-08 2.610595580221056e-07 350
1.5 8.771428400404714e-08 3.630096067201621e-07 450
1.75 1.187504198477687e-07 5.51567021652356e-07 602
2 1.311789724933696e-07 7.873653237247611e-07 762
2.25 1.892609573513294e-07 1.177620332118588e-06 1142
2.5 1.815956573291276e-07 1.306058180146152e-06 1250
2.75 2.191187670330202e-07 1.77243671510436e-06 1458
3 2.618519345438119e-07 2.318645538613444e-06 1814
3.25 3.250828095236142e-07 3.038771575653438e-06 2178
3.5 3.559371311105331e-07 3.632656055254674e-06 2498
3.75 3.713709529694626e-07 3.911473743228295e-06 2622
4 4.351622787198927e-07 5.176773426597721e-06 3191
4.25 3.925441315463434e-07 5.210081594815629e-06 3044
4.5 3.427492023200369e-07 4.727118644655102e-06 2736
4.75 2.921880868330343e-07 4.099221544006232e-06 2276
5 2.45508103611622e-07 3.675168042055901e-06 2016
5.25 2.069359997910102e-07 3.245279871175079e-06 1640
5.5 1.298729752928608e-07 2.170899130798278e-06 1056
5.75 7.613235817966868e-08 1.517851046142698e-06 683
6 3.529347515590021e-08 8.159671415771643e-07 350
6.25 1.715666799322512e-08 4.341449015519258e-07 192
6.5 3.454681457937113e-09 8.85845939347063e-08 44
6.75 2.360275812638849e-09 5.974506302493707e-08 24
7 1.192994916784631e-10 9.570425744650669e-10 1

0.25 1.588114062347116e-09 4.886350098461604e-09 18
0.5 9.320089466325701e-09 2.183242232598767e-08 62
0.75 1.966284093174484e-08 5.021053116717087e-08 98
1 4.154395173623821e-08 1.385568545795135e-07 210
1.25 6.656148728897047e-08 2.677709138397384e-07 350
1.5 8.012574988275922e-08 3.392240766580854e-07 450
1.75 1.154649299281659e-07 5.449481806538835e-07 602
2 1.364884793183366e-07 6.821005571026634e-07 762
2.25 1.800324473283805e-07 1.119746848864464e-06 1142
2.5 1.692439389649219e-07 1.375741891571288e-06 1250
2.75 2.279108470849376e-07 1.659755239842611e-06 1458
3 2.465215668561917e-07 2.143003776879459e-06 1814
3.25 2.96715045102656e-07 2.992874279573314e-06 2178
3.5 3.3925120906958e-07 3.335669480653028e-06 2498
3.75 3.518988827427089e-07 3.87644795289484e-06 2622
4 4.227462040042027e-07 4.951586381723039e-06 3191
4.25 3.90482087045823e-07 5.034800231815068e-06 3044
4.5 3.42168169573989e-07 4.702250163690625e-06 2736
4.75 2.719723854078369e-07 3.97411325993998e-06 2276
5 2.362163194071246e-07 3.561941063134844e-06 2016
5.25 1.923573295892909e-07 3.020705108627278e-06 1640
5.5 1.253145498194196e-07 2.246194685381177e-06 1056
5.75 6.937113095835519e-08 1.462513439626435e-06 683
6 3.513680464785849e-08 7.097487096893548e-07 350
6.25 2.092441680744433e-08 3.895885444643543e-07 192
6.5 3.117167992325233e-09 7.415523921091376e-08 44
6.75 2.271250410770816e-09 4.405939662747938e-08 24
7 2.773132087655152e-12 5.637958182777973e-10 1

