#t    <phi>    <pi>    <phi^2>    <pi^2>    rms(phi)    rms(pi)
0    1    -0.500000416654174    1.00000000000002    0.250000416654521    1.23778341158004e-07    4.17211744533903e-07
0.5    0.732695233529616    -0.557509753366283    0.536842305237021    0.310817125098613    4.49549054710005e-08    2.801018531939e-07
1    0.458970496081093    -0.519545144360684    0.210653916272928    0.269927157028802    5.84635455987451e-08    1.95990596072002e-07
1.5    0.226072004119371    -0.406633367783471    0.0511085510465512    0.165350695794948    4.81299292691713e-08    1.41281087263843e-07
2    0.0507682639087572    -0.300706532500511    0.00257741662031108    0.0904244186884942    4.31443050307713e-08    1.16644065047003e-07
2.49999999999999    -0.0813881021928729    -0.233096213582747    0.00662402317855901    0.0543338447866245    3.85405563976209e-08    1.03892289810796e-07
2.99999999999998    -0.183404089899398    -0.170808027744606    0.0336370601918274    0.0291753823420119    3.25046718843971e-08    9.87130103100814e-08
3.49999999999997    -0.243145988877867    -0.0567604809158542    0.0591199719073969    0.00322175219380813    3.31629688955019e-08    9.53044053817461e-08
3.99999999999996    -0.233717825846712    0.0914189779602529    0.0546240221185149    0.00835742953130478    2.64582030687273e-08    8.70244487319718e-08
4.49999999999995    -0.164145671418976    0.169973014131954    0.0269438014455868    0.0288908255331072    2.12638141249731e-08    7.56064131559433e-08
4.99999999999994    -0.0774254419202154    0.168779863060513    0.0059946990565412    0.0284866421747297    2.35080634842676e-08    6.56090519399361e-08
5.49999999999993    0.00145792034750412    0.146775575521667    2.12553174016377e-06    0.0215430695697201    2.2298531860575e-08    6.04687566251606e-08
5.99999999999992    0.069940570064388    0.126827941509543    0.00489168334093203    0.0160853267475513    2.13816214484885e-08    5.64982881420297e-08
6.49999999999991    0.125370281030118    0.0888957510027841    0.015717707365571    0.00790245454635232    1.75508281947406e-08    5.77355185088998e-08
6.9999999999999    0.151189141925807    0.00778644395956371    0.0228581566362622    6.06287095385722e-05    1.91512039208322e-08    5.60895425932206e-08
7.49999999999988    0.132245845532791    -0.0777167431857863    0.0174889636606829    0.00603989217140822    1.39084101580021e-08    5.24328159703569e-08
7.99999999999987    0.0828587731932062    -0.110450300992346    0.00686557629508342    0.012199268989302    1.5128808570019e-08    4.67925091665791e-08
8.49999999999986    0.0279722273531812    -0.1062808172022    0.000782445503098302    0.0112956121051691    1.55904516517506e-08    4.19749975146634e-08
8.99999999999985    -0.022684504477115    -0.0965249491842712    0.000514586743372475    0.00931706581502782    1.49430064238352e-08    4.091007966136e-08
9.49999999999984    -0.0680719826194045    -0.0830049633383773    0.00463379481773672    0.00688982393880702    1.48902859618838e-08    4.0674578119672e-08
9.99999999999983    -0.101472608840417    -0.0446159765857209    0.0102966903448804    0.00199058536669927    1.33485281875084e-08    4.0928779929574e-08
10.4999999999998    -0.107574442721134    0.0220094452787725    0.0115722607267626    0.000484415681480871    9.58517072127775e-09    3.98845062036283e-08
10.9999999999998    -0.0825924468302286    0.0711749795760935    0.00682151227340424    0.00506587771765865    9.93284169452902e-09    3.64339704981354e-08
11.4999999999998    -0.0431031964955089    0.0819052531775772    0.00185788554813058    0.00670847049808416    1.11545761751753e-08    3.37722590888734e-08
11.9999999999998    -0.00316245804198213    0.0771960505235702    1.00011408674348e-05    0.00595923021643856    1.17168825898986e-08    3.10398951936108e-08
12.4999999999998    0.0340160707081185    0.0712140497648125    0.00115709306641985    0.00507144088390613    1.1514223960381e-08    3.04826017417686e-08
12.9999999999998    0.066485450744802    0.0553959760465675    0.0044203151607396    0.00306871416215289    1.04398281210291e-08    3.1677012184829e-08
13.4999999999998    0.0848553999636526    0.013530177222438    0.00720043890299158    0.00018306569567161    1.11685454012516e-08    3.20835914371571e-08
13.9999999999997    0.0782308869115231    -0.0379477694752727    0.00612007166696358    0.00144003320814936    7.98751918143856e-09    3.02841417603349e-08
14.4999999999997    0.0516835912917504    -0.062757805054187    0.00267119360881277    0.00393854209522013    8.21412291989166e-09    2.8162726928409e-08
14.9999999999997    0.0194385064009733    -0.0641469848315333    0.000377855531100769    0.00411483566297765    9.47663467489569e-09    2.61934010979085e-08
15.4999999999997    -0.0117391520817255    -0.0605326365306241    0.000137807691597968    0.00366420008534928    9.42884108084204e-09    2.51665821580296e-08
15.9999999999997    -0.0407813287104913    -0.0544555364776554    0.00166311677139321    0.00296540545306987    8.31972519029504e-09    2.48404921160272e-08
16.4999999999998    -0.0636009186602938    -0.0329407766104326    0.00404507685443339    0.00108509476369912    8.78499702129346e-09    2.64392963700461e-08
16.9999999999999    -0.070032524784382    0.00911731512969979    0.00490455452767511    8.31254351749281e-05    5.97566601851267e-09    2.59877082591378e-08
17.4999999999999    -0.0557925623945582    0.0438738403416682    0.00311281001855073    0.00192491386632676    7.97061378013347e-09    2.38527728727723e-08
18    -0.0305112536409623    0.0538303265956096    0.000930936598743199    0.00289770406139049    7.94624639724736e-09    2.22620462604041e-08
18.5000000000001    -0.00382943003979445    0.0522883080332002    1.46645344297435e-05    0.00273406715697528    7.95926164715589e-09    2.12317141288667e-08
19.0000000000002    0.021653113768211    0.0494522594031598    0.000468857335859149    0.00244552596007785    7.73417768565741e-09    2.09980934794877e-08
19.5000000000002    0.044629154926136    0.0402993827013325    0.0019917614694211    0.00162404024610893    6.93173080171901e-09    2.16900514175547e-08
20.0000000000003    0.0587797072144645    0.0128974861488528    0.00345505398021823    0.000166345148960359    7.8259722501932e-09    2.25586626788877e-08
20.5000000000004    0.0558215471022125    -0.0237939766534228    0.00311604512088455    0.000566153324984092    4.15865186539016e-09    2.14703799299824e-08
21.0000000000005    0.0380457434521247    -0.0434615643303074    0.00144747859482493    0.00188890757403785    6.82457153286988e-09    1.99312442980783e-08
21.5000000000006    0.0152980707361081    -0.045883792195429    0.000234030968247014    0.00210532238623367    6.83093699797627e-09    1.90908677450734e-08
22.0000000000006    -0.00720595683824368    -0.0440642264839352    5.19258139546788e-05    0.00194165605562787    6.926180151639e-09    1.82278575532631e-08
22.5000000000007    -0.0285604735071437    -0.0405727155580573    0.000815700646952304    0.00164614524775535    6.73965782138574e-09    1.81450429181492e-08
23.0000000000008    -0.0459682601101046    -0.026236810252505    0.00211308093755028    0.00068837021222633    6.95821231872257e-09    1.94282508593121e-08
23.5000000000009    -0.0519316968583387    0.00413089011753142    0.00269690113858638    1.70642531635004e-05    1.45849092714572e-09    1.95375508742411e-08
24.000000000001    -0.0424359279004601    0.0311484087596355    0.00180080797677307    0.00097022336825766    4.85089142890094e-09    1.79890010270705e-08
24.500000000001    -0.0239883489727667    0.0399809269873902    0.000575440886439268    0.00159847452277132    5.60932281442135e-09    1.71118501990401e-08
25.0000000000011    -0.00397610913486804    0.0395199946973453    1.58094438524188e-05    0.00156182998087846    6.13948349033381e-09    1.6125902650176e-08
25.5000000000012    0.015404198542676    0.0378795604090777    0.000237289332742218    0.00143486109678522    6.10870076941298e-09    1.59821915618208e-08
26.0000000000013    0.0332136340976237    0.0318037530271357    0.00110314548997086    0.00101147870661132    5.5285923745715e-09    1.6560633704002e-08
26.5000000000013    0.0448105516602909    0.0118745817012475    0.00200798554009962    0.000141005690579909    4.74877881024792e-09    1.74937904385567e-08
27.0000000000014    0.0435297072551618    -0.0165893696621771    0.00189483541372012    0.00027520718578864    5.58289338036105e-09    1.66583012783955e-08
27.5000000000015    0.0303900962763644    -0.0330180042716422    0.000923557951686726    0.00109018860608243    5.3433588166141e-09    1.57657762140728e-08
28.0000000000016    0.0128661976702485    -0.0356916945030643    0.000165539042489937    0.00127389705650031    5.44544772636643e-09    1.52417667701519e-08
28.5000000000017    -0.00473553277592702    -0.0346340607816035    2.24252706719101e-05    0.00119951816622402    5.5667733136416e-09    1.44093925603016e-08
29.0000000000017    -0.0216255612436776    -0.0323731126522849    0.000467664899104078    0.00104801842279774    5.28121348208405e-09    1.43241612517989e-08
29.5000000000018    -0.0357562625829198    -0.0219660820533439    0.00127851031389874    0.000482508760774477    4.96861236186377e-09    1.55505206965585e-08
30.0000000000019    -0.0412547731151577    0.00156341345595973    0.00170195630478314    2.44426163451805e-06    2.83395892883915e-09    1.55598567675817e-08
30.500000000002    -0.03442440683903    0.0237792710816111    0.00118503978621908    0.000565453733172955    4.99710605886021e-09    1.4484433455317e-08
31.000000000002    -0.019998846968421    0.0317268110507384    0.000399953880066346    0.00100659053944945    4.79926876659829e-09    1.38915817304925e-08
31.5000000000021    -0.00400105760641416    0.0317596392690512    1.60084619698696e-05    0.00100867468650043    5.00257777167793e-09    1.31671448980185e-08
32.0000000000022    0.0116340118990994    0.0306998015293303    0.000135350232868413    0.000942477813940439    5.1536805436636e-09    1.29045570721253e-08
32.5000000000021    0.0261942743288109    0.0263579835593274    0.000686140007613022    0.000694743297313956    4.42346597793555e-09    1.34409569430044e-08
33.000000000002    0.0360905475320094    0.0109838612934425    0.00130252762116024    0.00012064520891379    2.94148782362744e-09    1.4388629252024e-08
33.5000000000019    0.03575186363076    -0.0122273285290303    0.00127819575307248    0.000149507562957027    4.48324867097327e-09    1.36904830045795e-08
34.0000000000018    0.0254842407251231    -0.0264614973347509    0.000649446525336044    0.000700210841197198    4.61085233646799e-09    1.29822723652754e-08
34.5000000000017    0.0112681640587345    -0.02918789090796    0.000126971521254574    0.000851932975655126    4.33255453529461e-09    1.2348989391017e-08
35.0000000000016    -0.00318274063820191    -0.0285265778421133    1.01298379700836e-05    0.000813765643382287    4.65825150517614e-09    1.18591115373514e-08
35.5000000000015    -0.0171555502023318    -0.0269572360252014    0.000294312902744746    0.000726692574118552    4.50920299331461e-09    1.17110057385441e-08
36.0000000000014    -0.0290870357358776    -0.0190116990003596    0.000846055647900233    0.000361444698880442    3.51860073533412e-09    1.294036689758e-08
36.5000000000013    -0.0341992687987973    2.11179204736552e-05    0.00116958998637241    4.45966734458464e-10    3.94695759214082e-09    1.30125646596391e-08
37.0000000000012    -0.0290769644322554    0.0189619951696134    0.000845469860594665    0.000359557260812594    4.48564838003904e-09    1.22700884238461e-08
37.5000000000011    -0.0173057666326627    0.0262413090470929    0.000299489558744197    0.000688606300505177    3.97477564969291e-09    1.16286844738706e-08
38.000000000001    -0.00399060647442195    0.0265447174118147    1.5924940033716e-05    0.000704622022473228    4.20197301629271e-09    1.12631871661723e-08
38.5000000000009    0.00911196936511406    0.0258102275219824    8.30279857107966e-05    0.000666167844736611    4.41280400675297e-09    1.07458013949935e-08
39.0000000000008    0.021438469402555    0.0225644134220363    0.000459607970324306    0.000509152753080707    4.14637862329155e-09    1.16361223513513e-08
39.5000000000007    0.0301200709530825    0.0102542983971456    0.000907218674218742    0.000105150635617857    3.94451628878308e-09    1.24046529403249e-08
40.0000000000006    0.0303780954973682    -0.00929913836967869    0.000922828686047237    8.64739744185739e-05    3.70019754460785e-09    1.19738432708002e-08
40.5000000000005    0.022068824354137    -0.0219531541008954    0.000487033008373762    0.000481940974977788    3.4682479375815e-09    1.12385297090293e-08
41.0000000000004    0.0101381622198777    -0.0246751756839627    0.000102782333196571    0.000608864295034541    3.87330878232927e-09    1.08475487592073e-08
41.5000000000003    -0.00211694101894577    -0.0242492920366199    4.48143927771334e-06    0.000588028164277382    4.26570932211525e-09    1.01600668520543e-08
42.0000000000002    -0.0140337589900354    -0.023110149691985    0.00019694639139042    0.000534079018786127    4.56307857665637e-09    1.31098604802211e-08
42.5000000000001    -0.0243845824918766    -0.0168420071989038    0.000594607863303174    0.000283653206488085    6.28094438343205e-09    1.24985410110318e-08
43    -0.0291813305035963    -0.000998270732665918    0.000851550049960165    9.96544455866072e-07    6.57898647178853e-09    1.29893830194616e-08
43.4999999999999    -0.0252486282302676    0.0155576850603038    0.000637493227510287    0.000242041564435773    4.61073959253468e-09    1.32058533955168e-08
43.9999999999998    -0.0153643765916    0.0223263507351464    0.000236064068048519    0.000498465937148917    3.76274527438625e-09    1.2023285924067e-08
44.4999999999997    -0.00396959738656674    0.0227992557158672    1.57577034114575e-05    0.000519806061197625    4.47109289126473e-09    1.10930437295506e-08
44.9999999999996    0.00730629627975018    0.0222651367682678    5.3381965327515e-05    0.000495736315309892    4.86983656075289e-09    1.48972805747249e-08
45.4999999999995    0.0180013136956596    0.0197651244131241    0.000324047294769671    0.000390660143066938    1.13966657653765e-08    2.57690411288985e-08
45.9999999999994    0.0257696277442567    0.00965510586712693    0.000664073714077952    9.32210693057217e-05    1.96754700352431e-08    1.71098144412178e-08
46.4999999999993    0.0264361849666867    -0.00719399004390895    0.000698871875593088    5.17534927527078e-05    1.46988887318646e-08    2.90968349417066e-08
46.9999999999992    0.0195514253831981    -0.0186553009624834    0.000382258234514804    0.00034802025400138    6.51683274173232e-09    2.33965817030234e-08
47.4999999999991    0.00929674594349915    -0.02135864229733    8.64294851380104e-05    0.000456191600785868    6.51521199468577e-09    2.39769345522754e-08
47.999999999999    -0.00134029428138533    -0.0210869601932455    1.79638876082674e-06    0.000444659890191802    1.06074936641333e-08    1.6795678200057e-08
48.4999999999989    -0.0117296115139808    -0.0202339851648119    0.000137583786269168    0.000409414155657917    1.60579107021187e-08    8.99276765840758e-08
48.9999999999988    -0.0208872701587711    -0.015175896623172    0.000436278054688458    0.000230307838321647    5.44857366768104e-08    6.66504956017652e-08
49.4999999999987    -0.0254233194051484    -0.00171663298595326    0.000646345169580006    2.94682881257106e-06    6.17441333765155e-08    6.40956007965199e-08
49.9999999999986    -0.0223681130925338    0.0130170539554709    0.000500332483321388    0.000169443693687234    3.1693074709287e-08    8.71413460992998e-08
50.4999999999985    -0.013897443903095    0.0193874386337299    0.0001931389470399    0.000375872776781118    1.503809559692e-08    6.69032202891717e-08
50.9999999999984    -0.00394630893812422    0.0199785430700536    1.5573354235882e-05    0.000399142183205473    2.7620574265021e-08    5.9050160630062e-08
51.4999999999983    0.00594969896222774    0.0195764535345694    3.53989177420282e-05    0.000383237533003824    2.99047409555018e-08    1.12554752737557e-07
51.9999999999982    0.0153996800339258    0.0176102702187882    0.000237150145160287    0.000310121617246811    1.13994636354093e-07    2.60905995297996e-07
52.4999999999981    0.0224539371016192    0.00915487772191186    0.000504179291409716    8.38117861258011e-05    2.15049206709121e-07    1.50476345263547e-07
52.999999999998    0.0234156232525302    -0.00560479808381506    0.000548291412331253    3.14137616460308e-05    1.63766226300405e-07    2.92735214014084e-07
53.4999999999979    0.017616576508358    -0.0161317243831966    0.000310343767879139    0.000260232531634468    6.56314484715112e-08    2.43000866510459e-07
53.9999999999978    0.00864566289841533    -0.0188164133063058    7.47474869568489e-05    0.000354057409776779    6.17544276183558e-08    2.51109578577921e-07
54.4999999999977    -0.000749241201307294    -0.018653933195233    5.61362390289854e-07    0.000347969223678386    1.12042211929584e-07    1.61766959187888e-07
54.9999999999976    -0.00995855699154956    -0.0179999710730641    9.91728573779785e-05    0.000323998959612385    1.55041702770392e-07    9.90576813113169e-07
55.4999999999975    -0.018181505836844    -0.0138510580802043    0.000330567154851519    0.000191851810591931    5.9693028354583e-07    8.06682974831748e-07
55.9999999999974    -0.0224980517061646    -0.00224603026311798    0.000506162331065525    5.04465238925496e-06    7.01619609462048e-07    6.68141537130719e-07
56.4999999999973    -0.0201179915926296    0.011042256030759    0.000404733585859205    0.000121931419197512    3.71602072491251e-07    9.74001499453635e-07
56.9999999999972    -0.0127488289773643    0.0170955051768357    0.000162532640321648    0.000292256297834273    1.66026906127129e-07    7.63582286102651e-07
57.4999999999971    -0.0039236831569456    0.0177770205327185    1.5395289610887e-05    0.000316022459489091    3.07877369163821e-07    6.84393401650254e-07
57.999999999997    0.00489295421050758    0.0174662272305103    2.39410010281754e-05    0.000305069094916787    3.49358650440432e-07    1.11757286107459e-06
58.4999999999969    0.013359881679273    0.0158950159330166    0.000178486440011192    0.000252651540324772    1.23572484213131e-06    2.96882457130968e-06
58.9999999999968    0.0198374378414019    0.00872766480967794    0.000393523945998834    7.61721362806679e-05    2.42638640364938e-06    1.80293574843496e-06
59.4999999999967    0.0210204891352806    -0.00435965725102532    0.000441860967136637    1.90066218557199e-05    1.91054672304209e-06    3.24180539825326e-06
59.9999999999966    0.0160796894462563    -0.0141307177162501    0.000258556413303756    0.000199677191457597    7.84672374440219e-07    2.87771644196689e-06
60.4999999999965    0.00812643384987125    -0.0168026290462841    6.60389275888161e-05    0.000282328351254337    6.87373889749309e-07    2.89608456362464e-06
60.9999999999964    -0.000284049153097372    -0.0167230833617803    8.06855824595932e-08    0.000279661520679469    1.28883057816047e-06    1.88531594742987e-06
61.4999999999963    -0.00855273138813571    -0.0162066788805415    7.31492166777219e-05    0.000262656561535783    1.57483974334568e-06    1.10090323855765e-05
61.9999999999962    -0.016018420298141    -0.0127600225992617    0.00025658983297355    0.000162818276078185    6.64271435883348e-06    9.96717193586252e-06
62.4999999999961    -0.0201439563122751    -0.00264685951818762    0.000405779041498882    7.00591885209786e-06    8.09864386513271e-06    7.31731354114223e-06
62.999999999996    -0.0183018669278604    0.00945155811685761    0.000334958352767451    8.93320791572577e-05    4.44098431573596e-06    1.13278824491187e-05
63.4999999999959    -0.0118216744724822    0.0152462168450377    0.000139751990978663    0.000232447207485791    1.90927350582094e-06    8.91066105298408e-06
63.9999999999958    -0.00390290124507293    0.0160066261557214    1.52326504061931e-05    0.000256212148239117    3.5039122896037e-06    8.20671019906937e-06
64.4999999999961    0.00404427064711278    0.0157583115944735    1.63561424586458e-05    0.000248324510576698    4.17031746763668e-06    1.1236911451421e-05
64.9999999999963    0.0117050644407877    0.0144708536963655    0.000137008712653764    0.000209406793193642    1.33824799897052e-05    3.44454935657219e-05
65.4999999999966    0.0176923474978184    0.00833355634630921    0.000313019910061622    6.94486340028383e-05    2.73875530397014e-05    2.17399569423002e-05
65.9999999999969    0.019043075973844    -0.00334612511965882    0.000362639243619403    1.11979049570951e-05    2.2384677955469e-05    3.67646662346962e-05
66.4999999999971    0.014811560636076    -0.0124702354602925    0.000219382418614938    0.000155507981780762    9.49414455922635e-06    3.4775647035905e-05
66.9999999999974    0.00769943775134344    -0.0151497594282699    5.92814007750474e-05    0.000229516320931573    7.68688720141791e-06    3.33196206318513e-05
67.4999999999976    9.51179185472472e-05    -0.0151421660752572    9.27278713331152e-09    0.000229285684236947    1.5012285120886e-05    2.2153696710923e-05
67.9999999999979    -0.00739139310300124    -0.0146655781781873    5.46329192737717e-05    0.000215092820998523    1.50754992427534e-05    0.000116780554888884
68.4999999999981    -0.0141884288128284    -0.0117457364212766    0.000201316444865656    0.00013797625932386    7.0233104417555e-05    0.000118047641887048
68.9999999999984    -0.0181120273407686    -0.00292935255229485    0.000328053524254671    8.58768293247321e-06    8.9386027541697e-05    8.10959730000916e-05
69.4999999999986    -0.0167249943599892    0.00805953966239396    0.000279728102052058    6.49735684129759e-05    5.1630517966981e-05    0.000131866763342911
69.9999999999989    -0.0110252218199268    0.0136273909385385    0.000121555978361345    0.000185715439113332    2.14984361132019e-05    9.82614958691458e-05
70.4999999999992    -0.00388374912486988    0.014513927304983    1.50850490608227e-05    0.000210665249387845    3.92657088959974e-05    0.000105657813311712
70.9999999999994    0.003328619028261    0.0142894504408304    1.10822827861642e-05    0.000204198933815241    5.07754947093619e-05    0.000102664084732003
71.4999999999997    0.0102351818542895    0.0130540465707813    0.000104770079382052    0.000170520889315497    0.000105507306264906    0.00033579375123638
71.9999999999999    0.0156840803548191    0.00776430475719518    0.000246045012055323    6.03281879160231e-05    0.000233742334419927    0.000209187842427477
72.5000000000002    0.0171258441222505    -0.00242104005365288    0.000293334873864144    5.99116629746765e-06    0.000200840644597631    0.000360182392790248
73.0000000000004    0.0135866788099132    -0.0107911912489062    0.000184607183466946    0.000116552075630563    9.66560044865913e-05    0.000319792213933554
73.5000000000007    0.00730214438490199    -0.0135760373117079    5.33264708063842e-05    0.000184392492276723    7.18205292966546e-05    0.000289315032170057
74.000000000001    0.000418610044055832    -0.0137589180044307    2.00864001256686e-07    0.000189381029707355    0.000160092574069691    0.000270564326376443
74.5000000000012    -0.00636906639267128    -0.013191750732595    4.05845256747401e-05    0.000174312721002939    0.00013971027337076    0.000538918928984747
75.0000000000015    -0.01247606385436    -0.0105809409187957    0.00015571378611572    0.000112340078549168    0.000248227350734799    0.000619489969347092
75.5000000000017    -0.0161106099035222    -0.00307372261668419    0.000259660012509328    9.72137133586786e-06    0.000329030463421633    0.000523068457806406
76.000000000002    -0.0151401069843855    0.0066281069999388    0.000229269659667969    4.43478130621656e-05    0.000216379687889479    0.000644988883259181
76.5000000000022    -0.0102431222969927    0.0120131256476382    0.00010494826793092    0.000144583690956913    0.000163442772162264    0.000518172877493857
77.0000000000025    -0.00386709698784395    0.0131711017238033    1.4998524567807e-05    0.000173845040434658    0.000209965364799164    0.000605904130934796
77.5000000000027    0.00270958492009128    0.0130575203075033    7.42612670624947e-06    0.000170751498788756    0.000290303749654426    0.000502655158029957
78.000000000003    0.00904726398300475    0.012012494801093    8.19064973496223e-05    0.000145000160646485    0.000231326114927052    0.00083673729461398
78.5000000000033    0.0141428460989328    0.0074995878311994    0.00020012977037789    5.67071601432007e-05    0.000331171556433667    0.000680692665838655
79.0000000000035    0.0157143031442149    -0.00164199906008788    0.000247020833396461    3.41109600465767e-06    0.000285499716601093    0.000845538344091031
79.5000000000038    0.0127133554303311    -0.00955431959648616    0.000161695673708717    9.1795071287598e-05    0.000257424573007694    0.000714176683880415
80.000000000004    0.00705327411361396    -0.012346808211914    4.98144443280127e-05    0.00015296482064563    0.000256453906649724    0.000721905550500244
80.5000000000043    0.000757469151000885    -0.0126423170768209    6.71025503361409e-07    0.000160260861614547    0.000311874956742935    0.000657784572386722
81.0000000000045    -0.00549292890987884    -0.0122262683855709    3.02538264540124e-05    0.000150157553181313    0.000285584392132529    0.000822140222409817
81.5000000000048    -0.0112112071827917    -0.010089061322804    0.000125798312218036    0.000102460146851328    0.000327331212315392    0.000819138862482779
82.000000000005    -0.0148042512995339    -0.00344291269351771    0.000219281154491911    1.25995842164977e-05    0.000339555521467383    0.000863676097453416
82.5000000000053    -0.014204863095837    0.00563985760866628    0.000201865446383212    3.25344615595367e-05    0.000295484029583026    0.000852330753584407
83.0000000000056    -0.00983908907187532    0.0109315481798283    9.68878295826665e-05    0.000120173196671143    0.00028311802904461    0.000821249696034325
83.5000000000058    -0.00398335473659925    0.0121131866748707    1.59701109877608e-05    0.000147304697585179    0.000320929945896481    0.000758555314340024
84.0000000000061    0.00206878471728385    0.0120174815224257    4.38631619429547e-06    0.000145046494099922    0.000326260613357268    0.000791600883071051
84.5000000000063    0.00788324215627707    0.0110518439004918    6.22673809271913e-05    0.000123043485393414    0.000349104615677663    0.000948805455599736
85.0000000000066    0.012638898011062    0.00723154287492811    0.000159928815395465    5.3132684602812e-05    0.000432518741141301    0.000915135099801416
85.5000000000068    0.0143521758349348    -0.000813078744669147    0.000206136951189862    1.62356106071571e-06    0.00038987176478485    0.000981052504039899
86.0000000000071    0.0119236040236901    -0.00824957687518766    0.000142276178645472    6.89673251509655e-05    0.000322251038342682    0.000954885611649062
86.5000000000073    0.00689647894899335    -0.0111625170832539    4.76797307399142e-05    0.000125401847385628    0.000343960529720696    0.000894460592587763
87.0000000000076    0.00114906528593187    -0.0116094776390538    1.46830053120647e-06    0.000135507976620108    0.000384642041218551    0.000853232423444839
87.5000000000079    -0.00458758493499173    -0.0111826902445553    2.11759673775313e-05    0.000126294764113979    0.000360599281430546    0.00111454161353704
88.0000000000081    -0.00982763997754332    -0.00934413916160218    9.68137024371693e-05    8.84509657153977e-05    0.000480827317195724    0.00106678444121113
88.5000000000084    -0.0132706751101335    -0.0037068597850389    0.000176392710194611    1.5029195892017e-05    0.000530935321762562    0.00113507111058222
89.0000000000086    -0.0130765795936137    0.00441417309342194    0.000171214099301938    2.07214503004158e-05    0.000466010122017988    0.00111199199714998
89.5000000000089    -0.00938754919880848    0.00959138343956706    8.82752079691273e-05    9.32646051937379e-05    0.000386170958356105    0.00112692897244535
90.0000000000091    -0.0041432131770161    0.011005777179539    1.73465083770899e-05    0.000122139052877049    0.000424609169578348    0.00100594311538398
90.5000000000094    0.00140089732998151    0.0110393512016657    2.14126446879299e-06    0.00012305226787791    0.000422789710900885    0.00108857380282316
91.0000000000096    0.00673582898861531    0.0101329303697416    4.56106760644483e-05    0.000104368595148894    0.000489166536649848    0.00130089095271794
91.5000000000099    0.0111725317112656    0.00698190429170647    0.00012523727591632    5.03599156066009e-05    0.000641725079052085    0.00127001105036598
92.0000000000102    0.0130428777024187    3.37369254897473e-05    0.000170555133355775    1.59895641542656e-06    0.000662174142898115    0.0012640483516405
92.5000000000104    0.011210858797903    -0.00690240745370527    0.000125954428579822    4.94342238520937e-05    0.000520647283008276    0.00133828068622678
93.0000000000107    0.00682872095430981    -0.00999042264280431    4.68492806803065e-05    0.000101297872539276    0.000466744907285152    0.00122038025115881
93.5000000000109    0.00162447905489377    -0.010619808200551    2.88016160400231e-06    0.000114138900419463    0.000491151101203854    0.00116557891323239
94.0000000000112    -0.00363693957834736    -0.0102516847404599    1.34534849063213e-05    0.000107190604279749    0.000475557998326008    0.00144691543013755
94.5000000000114    -0.00845333215374671    -0.00873231569082634    7.19230316301038e-05    7.83071611831238e-05    0.000681327475253799    0.00143311683364336
95.0000000000117    -0.0118005828869682    -0.00403969379032259    0.000139942679667562    1.85121707860099e-05    0.000830013972988568    0.0014808932663899
95.500000000012    -0.0120489101062752    0.00312652086427923    0.000145789042025795    1.18648702393926e-05    0.000782820079388776    0.00144559244762113
96.0000000000122    -0.0090543838511262    0.00821899982753297    8.23103641703502e-05    6.99349045248282e-05    0.000573146793426754    0.00154367948740704
96.5000000000125    -0.00441981341017744    0.0098997848550304    1.98350410470702e-05    9.98094574617638e-05    0.00054798765158156    0.00134302542264642
97.0000000000127    0.000614544039283162    0.0100850665847903    6.70693344611756e-07    0.000103714011181503    0.000541321501876003    0.00141613670309414
97.500000000013    0.00548482699285733    0.00922153793295685    3.04777830035448e-05    8.80844060913786e-05    0.000628057212336943    0.00174575033793971
98.0000000000132    0.0096036409169024    0.00671506358877266    9.30505753135504e-05    4.79828625198256e-05    0.000905900906693638    0.00170023043101967
98.5000000000135    0.0116544908599415    0.00100176286174382    0.000136918106253468    3.71501852536909e-06    0.00104448506404252    0.00164666016354314
99.0000000000137    0.0104977486470218    -0.00533694555871424    0.000110989627183281    3.14393230240809e-05    0.000887074138521444    0.00171939964156133
99.500000000014    0.00684860785067584    -0.00868683854637628    4.7341518070385e-05    7.83774254471315e-05    0.000661882601407687    0.00170770650766538
100.000000000014    0.00223164390545979    -0.00955424460630172    5.36739204432214e-06    9.36283234136867e-05    0.000622219835384829    0.00153125223808528
100.500000000015    -0.00253708713097583    -0.00933212913428973    6.78279471242584e-06    9.03379209261553e-05    0.000588203708134064    0.00180257780611435
101.000000000015    -0.00691557040338572    -0.00805024447828436    4.8565542637127e-05    6.83202123688854e-05    0.000860481628474742    0.00187450692416367
101.500000000015    -0.0101518073621599    -0.00439976696850438    0.000104352474572766    2.30425742636185e-05    0.00113722550725953    0.00191953767519064
102.000000000015    -0.0108890308882781    0.00162416206519861    0.000119986160316528    5.80573127394906e-06    0.00118960776336301    0.00177983956016233
102.500000000016    -0.00871272769730342    0.0066053556481122    7.67424777930815e-05    4.75814575081869e-05    0.000911511857149088    0.00198764540855233
103.000000000016    -0.00479251940847949    0.00865507425115722    2.3500651324962e-05    7.81149640411777e-05    0.000729663651492514    0.00179015467156697
103.500000000016    -0.000320124452603348    0.00906999854302253    5.34156709343907e-07    8.54842194959344e-05    0.000657021342263182    0.00179425358450348
104.000000000016    0.00408850662769971    0.00834388778739384    1.72400101663693e-05    7.42556356236805e-05    0.000723963895249567    0.00215294500976232
104.500000000017    0.00787687940084502    0.00644902435695428    6.32514447498016e-05    4.60759666070799e-05    0.00109827849580377    0.0021180300872486
105.000000000017    0.0100988368579153    0.00202169522983728    0.000103827223387664    8.26400234660543e-06    0.00135673044665289    0.00204371004407637
105.500000000017    0.00968894866738388    -0.00356059899196777    9.54750559555803e-05    1.68426774660179e-05    0.0012646460676333    0.002040787172739
106.000000000017    0.00689628123124179    -0.00713998597626809    4.84235181969137e-05    5.56772146416899e-05    0.000929958803676768    0.00216744432463325
106.500000000018    0.00294892690770045    -0.00837529207707503    9.31378949801515e-06    7.38531647231502e-05    0.000785887772557506    0.00192552521324297
107.000000000018    -0.00129059423877692    -0.00841151353400721    2.13217621629595e-06    7.53675599302487e-05    0.000683039330589229    0.00214802234566175
107.500000000018    -0.00526160516632791    -0.00733965290185143    2.85572667834193e-05    5.91543682768696e-05    0.000934225806264635    0.00229866560360864
108.000000000018    -0.00838987638024744    -0.00474554741833962    7.20755827508034e-05    2.7934526899928e-05    0.00129829005810318    0.00232686626178175
108.500000000019    -0.00963532940050367    3.07821402001593e-05    9.50487609189828e-05    4.57143801906078e-06    0.00148633383288294    0.00213787054774265
109.000000000019    -0.0083663774239822    0.00476879623508372    7.16175832400989e-05    2.79929662299777e-05    0.00127330751964316    0.0022916257762185
109.500000000019    -0.00525939508016639    0.00726208013149491    2.85773925635831e-05    5.78361878743479e-05    0.00095716035976463    0.00225795926404679
110.000000000019    -0.00139619766623299    0.00799963342781699    2.60572745966333e-06    6.8502414945966e-05    0.000810160191856445    0.00212327105347362
110.50000000002    0.00256564780151426    0.0076425669414472    7.14791226131052e-06    6.43382775340356e-05    0.000751906656371374    0.00243504580645498
111.00000000002    0.00608287820907955    0.00628543134265584    3.82632995458829e-05    4.55552867644247e-05    0.0011233397702334    0.00245939821931795
111.50000000002    0.00851005504388923    0.00307748761995222    7.46383635006784e-05    1.5521657398608e-05    0.00148906905503203    0.00245982262524126
112.00000000002    0.00889069242055533    -0.00163314863980539    8.15757387074569e-05    7.68843014423832e-06    0.0015910144532772    0.00224081584797594
112.500000000021    0.00703830828149801    -0.00543611446281026    5.11707302886936e-05    3.57730658641966e-05    0.00127786807742042    0.00249433867215776
113.000000000021    0.00381514855573292    -0.0071526440230024    1.5532820782608e-05    5.64972705793414e-05    0.000988666920806487    0.002310184853978
113.500000000021    9.9098679181213e-05    -0.00754449374770326    6.46741377954539e-07    6.25371224405901e-05    0.00079807319823377    0.00237017647685917
114.000000000021    -0.0035450122494401    -0.00684518304176105    1.3353133628086e-05    5.35380478197514e-05    0.000886578693295548    0.00258486304173711
114.500000000022    -0.00660539478663033    -0.00512655347235946    4.5353671631675e-05    3.30497493698041e-05    0.00131241431889166    0.00260157622699071
115.000000000022    -0.00835091643743802    -0.0015673700213684    7.24766377415959e-05    8.53780435032026e-06    0.0016549418106155    0.00246599991209162
115.500000000022    -0.00802847441769497    0.00279076377465341    6.70988938777306e-05    1.36004914015636e-05    0.00162557448372813    0.00241083573800576
116.000000000022    -0.00580645128815009    0.00575846969136709    3.53135295972654e-05    3.97485338272028e-05    0.00126437851753564    0.00256681916792154
116.500000000023    -0.00257285259972045    0.00694917176482237    7.58363708093886e-06    5.40675589214429e-05    0.000981868922540373    0.00240344975076211
117.000000000023    0.000965543280157088    0.00703565734626391    1.584925632492e-06    5.60521653794536e-05    0.000807868681553807    0.00255962713796683
117.500000000023    0.00428107270678152    0.00609221171964452    1.94048888608672e-05    4.42645604649856e-05    0.00103793320600006    0.00267385804185854
118.000000000023    0.00688158490693689    0.00399525879130807    4.95356418292524e-05    2.32034753984628e-05    0.00147628960501348    0.00269098171471647
118.500000000024    0.00800302115544914    0.000280205239319824    6.71962051588737e-05    6.06710923060663e-06    0.00177422026375171    0.00244716044722539
119.000000000024    0.00713788118140444    -0.00357389048947928    5.35904333859644e-05    1.9348622875623e-05    0.00162514172493257    0.00256435755011515
119.500000000024    0.00470651325425471    -0.0058489977415796    2.36795080031592e-05    4.09910381748634e-05    0.00123622044582833    0.00260389392907241
120.000000000024    0.00153253027947674    -0.00666622319018512    3.21191623898917e-06    5.0931675194763e-05    0.000929121725865937    0.00254816474612633
120.500000000025    -0.00180021354316956    -0.00648874506433999    3.96292751511166e-06    4.91874593224163e-05    0.000849799219875233    0.00266151212892592
121.000000000025    -0.0047950338348637    -0.00537218429026059    2.43928098009509e-05    3.63577829623193e-05    0.00118341046279945    0.00273814150726302
121.500000000025    -0.0069435359356117    -0.00295240010392166    5.08517779396221e-05    1.58192553143157e-05    0.00162452659273128    0.00266506828067858
122.000000000026    -0.00752051225402997    0.000748778587988553    5.98467722997405e-05    6.65283615943125e-06    0.00181346842727563    0.00246823150972536
122.500000000026    -0.00626479713831741    0.00405771652558803    4.16925948024013e-05    2.34550450826019e-05    0.00156362131545052    0.00264385734875612
123.000000000026    -0.00373311775889485    0.00581405890707962    1.53001380218166e-05    4.06804034934809e-05    0.00116789118501703    0.00262242683758556
123.500000000026    -0.000649721774166432    0.00636121029428005    1.19004832927469e-06    4.73960104512381e-05    0.000876304710388296    0.00263268191074875
124.000000000027    0.002467478800356    0.00593250350265085    6.90579495945826e-06    4.27389033166239e-05    0.000904070422728203    0.00274668991836707
124.500000000027    0.00514997723661911    0.00464661502102257    2.82658698366203e-05    2.93420216173244e-05    0.00132045609503883    0.00278406006826931
125.000000000027    0.00686813788364818    0.0019941165939569    5.01999838904752e-05    1.09081886380377e-05    0.00174030626663008    0.00263280983888762
125.500000000027    0.00698530890224147    -0.00154392938413111    5.2142898144181e-05    8.77245859463579e-06    0.00182985182035242    0.00252759582438576
126.000000000028    0.00545234859319465    -0.00435082553871395    3.2035681647546e-05    2.60489506123168e-05    0.00151907092192377    0.00266819559702643
126.500000000028    0.00288605863572256    -0.00570055139825688    9.54999880312299e-06    3.96232452192842e-05    0.00110483679984612    0.00266963648744838
127.000000000028    -7.94885737331478e-05    -0.00601446263843582    7.26689117838393e-07    4.34704827692527e-05    0.000848746537244343    0.00270124451690556
127.500000000028    -0.00297120587032855    -0.00540290919546635    9.79592354396923e-06    3.70526005806469e-05    0.000983798363535127    0.00280377830903087
128.000000000029    -0.00535647269160405    -0.00393792376520097    3.0818733819385e-05    2.34254077203626e-05    0.00145840122170994    0.00281392326473697
128.500000000028    -0.00668338259498027    -0.0011702769561951    4.81236138632625e-05    7.97608895426761e-06    0.0018590349518977    0.00257031920197985
129.000000000028    -0.00643181408624052    0.00213101993620556    4.47664856113458e-05    1.12808461155553e-05    0.00184343515518825    0.00259607398720639
129.500000000027    -0.00471980518215685    0.00448182291881071    2.4450233498147e-05    2.73860235782497e-05    0.00147433800080995    0.00270171924941744
130.000000000027    -0.00217308549012211    0.00552703543339228    5.79872893697538e-06    3.80297666668243e-05    0.00103751066963001    0.00273525976551598
130.500000000026    0.000658939365212206    0.00565854653988228    1.14784093834861e-06    3.96201374791478e-05    0.000844772070633462    0.0027569890342789
131.000000000026    0.0033351281308533    0.00492158536293717    1.23432251703412e-05    3.22326744376124e-05    0.00110460197407579    0.00283031304857519
131.500000000025    0.00544525432160739    0.00330485681863229    3.220853705574e-05    1.85957384056434e-05    0.00159929435338089    0.00277013714714326
132.000000000025    0.00643606629244177    0.000499015927950954    4.5118434223813e-05    6.69808948781279e-06    0.00192236440434893    0.00253950242989922
132.500000000024    0.00590492955401033    -0.00253146931870586    3.81223475047121e-05    1.33849828421589e-05    0.00180392751153904    0.0026413341194574
133.000000000024    0.00409006682767566    -0.00450710997640099    1.86510546594694e-05    2.77915352703336e-05    0.00138650928760557    0.00273450085590776
133.500000000024    0.00159154603909748    -0.00533318775249193    3.46997782130193e-06    3.6034022165586e-05    0.000967966438847477    0.00275520063920145
134.000000000023    -0.00110647553235575    -0.00531868381341857    1.9778652684196e-06    3.59948842992511e-05    0.000868088224040421    0.00277605597784526
134.500000000023    -0.00359103612020176    -0.00450850928975351    1.43396161823212e-05    2.81820493076686e-05    0.00120169703574879    0.00280274745417329
135.000000000022    -0.00545914444201884    -0.00276169102979573    3.25882255348212e-05    1.48943128685509e-05    0.00166912177386675    0.00269580702656861
135.500000000022    -0.0061731092589072    2.30460145836737e-05    4.17172151560023e-05    6.45935567097243e-06    0.00189998348245361    0.0025414217580292
136.000000000021    -0.00543881861648839    0.00279133324102379    3.25355809760937e-05    1.47362150415755e-05    0.00171896277825701    0.00263527489631178
136.500000000021    -0.00356822999297249    0.00448619705757201    1.43950982097938e-05    2.75560589930831e-05    0.00128950879293062    0.00272582005160196
137.00000000002    -0.00112584085297501    0.0051445532023855    2.10771655864557e-06    3.39351259199572e-05    0.000916623659097919    0.00273289192391178
137.50000000002    0.00144695692028076    0.00500723374839105    2.87699879470919e-06    3.2700697890134e-05    0.00088505054407124    0.00276193918816249
138.000000000019    0.00375305468925241    0.00411230928797664    1.56609686895193e-05    2.46589871822862e-05    0.00125520882286567    0.00278350489532662
138.500000000019    0.00539624736060816    0.00227430167936795    3.20274811561968e-05    1.21642127947899e-05    0.00170528460361498    0.00264419452121322
139.000000000019    0.00587358956131933    -0.000443756325165433    3.8044400439419e-05    6.58102285760234e-06    0.00188290894750108    0.00252667829006346
139.500000000018    0.00498893435688356    -0.00295730060873784    2.76487553280272e-05    1.56516213610795e-05    0.0016611108664788    0.0026279258875848
140.000000000018    0.00309841309295137    -0.00441763929356171    1.10938823976751e-05    2.69299722159182e-05    0.00122217785248408    0.00272294606775414
140.500000000017    0.000725835185175863    -0.00494411623872321    1.30415393825647e-06    3.18088063357129e-05    0.000881655954563451    0.00271376508815821
141.000000000017    -0.00171825014845163    -0.00469768946860542    3.75107675741498e-06    2.98203633805209e-05    0.000893696360494402    0.00278425520329489
141.500000000016    -0.00385654983676226    -0.00374249374982886    1.66033448919563e-05    2.15819873789573e-05    0.00131543462343258    0.00275240402402141
142.000000000016    -0.00529571328644055    -0.0018442152387057    3.10860539521684e-05    1.03356525257249e-05    0.00174398243683399    0.00263334818796349
142.500000000015    -0.00557214556287652    0.000783031814719628    3.46128646219904e-05    6.79741899400103e-06    0.00188787140666571    0.00248682129859343
143.000000000015    -0.0045725656678877    0.00306751999987473    2.35376334118087e-05    1.6402364449566e-05    0.00162150443251427    0.00264436863919055
143.500000000014    -0.00268124858578333    0.00433038705786075    8.57463176860939e-06    2.61008175144946e-05    0.00117708869242903    0.0027108237573857
144.000000000014    -0.000385370615445555    0.00473291494227283    8.85574659364941e-07    2.97669299223528e-05    0.000858524401584519    0.00271411975998913
144.500000000014    0.00192989560507277    0.00440111495221032    4.57449788910415e-06    2.71812117694632e-05    0.000921954902706713    0.00279488800256718
145.000000000013    0.00390799877246856    0.00339203945878939    1.71804700025722e-05    1.89593440271456e-05    0.00138130937771249    0.00273009383303236
145.500000000013    0.00516139815437497    0.00146827650788683    2.98458214324578e-05    8.860682880717e-06    0.00179047215126972    0.00258937192714849
146.000000000012    0.00527271014019121    -0.00104281864533708    3.13403169472577e-05    7.28079108458854e-06    0.0018811817362452    0.00248863825364915
146.500000000012    0.00419600931623452    -0.00311232210450235    2.01191244112122e-05    1.66824871981521e-05    0.00158512782742759    0.0026449836135557
147.000000000011    0.00232762922904753    -0.00420704070098538    6.71068722034107e-06    2.50599886374007e-05    0.00113702655748433    0.00271307891106268
147.500000000011    0.000116294716515636    -0.00452317393752648    7.28182805698756e-07    2.78881618962222e-05    0.000845374677057045    0.00272563009726253
148.00000000001    -0.00207642250845448    -0.00412934681618482    5.2574450420479e-06    2.4680148553043e-05    0.00097258141480881    0.00276199989585576
148.50000000001    -0.00391162235630112    -0.00308438917935131    1.73249180915965e-05    1.68462360421271e-05    0.00142271874707611    0.00270791052888158
149.000000000009    -0.005008349498653    -0.00116281782659666    2.83453653089381e-05    7.83756582223589e-06    0.00180604557203862    0.00254664888125256
149.500000000009    -0.00499008907589583    0.00123358525325913    2.83623925327917e-05    7.68166830480288e-06    0.0018604847614041    0.00248192178114954
150.000000000009    -0.00386241291064522    0.0031267693862498    1.73240787670926e-05    1.66816052178747e-05    0.00155107874551026    0.00262772114637108
150.500000000008    -0.00202270850526614    0.00409230658223466    5.32862004570283e-06    2.39283066284244e-05    0.00111232654756903    0.00267980101228118
151.000000000008    0.000109009709124516    0.0043241044484294    6.91228012677694e-07    2.61457765105139e-05    0.000824223814260594    0.00272908358787103
151.500000000007    0.00218753043920803    0.00388128415558212    5.77775788107687e-06    2.25884953551178e-05    0.000996227111965546    0.00274301452033069
152.000000000007    0.00389046553371984    0.00280316435929467    1.7266404224319e-05    1.51231725948981e-05    0.00145968563576441    0.00269544841718001
152.500000000006    0.00484743609972876    0.000897874942259692    2.68703577971658e-05    7.07983852347975e-06    0.00183649695241028    0.0025047273527356
153.000000000006    0.00472160029011922    -0.00138305278262241    2.57600440248392e-05    8.02991720145166e-06    0.00186186324019389    0.00247327358008209
153.500000000005    0.00356106533052835    -0.00311025231605254    1.50185578379147e-05    1.65401615204766e-05    0.00152884647679998    0.00262039921595286
154.000000000005    0.00176071840043452    -0.00396087405934254    4.25999812208007e-06    2.29032959966555e-05    0.00107697206855674    0.00268603288935241
154.500000000004    -0.000286873240876669    -0.00412516200614826    7.34003808148378e-07    2.44934070120444e-05    0.000807284058939166    0.00273430895018746
155.000000000004    -0.00225604563899411    -0.00364910848106748    6.15757394975065e-06    2.0787342556416e-05    0.00103335958142666    0.00273337700469902
155.500000000004    -0.0038400208201589    -0.00255580717275138    1.70441009079921e-05    1.35637858569493e-05    0.00151602803692354    0.0026517231289601
156.000000000003    -0.0046767063225521    -0.000678686098389863    2.5352367757006e-05    6.52416991478962e-06    0.00186568639637191    0.00246242869838742
156.500000000003    -0.0044692117056251    0.0014784038033023    2.33608146148222e-05    8.26349706231259e-06    0.00184036989356101    0.0024653233574308
157.000000000002    -0.00329910512958084    0.00306208708129518    1.30527655749834e-05    1.62438968555838e-05    0.00147264079766818    0.00262059526866492
157.500000000002    -0.00154595744228068    0.00383070153554083    3.43493487007902e-06    2.18019119227743e-05    0.0010222281823233    0.00266976359784522
158.000000000001    0.00042530985142705    0.00395219175654723    8.06460595777362e-07    2.29890673349261e-05    0.000790931176561186    0.00271463582353254
158.500000000001    0.002300244547055    0.00345140066646704    6.42114851945984e-06    1.91779295659204e-05    0.00106302565500725    0.00269550793087893
159    0.00378065413407709    0.00234137043847866    1.66493509119269e-05    1.21859506600955e-05    0.00153492841214591    0.00258919584618734
159.5    0.00451645767377859    0.000500043861507518    2.37864200697169e-05    6.19266146167925e-06    0.00184066024857479    0.00243774846902791
159.999999999999    0.004243323401718    -0.0015538553739778    2.12182741572764e-05    8.32782614163784e-06    0.00179233943931076    0.00243174003923079
160.499999999999    0.0030658111112753    -0.00302117026845586    1.14158060816404e-05    1.58389965653085e-05    0.00142007334726812    0.00259066145497765
160.999999999999    0.00135349894054424    -0.0037137802055344    2.8019851573458e-06    2.07074676817465e-05    0.000984898865514335    0.00262969661115638
161.499999999998    -0.000546304698338087    -0.00378370731432028    8.97917836350392e-07    2.15192203630423e-05    0.000774253842692514    0.00268379941921923
161.999999999998    -0.00232799435226599    -0.00325390642903048    6.54564935449102e-06    1.77048674022143e-05    0.00106117465589256    0.00266776317414578
162.499999999997    -0.00370569542114315    -0.00213355940893813    1.60982519357863e-05    1.11379056032945e-05    0.0015382045967637    0.00256628717251716
162.999999999997    -0.00434608975055977    -0.00033822657373747    2.2283967044144e-05    5.86133007159178e-06    0.00184268036409556    0.00239727613269927
163.499999999996    -0.00401940261611936    0.00159845438924714    1.93325157090528e-05    8.39426248070875e-06    0.00178239118001231    0.00241644491892642
163.999999999996    -0.00284900828486733    0.00295370363122764    1.00950601786026e-05    1.53262073566926e-05    0.00140648923613369    0.00256940503143533
164.499999999995    -0.00119001679581406    0.00357410182789381    2.34546494206657e-06    1.9725935047219e-05    0.000964015024647966    0.0026366135801564
164.999999999995    0.000628795796407007    0.0036038492558788    1.00343107710339e-06    2.01403568966833e-05    0.000779773636079258    0.00267443964926957
165.499999999994    0.00231838531331784    0.00307170479169182    6.55796816583055e-06    1.64658002931625e-05    0.0010876845612689    0.00265149579782055
165.999999999994    0.00360697967511909    0.00196434347750691    1.54372103429326e-05    1.03301588678367e-05    0.00155785364081815    0.00254391697392285
166.499999999994    0.00417471955343216    0.000224890060761868    2.08484597292676e-05    5.64773649754232e-06    0.00184937188781998    0.00236583198011035
166.999999999993    0.00381532264646931    -0.00161312310055323    1.76986375869538e-05    8.37867777047001e-06    0.00177255484831703    0.00240343746183077
167.499999999993    0.00266249219985435    -0.00287398413087631    9.02374594120939e-06    1.47858101405466e-05    0.00139100008156871    0.00255460865026676
167.999999999992    0.00105844299665992    -0.00343964489820212    2.02476782783138e-06    1.86710453839317e-05    0.000951034305718229    0.00261531802238348
168.499999999992    -0.0006844969793965    -0.00344003214315059    1.06544446061149e-06    1.89468688727927e-05    0.000772598437617213    0.00266702975740495
168.999999999991    -0.00228987555088354    -0.002902315694562    6.4610436529344e-06    1.5376252549577e-05    0.00110340999379207    0.00263681932613445
169.499999999991    -0.00349753122647991    -0.00181426743181477    1.47271869977922e-05    9.6114819641229e-06    0.00157938669032956    0.00251394424162095
169.99999999999    -0.00400309172094223    -0.000137369149650118    1.94859293547831e-05    5.5010123622057e-06    0.00186042630289589    0.00234139746282644
170.49999999999    -0.0036235575226852    0.00160324951911033    1.62633697681197e-05    8.25507450659889e-06    0.00177008492675104    0.00238425365388656
170.999999999989    -0.00249861494186404    0.00277793703134564    8.13672296589317e-06    1.420258504984e-05    0.0013760982298466    0.002546694111926
171.499999999989    -0.000956645964490438    0.00329626618696843    1.77582373795699e-06    1.76979503166421e-05    0.000927713445295018    0.00261392033950745
171.999999999989    0.00071023386586303    0.00328371934847119    1.09673032607614e-06    1.78482232601566e-05    0.000769609109780671    0.00265808399051507
172.499999999988    0.00224045648442509    0.00276043330502546    6.29278610226451e-06    1.44402108147771e-05    0.00112833543047361    0.0026115548593287
172.999999999988    0.00338345327159326    0.00170425641214957    1.40131934325574e-05    9.04846155829159e-06    0.00160169828354228    0.00247870362083462
173.499999999987    0.00384937986758822    9.36109868898507e-05    1.82831654823071e-05    5.35077256329234e-06    0.00186156926202428    0.00231127876865294
173.999999999987    0.00346911609631497    -0.00156120399168972    1.50855311086943e-05    8.05543272141952e-06    0.00174664381571707    0.00237024783888765
174.499999999986    0.00238187515096683    -0.00267586735612094    7.4626312564297e-06    1.36030638960449e-05    0.00133764794383142    0.00253826668978876
174.999999999986    0.000897949995748121    -0.0031710400730588    1.60581037836068e-06    1.67783809020905e-05    0.000894145504656052    0.00259285282211423
175.499999999985    -0.000706422415811012    -0.0031608057165554    1.08171996916911e-06    1.69198355583407e-05    0.000763339596515763    0.00263232649580772
175.999999999985    -0.0021779756164571    -0.00265168070025302    6.03740378104478e-06    1.36219038889392e-05    0.00113746472260158    0.00256719562029169
176.499999999984    -0.00327234503636539    -0.00162206366638098    1.32439934617421e-05    8.55082177218217e-06    0.00159240429059863    0.00243304978049954
176.999999999984    -0.00370897340357929    -6.51776926320591e-05    1.71110070238687e-05    5.21618328615579e-06    0.00183153578054325    0.00228296630604548
177.499999999984    -0.00333155635191576    0.00152152665406404    1.40216133070004e-05    7.82627374693427e-06    0.0017094869350218    0.00234760098566749
177.999999999983    -0.00227738325989893    0.00258732752059052    6.89099989674802e-06    1.2958117737181e-05    0.00130557473331868    0.00250276927389959
178.499999999983    -0.000842978417968494    0.00306383226928762    1.46869190307529e-06    1.59718982763317e-05    0.000870677489036337    0.00256609237986545
178.999999999982    0.000704443450062412    0.003041472422219    1.06555574872834e-06    1.60070991298904e-05    0.000754529770381862    0.00259933542175143
179.499999999982    0.00211752831639645    0.00254060988242095    5.75108797260611e-06    1.29274531091572e-05    0.00112568281583461    0.00254416087040544
179.999999999981    0.00316156755368629    0.00153968797506606    1.24827733364794e-05    8.15821309347419e-06    0.0015771061917187    0.00240573773153084
180.499999999981    0.00357112213297153    4.30272375715169e-05    1.60262580355683e-05    5.11025024890931e-06    0.00180923872028241    0.00226017674214568
180.99999999998    0.00320109560794402    -0.00147244155476902    1.30915436494896e-05    7.58507493304808e-06    0.00168657361484492    0.00232744297477671
181.49999999998    0.00218470480425068    -0.00249098971143193    6.43743189289133e-06    1.23299262865444e-05    0.00129015379361352    0.00247485283281343
181.999999999979    0.000804610308404347    -0.00294588558940486    1.38142072767057e-06    1.51540085063374e-05    0.000856751410433641    0.00254475275822116
182.499999999979    -0.000682997107300726    -0.0029239089558769    1.02503014999485e-06    1.51918258329065e-05    0.000747358750141918    0.00257732075044014
182.999999999979    -0.00204140515718055    -0.00244196638291115    5.42878330338616e-06    1.22819841273141e-05    0.00112314214933944    0.00251371921901512
183.499999999978    -0.00304653060312661    -0.00148410241338806    1.17348054156693e-05    7.8365577724417e-06    0.00156635139731872    0.00237360438974515
183.999999999978    -0.00344450627803302    -5.17566098113152e-05    1.50760335997836e-05    4.95964497444606e-06    0.00179204076414984    0.00222642453898328
184.499999999977    -0.00309389340371432    0.00140645033739373    1.23431729405638e-05    7.27756809879056e-06    0.0016646310543231    0.00230205680799489
184.999999999977    -0.00211973800970967    0.00239243164785679    6.09548069754766e-06    1.17455463337047e-05    0.00126577702133501    0.00245393910764671
185.499999999976    -0.000792035466114944    0.00283809312032504    1.32014589517573e-06    1.43895998706203e-05    0.000832361529380001    0.002516908284182
185.999999999976    0.000642846744435846    0.0028243467877737    9.38732905499345e-07    1.44679149276346e-05    0.000724900661240958    0.00254774020457875
186.499999999975    0.00195678902288951    0.00236466349398601    5.04272459121023e-06    1.1728453203324e-05    0.00110168112950588    0.00247726053606274
186.999999999975    0.00293198274449902    0.00144596300515292    1.09673309046151e-05    7.62753580771715e-06    0.00153974286508335    0.00235302503077343
187.499999999974    0.00332488887526254    7.26699309943203e-05    1.41830459649935e-05    4.82625971932615e-06    0.00176866049092213    0.00219567274438962
187.999999999974    0.00299802337756289    -0.00133546600629722    1.16908309311877e-05    6.97349130108488e-06    0.00164398502388985    0.0022781619448822
188.499999999974    0.00206704320137908    -0.00229684319836596    5.8409810402457e-06    1.11118363897071e-05    0.00125232321861339    0.00241585341273579
188.999999999973    0.00078909270987154    -0.00273710282676719    1.2890893453703e-06    1.36876512174094e-05    0.000816346764921554    0.0024891603670942
189.499999999973    -0.000596854462911707    -0.00273152484080349    8.46749637319791e-07    1.37865741702273e-05    0.000700367323211305    0.00251502409815508
189.999999999972    -0.00186974192592569    -0.00229567384598247    4.64629798004536e-06    1.1285589885373e-05    0.00107254981724908    0.00245264581182139
190.499999999972    -0.00281843026169421    -0.00141285744426434    1.02356929294356e-05    7.38985860690425e-06    0.00151398275730007    0.00232243244230938
190.999999999971    -0.00320790889973712    -9.26663074135854e-05    1.33397258983959e-05    4.73566098453951e-06    0.00174615188038821    0.00217418351111626
191.499999999971    -0.00290448053833689    0.00126446952812381    1.11101492480313e-05    6.60269726520814e-06    0.00163528041951634    0.00223692066860997
191.99999999997    -0.00201638485962633    0.00219818939340678    5.62699039822964e-06    1.05185080683317e-05    0.00124947288730061    0.00238463235301495
192.49999999997    -0.000790443359804498    0.00262998963505033    1.26783613701125e-06    1.30411055266896e-05    0.000801894900814458    0.00247472423639836
192.999999999969    0.000542975617125006    0.00263164231046898    7.65092642386175e-07    1.31480171737724e-05    0.000685762438162002    0.00249448911072426
193.499999999969    0.00177126945323224    0.00222107655984284    4.26294016695037e-06    1.08563085628241e-05    0.00106091691050558    0.00243374762005858
193.999999999969    0.00269540668398465    0.00139357044159657    9.52453717862643e-06    7.22267314514169e-06    0.00150310345171492    0.00229796313491971
194.499999999968    0.00309175964249494    0.000138953505064458    1.25663439190851e-05    4.60102490566338e-06    0.0017341759518932    0.00214049452909688
194.999999999968    0.00282469396427823    -0.00117166442059146    1.05907531016359e-05    6.32728633622594e-06    0.00161612410099165    0.00222586810519986
195.499999999967    0.00198791844594256    -0.00209100588455889    5.47291308560453e-06    9.94730732894629e-06    0.00123332612795069    0.00236114415478733
195.999999999967    0.000814685886506729    -0.00253007414325761    1.2901779550678e-06    1.23840161509372e-05    0.000791495332515954    0.0024459642230737
196.499999999966    -0.000474752253564029    -0.00255905420278025    6.70574388891567e-07    1.25845542157137e-05    0.000667221617326239    0.00245678566483656
196.999999999966    -0.00167596914831837    -0.00218405425318816    3.85865447455872e-06    1.04879460493231e-05    0.00102458864352662    0.00239120326790799
197.499999999965    -0.0025921397372544    -0.00140078171052349    8.82762999929737e-06    7.08744321332446e-06    0.00145204737589518    0.0022639023417072
197.999999999965    -0.00300362222820255    -0.000192306897830385    1.18648889713995e-05    4.54464900684226e-06    0.00168616205675702    0.00212312671875447
198.499999999964    -0.00277178042830568    0.00109004983056021    1.02200662273276e-05    5.93462717823593e-06    0.00159289029270353    0.00217862767473738
198.999999999964    -0.00197779759849219    0.00200370232231146    5.4276332362703e-06    9.40146157898791e-06    0.00123123917078235    0.00232091330784921
199.499999999964    -0.000847130621701253    0.00244691038721875    1.35759790718312e-06    1.17302641439906e-05    0.000799979760343455    0.00239643353776222
199.999999999963    0.00040261135293482    0.00248618654115334    5.61946001810386e-07    1.20852883387518e-05    0.00063233701480965    0.00242984872396202
200.499999999963    0.0015720178530456    0.0021324857408826    3.41038481524316e-06    1.01691162545843e-05    0.000969094776040535    0.00237099574430591
200.999999999962    0.00247338621327342    0.00139686074960862    8.08881722262312e-06    7.01517726507251e-06    0.00140398641824345    0.00225032382364747
201.499999999962    0.00289891100929968    0.000252572875328291    1.1152031576514e-05    4.53271485726034e-06    0.0016578137822672    0.0021139824502367
201.999999999961    0.00270838243690667    -0.000990563465325479    9.87854407877516e-06    5.53701550275827e-06    0.00159474407170262    0.00213443189723182
202.499999999961    0.00196694594999794    -0.00189768124754734    5.41866994883784e-06    8.86737337570456e-06    0.00124490705621928    0.00229481573517608
202.99999999996    0.000888090173255131    -0.00234812874991231    1.44564202208174e-06    1.11162699173751e-05    0.000810517036372097    0.00236697302291564
203.49999999996    -0.000316608056261633    -0.00240683924657774    4.71582481069999e-07    1.15558739898216e-05    0.000609378223913711    0.00240062467515326
203.999999999959    -0.00145429076572002    -0.00208560253304817    2.95802407242939e-06    9.94728345653489e-06    0.0009181843176459    0.00236591325510424
204.499999999959    -0.00234393068575895    -0.00140036891692362    7.3568247166382e-06    6.96979956649828e-06    0.00136484931658985    0.00223802735975512
204.999999999959    -0.00278728204864904    -0.00031970342517096    1.04579465118772e-05    4.46384724773909e-06    0.00163981867691402    0.00208845324766274
205.499999999958    -0.00264205021696467    0.00088186248143712    9.53916007369113e-06    5.20752555541599e-06    0.0015996033022997    0.00210471948706937
205.999999999958    -0.00195779886809681    0.00178171872862627    5.44155724956395e-06    8.26138643021494e-06    0.00126829840402123    0.00225540790152853
206.499999999957    -0.000934558779063995    0.00224375019764708    1.54672747784007e-06    1.05891440015047e-05    0.000820565272427785    0.00235684726956657
206.999999999957    0.000223496008306908    0.00232695644980916    3.9587689369553e-07    1.11119711073522e-05    0.00058815510536457    0.0023868901918697
207.499999999956    0.00133058939876814    0.0020448491931879    2.55087790086857e-06    9.67214378972128e-06    0.000883408032991786    0.00234323186365329
207.999999999956    0.00221271231045007    0.00141694480353293    6.6610230309673e-06    6.94012289909873e-06    0.00132850565002562    0.00222089853951948
208.499999999955    0.00268080102395335    0.000399949534410872    9.79357634641392e-06    4.44352174244066e-06    0.00161458422399842    0.0020696768135062
208.999999999955    0.00258649110332904    -0.000764529100684466    9.22453854067379e-06    4.88628532039168e-06    0.001592043439443    0.00207407342555616
209.499999999954    0.00196173746015248    -0.0016661866996989    5.46933995377599e-06    7.74788354784363e-06    0.0012731559571437    0.00222973214301407
209.999999999954    0.00099252621122113    -0.0021448196695447    1.68091404616388e-06    9.99627103291436e-06    0.000834149726489741    0.00232293340800991
210.499999999954    -0.000123436119996121    -0.00226018212928362    3.49097783882881e-07    1.06420765596209e-05    0.000577807327889829    0.00235237184604983
210.999999999953    -0.00120739399501282    -0.00201842610999864    2.15914676372639e-06    9.48235918752124e-06    0.000837464330305097    0.00232557847126194
211.499999999953    -0.00208840619023378    -0.0014418925652192    6.00157940745496e-06    6.93378726969895e-06    0.00128067911361441    0.002203345887523
211.999999999952    -0.00258269103628972    -0.000478520458939958    9.15999057531083e-06    4.46026547057908e-06    0.00157787755747382    0.00205700842024406
212.499999999952    -0.00253791455371902    0.000653202451282258    8.94568586910179e-06    4.58639105638121e-06    0.00158261668989145    0.00203953857870354
212.999999999951    -0.00196898641321553    0.00155892615327304    5.53983648590233e-06    7.21069206935033e-06    0.00128954604046345    0.00218642203565361
213.499999999951    -0.00104890850900833    0.00205539840836422    1.83330053284345e-06    9.48705716479935e-06    0.000856207610672414    0.00229399096504175
213.99999999995    2.77174569350422e-05    0.00219475111058155    3.250670470894e-07    1.02188966912489e-05    0.000569472378320893    0.00232421260943356
214.49999999995    0.00108730378963623    0.0019860105145903    1.79712451066762e-06    9.27579474506126e-06    0.000784152395718018    0.00230901645316746
214.999999999949    0.00196216358016521    0.00145452182146101    5.35043227855602e-06    6.92250048508144e-06    0.001224886265426    0.00219245678542935
215.499999999949    0.00247850426774351    0.000554697252193147    8.51739208836606e-06    4.49675306636127e-06    0.00154091164027768    0.00204672030936585
215.999999999949    0.00248224617707826    -0.000540015489342589    8.64728314746008e-06    4.3366263990159e-06    0.00157662204216497    0.00201122094019677
216.499999999948    0.00197088779413994    -0.00144605354717535    5.6094749921167e-06    6.70168128460823e-06    0.00131342159835557    0.00214723320189257
216.999999999948    0.00110321021127299    -0.00196073292628423    2.00736764081109e-06    8.96059376069511e-06    0.000888985303902207    0.00226188420403874
217.499999999947    6.76510953832494e-05    -0.00212646051141616    3.22980477705494e-07    9.82577278042605e-06    0.000564272812564048    0.00230302810964472
217.999999999947    -0.000966442094980121    -0.0019530687281198    1.47300726600012e-06    9.04778636331462e-06    0.000734164111796918    0.00228764265272247
218.499999999946    -0.00183486688120359    -0.00146734018272489    4.73000751880409e-06    6.89493324907651e-06    0.00116759198655451    0.00217757802092999
218.999999999946    -0.00237262134900094    -0.000627801545425531    7.87873855830933e-06    4.56626977263522e-06    0.00149980215114337    0.00204258047386058
219.499999999945    -0.00242610437186468    0.000422003957432626    8.35293761483473e-06    4.08675430195625e-06    0.00157065438325999    0.00197703489141377
219.999999999945    -0.00197588038715877    0.001326639973388    5.68126269918623e-06    6.22442433157187e-06    0.00133310141955799    0.00211292468218367
220.499999999944    -0.00116278584085511    0.00186259491083149    2.19853116861965e-06    8.43832760352813e-06    0.000920032747746799    0.0022291405971075
220.999999999944    -0.000170680416664756    0.00205335973284111    3.51455705648027e-07    9.42956694044852e-06    0.000567735766897923    0.00228326098989914
221.499999999944    0.000836373788804451    0.00191967068822472    1.17790910857865e-06    8.85193304375402e-06    0.000691655979501038    0.00227305906050082
221.999999999943    0.00169921461991328    0.00148286568382552    4.13723579701853e-06    6.90965641448848e-06    0.0011179917139637    0.00217042986023994
222.499999999943    0.00226115726703733    0.000709571971752978    7.25365116803499e-06    4.62389972171411e-06    0.00146315377925879    0.00202987865120472
222.999999999942    0.00236821977694423    -0.000297705735470433    8.03309577355817e-06    3.91727443424548e-06    0.00155712262254725    0.00195669254848928
223.499999999942    0.00198138082806798    -0.00120307450540107    5.73847382356223e-06    5.76071360724731e-06    0.00134632976559492    0.00207685467515214
223.999999999941    0.0012241833817884    -0.00176306248366389    2.39239548274583e-06    7.94396191045685e-06    0.000945394378288204    0.00219899354004366
224.499999999941    0.000274148334719389    -0.00198436167339653    4.08827999586429e-07    9.02848679410109e-06    0.000577642354884936    0.00225627913682151
224.99999999994    -0.000708144210095978    -0.00189086010256609    9.26641069948152e-07    8.63308428908088e-06    0.000652052795144454    0.00224894027524179
225.49999999994    -0.00156700499528444    -0.00149952357929102    3.57837336812309e-06    6.90544300312719e-06    0.00105965499709892    0.00215797869273017
225.999999999939    -0.00215168530915054    -0.000783823728886733    6.62639007880617e-06    4.6738322714436e-06    0.00141302526841948    0.00201480833666076
226.499999999939    -0.00230721107983618    0.000182324924416797    7.66503358169046e-06    3.7766572614949e-06    0.00153029755759186    0.00193479065622907
226.999999999939    -0.00198087737739717    0.00108281573963588    5.74592763672949e-06    5.32046231442121e-06    0.00134983423146903    0.00203665716025501
227.499999999938    -0.00127872456178018    0.00166619303596372    2.5676242478331e-06    7.45744963096484e-06    0.000965654049301912    0.00216361974428753
227.999999999938    -0.000369895715121336    0.00191811733433762    4.81273262942567e-07    8.64279913166342e-06    0.00058689898864919    0.00222791943826005
228.499999999937    0.000588868330657924    0.00186369556344314    7.24974854961198e-07    8.38889076139679e-06    0.000614986946291828    0.00221709936813827
228.999999999937    0.00144414190700897    0.0015126920300555    3.08409767047526e-06    6.87504013225948e-06    0.000999275649105774    0.00214168227206233
229.499999999936    0.00204855612887971    0.000849835260150312    6.04469449635958e-06    4.72111860315051e-06    0.0013594529352607    0.00199972463948309
229.999999999936    0.00224905147951817    -7.31620351870939e-05    7.3027323828706e-06    3.68839216856002e-06    0.00149816548663615    0.00191912466639541
230.499999999935    0.00197983362170262    -0.000970417209444891    5.73828443135133e-06    4.94420830772962e-06    0.00134853374511995    0.00200062458930775
230.999999999935    0.00132872301595242    -0.00157709954891741    2.74894017904155e-06    6.9806055491423e-06    0.000991683077358818    0.0021197553070925
231.499999999934    0.000457450026194993    -0.00185700718099916    5.81874896235196e-07    8.24237398792175e-06    0.00061042146896173    0.00218949727509291
231.999999999934    -0.00047827696816229    -0.00183376144896631    5.60208530955201e-07    8.14695337110048e-06    0.000575725344830926    0.00218729794938537
232.499999999934    -0.00132657721761402    -0.00151533745696651    2.6279340346094e-06    6.81264638069802e-06    0.000931733288187584    0.00212518205625125
232.999999999933    -0.00194453926354735    -0.000903235055499666    5.46860813516002e-06    4.84539995588465e-06    0.00129899006450502    0.00200737798892016
233.499999999933    -0.00218434958022713    -2.69561102216938e-05    6.94851394025992e-06    3.60469586133026e-06    0.00147551036987935    0.00189841229174591
233.999999999932    -0.00196994219218569    0.000857874646536691    5.74898760019453e-06    4.5857110175795e-06    0.00136686332880839    0.0019620810657078
234.499999999932    -0.00137221799540134    0.00147750558659976    2.95525912123676e-06    6.5347051305487e-06    0.00103550803682709    0.00208606864031728
234.999999999931    -0.000546183412924812    0.00177685071220895    7.20328744508917e-07    7.82378322624665e-06    0.000649624833234322    0.00216022794463205
235.499999999931    0.000356773876514824    0.00178614253043957    4.22858904210325e-07    7.9515329346434e-06    0.000543664699283401    0.00218202378437961
235.99999999993    0.00119154557991943    0.00151023765217431    2.18842822460589e-06    6.76463748951878e-06    0.000876725359266151    0.00211750318145542
236.49999999993    0.00182266722965113    0.000962175794408307    4.88974010262672e-06    4.93649980202437e-06    0.00125204803126022    0.00200267759329332
236.999999999929    0.00210745095405122    0.000143521663418322    6.55580463359155e-06    3.59270043193763e-06    0.00145411660806834    0.00189000051959444
237.499999999929    0.00195763229237075    -0.00072506492618874    5.73989143091445e-06    4.22871176000698e-06    0.00138114707355216    0.00192431614159885
237.999999999929    0.00142157941582935    -0.00136664601617897    3.16575935443637e-06    6.09786806219039e-06    0.00106998659754534    0.00205673205076707
238.499999999928    0.000643778356437684    -0.00169608989989165    8.80814161941707e-07    7.43255523442159e-06    0.000682908185427661    0.00213444004036354
238.999999999928    -0.000228637252397672    -0.00174677866716709    3.32466209715106e-07    7.68420853547627e-06    0.000529330914014239    0.00215243416238598
239.499999999927    -0.00105588572429258    -0.00151901111507775    1.78539309201106e-06    6.72311412615943e-06    0.000818839684704027    0.00210136131077682
239.999999999927    -0.0017044288745514    -0.00102516619326772    4.32260384624767e-06    5.02425320050077e-06    0.00119059903319427    0.00199331068242804
240.499999999926    -0.00203451661351648    -0.000258177389490834    6.13690246155473e-06    3.58676059901699e-06    0.00141338056123614    0.00187619429552823
240.999999999926    -0.00194637231056691    0.000599802392246501    5.68820902565205e-06    3.92903771092713e-06    0.00137834823405063    0.00188925244506458
241.499999999925    -0.00146867919118531    0.00126269976073704    3.37131947835787e-06    5.66129462255699e-06    0.00110195322574832    0.00201665166471347
241.999999999925    -0.000734620095319079    0.0016244034605194    1.07244896452048e-06    7.0282501085698e-06    0.000729919365460232    0.00209512851778176
242.499999999924    0.000109855647176421    0.00170788986618064    2.81790539748993e-07    7.45022480486603e-06    0.000519347933983031    0.00212916345306403
242.999999999924    0.000926696726352875    0.00151597428346993    1.42212989773741e-06    6.66894467200228e-06    0.000750575162861308    0.00209063785574167
243.499999999924    0.0015852830422204    0.00107272134872841    3.77271339103094e-06    5.12934865112375e-06    0.00112231504804995    0.00199464722673109
243.999999999923    0.00195342524496121    0.000360895144508305    5.70676038096288e-06    3.63287921638717e-06    0.00137509643054992    0.00187153250333984
244.499999999923    0.0019251419859769    -0.000471188916269634    5.62261239107147e-06    3.68708706579874e-06    0.00138435570750454    0.00186146933119603
244.999999999922    0.00150944418639494    -0.00114766881150797    3.59217959967562e-06    5.23057654829478e-06    0.00114619276207544    0.00197823983565862
245.499999999922    0.000826748618899605    -0.00153505345049783    1.29551040024493e-06    6.63916824008133e-06    0.000782302448796197    0.00206948765258361
245.999999999921    1.89076932687065e-05    -0.0016525785687959    2.75730128085093e-07    7.18556408413614e-06    0.000524759589926996    0.00211058005251936
246.499999999921    -0.000781959257703559    -0.00150777300254368    1.09654137127992e-06    6.59816336584784e-06    0.000696477631063355    0.00207961148742938
246.99999999992    -0.00144895108097142    -0.0011200032308833    3.22613681924022e-06    5.23678856066388e-06    0.00106145069795633    0.00199559046987974
247.49999999992    -0.00185782261655264    -0.000475298482215132    5.24103754051578e-06    3.71818425840888e-06    0.00133773415368722    0.00186876312335536
247.999999999919    -0.00189820417830813    0.000321121749727032    5.51435017847659e-06    3.48057892552539e-06    0.00138245111158773    0.0018377866435954
248.499999999919    -0.00155467234006465    0.00101539319457064    3.79887614566466e-06    4.79809554020137e-06    0.00117552969367113    0.00194089469076016
248.999999999919    -0.000928661876023267    0.00144144917229243    1.54117230796859e-06    6.24171302063177e-06    0.000823868574464117    0.00204057278829481
249.499999999918    -0.00015663842706154    0.0016045187196326    3.17322910237423e-07    6.88216704701962e-06    0.000541098247460764    0.00207549674183512
249.999999999918    0.000633187375997693    0.00151197523350836    8.14643539197073e-07    6.52978576175411e-06    0.000643208586754118    0.00206002831412859
250.499999999917    0.00131545463594781    0.00117797039872735    2.70416609775867e-06    5.32121102899354e-06    0.000986785284913632    0.00198332971760009
250.999999999917    0.0017674849574631    0.000587870721661574    4.74748611775166e-06    3.83128234258426e-06    0.00127415973994367    0.00186700036347007
251.499999999916    0.00187216580411126    -0.00018230892033853    5.34614781757886e-06    3.33094984101363e-06    0.00135688725378909    0.00181596070953604
251.999999999916    0.00159500727199642    -0.000896409877396071    3.97636471379135e-06    4.38303851844354e-06    0.00119679426639246    0.00189195344819853
252.499999999915    0.00101779102331381    -0.00136542077019537    1.80175891732743e-06    5.83636223441867e-06    0.000875134475488918    0.00199298478537538
252.999999999915    0.000274430230626949    -0.00156551998679632    3.98887561265282e-07    6.61455289802955e-06    0.000568837067870336    0.00204051465786718
253.499999999914    -0.000504876460006805    -0.00150810193423687    5.93366299105453e-07    6.44472738362745e-06    0.000581778359202583    0.00204214493598727
253.999999999914    -0.00119302844758319    -0.00120675962241519    2.22971745607041e-06    5.38052367403571e-06    0.000897998095392    0.00198097321732124
254.499999999914    -0.00167168068878352    -0.000666952631252701    4.24957354198373e-06    3.96114253266842e-06    0.00120625752504678    0.00187518444968316
254.999999999913    -0.00182635978540543    6.65730136856224e-05    5.13230476580772e-06    3.24457421762038e-06    0.00134041586832653    0.00180003951386329
255.499999999913    -0.00160846463821184    0.000781186794951865    4.1113575008222e-06    4.02261529601073e-06    0.00123458454892496    0.00184725809983434
255.999999999912    -0.00108374600985238    0.00127191322123416    2.0553946583525e-06    5.45948226249077e-06    0.000938557001189357    0.00196003036204558
256.499999999912    -0.000381311763514573    0.00149648696327153    5.16375669600739e-07    6.32442303443834e-06    0.000609078819699179    0.00202112587514897
256.999999999911    0.000372160853648827    0.00147616078197431    4.31109197501771e-07    6.30984986028149e-06    0.000540930214087868    0.00203243676557046
257.499999999911    0.00105544822078571    0.00122213312041573    1.80697204092347e-06    5.41855623681829e-06    0.000832466872712512    0.00198114786747512
257.99999999991    0.00155730221352701    0.000744307583544568    3.7685111018083e-06    4.07546665712527e-06    0.00115901722055894    0.00187655878623701
258.49999999991    0.00176506259479768    6.30487691467191e-05    4.88330724708774e-06    3.18970138411197e-06    0.0013296094477454    0.0017848602849582
258.999999999909    0.00161507702827171    -0.000645757493475858    4.19652265966784e-06    3.71402827774286e-06    0.0012601781034508    0.00181577133399628
259.499999999909    0.00115212591137958    -0.00116365484651041    2.29362791330453e-06    5.07391091740062e-06    0.000982971921080299    0.00192868305213517
259.999999999909    0.000494575192709774    -0.00142518097658856    6.58176489751878e-07    6.02124280508346e-06    0.000643095536065963    0.00199752396457553
260.499999999908    -0.000233935268220025    -0.00145046210574301    3.17742075793528e-07    6.17149855117623e-06    0.000512851212415797    0.00201684363077056
260.999999999908    -0.000917413537180427    -0.00124659925171043    1.43622127027386e-06    5.42957786975309e-06    0.000771086034156993    0.00196864627990609
261.499999999907    -0.00144470598808263    -0.000823671725811079    3.30585029864564e-06    4.19030483130572e-06    0.00110393609717404    0.00187399832428023
261.999999999907    -0.00170430609402467    -0.000186619804925541    4.5992075556219e-06    3.17677813642455e-06    0.00130174816823082    0.00177255498781677
262.499999999906    -0.00162007272729501    0.000514353394095926    4.23495889213501e-06    3.44702335379221e-06    0.00126898512615787    0.00178394617064927
262.999999999906    -0.00121723232271603    0.00105775801084732    2.5229679822004e-06    4.69760275701653e-06    0.00102044767368823    0.00189175863880804
263.499999999905    -0.000604181474018308    0.00135439099659201    8.28711252543743e-07    5.72684721359359e-06    0.000680937588180303    0.00197293493099597
263.999999999905    9.95131701542745e-05    0.00142332969906109    2.59259905994727e-07    5.99766832853512e-06    0.000499356621024067    0.00199293775525122
264.499999999904    0.000781132233109546    0.00126656644279017    1.10998375499157e-06    5.44302856411166e-06    0.000706976795509489    0.00195929528405228
264.999999999904    0.00133139450147609    0.000898148531836113    2.85122409917587e-06    4.2904927605421e-06    0.00103856284384485    0.0018664999264138
265.499999999904    0.00164180663469396    0.000311051530991739    4.28402947433954e-06    3.20948008883387e-06    0.00126035727022715    0.00176429221896532
265.999999999903    0.00162470143701466    -0.000378706986786253    4.24030508467801e-06    3.23235539081439e-06    0.00126516810157407    0.0017575370291899
266.499999999903    0.00128365519599643    -0.000950874917420222    2.74699595502064e-06    4.34617565896585e-06    0.00104843945595919    0.00185526616699247
266.999999999902    0.000713104789786412    -0.00129150500021579    1.02463877588871e-06    5.42452381559573e-06    0.000718415154818149    0.00193817920998378
267.499999999902    3.0215692507901e-05    -0.00140224700205519    2.42764131582362e-07    5.82742628067839e-06    0.000491783634852391    0.00196497573163274
267.999999999901    -0.000651118376733574    -0.00128594765632577    8.32214531062976e-07    5.41969665961304e-06    0.00063895179046843    0.00194062754922301
268.499999999901    -0.00122157134611392    -0.000961438294915211    2.41372847214122e-06    4.39491135543489e-06    0.000959943705898762    0.00186294062184102
268.9999999999    -0.00157495412971667    -0.000418591362527232    3.93533433916077e-06    3.27466930465195e-06    0.00120617321660249    0.00176052565328357
269.4999999999    -0.00161724892681642    0.000255473806298108    4.1942592413776e-06    3.03845863580376e-06    0.00125648921606545    0.00172429457173051
269.999999999899    -0.00133308403137413    0.000850539990774336    2.94994649839875e-06    3.99869386310527e-06    0.00108297435966602    0.00180977224732806
270.499999999899    -0.000804548091452577    0.00122374239780351    1.24418450547133e-06    5.10119019878621e-06    0.000772584541659581    0.00189832682713076
270.999999999899    -0.00014712188853428    0.00136889859674127    2.75860998478205e-07    5.63558139885553e-06    0.000504198520815275    0.00193950973977841
271.499999999898    0.000527207539430956    0.00129099010668698    5.98872335481389e-07    5.3968832768695e-06    0.000566502026341077    0.00193137977138259
271.999999999898    0.00110897610232448    0.00100333984980179    1.99707652842572e-06    4.4639884472659e-06    0.000875927241783774    0.00185938097039462
272.499999999897    0.00149578177211619    0.000509706607015897    3.55697914247935e-06    3.34488930315701e-06    0.00114874541682842    0.001756441993896
272.999999999897    0.00159224907483766    -0.000135599760051541    4.08505493740291e-06    2.91737727568141e-06    0.0012449087601433    0.00170264205890592
273.499999999896    0.00136694113862252    -0.000740941422110988    3.12027058429224e-06    3.65514154111803e-06    0.00111881299055455    0.00176242655169462
273.999999999896    0.000885961351067138    -0.00114438921628817    1.47191272327856e-06    4.77620370350848e-06    0.000828845708014377    0.00186187459973862
274.499999999895    0.000260548216795236    -0.00132170196046419    3.45507492286603e-07    5.41846755725016e-06    0.000526898585129459    0.00191613451640413
274.999999999895    -0.000400370138478303    -0.00128569473589701    4.17441256403491e-07    5.32968092763187e-06    0.000507094674216122    0.0019174644647864
275.499999999894    -0.000990193922484409    -0.00104182123930552    1.6182268395721e-06    4.53233204847029e-06    0.000798588026110481    0.00185659380420226
275.999999999894    -0.00140844070407388    -0.000596450642787131    3.1769484629359e-06    3.46697220209776e-06    0.0010923567393685    0.0017638647433453
276.499999999894    -0.00155791073994476    1.56639026435022e-05    3.94740740265393e-06    2.83238763132899e-06    0.0012330131909346    0.00168289698837539
276.999999999893    -0.00139252693818154    0.000628125421856075    3.26157130396727e-06    3.37199240595233e-06    0.0011499739259679    0.0017255291537295
277.499999999893    -0.000960661494707912    0.00106129801250051    1.70650043168786e-06    4.44673641761994e-06    0.000885228741215184    0.00182219179733705
277.999999999892    -0.000369229175614396    0.00126878658709115    4.57941482030879e-07    5.1951703576772e-06    0.000567107836223405    0.00189350229841286
278.499999999892    0.000273318313513068    0.00126630751300163    2.93702290221519e-07    5.23937898976547e-06    0.000467973706227061    0.00190678899521712
278.999999999891    0.000862661907301829    0.00106090371667197    1.27507286808104e-06    4.57383787593919e-06    0.000728620135441925    0.00185696558392739
279.499999999891    0.00130404766638618    0.00066984374916988    2.78181803817917e-06    3.56443573520914e-06    0.00103984504709689    0.00176514732725265
279.99999999989    0.00150284749329513    0.000104009083300647    3.73884372101589e-06    2.81957664819906e-06    0.00121667297697962    0.0016759351893167
280.49999999989    0.00140141067940261    -0.000499266278972589    3.34327992878522e-06    3.12741165635018e-06    0.00117444797093849    0.0016965096047565
280.999999999889    0.00102816646453678    -0.000958548565687204    1.93037635480898e-06    4.13709020264837e-06    0.000934478504841561    0.00179395508579991
281.499999999889    0.000479286463048471    -0.00120206471260283    6.05993600225424e-07    4.92485527869256e-06    0.000613415101349739    0.00186544785652337
281.999999999889    -0.000140770970071129    -0.0012446610078689    2.24439118377745e-07    5.11417166437215e-06    0.000452352354214033    0.00188811828015697
282.499999999888    -0.000731824967978277    -0.00108738500197005    9.78331452338009e-07    4.61548644375987e-06    0.000665404890710613    0.00185285733429491
282.999999999888    -0.00119842125444378    -0.000746190215239634    2.39194666029403e-06    3.68372754101387e-06    0.00097761605816978    0.00176831210584967
283.499999999887    -0.00144695045059659    -0.000222487354930332    3.49070440271979e-06    2.85065545695623e-06    0.00118196395725002    0.00167366509010983
283.999999999887    -0.00140742741218918    0.000377213923394862    3.37685320114566e-06    2.91689622994481e-06    0.00118152498093105    0.00166571482731645
284.499999999886    -0.00108938481520621    0.00086361237421118    2.13676424607921e-06    3.84674966994923e-06    0.000974681984278634    0.00176094387674865
284.999999999886    -0.000579223990025117    0.00114154510630376    7.76103107056979e-07    4.6766771111021e-06    0.000663779087073676    0.00183672313683256
285.499999999885    1.91085757280177e-05    0.00121953947261319    2.00590003487517e-07    4.99718543286626e-06    0.000447464932504396    0.00187347508859995
285.999999999885    0.00060788486116786    0.00110335054404624    7.30895805090788e-07    4.61254629023059e-06    0.000601142080255341    0.00184259704416985
286.499999999884    0.00109284638712922    0.000805520463801347    2.02036641961625e-06    3.77585702463754e-06    0.000908874685396652    0.00176833079683491
286.999999999884    0.00138170213709996    0.000322079700192203    3.20765892433567e-06    2.89647961474213e-06    0.00113954294726837    0.00167115058611312
287.499999999884    0.00139779390005248    -0.000260898894737427    3.3520685449805e-06    2.76313038355222e-06    0.00118247230747979    0.00164166444509132
287.999999999883    0.0011342979513661    -0.000766180528565588    2.3183291033559e-06    3.54445935720182e-06    0.00101572499274291    0.00171971705662553
288.499999999883    0.000665175577672369    -0.00107488508641134    9.6261493266829e-07    4.41835704699751e-06    0.000721218679414586    0.00180637180503018
288.999999999882    9.2265606550392e-05    -0.00118509476260224    2.28024632835361e-07    4.81612224559938e-06    0.000468520747334895    0.00184707137091454
289.499999999882    -0.000488192661215656    -0.00110493503206391    5.32264416617096e-07    4.59126108376863e-06    0.000542155274946461    0.00183585937878873
289.999999999881    -0.000983014842175033    -0.000846314916756637    1.67345842018092e-06    3.85484530881866e-06    0.000840916309893274    0.00177160841341812
290.499999999881    -0.00130466099704226    -0.000411806715045018    2.90571310193594e-06    2.97183399131045e-06    0.00109707464866008    0.00167399200140093
290.99999999988    -0.00137431379580331    0.00014149693901634    3.28580683532925e-06    2.65449957419737e-06    0.00118197649130342    0.0016231075720501
291.49999999988    -0.00117005804805989    0.000654333065842452    2.48142653674879e-06    3.27758496937553e-06    0.00105469934148034    0.0016880264240588
291.999999999879    -0.000749736041568049    0.000992908417838923    1.16687848813143e-06    4.14779550056124e-06    0.000777672396388932    0.00177818119840073
292.499999999879    -0.000209348540456112    0.0011389756530826    2.91846670040233e-07    4.65099441033901e-06    0.000498015922083951    0.00183131888867671
292.999999999879    0.000358840715034032    0.00110261546094913    3.78020564616791e-07    4.55163023522501e-06    0.000499253348361987    0.00182643625141995
293.499999999878    0.000864165769474485    0.000891455979256921    1.34572232202971e-06    3.91133668931236e-06    0.000773912039509839    0.00176540163315871
293.999999999878    0.00122202183020328    0.000510281561155505    2.57551725736629e-06    3.07058324332104e-06    0.00104027876257901    0.00167636391385216
294.499999999877    0.00135002454513454    -1.33590318906636e-05    3.16867793259208e-06    2.58128792391467e-06    0.00116022052219669    0.00160658316317009
294.999999999877    0.00120788356669528    -0.000539984287201662    2.61216967441288e-06    3.02632075160814e-06    0.00107386543091785    0.00165370424235516
295.499999999876    0.000836070445330267    -0.000915523531704035    1.37989390314636e-06    3.86673979517405e-06    0.000825154599812431    0.00174027482256976
295.999999999876    0.000324337073936221    -0.0011018488571044    3.9398604161833e-07    4.44381864215331e-06    0.000537393249016788    0.00179714989309491
296.499999999875    -0.000235775408539936    -0.0011073614580875    2.63928479425289e-07    4.50268875738743e-06    0.000456441054412413    0.00181009374302265
296.999999999875    -0.00075306601751282    -0.000933526214207839    1.04751937995427e-06    3.96825707065096e-06    0.000693116839516723    0.00175976870015288
297.499999999874    -0.00114153056511663    -0.00059136203166464    2.24509598358464e-06    3.15444378877492e-06    0.000970568880857581    0.00167473422855102
297.999999999874    -0.00131810359152362    -9.52723934271955e-05    3.00637914445544e-06    2.56514508438794e-06    0.00112649104145038    0.00159877085770244
298.499999999874    -0.00123100467516462    0.000435528031483108    2.69789040305112e-06    2.7923774836772e-06    0.00108743638562169    0.00161328634081791
298.999999999873    -0.000904008197694337    0.000842585643570235    1.57429905215192e-06    3.60647491608168e-06    0.000870096678911809    0.00170191784447165
299.499999999873    -0.000420466778699733    0.00106006666276772    5.1544086434141e-07    4.24019699715497e-06    0.000581935178822589    0.00176534859663565
