#t    <phi>    <pi>    <phi^2>    <pi^2>    rms(phi)    rms(pi)
0    1.98717217468794e-24    -1.79976406715639e-24    4.24239285790213e-15    5.23725684750656e-13    6.51336538043286e-08    7.23688941984507e-07
0.5    -3.44922498070656e-16    4.4094578191938e-16    1.72481196371531e-15    2.56121620866884e-13    4.15308555620434e-08    5.06084598527641e-07
1    -2.65945375610478e-16    -2.4502789172172e-15    9.7331023460958e-16    1.17433013833633e-13    3.11979203571261e-08    3.42685006724299e-07
1.5    1.37273968062378e-16    2.93592043456165e-16    9.09128961030493e-16    4.77697445870149e-14    3.01517654712041e-08    2.18562907619328e-07
2    4.86633662022724e-16    3.12955569175745e-16    1.38323022552244e-15    1.67504745453365e-14    3.7191803203427e-08    1.29423624371042e-07
2.49999999999999    4.70900620557127e-16    -1.17777144736159e-15    1.51107593896491e-15    1.33916972947343e-14    3.88725602316713e-08    1.15722501246448e-07
2.99999999999998    -3.54060328825796e-16    1.70314344718756e-15    5.97137072759344e-16    2.00507348442854e-14    2.44363882920399e-08    1.41600617386667e-07
3.49999999999997    -2.62600598185401e-16    -3.84085554235466e-15    2.08905251972271e-16    4.23180381456055e-14    1.4453554994266e-08    2.057134855706e-07
3.99999999999996    -1.00405370870589e-16    -4.2514515566345e-15    1.65624123932657e-16    3.70615312744017e-14    1.28695036397158e-08    1.92513717107124e-07
4.49999999999995    1.63435980554272e-16    -2.31569551505487e-15    1.68684675075521e-16    2.46045238369909e-14    1.29878664558703e-08    1.56858292216226e-07
4.99999999999994    7.35954572602666e-17    2.13220616854086e-15    2.7580408374877e-16    1.08936926508201e-14    1.66073502928303e-08    1.04372853993843e-07
5.49999999999993    6.10483578177392e-16    4.57330966568314e-16    6.8942775468022e-16    4.18937322245838e-15    2.62569563102851e-08    6.4725367688862e-08
5.99999999999992    4.50712411501035e-16    -2.19977667723875e-15    3.03677198441121e-16    1.41414126962663e-14    1.74263363459197e-08    1.18917671925859e-07
6.49999999999991    -1.11519046198468e-16    2.93911389876068e-15    9.18146022730984e-17    2.41734642514253e-14    9.58199364814538e-09    1.5547817934175e-07
6.9999999999999    -2.52515723799072e-16    1.69909964468894e-15    9.86741635538827e-17    2.24555049009031e-14    9.9334869785933e-09    1.49851609603978e-07
7.49999999999988    -2.89419515878027e-16    1.10106903172051e-15    1.07502100453191e-16    1.65634616889398e-14    1.03683219690166e-08    1.28699113007588e-07
7.99999999999987    -1.66919359525106e-16    -2.17566861160963e-15    1.65206425746021e-16    8.73413496876432e-15    1.28532651783903e-08    9.34565940357571e-08
8.49999999999986    7.21757270760692e-17    1.49831044600086e-15    2.37807229577151e-16    5.12521092788783e-15    1.54209996296333e-08    7.15905784854951e-08
8.99999999999985    7.45301335044149e-16    9.49054958757302e-16    8.4746635159858e-16    2.00362747789685e-15    2.91112753344572e-08    4.47618976127783e-08
9.49999999999984    -6.10195511598492e-17    -3.85082865277375e-15    1.59084215063422e-16    1.71605702481458e-14    1.26128591153403e-08    1.30998359715478e-07
9.99999999999983    4.68446100842462e-16    8.68255707128168e-16    1.92152511736426e-16    1.49329040634069e-14    1.38619086613794e-08    1.22200262124951e-07
10.4999999999998    4.77098101388613e-16    3.19950938502517e-15    1.80817492509487e-16    1.12939676054874e-14    1.34468394989115e-08    1.06273080342519e-07
10.9999999999998    3.05970023765167e-16    4.35787442299243e-15    2.16665583172815e-16    7.42851365957397e-15    1.47195646393776e-08    8.61888256073486e-08
11.4999999999998    -4.81364512782051e-16    -6.71443280176822e-17    2.72395626557287e-16    5.61505351695203e-15    1.65044123360175e-08    7.49336607737272e-08
11.9999999999998    3.08321316470491e-16    1.85390586524113e-15    5.9208255495671e-16    5.16603422399053e-15    2.43327465559626e-08    7.18751293841655e-08
12.4999999999998    1.02154223321673e-15    -3.30066848468584e-16    1.11030737539738e-15    9.1162420062042e-15    3.33212751166186e-08    9.54790134333415e-08
12.9999999999998    -6.80404414487014e-16    1.27416647128608e-15    3.28910487592591e-16    3.08078067989691e-14    1.81358894899751e-08    1.75521528021406e-07
13.4999999999998    -4.64569660814906e-16    -3.71943422330049e-15    4.17406913237607e-16    7.06433270157937e-15    2.04305387407578e-08    8.40495847793394e-08
13.9999999999997    -5.0074085503999e-16    -3.62163652255411e-15    4.02114651934223e-16    7.39323348119279e-15    2.00527966113014e-08    8.59839140839307e-08
14.4999999999997    6.31608023302453e-17    -5.25094793731725e-15    9.56167449532109e-17    3.48414734058569e-14    9.7783815099029e-09    1.86658708357946e-07
14.9999999999997    -3.72772240925651e-16    2.09386982181166e-15    1.49477941712723e-16    1.52974924154464e-14    1.22261171969159e-08    1.23683032043391e-07
15.4999999999997    6.53825277537058e-16    1.66574782754614e-15    2.63952575853173e-15    5.8298834883827e-15    5.13763151513587e-08    7.63536737058715e-08
15.9999999999997    -4.27482864943513e-16    -5.00621241337144e-15    9.17753851681081e-17    8.87173997069786e-14    9.57994703367967e-09    2.97854662053456e-07
16.4999999999998    5.56992723090238e-16    -7.53507430037461e-15    1.09495454060684e-15    7.06069461091935e-15    3.30900973193921e-08    8.40279394661043e-08
16.9999999999999    7.13233748928333e-16    -7.07309693491017e-15    8.64398988232487e-16    1.6024422889961e-14    2.94006630577014e-08    1.26587609543592e-07
17.4999999999999    8.1695423855893e-16    5.00784738341504e-16    6.50063083488031e-16    5.18408230277671e-14    2.54963347069344e-08    2.27685798915451e-07
18    -8.29058641838955e-16    7.50211249850288e-16    1.56849403863569e-15    6.35130347808653e-15    3.96042174349613e-08    7.96950655817945e-08
18.5000000000001    2.72546571740879e-16    2.36270136629269e-15    1.82200525037346e-15    2.64679068788738e-14    4.26849534423251e-08    1.62689602860397e-07
19.0000000000002    1.26519114613671e-15    3.82886407081249e-16    6.86066942250119e-15    1.81021357454408e-14    8.28291580453477e-08    1.34544177672022e-07
19.5000000000002    -1.09635977423226e-15    -2.21048533315043e-15    2.8101705494647e-15    6.71514436525934e-14    5.30110417692833e-08    2.591359559239e-07
20.0000000000003    -2.77050119776387e-16    -1.24669864442588e-14    2.02637863702447e-15    6.37791252599826e-14    4.501531558286e-08    2.52545293482144e-07
20.5000000000004    -5.56963618817933e-17    -1.14170779644278e-14    1.80694126875853e-15    9.142688526852e-14    4.25081317956756e-08    3.02368790169422e-07
21.0000000000005    8.08391356480959e-16    -3.52288541769884e-15    1.65744002718982e-16    2.17452952523285e-13    1.28741602723821e-08    4.66318509736944e-07
21.5000000000006    -1.1068356548892e-15    1.12085564619833e-15    5.06155154574026e-16    8.93234649067165e-14    2.24978922251402e-08    2.98870314529089e-07
22.0000000000006    1.83043628305945e-16    2.65955558590428e-15    1.44213569842946e-14    4.17210141362085e-14    1.20088954464158e-07    2.04257225419833e-07
22.5000000000007    4.06186739269108e-16    -2.42154723805402e-15    3.89499488408799e-16    5.60887804171588e-13    1.97357413949615e-08    7.48924431549397e-07
23.0000000000008    -1.39890484547191e-16    5.55425624430823e-15    6.36678674985249e-15    9.91254681558418e-14    7.97921471690823e-08    3.14841973306994e-07
23.5000000000009    -6.34026042635383e-16    1.07045688312995e-14    4.04418825591837e-15    3.25925597388017e-13    6.35939325401282e-08    5.7089893798116e-07
24.000000000001    -1.09508970648899e-15    9.17463501402893e-15    2.17200321087176e-15    5.52747434885171e-13    4.66047552388354e-08    7.43469861450463e-07
24.500000000001    -3.39056622085102e-16    -6.12655175142259e-15    1.08189625753734e-14    1.90085065771157e-14    1.04014242175643e-07    1.37871340666274e-07
25.0000000000011    3.08100640735536e-16    2.74616448969408e-15    9.34421365750485e-15    1.88331907134568e-13    9.66654729337463e-08    4.33972242354933e-07
25.5000000000012    2.59843385841603e-15    9.34695767621792e-15    5.04771085774033e-14    5.43761602611504e-14    2.24671112022448e-07    2.33186964174995e-07
26.0000000000013    -2.08772829920578e-15    -2.72736615975829e-14    2.34526858382991e-14    1.41191267383268e-13    1.53142697632956e-07    3.75754264624192e-07
26.5000000000013    9.45450859571226e-16    -3.28514416324237e-14    9.50030461132679e-15    1.13558067430296e-12    9.74695060586992e-08    1.06563627673938e-06
27.0000000000014    1.11517885754542e-16    -1.6878353853427e-14    7.81974811216176e-15    1.35290137774326e-12    8.8429339656936e-08    1.16314288793048e-06
27.5000000000015    4.53580824845231e-16    -7.02790323951254e-15    2.55460823749435e-15    1.46229506622135e-12    5.05431324464002e-08    1.2092539295869e-06
28.0000000000016    -2.24284463861011e-15    -1.12958808128964e-15    4.52283694623821e-15    6.35684474843004e-13    6.72520404615221e-08    7.97298234566591e-07
28.5000000000017    -5.02540118378532e-16    3.44290693189661e-15    9.7622038407605e-14    3.45815076478009e-13    3.12445256657234e-07    5.88060436076097e-07
29.0000000000017    -5.68598066324385e-15    -8.31994322464406e-15    8.63846608117908e-15    3.95333423805204e-12    9.29433487732127e-08    1.9882993331116e-06
29.5000000000018    3.8739049599982e-15    -5.1901527019252e-14    3.68276366426335e-14    2.03173005535009e-12    1.91905280392785e-07    1.42538768598234e-06
30.0000000000019    4.27163590630496e-15    -2.4155218942473e-14    1.6759657745564e-14    4.65913504488431e-12    1.29459096804991e-07    2.15850296383496e-06
30.500000000002    2.63047345394191e-15    5.72612250121904e-15    5.88485622794895e-15    5.44200769276835e-12    7.6712816582035e-08    2.33281111382134e-06
31.000000000002    -1.21937386486618e-15    1.39381845263851e-14    8.15332815134941e-14    2.12358759678488e-13    2.85540332551277e-07    4.60824000762208e-07
31.5000000000021    4.16909102452758e-15    9.26828041738055e-17    5.78324877992511e-14    1.5401938070461e-12    2.40483861827049e-07    1.24104544922662e-06
32.0000000000022    5.04070782229016e-15    8.96289528920727e-15    4.14926868491467e-13    1.69990918163346e-13    6.44148172776627e-07    4.12299549070025e-07
32.5000000000021    -3.13763616795707e-15    -3.62071961583037e-14    1.9849973853011e-13    2.29189042806288e-13    4.45533094764138e-07    4.78736924423306e-07
33.000000000002    4.06283526483511e-16    -3.7861861564501e-14    3.7571554807801e-14    1.47477229115795e-11    1.93833832980213e-07    3.84027641083027e-06
33.5000000000019    -2.15156592885836e-15    -1.16755453568685e-14    2.7066539937996e-14    1.61715083801598e-11    1.64519117241724e-07    4.02138140197616e-06
34.0000000000018    -1.17906542558118e-15    -2.0907783650495e-14    4.55872663616833e-14    1.00588973837419e-11    2.13511747596434e-07    3.1715764824046e-06
34.5000000000017    -3.33454111811015e-15    -9.77111070699565e-16    5.15741041794766e-14    4.998957476821e-12    2.27099326682129e-07    2.23583485007748e-06
35.0000000000016    1.05304624224654e-15    1.09689713139117e-14    7.43045835584933e-13    3.11120813353592e-12    8.62001064723782e-07    1.76386171043422e-06
35.5000000000015    -6.99727096050984e-15    -2.54727189744499e-14    1.55054469740131e-13    2.98047669144697e-11    3.93769564263328e-07    5.45937422370638e-06
36.0000000000014    5.84011945621329e-15    -3.86045374784675e-14    1.96943282968353e-13    2.98187222099985e-11    4.43782923250043e-07    5.46065217808262e-06
36.5000000000013    2.61626405963704e-15    6.77937540502905e-15    4.75935319102349e-14    5.422924394179e-11    2.18159418568704e-07    7.36405078348799e-06
37.0000000000012    -1.72208969341572e-16    2.59886349437183e-14    1.01097226372166e-14    5.09897909460419e-11    1.0054711650374e-07    7.140713616022e-06
37.5000000000011    -2.82684438371031e-15    2.1613488225712e-14    6.47939609487637e-13    3.82020745214587e-12    8.0494696066737e-07    1.95453509872447e-06
38.000000000001    1.90282794384629e-14    2.40691700614646e-14    3.89429505046499e-13    1.38304334380341e-11    6.24042871160707e-07    3.71892907139059e-06
38.5000000000009    3.07769909934263e-14    3.47993082130636e-14    3.67471590611181e-12    5.38569200163611e-13    1.91695485239267e-06    7.33872741123152e-07
39.0000000000008    -1.43086196938983e-14    -1.74925948569294e-13    1.6859272090902e-12    5.55684255326309e-12    1.29843259705315e-06    2.35729560158735e-06
39.5000000000007    -2.37718207850098e-15    -2.1648484082789e-13    9.0477742803494e-14    1.64098212443948e-10    3.00795184142789e-07    1.281008245266e-05
40.0000000000006    -2.57462947372853e-14    -1.90204446014148e-13    4.86624686243069e-14    1.70923354514056e-10    2.20595713068741e-07    1.30737658887582e-05
40.5000000000005    -1.7004021082578e-14    -4.0092522279862e-13    6.89000014689835e-13    6.68631273945627e-11    8.30060247626541e-07    8.17698767239884e-06
41.0000000000004    2.44443504204585e-14    2.30930623472823e-13    6.35427983468922e-13    4.15370827643853e-11    7.97137368004362e-07    6.44492690139968e-06
41.5000000000003    1.02246389735809e-13    1.3075490909309e-13    6.09604366756863e-12    2.97335086374165e-11    2.46901674104665e-06    5.45284408702619e-06
42.0000000000002    2.52037064190694e-15    -7.10097542151636e-13    2.37980055603308e-12    2.33489336668966e-10    1.54266022053888e-06    1.52803578711025e-05
42.5000000000001    1.21885948275942e-13    3.15502378527729e-13    8.57508533499766e-13    3.72854501338695e-10    9.2601756651791e-07    1.93094407308626e-05
43    1.64942191588315e-13    1.02314370622532e-12    5.85530119202743e-14    5.54066995352195e-10    2.41977296290886e-07    2.35386277287397e-05
43.4999999999999    1.96664408005024e-13    1.69716927581714e-12    2.37259448793347e-13    4.50418328772103e-10    4.87092854385391e-07    2.1223061248842e-05
43.9999999999998    -2.45155171143979e-13    1.28671315396329e-12    5.25667966889737e-12    6.61978634731054e-11    2.29274500738685e-06    8.13620694630513e-06
44.4999999999997    5.18168634016508e-13    8.58665338333914e-13    2.72082806005687e-12    1.32823236283946e-10    1.64949327372275e-06    1.15248963676011e-05
44.9999999999996    8.31017760017939e-13    -8.18607727755759e-14    3.42548808723464e-11    4.35374406123474e-12    5.85276694157094e-06    2.08656273838932e-06
45.4999999999995    -5.42623477792137e-13    -1.27652112763373e-12    1.41104970682495e-11    1.64605558495874e-10    3.75639415773281e-06    1.28298697770426e-05
45.9999999999994    -4.5642665539201e-13    -7.0097318806586e-12    1.63870073981631e-13    1.63722726252141e-09    4.04808688124925e-07    4.04626650447219e-05
46.4999999999993    -9.36133736371648e-13    -9.3870261144869e-12    3.52158052861334e-13    1.62590666815838e-09    5.93429063039937e-07    4.03225330077153e-05
46.9999999999992    -2.99209113971365e-13    -1.52401157278625e-11    9.30194431303106e-12    3.99981632527959e-10    3.04990890241511e-06    1.99995408079217e-05
47.4999999999991    1.0062128970161e-12    1.00622149203279e-11    8.02398933860713e-12    3.54058058082532e-10    2.83266470635091e-06    1.8816430535105e-05
47.999999999999    4.03689668805295e-12    4.60553871948143e-12    5.26437559728493e-11    2.97341919076557e-10    7.25560169612645e-06    1.72436051647135e-05
48.4999999999989    1.99512181000226e-12    -2.25142180610191e-11    3.35927504532665e-11    1.86353505490981e-09    5.79592533192608e-06    4.31686814126782e-05
48.9999999999988    2.75771916385717e-12    2.85038454455581e-11    2.24057944971923e-12    4.21967504169366e-09    1.49685652275414e-06    6.49590258677949e-05
49.4999999999987    4.00935642112523e-12    5.65505226556919e-11    2.5791410000277e-12    5.03105862586009e-09    1.60597042314347e-06    7.09299557722751e-05
49.9999999999986    5.25053747326482e-12    7.94642992392165e-11    8.04848124667189e-12    3.65568788568181e-09    2.8369845340862e-06    6.04622848201712e-05
50.4999999999985    -1.00081315201199e-11    3.53731624471184e-11    4.23389713810572e-11    1.05379957524732e-09    6.5068403531174e-06    3.24622792675757e-05
50.9999999999984    1.74328867256009e-11    3.32046838011319e-11    1.90923702038945e-11    1.34008696007893e-09    4.36948168592004e-06    3.66071982003244e-05
51.4999999999983    2.97258468076788e-11    2.18682681347871e-13    3.31101121760002e-10    8.87714444741057e-11    1.81961842637163e-05    9.42185992647448e-06
51.9999999999982    -1.92683141939027e-11    -6.30519180202557e-11    1.14150122179207e-10    3.2060904808337e-09    1.06841060542675e-05    5.6622349658326e-05
52.4999999999981    -1.23833085283034e-11    -2.94336148090387e-10    1.17199476067107e-11    1.4736218432422e-08    3.42344090157218e-06    0.000121392826939385
52.999999999998    -2.59165874983558e-11    -4.38390273045364e-10    1.88237333994529e-11    1.37483071533677e-08    4.33863266465153e-06    0.000117253175450286
53.4999999999979    2.16411001135701e-12    -5.61877233728795e-10    1.15697387851695e-10    1.90347660136e-09    1.07562720238794e-05    4.36288505583667e-05
53.9999999999978    2.88823759495537e-11    3.93605414460149e-10    1.01774683206795e-10    3.02171381172117e-09    1.00883439278189e-05    5.49701174418087e-05
54.4999999999977    1.47114933693177e-10    1.72250676840407e-10    4.71130208528628e-10    3.0803602630672e-09    2.17055340525633e-05    5.55009933518088e-05
54.9999999999976    1.00334790797068e-10    -7.37938628808596e-10    4.5113688141677e-10    1.49317765771377e-08    2.12399830839552e-05    0.000122195648762929
55.4999999999975    6.55825925350818e-11    1.28498289157591e-09    4.5063810545358e-12    4.41621774063951e-08    2.12282383871925e-06    0.00021014798929503
55.9999999999974    8.82030879264163e-11    2.44347595766553e-09    9.48982612867518e-11    3.98553444237203e-08    9.74157386046895e-06    0.000199638033494997
56.4999999999973    1.17590894456955e-10    3.33768356643077e-09    1.6728673317162e-10    2.60305632420077e-08    1.29339372643365e-05    0.000161339899686555
56.9999999999972    -3.9517886517709e-10    8.52253582927417e-10    3.28650575161829e-10    1.56740586089802e-08    1.812872237654e-05    0.000125196080642542
57.4999999999971    6.08073530720042e-10    1.2918153683967e-09    1.29876776188337e-10    1.40196228775227e-08    1.13963492320384e-05    0.000118404488410929
57.999999999997    1.09047508937483e-09    2.20541541855435e-10    3.28226284149816e-09    1.70806661745306e-09    5.72910362998351e-05    4.13287625922241e-05
58.4999999999969    -6.53549416035511e-10    -3.39172763283546e-09    8.70383731297285e-10    5.07825895103454e-08    2.95022665378469e-05    0.000225349926777981
58.9999999999968    -2.09651894830862e-10    -1.1578483467274e-08    3.63719104912459e-10    1.1745433344396e-07    1.90714211549246e-05    0.000342716111832955
59.4999999999967    -5.55532530805695e-10    -1.84507992041267e-08    4.68244045413614e-10    9.87583859759982e-08    2.16389474121316e-05    0.000314258469473086
59.9999999999966    5.6367492104744e-10    -1.99030111684373e-08    1.34251244432792e-09    5.26290486626163e-09    3.66403117346208e-05    7.25458783814199e-05
60.4999999999965    7.08379663239722e-10    1.50921513065426e-08    1.29302051252452e-09    2.49506728670515e-08    3.595859441111e-05    0.000157957819177395
60.9999999999964    5.30055057765075e-09    6.44365166230449e-09    4.29031387362622e-09    3.28499895632715e-08    6.55004873686478e-05    0.000181245660697714
61.4999999999963    4.38039703723806e-09    -2.39717813983002e-08    5.85273050641245e-09    1.17973887440936e-07    7.65031403749191e-05    0.000343473269507672
61.9999999999962    1.15835305506701e-09    5.09363072724091e-08    3.37962548496887e-10    4.27305335334348e-07    1.83837576995321e-05    0.000653685958805786
62.4999999999961    9.34959302814449e-10    9.35646360633982e-08    1.99567168449094e-09    2.55539606743295e-07    4.46729412913096e-05    0.000505509246195313
62.999999999996    1.12959723075753e-09    1.28479464129833e-07    2.72609683698092e-09    1.42500039616668e-07    5.22120372682864e-05    0.000377491752373076
63.4999999999959    -1.50863762293924e-08    1.05485562633325e-08    2.28723427599809e-09    2.23750394305281e-07    4.78250357908841e-05    0.000473022614886443
63.9999999999958    2.09708845929209e-08    5.1558732784025e-08    7.53759705603142e-10    1.49521131574469e-07    2.74546765747685e-05    0.000386679620507942
64.4999999999961    4.02664394699661e-08    1.66241543045147e-08    3.25997447979639e-08    2.87847900428345e-08    0.000180553989644587    0.000169660807986028
64.9999999999963    -2.04328424461606e-08    -1.65683929418384e-07    5.86000541974021e-09    7.10592953146399e-07    7.65506695087584e-05    0.000842966740562897
65.4999999999966    4.02545401265069e-09    -4.03863002517048e-07    7.32600281234447e-09    7.48188116817248e-07    8.55920720402315e-05    0.000864978585695579
65.9999999999969    -7.15458460753958e-12    -6.78673620915707e-07    8.45151093163945e-09    4.78460093895028e-07    9.19320995715827e-05    0.000691707765821047
66.4999999999971    4.19843229191726e-08    -6.07270532838291e-07    1.42327947644152e-08    3.49937130588416e-08    0.000119301269908295    0.000187065080336608
66.9999999999974    3.11705183832422e-09    5.51752846358708e-07    1.72619081441545e-08    1.60056067586478e-07    0.000131384581037649    0.000400069697871851
67.4999999999976    1.86929422062752e-07    2.60806023137469e-07    3.51812268519215e-08    3.58475615012314e-07    0.000187566499965513    0.000598728274756197
67.9999999999979    1.9158456473011e-07    -7.3018386147836e-07    7.15730397541269e-08    8.29304295817612e-07    0.000267531312278547    0.00091066116786055
68.4999999999981    -3.04569936426833e-08    1.76395446993049e-06    1.23691260357142e-08    3.43974522550486e-06    0.000111216568496271    0.00185465417638154
68.9999999999984    -9.6489167510172e-08    2.59064656256397e-06    3.26132441517325e-08    7.04135835438508e-07    0.000180591347637624    0.000839124021816141
69.4999999999986    -1.6080474432786e-07    3.46609031344547e-06    3.75189050013693e-08    1.85691893449899e-07    0.000193697906914875    0.000430905882609924
69.9999999999989    -4.54894842767132e-07    -1.44698188750847e-06    6.38670895398246e-09    3.1664830778923e-06    7.99155931259005e-05    0.00177946086895321
70.4999999999992    4.98936540691634e-07    2.20843565900243e-06    4.2627087291884e-09    1.359554302224e-06    6.52875163527972e-05    0.00116599718054374
70.9999999999994    1.39636641737056e-06    1.24163296256878e-06    2.43796739583045e-07    4.82851794360184e-07    0.000493755799706569    0.000694874271151099
71.4999999999997    -3.32237869145905e-07    -7.47205822429317e-06    1.93871031639155e-08    7.62815919014584e-06    0.000139237181750831    0.00276190212688497
71.9999999999999    8.49395894515315e-07    -4.02709269322791e-06    1.04890089670467e-07    1.17542867178629e-06    0.000323866281352476    0.00108416440372793
72.5000000000002    1.00443259437595e-06    -2.84394977891961e-06    9.30716444342174e-08    1.14376437523862e-06    0.000305074803203052    0.00106946542122141
73.0000000000004    1.26437732055952e-06    4.77600841055773e-06    5.74805871212907e-08    6.60524047990441e-06    0.000239747760096485    0.00257006180269037
73.5000000000007    -1.67927675420993e-06    2.57669284916727e-06    1.92723503242363e-07    8.80983415073718e-07    0.000438999639261749    0.000938603630787607
74.000000000001    1.67767882584412e-06    7.29877366758061e-06    5.95730227339327e-08    2.30491726194278e-06    0.000244070088555911    0.00151817785184929
74.5000000000012    3.73119787760855e-06    -6.26873918708418e-06    3.28479934565905e-07    1.28653133302726e-06    0.000573119544884226    0.00113423632279004
75.0000000000015    -2.2186873454059e-06    1.37873301524699e-05    1.30722285458269e-07    5.82263092814092e-06    0.000361548562277231    0.00241297344321652
75.5000000000017    -2.18297821541489e-06    -8.13674784592351e-06    1.19786363921414e-07    3.61637562699417e-06    0.000346094782577728    0.00190165964891951
76.000000000002    -1.98254053953392e-06    -1.61468567400953e-05    7.62697880408334e-08    9.72004306543616e-06    0.000276162737482526    0.00311765654690403
76.5000000000022    1.22345202805358e-06    -1.90851856466104e-05    7.83044511840614e-08    7.76903013233012e-06    0.000279826650534213    0.0027872326576766
77.0000000000025    -2.82377532785763e-06    6.62740870696598e-06    2.81786468722222e-07    1.30573798997822e-06    0.000530828121914354    0.00114266971056034
77.5000000000027    1.33951156308994e-06    8.10342174523411e-06    1.37157145579499e-07    1.92328871301746e-06    0.000370344908549141    0.00138680317549877
78.000000000003    8.22751118926801e-07    -1.53900687964949e-05    3.1767259375739e-08    7.16964276267179e-06    0.00017823182223255    0.00267757463172443
78.5000000000033    1.5819976353232e-06    9.70919867961303e-06    8.36216230951349e-08    3.21672751632768e-06    0.000289169708611771    0.00179349749032127
79.0000000000035    1.24528167455429e-06    1.85137043691862e-05    4.87292006987034e-08    7.26357070102083e-06    0.00022074340300959    0.00269503765164262
79.5000000000038    7.2291980700228e-08    2.25956502458291e-05    2.92911374605463e-08    8.96641565839898e-06    0.000171146522706177    0.00299431212384229
80.000000000004    -2.10720421626753e-06    -1.25526281493785e-05    1.23785309035435e-07    3.08139203116834e-06    0.000351825054147407    0.00175534454244598
80.5000000000043    -2.40370871671288e-06    4.43682246784666e-06    1.44991663840142e-07    1.52751153531142e-06    0.000380770122284492    0.0012359174122561
81.0000000000045    -6.86287529800683e-08    4.94170736740101e-06    2.00375531947734e-07    1.73903528650437e-06    0.000447633250817931    0.00131871561226546
81.5000000000048    4.89783229153955e-09    -5.03602003461537e-06    9.17425250716393e-08    4.01205919329397e-06    0.000302890285495673    0.00200300619864148
82.000000000005    2.08064534714915e-07    -2.99033147805415e-06    6.51143514476871e-08    5.19877056984345e-06    0.000255175053946965    0.00228007930295442
82.5000000000053    2.53413431010908e-07    -2.20385658834768e-06    4.94301337847254e-08    7.39508839377437e-06    0.000222328742105825    0.00271939028769143
83.0000000000056    3.48523198844017e-07    3.18016235204075e-06    5.54228640427218e-08    5.78118224201687e-06    0.000235420352931308    0.00240440681428586
83.5000000000058    -3.8544985165832e-07    -2.27654974697516e-06    1.4120727245963e-07    2.09248035563005e-06    0.000375775363599109    0.00144653903264008
84.0000000000061    -8.52399747657552e-07    -5.09590012221656e-07    2.87352249595518e-07    1.34699761081043e-06    0.000536051791350601    0.00116060215023429
84.5000000000063    3.42283156506718e-07    5.13251828923176e-06    3.36303229963136e-08    9.54767388521362e-06    0.000183385402468556    0.00308992678594002
85.0000000000066    -8.19195440545815e-07    3.66734467415975e-06    1.09545247880797e-07    4.92208656821303e-06    0.000330975190610455    0.00221857456913129
85.5000000000068    -7.96604320636906e-07    -2.70622816480159e-06    5.05365155399265e-08    1.21134649852632e-05    0.00022480187045815    0.00348043929146772
86.0000000000071    -9.84043822635993e-08    -7.73125407804151e-06    4.43803967039462e-08    1.1721395313029e-05    0.000210666530375671    0.00342364360597585
86.5000000000073    7.83034588552778e-07    6.74114099175301e-06    1.39068911863837e-07    4.97323119292857e-06    0.000372918622115697    0.00223006406857442
87.0000000000076    1.70683117734293e-06    -8.58080733150544e-07    2.2335137835918e-07    2.35803790509262e-06    0.000472597572027737    0.00153559016954071
87.5000000000079    1.13999976547999e-06    -2.59970897965571e-06    3.44017593405773e-07    2.1887818848994e-06    0.000586529022134718    0.00147945095437889
88.0000000000081    -1.18369186354685e-06    -3.27517326349169e-07    1.8447102643521e-07    3.51485087825871e-06    0.00042949927276863    0.00187479352756273
88.5000000000084    -1.25700429881297e-07    -5.26785060607826e-07    5.71781683051712e-08    1.40014520835811e-05    0.000239119536016138    0.00374185138749237
89.0000000000086    -1.02531127217967e-06    -5.76219871356346e-06    5.22390594828224e-08    1.4706561933561e-05    0.000228556356769217    0.00383490922065008
89.5000000000089    -3.14228315389204e-07    -1.04299831201705e-05    1.42436489809487e-07    5.45543284586332e-06    0.000377407460273446    0.00233566351628727
90.0000000000091    4.26672831971942e-08    7.14836724887583e-06    2.72807696364774e-07    2.93664141344724e-06    0.000522309960219291    0.00171364824695528
90.5000000000094    3.03137685014797e-06    5.70056036368536e-06    3.8325507547076e-07    2.26715135526109e-06    0.000619068563428278    0.0015056954734848
91.0000000000096    2.44013482486369e-06    -1.76333221889468e-05    9.77220963156132e-08    1.00626538537575e-05    0.000312595812604151    0.00317211962569291
91.5000000000099    4.37665620490862e-08    3.95150024259551e-05    9.60400546037625e-08    1.17680243665587e-05    0.00030990329570408    0.00343022782496178
92.0000000000102    -5.52849831303166e-06    1.75834005814418e-05    6.736194693585e-08    1.61132493773004e-05    0.000259482913969789    0.00401409269964265
92.5000000000104    -4.09768091561344e-06    -5.32850237785042e-05    1.09186854199122e-07    1.0315658912773e-05    0.000330408933308764    0.00321135790889368
93.0000000000107    8.4209702031703e-06    8.10686517944323e-06    1.34100707605253e-07    8.13111721957653e-06    0.000366100798778274    0.00285149986819454
93.5000000000109    -5.87687680432794e-06    -3.24737292032769e-05    3.34916224140436e-07    3.32178242279273e-06    0.000578689628781667    0.00182228644282516
94.0000000000112    -1.89399439481723e-05    -3.64646236951888e-06    4.72993224201082e-07    2.95771691072866e-06    0.000687484183617574    0.00171979755030668
94.5000000000114    1.04052987442432e-05    5.53338181109681e-05    2.15423480710662e-07    5.8437856051576e-06    0.000464020700474348    0.00241675893992985
95.0000000000117    -7.44848581334194e-06    6.51796116841428e-05    1.04762126802468e-07    1.50575908657898e-05    0.000323584064597682    0.00387986371977297
95.500000000012    -1.09538242958785e-05    -4.63269687581352e-05    1.17743089478468e-07    1.28508810256612e-05    0.000342962247502204    0.00358451319395352
96.0000000000122    5.58753147908077e-06    -8.09751434473064e-05    1.60043190550856e-07    8.87000625348121e-06    0.000400014962273696    0.00297715456092305
96.5000000000125    -6.47968057380236e-06    4.13647614041977e-05    2.76703381181191e-07    5.31929538079249e-06    0.000525986116661697    0.00230598879817454
97.0000000000127    1.24924037417457e-05    3.38031139305395e-05    5.0363939031905e-07    3.37343035109205e-06    0.000709565592576052    0.00183637896431555
97.500000000013    1.56549224522117e-05    -5.48383104710635e-05    2.39467170762734e-07    9.86327358253662e-06    0.00048910335734459    0.00314010610365976
98.0000000000132    -9.96534220486744e-06    7.01401897754561e-05    1.49333827953375e-07    1.51169245734893e-05    0.000386308840059498    0.00388741622768486
98.5000000000135    -7.2916906353187e-06    -9.97069918492373e-05    1.56377413608331e-07    1.33307149177381e-05    0.000395378609507406    0.0036497634763796
99.0000000000137    7.1438887829979e-06    -6.65857082139521e-05    1.71106197500042e-07    1.16688927417654e-05    0.000413588155479698    0.00341532708319819
99.500000000014    2.2989622123887e-06    7.60951163322224e-05    1.9685601639277e-07    9.95501822879047e-06    0.000443678635011329    0.00315423964879983
100.000000000014    1.11134332102565e-05    -2.88822093803154e-05    3.97800214365081e-07    5.31865304038601e-06    0.000630616132022772    0.00230603964804756
100.500000000015    -5.34923518007261e-06    -3.30962105398263e-05    6.369865292033e-07    4.21890433273609e-06    0.000798096432072145    0.00205373050169296
101.000000000015    -2.65789806771595e-06    5.49397261670961e-05    2.01434139983288e-07    1.19304211792723e-05    0.000448806278433301    0.00345360721648553
101.500000000015    -4.00768427035171e-06    -2.30897391191881e-05    2.01073944362695e-07    1.30163474268285e-05    0.000448394784569897    0.00360774365646672
102.000000000015    -8.78195170144043e-07    -5.4509420718671e-05    1.77867652384757e-07    1.51983427710283e-05    0.000421742671730049    0.00389812409936898
102.500000000016    5.62466825488976e-06    -1.80204846777062e-05    1.9348882546783e-07    1.38078075696005e-05    0.000439837684350548    0.00371584214300507
103.000000000016    -2.64089598069715e-06    2.84927534351486e-05    2.96600864265343e-07    8.67289444068714e-06    0.000544604342558671    0.00294483999627973
103.500000000016    8.75288652950161e-06    1.57307299279591e-05    5.63112145978005e-07    5.54851255863918e-06    0.000750356937034241    0.00235547555766879
104.000000000016    1.14221199510207e-05    -2.02200418193853e-05    5.10539763586098e-07    8.37851982651196e-06    0.000714429351833981    0.00289449667065291
104.500000000017    -7.65850165379209e-06    -1.09671188717948e-05    3.0965057157268e-07    1.13319443081041e-05    0.000556409847976381    0.00336627747376947
105.000000000017    5.93092031139471e-06    -5.35443191229792e-05    2.08342909315181e-07    1.72219200109112e-05    0.000456407420513121    0.00414958468003737
105.500000000017    6.06003485927411e-06    3.99195051253754e-05    2.09997022038451e-07    1.68095786598021e-05    0.000458214249031995    0.00409975427225982
106.000000000017    -6.30979876228015e-06    1.67490075247331e-05    2.68275485539268e-07    1.25207382745137e-05    0.000517914734274714    0.00353842588522928
106.500000000018    8.50537039944904e-06    1.17654891932179e-05    4.17065898862983e-07    8.07182940281501e-06    0.000645750383304068    0.00284107215256478
107.000000000018    9.8993015211023e-06    -1.18071118181016e-06    6.84118572610375e-07    6.24024333720388e-06    0.000827055364797164    0.00249804762627236
107.500000000018    -3.53581955378427e-07    -3.80650865663853e-05    2.81749776118691e-07    1.40016377924041e-05    0.000530800952428019    0.00374168262170761
108.000000000018    -1.00032269254225e-06    2.09265570757728e-05    2.49679326727035e-07    1.68935801587366e-05    0.000499678222540812    0.00411012679098171
108.500000000019    1.20435445538067e-06    1.18515367829337e-05    2.35063768839129e-07    1.760595101268e-05    0.000484832257971224    0.0041959278537358
109.000000000019    -5.5936303205057e-07    1.97069020778792e-05    2.48424284970917e-07    1.5793094432433e-05    0.00049842148035966    0.00397400378339572
109.500000000019    -2.80915496115598e-06    -2.80685074659695e-05    3.24167889926602e-07    1.17032060876324e-05    0.000569350505905638    0.00342087974745109
110.000000000019    -6.52415939099129e-06    2.93632422913082e-06    5.34235806595234e-07    7.83852461315957e-06    0.000730885245397302    0.00279973498587984
110.50000000002    -3.58542656130478e-06    1.41343028705982e-05    6.7193557123116e-07    7.72329530776576e-06    0.000819708921476114    0.00277904579473749
111.00000000002    5.0540849252865e-06    2.81865656502586e-06    3.05550567899635e-07    1.33753134318549e-05    0.000552743180984807    0.00365722647467039
111.50000000002    -4.87550836425423e-06    1.53198332269016e-05    2.73841190609086e-07    1.61489118458683e-05    0.000523275663515204    0.00401854166938433
112.00000000002    -2.5667086117385e-06    -1.89196814111431e-05    2.50078091421447e-07    1.78496764511009e-05    0.00050007149831634    0.00422484538140228
112.500000000021    2.1724728533553e-06    -4.12504943834248e-05    2.9076730612872e-07    1.48893536451946e-05    0.000539224059636086    0.00385845202664329
113.000000000021    -1.27686044997462e-06    2.11333030615586e-05    4.02080443445141e-07    1.05121414361567e-05    0.000634096848338275    0.0032421743968606
113.500000000021    5.31378630434493e-06    9.25308498576906e-06    6.24775132202749e-07    7.75195170340474e-06    0.000790409321730115    0.00278421731979079
114.000000000021    4.73473674231734e-06    -2.43876010997762e-05    5.09650057085639e-07    1.05891917523196e-05    0.000713882090651965    0.00325401244577094
114.500000000022    -9.23587989760345e-06    4.09532127141857e-05    3.39758596910475e-07    1.34564317175106e-05    0.000582814975299187    0.00366807232097174
115.000000000022    9.74538071982135e-06    -0.000135622575107502    2.68666874871743e-07    1.75756174627944e-05    0.00051823923281277    0.00419013412433488
115.500000000022    3.01342739403037e-06    0.000107508806142455    2.73712891786825e-07    1.70132243487486e-05    0.00052316709667387    0.00412330767774495
116.000000000022    -3.83275272825841e-06    -3.02697670678322e-05    3.21826648497482e-07    1.37308208283836e-05    0.000567284724370405    0.00370538858550427
116.500000000023    -1.33520670288209e-06    3.35520776640797e-06    4.67447581556092e-07    9.62182421177237e-06    0.000683700079551811    0.00310190473005752
117.000000000023    -2.46525904386389e-06    -4.25763120517249e-06    6.59323220370572e-07    8.05912328370034e-06    0.00081198346218899    0.00283885631131216
117.500000000023    -8.18909009611682e-06    -7.38809915723338e-06    3.68173151203625e-07    1.31912171257995e-05    0.000606717471321721    0.00363196400612539
118.000000000023    3.96490418609603e-06    1.84545150023508e-05    3.03489039125109e-07    1.59533528504184e-05    0.000550884124530653    0.00399412221661963
118.500000000024    5.62946027463064e-06    5.32424331384438e-07    2.74639117015675e-07    1.7138212943397e-05    0.000524029985967112    0.00413983244345968
119.000000000024    -8.65287497518835e-06    6.11335627067103e-06    2.89555591375434e-07    1.61614010794304e-05    0.00053803412450336    0.00402011986218142
119.500000000024    2.18266679367823e-06    1.60925471025675e-05    3.60759839524941e-07    1.24009807875364e-05    0.000600628899979521    0.00352146586203304
120.000000000024    3.39584045136339e-06    -4.1353387291276e-06    5.18217140082005e-07    9.05632340609653e-06    0.000719864993140821    0.00300936975213584
120.500000000025    1.99824820263284e-06    -2.34116364838935e-06    6.31054799906106e-07    8.68047111028093e-06    0.000794387063659918    0.00294626299390155
121.000000000025    1.30708699568191e-06    -9.07941345225287e-06    3.33273317008905e-07    1.36898105073759e-05    0.000577296811469188    0.00369996325274012
121.500000000025    2.15719207537623e-06    4.56765752301346e-05    2.96635350889895e-07    1.60616090686355e-05    0.00054463813437203    0.00400743343289827
122.000000000026    -5.76130707260289e-06    -4.31215669244816e-05    2.79622291373186e-07    1.70734884687217e-05    0.000528761854443001    0.00413178278702882
122.500000000026    4.19727130400711e-06    6.20087842136227e-06    3.1267397617377e-07    1.47836368586447e-05    0.000559156828704944    0.00384494452596543
123.000000000026    -3.96716285681174e-06    -8.24162992060517e-06    4.00976963359983e-07    1.13065609560828e-05    0.000633214991119801    0.00336251290430521
123.500000000026    -3.17830862340345e-06    5.14455166181155e-06    5.52496633143416e-07    8.70613763200238e-06    0.000743294377415645    0.00295061199848279
124.000000000027    -3.3714450886756e-08    6.13000229176231e-06    5.62084733211545e-07    9.58030920852446e-06    0.000749723103602177    0.00309520138789003
124.500000000027    2.85534499535667e-07    -6.51984180931787e-06    3.37678489508188e-07    1.31110092489513e-05    0.000581101030784008    0.00362090689477293
125.000000000027    -6.50874169451052e-06    1.40741565353667e-05    2.9523898187209e-07    1.58279285389793e-05    0.000543319996092214    0.00397840803049374
125.500000000027    8.03738538466317e-06    2.18803797963073e-05    2.83398264416114e-07    1.63404359272505e-05    0.000532290958830123    0.00404227128929151
126.000000000028    -1.37175899009671e-07    -3.38358499761346e-05    3.26156872167069e-07    1.38085941344943e-05    0.000571101438756585    0.00371583762693565
126.500000000028    -4.19485591611088e-06    -1.80890540301185e-07    4.2473300005362e-07    1.04607261286137e-05    0.000651701928213706    0.00323430457685919
127.000000000028    -3.75267031573987e-06    2.51320014079074e-06    5.77659639105676e-07    8.45143554544976e-06    0.000760029970837452    0.00290713419526427
127.500000000028    -3.59035454932977e-06    -3.86354194738528e-06    4.62232844230344e-07    1.07737780393751e-05    0.000679867600040298    0.00328234110238694
128.000000000029    -5.95341110276463e-06    1.73374325023292e-05    3.37029311554975e-07    1.31774314584973e-05    0.000580511729813633    0.00363003180040224
128.500000000028    1.12055504506917e-05    -3.94667046987901e-06    2.8937701937731e-07    1.58930932845212e-05    0.000537821025078424    0.00398661230975793
129.000000000028    -1.39200863858404e-06    4.77515841779229e-05    2.97165698935282e-07    1.50912730827284e-05    0.000545127289031867    0.00388445528600046
129.500000000027    -4.69264779691406e-06    -4.26736569114673e-05    3.40260161836615e-07    1.27734128363719e-05    0.00058329935787147    0.00357373639142253
130.000000000027    3.12882988984775e-06    3.6667785033306e-05    4.47357142269391e-07    9.69857211544127e-06    0.000668840304327507    0.00311403718490676
130.500000000026    1.77200205979828e-05    2.22064705415321e-05    5.61014118096498e-07    8.51036365817062e-06    0.000748799117899123    0.00291716823834977
131.000000000026    1.01116527608191e-05    -7.20371729687726e-05    3.92372366149715e-07    1.15539460387594e-05    0.000626314713724785    0.00339834616901663
131.500000000025    -9.55870149323203e-06    7.14788978090058e-05    3.16291599106949e-07    1.37586930646824e-05    0.000562316841587296    0.00370858245585161
132.000000000025    -6.70419989299055e-06    -7.84544085076062e-05    2.88081378171574e-07    1.52016757482755e-05    0.000536690256922341    0.00389814323159902
132.500000000024    7.98507876987917e-06    -2.35230309453617e-06    2.98660742511673e-07    1.44032632635343e-05    0.000546440281301363    0.00379516241157141
133.000000000024    -2.88983800438607e-06    3.52008369285645e-06    3.48782843865035e-07    1.18327961865318e-05    0.000590571327361347    0.00343988136358546
133.500000000024    6.49350797855371e-07    -1.52542137195083e-06    4.59144798281689e-07    9.20622911702049e-06    0.00067760193080099    0.00303417645994924
134.000000000023    -1.97349044313843e-06    -5.7956041872515e-06    5.41116394257242e-07    8.54788177699834e-06    0.000735603493461466    0.00292367032819544
134.500000000023    -2.00857361248378e-06    1.01823953941959e-05    3.54813795282066e-07    1.17550821305701e-05    0.000595659097902575    0.00342855340477498
135.000000000022    3.37407824850745e-06    3.56677101425816e-06    3.00220617673025e-07    1.38507124505188e-05    0.00054791352718198    0.00372165282215622
135.500000000022    6.08545554898321e-08    -2.91701558981373e-05    2.83428085633741e-07    1.45232649979416e-05    0.000532379640792605    0.00381082853195293
136.000000000021    -1.18932512298243e-06    2.41166412431233e-05    2.98199088595986e-07    1.36891280781895e-05    0.000546074788011438    0.003699803571246
136.500000000021    -7.08201555927913e-06    -2.17900630027948e-05    3.49945451580488e-07    1.11251465330989e-05    0.000591519481197455    0.00333536680535338
137.00000000002    -4.92848819305958e-06    1.89558548685126e-05    4.56579312307149e-07    8.81505014700081e-06    0.000675688554225451    0.00296895449991525
137.50000000002    4.22049916341568e-06    1.45536656785686e-05    5.16246668495782e-07    8.61077351801122e-06    0.000718490679050601    0.00293437586359119
138.000000000019    2.14258345265014e-06    -3.08708437161342e-05    3.3172281789635e-07    1.17457031220766e-05    0.000575949847844843    0.00342706143993435
138.500000000019    -3.41178439300786e-07    5.48431518005843e-05    2.90444757370103e-07    1.36061913399518e-05    0.000538929161362952    0.00368824939078858
139.000000000019    7.65340294841331e-06    -3.24625638423401e-05    2.80636626198251e-07    1.41826881046401e-05    0.000529696188037596    0.00376585107068626
139.500000000018    7.25797107910913e-06    -1.95118617829329e-05    2.99927808047979e-07    1.29095071325869e-05    0.000547608555360299    0.00359292727728194
140.000000000018    -5.9689934826911e-06    -2.2147169809467e-05    3.58929287450891e-07    1.03856041318022e-05    0.000599077339387574    0.00322259423984336
140.500000000017    -1.50645641515779e-05    -1.22802734749374e-05    4.64135868173677e-07    8.40289762893355e-06    0.000681108601531797    0.00289874918263325
141.000000000017    -1.68073035474136e-05    7.37137874095422e-06    4.72555662585096e-07    8.83708173102892e-06    0.00068722134507927    0.002972713809603
141.500000000016    -9.31683809209109e-06    1.68094252287234e-05    3.22313907282641e-07    1.14132793399374e-05    0.000567650512032366    0.00337831271245882
142.000000000016    4.3985250829545e-06    3.02032562372024e-05    2.84181243098732e-07    1.31350843960841e-05    0.000533068378424219    0.0036241098437267
142.500000000015    -4.67456536528705e-06    -1.27458364828755e-06    2.73660842239952e-07    1.36625763478755e-05    0.000523105143043535    0.00369629202354359
143.000000000015    8.46259076527842e-06    -2.27021305944772e-05    3.01351115430095e-07    1.20577620472926e-05    0.000548889333096968    0.00347235462770712
143.500000000014    -4.4825453814464e-07    6.09612908109352e-06    3.61650718454498e-07    9.75526725716473e-06    0.000601373858362972    0.00312333637227484
144.000000000014    1.76352355211395e-06    -2.97772689489903e-07    4.55917356414039e-07    8.12090764757539e-06    0.000675214222598073    0.00284972061067516
144.500000000014    2.62413467568827e-06    1.93668349035378e-06    4.36017820448784e-07    8.92472202333279e-06    0.000660311240526759    0.00298742669744211
145.000000000013    -3.05472974193211e-06    -1.76648075992423e-05    3.10377908960749e-07    1.11187020340035e-05    0.00055710733040138    0.00333442498619717
145.500000000013    1.97954210635138e-06    1.37959843106557e-05    2.76015360834013e-07    1.28144428444604e-05    0.000525367911322211    0.00357970005940124
146.000000000012    2.93412418939709e-06    1.34022620581923e-05    2.73986258155393e-07    1.30241201678078e-05    0.000523428743068848    0.00360886970493249
146.500000000012    -6.60320148142431e-06    -4.59417573645611e-06    3.00352535229515e-07    1.14017454169457e-05    0.000548004500857166    0.00337664394191851
147.000000000011    1.30763229521983e-06    7.36807339675671e-06    3.62060197909742e-07    9.26107671776303e-06    0.000601712961475422    0.00304319280185424
147.500000000011    1.1666184546906e-07    -3.88720573583207e-06    4.48388479611909e-07    7.90652270849962e-06    0.000669618149397045    0.00281185127596237
148.00000000001    -3.81186425958875e-07    1.04448370342556e-06    3.99661443677936e-07    9.0314164014453e-06    0.000632187708180762    0.00300523132395812
148.50000000001    -1.03272047515441e-07    3.29505854508151e-06    3.02577033212521e-07    1.0888737608545e-05    0.000550070016041054    0.00329980707786595
149.000000000009    4.0764069943675e-06    -9.15369152524369e-07    2.72554101236049e-07    1.23588353382262e-05    0.000522051227507479    0.00351551340494181
149.500000000009    2.49433921155158e-06    1.22155553631893e-05    2.71230210967455e-07    1.23367117486791e-05    0.000520791694672018    0.00351234430671116
150.000000000009    4.57038156552909e-06    -3.19064954480167e-05    2.95227329572907e-07    1.08780506034277e-05    0.000543329035838554    0.00329803465399864
150.500000000008    2.21039929760196e-07    1.20877199994097e-05    3.62195983187615e-07    8.82986506159148e-06    0.000601827163169763    0.00297148430058392
151.000000000008    2.82822796082278e-06    1.16923612059641e-06    4.32286427664127e-07    7.74443251995308e-06    0.000657478842846467    0.00278288180719914
151.500000000007    1.80954531097495e-06    -1.40168753689137e-05    3.77555093457448e-07    8.94976989711542e-06    0.00061445245463194    0.00299158376521874
152.000000000007    -1.15892904880282e-05    -1.61400678219716e-05    2.90677218582809e-07    1.06668246005999e-05    0.000539020321443258    0.0032659706212412
152.500000000006    -3.96987276427016e-06    -5.61860834169247e-07    2.64256885885764e-07    1.19723032314368e-05    0.000514043895008977    0.00346010157592942
153.000000000006    5.54148045228343e-06    1.78037004933762e-05    2.6806994865474e-07    1.17144922559012e-05    0.000517725062797946    0.00342259773916683
153.500000000005    7.74272381597648e-06    4.59846378974534e-06    2.97025571717293e-07    1.02450307526946e-05    0.000544945521997568    0.00320078265535562
154.000000000005    6.68368539221196e-06    -1.48894353504316e-06    3.57950900329904e-07    8.40756605067809e-06    0.000598252646195135    0.00289957994090959
154.500000000004    7.28727572666597e-06    9.84389934290198e-07    4.16726324989222e-07    7.57133561621911e-06    0.000645502301004191    0.00275160583063701
155.000000000004    3.75627985206791e-06    -2.37694329127423e-05    3.49709202847136e-07    8.91681642202305e-06    0.000591350228890468    0.00298600928265169
155.500000000004    -9.17502526995018e-06    1.17930323852754e-06    2.8365935114341e-07    1.04120635716832e-05    0.000532517765013249    0.00322677271913085
156.000000000003    -1.67007506151993e-06    7.99314066299849e-06    2.59922417859888e-07    1.15347185164921e-05    0.000509823134733191    0.00339627069389271
156.500000000003    -3.70983797212509e-06    -6.32918733414702e-07    2.63165930595492e-07    1.11849803445263e-05    0.000512983593984946    0.00334439530318115
157.000000000002    -6.25922839568281e-06    -3.67245360069155e-06    2.9239958846641e-07    9.7927419208671e-06    0.000540703625405176    0.00312933354469473
157.500000000002    -2.32105982575113e-06    1.54772283190037e-05    3.51358682412107e-07    8.04490712514681e-06    0.000592750617961207    0.00283631232069925
158.000000000001    5.44568857135993e-06    1.39921986495577e-05    4.0678396988193e-07    7.34719877363721e-06    0.000637772933227739    0.00271053555446413
158.500000000001    8.76284739383119e-06    -4.28573172506417e-06    3.30968570016224e-07    8.83520673085065e-06    0.00057523193802307    0.00297240447505958
159    4.53679771663411e-06    -1.30697037888704e-05    2.70754553217091e-07    1.02570432492885e-05    0.000520321026562995    0.0032026352324502
159.5    -5.1939220295294e-06    1.63323084308346e-05    2.54067227036967e-07    1.11791998154903e-05    0.000504024057174773    0.00334349115015901
159.999999999999    -8.44363934115921e-08    -3.93694447298347e-05    2.59708530467431e-07    1.06973458091294e-05    0.000509616054827481    0.00327044276145464
160.499999999999    -2.39338698718811e-06    1.77335477237969e-05    2.89404242625189e-07    9.31256531145062e-06    0.000537957725405927    0.00305159807850506
160.999999999999    -3.06647830730886e-06    -9.15348165336125e-06    3.41808915058641e-07    7.75904945178815e-06    0.000584636221739152    0.00278549199703783
161.499999999998    -5.45205699112322e-06    -2.66110493943746e-06    3.93639013944763e-07    7.16191761917688e-06    0.000627382888688661    0.00267617460897031
161.999999999998    -6.63415583177928e-06    5.01431352614027e-06    3.11880924865782e-07    8.73327453950749e-06    0.00055842359624409    0.00295520716637046
162.499999999997    5.06998262975008e-06    1.0952358615294e-05    2.61845361967714e-07    1.0025156061135e-05    0.000511683160993058    0.00316623374168361
162.999999999997    4.47195230241558e-06    1.18727454383031e-05    2.47694017480474e-07    1.07853167989793e-05    0.000497668583620745    0.00328407914595477
163.499999999996    -1.65824684341961e-06    3.54954751681452e-07    2.5518671691418e-07    1.02875675605055e-05    0.000505157368679886    0.00320742380026598
163.999999999996    -1.17000607886424e-06    -2.29852119251911e-05    2.87204722573683e-07    8.93100330074854e-06    0.000535913569206321    0.00298839003156905
164.499999999995    -5.69902500593804e-06    6.70785044951341e-06    3.34866277278163e-07    7.49232598903357e-06    0.000578648251005863    0.00273720313345136
164.999999999995    -1.43654537374126e-06    7.92047656643641e-06    3.73748562258518e-07    7.05656919025372e-06    0.000611348099363945    0.0026564085635129
165.499999999994    4.94894025607765e-07    -7.25998801567396e-06    2.99287518413268e-07    8.51157917179549e-06    0.000547071543304138    0.00291745205005489
165.999999999994    -4.61273422887992e-06    1.25971297413651e-05    2.58397196641881e-07    9.71959271334042e-06    0.000508306914496365    0.00311760068412597
166.499999999994    7.12288359265336e-07    -1.03722723288163e-05    2.41935586884332e-07    1.03702482301768e-05    0.00049186896581267    0.00322027027532527
166.999999999993    1.159840936119e-06    -1.93595528613172e-05    2.50144994267271e-07    9.88142660163301e-06    0.000500143628407155    0.00314341403721273
167.499999999993    -2.62685704810694e-06    2.4954675547159e-05    2.80653001868198e-07    8.59061753007231e-06    0.000529760418953933    0.00293086928985935
167.999999999992    8.95973055941795e-07    -1.24380575145997e-05    3.27711278632597e-07    7.26452993944017e-06    0.000572460021193515    0.00269525049562474
168.499999999992    -5.21851822484711e-06    -1.13416219532206e-05    3.66242719490774e-07    6.87644255861052e-06    0.000605157406431014    0.00262227266435472
168.999999999991    -6.35069605662673e-06    1.88626929221185e-05    2.87467797345443e-07    8.33634343123825e-06    0.000536122622172428    0.0028872110470234
169.499999999991    3.82679000818808e-06    -8.31350151578746e-06    2.51756186395288e-07    9.4313357643849e-06    0.000501738519623041    0.00307103673864014
169.99999999999    1.26939058278934e-06    -2.55299969638185e-07    2.38142269548733e-07    9.95814731338726e-06    0.000487996576008768    0.0031556532205249
170.49999999999    9.96233740515131e-07    1.22139282829166e-05    2.48772097204919e-07    9.44423652292232e-06    0.000498769590816495    0.0030731233855604
170.999999999989    -3.10568142710463e-06    -1.47453669617784e-05    2.73608523578202e-07    8.26843079380088e-06    0.000523066801012142    0.00287545011571302
171.499999999989    -4.65191522193544e-06    3.2779674365919e-06    3.20519279983176e-07    7.02375683572477e-06    0.000566125109554367    0.00265023510101543
171.999999999989    -1.64183476087908e-06    1.02073225293297e-05    3.46956683216896e-07    6.766716119927e-06    0.000589028002386571    0.00260127121432844
172.499999999988    2.35635171829012e-06    -8.6124062219883e-06    2.79155377975135e-07    8.05233318926385e-06    0.000528346312168179    0.00283765026310906
172.999999999988    -7.41160968356897e-06    1.69080492934685e-05    2.43729622137541e-07    9.08530579941392e-06    0.000493634166341268    0.00301413667860019
173.499999999987    3.19413703483322e-06    -2.26741031664174e-05    2.3441708391333e-07    9.57214668002575e-06    0.000484155844126591    0.003093805515069
173.999999999987    2.97173347586547e-06    -1.04123173903672e-05    2.41575432445696e-07    9.1041892138059e-06    0.000491494253522709    0.00301729693557867
174.499999999986    4.20767989940709e-07    3.10803851644402e-05    2.68060562141249e-07    7.94797692087846e-06    0.00051774548293109    0.0028190443292961
174.999999999986    1.103131130038e-05    3.23309768240568e-06    3.09707843076229e-07    6.80153294647131e-06    0.00055640466680935    0.00260797287055496
175.499999999985    9.4589673293259e-06    -6.63888909863415e-06    3.36813332067174e-07    6.53308673517063e-06    0.000580279122495577    0.00255598174099937
175.999999999985    4.90391159309756e-06    -1.24365682724311e-05    2.69966728101494e-07    7.82905148640178e-06    0.000519560082909168    0.00279801658647181
176.499999999984    -3.98359003643104e-06    -1.67301406466603e-05    2.42509859965293e-07    8.80645859883538e-06    0.000492436788812244    0.0029675206319804
176.999999999984    -5.98287776012927e-06    1.09865244354523e-05    2.28564679296302e-07    9.27017594191733e-06    0.000478046947976879    0.00304467654081647
177.499999999984    -8.96192854136559e-06    -1.66808069814558e-05    2.33341749040723e-07    8.77945090188483e-06    0.000482971461763055    0.00296296686659896
177.999999999983    -3.79846180283189e-06    1.27808477212199e-05    2.62765685281198e-07    7.65462228938135e-06    0.000512592681345657    0.00276666928621996
178.499999999983    -2.33532286971661e-06    -7.54833922581276e-07    3.03714554154062e-07    6.56986877077803e-06    0.000551098086025669    0.00256317541362346
178.999999999982    -2.82660073031066e-06    1.29395109854726e-07    3.24670480997462e-07    6.37822074809937e-06    0.000569791620968379    0.00252551395390251
179.499999999982    -4.5306576575129e-07    1.67514227920554e-05    2.62814542876573e-07    7.56718167394973e-06    0.000512654208612379    0.00275080007702926
179.999999999981    1.51777642575882e-05    -2.69247793460126e-06    2.31025234485794e-07    8.51211047351473e-06    0.000480411146787765    0.00291755089485639
180.499999999981    3.71142129059129e-06    3.03314935966956e-05    2.20988332927419e-07    8.92446812909267e-06    0.000470079310626859    0.00298723084638413
180.99999999998    1.3971680107605e-07    -4.74050058663692e-05    2.27662689204956e-07    8.49268262658717e-06    0.000477140094400136    0.00291383516898365
181.49999999998    -7.47268219927169e-06    -4.66750788275962e-06    2.51515940294714e-07    7.42373897692072e-06    0.000501457973628362    0.0027246499208689
181.999999999979    -1.14215561516499e-05    -5.42952450695849e-06    2.93412761309772e-07    6.40607176831611e-06    0.000541555453637803    0.00253101605853849
182.499999999979    -1.21373384805531e-05    9.43745855999495e-07    3.18212085968897e-07    6.21149723472789e-06    0.000563972314022156    0.00249228737188785
182.999999999979    -8.20078987940054e-06    2.19118934688191e-05    2.54441872684663e-07    7.34904464894484e-06    0.000504355648059995    0.00271082358663736
183.499999999978    1.00000752028878e-06    -3.03934395429204e-06    2.24794687321827e-07    8.23545408398504e-06    0.000474124126476165    0.00286974647771774
183.999999999978    5.40766889186801e-06    2.33735580872024e-05    2.20116754664245e-07    8.56698701105446e-06    0.000469134854579577    0.00292684825159023
184.499999999977    7.18787861411922e-06    -8.5938856373656e-07    2.25872508978794e-07    8.17933416492758e-06    0.000475206106210582    0.00285995339584037
184.999999999977    7.91660100957138e-06    -1.36366807756576e-05    2.46626191806003e-07    7.20145650245856e-06    0.000496551627964765    0.00268351831433959
185.499999999976    2.15524899243693e-06    -5.51075482587187e-06    2.82471255878208e-07    6.25632127051407e-06    0.000531475879772533    0.00250125786397471
185.999999999976    -5.41493314387059e-07    -7.45925227320282e-06    3.03106063430329e-07    6.06222462925589e-06    0.00055055042477081    0.00246214723134329
186.499999999975    -2.83704582897604e-06    1.73209302159111e-06    2.50676161394368e-07    7.08493270215062e-06    0.000500667666786395    0.00266175312566819
186.999999999975    -6.48439114683664e-06    -1.31477667106165e-05    2.22113532383714e-07    7.93143040224029e-06    0.000471244612759837    0.00281624884171673
187.499999999974    -6.64186008316429e-06    -3.29013656240719e-05    2.14028051626009e-07    8.28914489454977e-06    0.000462583978668354    0.00287889951104408
187.999999999974    -6.91317333670966e-06    5.29794987706685e-05    2.20378618236773e-07    7.94315389712325e-06    0.000469394105492591    0.00281786214528555
188.499999999974    -4.93011906694574e-06    -2.69326496073209e-05    2.42208400539397e-07    6.99640928182952e-06    0.000492122032086944    0.00264493552174994
188.999999999973    -9.85973034859009e-06    3.69426320263941e-06    2.75382487469204e-07    6.071284530568e-06    0.000524676350893251    0.00246399490319834
189.499999999973    -5.78284407471158e-06    1.46320447084827e-05    2.92075762909783e-07    5.88211558469136e-06    0.000540409401865096    0.00242526317911253
189.999999999972    6.37548743814761e-06    2.68815788901137e-05    2.43491605770207e-07    6.85735322177828e-06    0.000493407497845476    0.00261851687076762
190.499999999972    1.05663679106659e-05    -3.30789092630422e-06    2.21274794614203e-07    7.63529033004687e-06    0.000470279859746704    0.00276320093151122
190.999999999971    9.15600506976185e-06    -1.09053638065158e-05    2.09467597614566e-07    8.03462541802248e-06    0.000457584708207921    0.00283452050461145
191.499999999971    4.76552440909182e-06    -1.12269230007792e-05    2.11228583509491e-07    7.68477175648421e-06    0.00045957140172839    0.00277211935397525
191.99999999997    -4.49473804225404e-06    -1.18110424714002e-05    2.35185292535566e-07    6.78405958470543e-06    0.000484938233041588    0.00260459595407448
192.49999999997    -6.30115005059272e-06    -1.83228141852712e-06    2.67903599057592e-07    5.90874518705138e-06    0.000517555692235755    0.00243079037142165
192.999999999969    -7.31119570528369e-06    -1.49642541594726e-06    2.90360062194394e-07    5.68552574961553e-06    0.000538801084456735    0.00238443358270397
193.499999999969    -9.63601176310763e-06    -8.86843226959001e-06    2.41235487193768e-07    6.59621466840335e-06    0.000491062760216115    0.00256829437941067
193.999999999969    -8.35426740682901e-06    2.08421938034016e-05    2.15608573652003e-07    7.31669470077187e-06    0.000464261542525437    0.00270485864764304
194.499999999968    -1.98281507367878e-06    -5.46771732920786e-06    2.05309419107612e-07    7.72212580153054e-06    0.00045310648588604    0.00277886593875951
194.999999999968    -1.82760248278274e-06    1.02706730519928e-05    2.09685119886576e-07    7.42414557578461e-06    0.000457910231110576    0.00272470917513405
195.499999999967    -3.35491208905976e-10    4.20682010050745e-06    2.30314252051837e-07    6.60545217783082e-06    0.000479910670908373    0.00257010398242862
195.999999999967    6.19969130816432e-06    1.63076071629819e-05    2.60951809052592e-07    5.76458179071949e-06    0.000510796801947971    0.00240089896760945
196.499999999966    1.34224101069756e-05    1.07852248946344e-05    2.76910032236942e-07    5.5617960253004e-06    0.000526051205819226    0.00235832137424575
196.999999999966    1.1831282524572e-05    -1.94380934934301e-05    2.34124975384461e-07    6.36108689048056e-06    0.000483719956315929    0.00252204461717114
197.499999999965    6.58296203527055e-06    7.37086761685761e-06    2.08186874305468e-07    7.0799759486107e-06    0.000456227507847028    0.00266081221038263
197.999999999965    4.45676075734531e-06    -1.36942177416493e-05    1.99398250302744e-07    7.49826667325065e-06    0.000446518070839575    0.00273826206591902
198.499999999964    -1.12660879871712e-06    -1.08026775598317e-05    2.04914415311292e-07    7.18792192675782e-06    0.000452673332618464    0.00268100824857279
198.999999999964    -9.48061161959315e-06    -1.30151402194886e-05    2.20028099082337e-07    6.44135974934944e-06    0.000468975710549764    0.00253795003013742
199.499999999964    -1.11022473901386e-05    2.37953214640068e-06    2.47684754874327e-07    5.65217757357512e-06    0.000497555519492262    0.0023774296859007
199.999999999963    -8.17879165587488e-06    5.99261679218448e-06    2.69387203809956e-07    5.39348090320956e-06    0.00051896079926812    0.0023223791662331
200.499999999963    -9.05974901796783e-06    -3.76054462923571e-06    2.29877008000592e-07    6.15724458426448e-06    0.000479369303302082    0.00248137672322615
200.999999999962    -7.115105748781e-07    2.88945782705232e-05    2.08222361725466e-07    6.82062481259276e-06    0.000456313330375268    0.00261147274845811
201.499999999962    2.44434377779028e-06    -4.24042488520026e-07    1.95206438129908e-07    7.23291517097313e-06    0.000441814965017487    0.00268940792576379
201.999999999961    1.00459764200769e-05    -3.48828270000617e-07    1.96594308281516e-07    6.99039796986773e-06    0.00044327574560231    0.00264393605221204
202.499999999961    7.8155786575487e-06    -4.80359019225795e-07    2.13278444676582e-07    6.30792856436615e-06    0.000461754654992053    0.00251155894488291
202.99999999996    6.23913629981266e-06    -6.15798985450214e-06    2.43245662986852e-07    5.50656182285607e-06    0.000493159949879432    0.00234659836828057
203.49999999996    2.81431500697532e-06    -7.39988201703882e-06    2.63171882113123e-07    5.22955140908588e-06    0.00051299508939576    0.00228680927294604
203.999999999959    -4.7026706774016e-07    -5.94365119078994e-06    2.28075694746606e-07    5.8847578173942e-06    0.000477572479939424    0.00242584469626659
204.499999999959    -2.12060516493534e-06    -5.01129567733377e-06    2.03975230707434e-07    6.50985992549697e-06    0.000451631192170303    0.0025514377931693
204.999999999959    -1.067756805636e-05    -1.30763338500692e-05    1.91074736313392e-07    6.96356216572344e-06    0.000436990532910947    0.00263882382420966
205.499999999958    -9.693814500242e-06    4.54330249499421e-06    1.93523426846336e-07    6.79819007789309e-06    0.000439806158218334    0.0026073299438881
205.999999999958    -5.13673597558567e-06    2.02635720932751e-05    2.12012798543646e-07    6.1133742751832e-06    0.000460419821996364    0.00247244083100672
206.499999999957    4.40109245145705e-07    1.31735048516803e-06    2.34636834057616e-07    5.38748673422911e-06    0.000484393063907265    0.00232109564620177
206.999999999957    1.29199566204875e-06    1.57136891889565e-06    2.54980517417273e-07    5.05823541374661e-06    0.000504954303045813    0.00224905156555965
207.499999999956    3.12477809633553e-06    8.43898572053295e-06    2.23966165994638e-07    5.63296636149863e-06    0.00047324032135532    0.00237337210420504
207.999999999956    7.25126308107077e-06    1.50566239730293e-06    1.98579048624198e-07    6.27633202131853e-06    0.000445563090715475    0.00250526041646358
208.499999999955    6.61548156433275e-06    2.14660458562234e-06    1.90718167615838e-07    6.7218791176149e-06    0.000436662802422544    0.00259265780806177
208.999999999955    6.16289046819453e-06    -1.50241122396933e-05    1.93638411718523e-07    6.57225913959417e-06    0.000440000489203819    0.00256359774840859
209.499999999954    -7.42789623554305e-07    -1.76327430831732e-06    2.01678224647893e-07    5.98610010564458e-06    0.000449085373744757    0.00244665015817715
209.999999999954    -5.3046563682354e-07    -3.02507323370332e-06    2.24080702449246e-07    5.27397121341558e-06    0.00047337133527016    0.00229651084524927
210.499999999954    -2.39644907897831e-06    -3.16536322481492e-06    2.44279241941677e-07    4.95550545130605e-06    0.000494240325118751    0.0022260942099969
210.999999999953    -4.63236372891655e-06    -5.78418956297425e-06    2.25133791137363e-07    5.3964907566032e-06    0.000474460042936859    0.0023230276149358
211.499999999953    -2.99445218434401e-06    1.60564186459254e-05    1.99353411153634e-07    6.01833837131679e-06    0.000446480060483947    0.00245317764598022
211.999999999952    -4.62320319823392e-06    -1.79496587339244e-05    1.86986359469617e-07    6.47869155176249e-06    0.000432394478990892    0.00254526410447203
212.499999999952    -3.15155149821777e-06    -6.01034702353957e-06    1.84607530752361e-07    6.4026791062879e-06    0.000429648226431246    0.00253034443940278
212.999999999951    -6.77082811525839e-06    1.0449605101601e-05    1.94906574850333e-07    5.84278543080861e-06    0.000441430323762388    0.00241716284858133
213.499999999951    1.34276021107781e-06    1.56818019726453e-05    2.17916535934601e-07    5.16444378513998e-06    0.000466813381266664    0.00227248715424903
213.99999999995    9.13490921008225e-06    1.50962645914749e-05    2.4215204657554e-07    4.77750525983584e-06    0.000492004674783953    0.0021856983695449
214.49999999995    1.29259484972053e-05    -5.65020288957095e-06    2.26397076724437e-07    5.13511098031834e-06    0.000475636412167829    0.00226607128209279
214.999999999949    7.23163275745884e-06    -5.55392342740155e-08    1.94993165441738e-07    5.75479709802159e-06    0.000441521085486751    0.00239891581655901
215.499999999949    1.06865935111884e-05    -1.14629388405151e-05    1.81482714254936e-07    6.21460894789249e-06    0.000425873820484498    0.00249288538623933
215.999999999949    2.18231941300151e-06    3.92430981031336e-06    1.80536226577224e-07    6.23153684014762e-06    0.000424889943466781    0.00249630155228493
216.499999999948    1.66903913606135e-06    -1.53242838862418e-05    1.90473078831725e-07    5.73799290938924e-06    0.000436429024172415    0.00239536178388832
216.999999999948    -3.92622255600631e-06    -4.18066863624157e-06    2.11439259133606e-07    5.06496693918965e-06    0.000459808486122263    0.00225054425888482
217.499999999947    -4.96393216107006e-06    -1.96093386195408e-06    2.3334676325804e-07    4.663651133845e-06    0.000483034287225597    0.00215954793616243
217.999999999947    -5.57544502373085e-06    1.85411761699307e-07    2.21556072416438e-07    4.93441681086236e-06    0.000470664409987866    0.00222135471649281
218.499999999946    -7.37242507870088e-06    -9.71321063711788e-06    1.87819093761904e-07    5.54842152211214e-06    0.000433318290763687    0.00235548873392578
218.999999999946    -6.96731951104737e-06    1.05097511267243e-05    1.76477841380641e-07    6.01752251864966e-06    0.000420034876932228    0.002453041390556
219.499999999945    -8.24674648170746e-06    7.0235941451635e-06    1.77036964334206e-07    6.05235837985966e-06    0.000420676782704575    0.00246014411142619
219.999999999945    5.82850445690301e-06    2.18358229511229e-05    1.86182222311232e-07    5.63479385956537e-06    0.000431449013032858    0.00237367164039204
220.499999999944    1.32847654236798e-05    1.8029577840535e-05    2.01466325103853e-07    5.00517487604349e-06    0.000448653362978024    0.00223715216522399
220.999999999944    2.28369926879592e-05    1.57178202984521e-05    2.22847662822802e-07    4.55618529537583e-06    0.000471514723617165    0.00213446439312088
221.499999999944    2.71467317099984e-05    -8.99341211216306e-07    2.17179685138272e-07    4.74040943928038e-06    0.000465234070222439    0.00217724794877978
221.999999999943    1.50342394697509e-05    -4.71643229559189e-05    1.85393348495527e-07    5.35786629740218e-06    0.000430310725103492    0.0023142259665042
222.499999999943    -7.26327585418652e-07    -1.690691589754e-05    1.73683103837079e-07    5.80586203644032e-06    0.000416752416052166    0.00240947633161962
222.999999999942    -2.04484606193087e-05    -1.77545913513927e-05    1.73934426418442e-07    5.85793446869726e-06    0.000416552862043634    0.0024202518966387
223.499999999942    -1.43541394984979e-05    -1.33406017534831e-05    1.81999594037344e-07    5.47882135837776e-06    0.000426372551551576    0.00234065020597325
223.999999999941    -1.94883653479883e-05    1.56902788325767e-05    1.93161028579785e-07    4.90488884871607e-06    0.00043906859623053    0.00221464278470959
224.499999999941    -5.93212722584595e-06    2.98461494667779e-05    2.13659223141306e-07    4.45767664458838e-06    0.00046219479984946    0.0021111100994383
224.99999999994    8.43497268460856e-06    2.2824168343632e-05    2.16857729597538e-07    4.54627366902593e-06    0.000465603458785851    0.00213207709203147
225.49999999994    7.77143354650901e-06    -2.15521840674286e-05    1.86965519335042e-07    5.14605457710736e-06    0.000432325252738807    0.00226838931413223
225.999999999939    1.36288658010119e-05    4.1281850063491e-05    1.72476176893672e-07    5.6037387672222e-06    0.000415078824936481    0.00236686175685813
226.499999999939    1.10532937167351e-05    -2.30059985423114e-05    1.69726027870149e-07    5.69018670627502e-06    0.000411829883044153    0.00238530028095125
226.999999999939    1.29054748718724e-05    -1.33487572025641e-05    1.73666244423846e-07    5.40285318311969e-06    0.00041653294364573    0.0023243655034871
227.499999999938    4.20159405312498e-06    -4.18494263757951e-06    1.88472979698622e-07    4.82519717569332e-06    0.000434114416146291    0.00219662915894979
227.999999999938    1.45930567625551e-06    -9.25028647034794e-06    2.07729775092255e-07    4.37289672765238e-06    0.00045577148388112    0.00209112676800155
228.499999999937    -3.7495896323009e-06    -1.24016184365182e-05    2.15403459886795e-07    4.37167343017874e-06    0.000464100636138742    0.00209081793325935
228.999999999937    -1.00856742755081e-05    -9.81254128828497e-06    1.84178841471591e-07    4.9591213576934e-06    0.000429042096589599    0.00222688685651671
229.499999999936    -1.07759411870435e-05    3.47790721535603e-06    1.68033691038492e-07    5.42522216447079e-06    0.000409777464155882    0.00232920803464014
229.999999999936    -1.21863221248782e-05    1.18485772511547e-05    1.64526841543535e-07    5.55527958717666e-06    0.00040543598150214    0.00235693427960853
230.499999999935    -6.54264584335694e-06    -1.7042649541251e-05    1.70140088444724e-07    5.2915099852689e-06    0.000412428517721669    0.00230026510067112
230.999999999935    -4.81510456590944e-06    3.40213705803155e-05    1.83841971236917e-07    4.75802649866969e-06    0.000428740931105179    0.00218102476946355
231.499999999934    1.29082968656762e-05    2.87820308241418e-05    1.98326732672003e-07    4.30005318796504e-06    0.000445151781467884    0.00207345720541001
231.999999999934    2.44203563336637e-05    1.4788079695719e-05    2.07698724114726e-07    4.23968964870349e-06    0.000455085014377822    0.00205899756226238
232.499999999934    1.9879650373603e-05    -3.41166122118851e-05    1.81853378933367e-07    4.76866400632513e-06    0.000425979082155909    0.0021834605705385
232.999999999933    1.04877660935334e-05    8.19245449844292e-06    1.67656144881033e-07    5.20067290096873e-06    0.000409324017916613    0.00228048367340308
233.499999999933    9.07369625356479e-06    -1.6221884944785e-05    1.6201828211922e-07    5.37772177254773e-06    0.000402412661524856    0.00231893480352436
233.999999999932    9.64239717719505e-06    -4.34405988902083e-06    1.65770417096173e-07    5.15074685685974e-06    0.000407034938638994    0.00226952153239475
234.499999999932    -2.88989543148797e-06    -2.37847473026893e-05    1.74574690574616e-07    4.68934823709568e-06    0.000417811367819273    0.00216535967517903
234.999999999931    -8.37423454439391e-06    -4.0186180328893e-06    1.94035323789982e-07    4.21165601657199e-06    0.000440414799916826    0.00205222802516706
235.499999999931    -9.91733714176954e-06    -2.52866351074162e-06    2.06809950596323e-07    4.09303957117996e-06    0.000454655470681195    0.00202312460739343
235.99999999993    -1.41510175515091e-05    -1.82916782372326e-05    1.81304688041864e-07    4.56645106813122e-06    0.000425563669436339    0.00213684732319333
236.49999999993    -1.72626944459673e-05    2.37036865488357e-05    1.64594804081281e-07    4.99016973865986e-06    0.000405335420931537    0.00223374301877003
236.999999999929    -6.55308971505829e-06    -4.29258853880547e-06    1.58973264091364e-07    5.2061163819381e-06    0.000398660659090598    0.00228168752365913
237.499999999929    -1.00329400366538e-06    3.22600332465216e-05    1.62334035975795e-07    5.03292891708272e-06    0.000402905732618608    0.00224318706472235
237.999999999929    9.14680929764118e-06    1.15788066838017e-05    1.69098486322736e-07    4.63700432172706e-06    0.000411114123087991    0.00215333932601503
238.499999999928    1.78743789863882e-05    1.95539135287727e-05    1.85666719163011e-07    4.16468400994001e-06    0.00043051971585383    0.00204066206276437
238.999999999928    2.57746753325734e-05    1.060179267799e-05    2.01818437193106e-07    3.97535904719735e-06    0.000448502066109629    0.00199380205867818
239.499999999927    2.50368118716984e-05    -1.92073462050923e-05    1.82614092557907e-07    4.35580323917377e-06    0.000426599637375852    0.00208696773262682
239.999999999927    7.93856315419526e-06    -3.33762694369756e-05    1.6322259663403e-07    4.76470769973793e-06    0.000403930162093742    0.00218256585797002
240.499999999926    -4.14863711100333e-06    -3.01271701200276e-05    1.54861894091613e-07    5.02215997754974e-06    0.000393503091349654    0.00224081510419095
240.999999999926    -8.81394110064299e-06    1.77954061078374e-05    1.54333833006195e-07    4.95311297069194e-06    0.000392754563879873    0.0022254878777952
241.499999999925    -1.55305062184676e-05    -3.25111558850435e-05    1.65469999265122e-07    4.55002568608819e-06    0.000406483459247385    0.00213283114916095
241.999999999925    -1.68945052496807e-05    1.38763731140222e-05    1.84431692119617e-07    4.0685708112207e-06    0.000429122672218546    0.00201702212617757
242.499999999924    -1.09583330862246e-05    1.23494559220283e-05    1.95735612247412e-07    3.86650529917761e-06    0.000442284441489166    0.00196630434829302
242.999999999924    -4.16407613612261e-06    9.61409459318101e-06    1.79176188290632e-07    4.15978665494656e-06    0.000423271601646702    0.00203953284458273
243.499999999924    -3.40057752385736e-06    5.27972129852684e-06    1.59185822157243e-07    4.55226051841115e-06    0.000398966487602338    0.00213359617616693
243.999999999923    1.03772432177063e-05    2.34992903210101e-05    1.50291186960147e-07    4.85653561751816e-06    0.000387535159415694    0.00220362959702228
244.499999999923    1.31785731362849e-05    1.29728658491795e-05    1.53837514722744e-07    4.82402497720998e-06    0.000391999795832646    0.00219632799963066
244.999999999922    1.2922081342924e-05    -1.41258514848319e-05    1.62888154001678e-07    4.46154824211847e-06    0.000403387126487008    0.00211219049861472
245.499999999922    8.30291260396544e-06    -7.10563792401589e-06    1.73580659894049e-07    4.05082725221058e-06    0.000416547382102373    0.00201265415859762
245.999999999921    3.61852671635597e-06    -1.17943182200364e-05    1.84749618470062e-07    3.78804547268131e-06    0.000429809870447928    0.00194625444552839
246.499999999921    -2.58691950462313e-06    -1.15495524904913e-05    1.76978504647423e-07    3.97469891044681e-06    0.000420680178395536    0.00199363123929278
246.99999999992    -7.12050821203316e-06    -2.72928122361009e-06    1.596187193411e-07    4.39300591073419e-06    0.000399459657166906    0.00209594810569303
247.49999999992    -1.09007098349951e-05    -2.11899320596599e-05    1.52754294527634e-07    4.68193474868998e-06    0.000390685895640894    0.00216367412876091
247.999999999919    -1.19672025583551e-05    1.13955563225789e-05    1.51833159171618e-07    4.68844279094317e-06    0.000389473933960343    0.002165251239981
248.499999999919    -1.04635401161791e-05    7.85635123867544e-06    1.54309173712703e-07    4.42580128787584e-06    0.000392682681106438    0.00210374417779849
248.999999999919    -2.37103231801674e-06    1.68566962600674e-05    1.63877299639185e-07    4.02116948518241e-06    0.000404810669134266    0.00200521453639595
249.499999999918    4.185537187143e-06    1.11359790073939e-05    1.79118318718943e-07    3.71782359382768e-06    0.000423203024560787    0.00192813370485535
249.999999999918    9.16285470119457e-06    7.0722907046741e-06    1.79110253520655e-07    3.81601362836234e-06    0.00042311499100644    0.00195344915753304
250.499999999917    9.05851083940689e-06    -2.73750911063175e-06    1.60299933253332e-07    4.23292851363006e-06    0.000400272253141164    0.00205740638175202
250.999999999917    1.4096194065041e-05    8.37807769397132e-06    1.49910429129294e-07    4.51863742727178e-06    0.000386925996079579    0.00212569217787664
251.499999999916    7.17518700427954e-06    -1.51650299982168e-05    1.43103586872382e-07    4.59019279426447e-06    0.000378222293848255    0.00214241985057309
251.999999999916    7.0103019267529e-08    -2.08036183625132e-05    1.49039204054659e-07    4.35456374901171e-06    0.00038605595338011    0.00208665544795367
252.499999999915    -7.02900061295813e-06    -5.15397261099632e-06    1.62370567513341e-07    3.94989178456476e-06    0.000402891003453446    0.00198742678384163
252.999999999915    -8.77952907130042e-06    -2.81855902996064e-06    1.76189995365353e-07    3.6388445366055e-06    0.000419658093255258    0.00190757348281278
253.499999999914    -9.46109465241536e-06    -9.86701909305688e-07    1.78193878936196e-07    3.65887054795239e-06    0.000422024130381397    0.00191281718268415
253.999999999914    -1.01845970346567e-05    3.08429678531248e-06    1.58232516338491e-07    4.03839448587755e-06    0.000397654108895825    0.00200957333108073
254.499999999914    -5.85699219537055e-06    9.17173424521414e-06    1.42691089779451e-07    4.37943367725657e-06    0.000377699332037897    0.00209268955092424
254.999999999913    -1.83464775470057e-07    1.37829589053568e-05    1.40759537974163e-07    4.45837134313786e-06    0.000375179296223604    0.00211144059191389
255.499999999913    2.33426134888916e-06    6.84974193919808e-06    1.47955942194621e-07    4.27640831895123e-06    0.000384643332736415    0.00206793650772614
255.999999999912    7.27889680321652e-06    5.48822837345523e-06    1.5851498254941e-07    3.91355062359312e-06    0.000398072857917665    0.00197826199047104
256.499999999912    8.90038309673692e-06    3.29478985211066e-06    1.6989222398907e-07    3.57999180351555e-06    0.000412083738055509    0.00189208375815538
256.999999999911    9.95229787755276e-06    -3.90278504829448e-07    1.72266743423783e-07    3.54191727792506e-06    0.000414930952317057    0.00188199817364623
257.499999999911    8.11368670028043e-06    -6.79647527877318e-06    1.51835708072247e-07    3.9041293307339e-06    0.000389576534406754    0.00197587528418615
257.99999999991    1.68729925677934e-06    -1.68398916149714e-05    1.44667955675433e-07    4.17876119868e-06    0.0003803486672734    0.00204413248512184
258.49999999991    -2.0701837035199e-06    4.32341999660045e-06    1.43180777050258e-07    4.32524656207523e-06    0.000378386695577014    0.00207971821892168
258.999999999909    -6.94308867532981e-07    -3.80883694119509e-06    1.44144875411433e-07    4.20090737007813e-06    0.000379663526489745    0.00204960797784339
259.499999999909    -5.70994009697929e-06    -1.34552468196293e-05    1.49891181491665e-07    3.8660634307002e-06    0.000387115716647818    0.00196618472861357
259.999999999909    -9.35821469951824e-06    -1.00306879247727e-06    1.59543426177853e-07    3.55431004911661e-06    0.000399319233190052    0.00188528752262609
260.499999999908    -8.97828491486977e-06    1.24070072335296e-06    1.68871525449266e-07    3.44201704074828e-06    0.000410841716296256    0.00185526696230219
260.999999999908    -9.69464553357502e-06    -5.36694370997317e-06    1.56545578619441e-07    3.71002694458482e-06    0.000395539621867923    0.00192613554572362
261.499999999907    -8.49175838858592e-06    1.96653412980094e-05    1.43769843687445e-07    4.02035706969565e-06    0.000379074839216368    0.00200498637004028
261.999999999907    4.53288533561185e-06    1.06522608009813e-05    1.38572857867479e-07    4.20708950235228e-06    0.000372226155472736    0.00205109142450845
262.499999999906    7.32842595708459e-06    8.95724661803336e-06    1.38191284838001e-07    4.11673064920279e-06    0.000371668641414624    0.00202895303467966
262.999999999906    8.189913193602e-06    4.76341438429175e-06    1.42594759735211e-07    3.8381166813495e-06    0.000377528389736576    0.00195910540585056
263.499999999905    1.42924438243299e-05    1.00683029814447e-05    1.56755038685375e-07    3.48574544355687e-06    0.000395664965260892    0.00186698796804692
263.999999999905    1.55667788350324e-05    -3.59360743637462e-06    1.66625012803427e-07    3.33745655273458e-06    0.000407900341014969    0.00182686716504517
264.499999999904    9.4475477556662e-06    -2.35065032414932e-05    1.56989049963723e-07    3.53514124439077e-06    0.000396105786129321    0.00188005018249411
264.999999999904    -3.40631131958559e-06    -1.3653101810821e-05    1.40116370739102e-07    3.86305392169357e-06    0.000374305714332945    0.00196541789818464
265.499999999904    -5.93333323844396e-06    -1.6540063083773e-05    1.34961893921483e-07    4.07026425576087e-06    0.000367323684885912    0.00201742179081967
265.999999999903    -1.52068690275684e-05    4.72122115603214e-06    1.35108112616136e-07    4.061508298817e-06    0.000367255855978519    0.00201531288113975
266.499999999903    -1.148661784124e-05    -5.27376639166241e-06    1.41503373607029e-07    3.7991929670311e-06    0.000375993924442401    0.0019491447238261
266.999999999902    -1.13553770589516e-05    1.0032052712787e-05    1.52476150044558e-07    3.45321250978597e-06    0.000390316801401639    0.00185825505991625
267.499999999902    -4.51365769981737e-06    1.5029671803672e-05    1.60686386625423e-07    3.26143174031585e-06    0.000400831652342466    0.00180588090672705
267.999999999901    3.14978155696413e-06    1.36286526105692e-05    1.5598618619517e-07    3.38593344605675e-06    0.000394938305398848    0.00184004013703092
268.499999999901    6.81933464044514e-06    3.00688028465711e-06    1.40114981332635e-07    3.71195245207935e-06    0.000374257235077288    0.00192664044667143
268.9999999999    1.09651672686755e-05    1.53486352106664e-05    1.32964655945447e-07    3.94787454889832e-06    0.000364478286118963    0.00198686662066065
269.4999999999    1.23843169203946e-05    -1.26548345456068e-07    1.32795729891651e-07    3.96086503871119e-06    0.000364200986525388    0.00199019220747563
269.999999999899    1.78043568443583e-05    -3.30252602938315e-06    1.36467987228404e-07    3.75195096442167e-06    0.000368986438918509    0.0019369925290882
270.499999999899    7.51000586986814e-06    -2.24692828350936e-05    1.46605545974048e-07    3.41829386991403e-06    0.00038281737915863    0.00184872631864289
270.999999999899    -1.29464041111912e-06    -1.53102883585687e-05    1.54333532617873e-07    3.21579697247313e-06    0.00039285093422834    0.00179319897600448
271.499999999898    -8.85116321873993e-06    -1.42072573361687e-05    1.54390823238381e-07    3.27057938319754e-06    0.000392826272222284    0.00180841851821876
271.999999999898    -1.48439120978737e-05    -9.36562278866193e-06    1.39701394303308e-07    3.58783500015376e-06    0.000373471622184255    0.00189413497018125
272.499999999897    -1.45761961514108e-05    9.25171653418219e-06    1.32737045308201e-07    3.81508314246327e-06    0.000364039255869415    0.0019532018708276
272.999999999897    -1.21388540306408e-05    1.06232474247847e-05    1.28979567862172e-07    3.88573024897812e-06    0.000358932049397925    0.00197119694490233
273.499999999896    -2.397347937044e-06    1.018971320407e-05    1.32285535341547e-07    3.71467674033279e-06    0.000363702884322377    0.00192732273116819
273.999999999896    3.62031568478384e-06    2.30586549294641e-05    1.38711690660526e-07    3.42129423845351e-06    0.000372422587895617    0.00184953035576234
274.499999999895    1.34073402381828e-05    1.1417690536707e-05    1.49346707763912e-07    3.15911814710485e-06    0.000386221375627566    0.00177735415251088
274.999999999895    1.67130408226568e-05    2.55421190729786e-06    1.54737363627486e-07    3.13429537085054e-06    0.000393011498424595    0.00177039228614792
275.499999999894    1.35868250778745e-05    -1.59267828612094e-05    1.40795621624008e-07    3.42975135044353e-06    0.000374981359281113    0.0018518903012952
275.999999999894    7.36217152433657e-06    -3.81158334815124e-07    1.29760151496703e-07    3.68535391268068e-06    0.000360147122614008    0.00191972752425937
276.499999999894    5.34338229233434e-06    -1.94619152022547e-05    1.23738822451684e-07    3.78963796535065e-06    0.000351724708710324    0.00194660196219137
276.999999999893    1.75089785587994e-06    7.40315712826996e-06    1.26208095797028e-07    3.6514165142624e-06    0.000355253473105791    0.00191085365936979
277.499999999893    -3.61486244249886e-06    -2.40780893175987e-05    1.36190075721187e-07    3.3752348048641e-06    0.00036902169108429    0.00183702342132018
277.999999999892    -1.0907391658463e-05    -5.75575515675902e-06    1.48364619554029e-07    3.09607265326349e-06    0.000385026815119724    0.00175955662726326
278.499999999892    -1.23851832517597e-05    2.11735399534116e-07    1.51912943779662e-07    3.03297135700839e-06    0.000389563282427236    0.00174154279653889
278.999999999891    -9.75746765920857e-06    7.69432697962597e-06    1.3414801319922e-07    3.31909575814162e-06    0.000366132223416759    0.00182182231720713
279.499999999891    -1.00228602605862e-05    -2.06614355129909e-06    1.26705983852369e-07    3.53774344743899e-06    0.000355816702987038    0.00188088786972797
279.99999999989    -3.88508349206782e-06    1.19251824661172e-05    1.24087555901926e-07    3.67029217832808e-06    0.000352239211372309    0.00191576354708801
280.49999999989    3.37830068343065e-06    2.63159503574102e-05    1.27625619595311e-07    3.57692780877649e-06    0.000357231306970433    0.00189109367286057
280.999999999889    1.13214576627561e-05    5.70746283363828e-06    1.31895200202717e-07    3.34678378963416e-06    0.000362997279327418    0.00182941280593041
281.499999999889    1.56388772039591e-05    9.11232075535362e-06    1.38808168769315e-07    3.08480647726001e-06    0.000372241311905483    0.00175633807761218
281.999999999889    1.77620535952993e-05    3.7616139349444e-07    1.45901047760729e-07    2.97178394839826e-06    0.000381556754903915    0.00172388625114909
282.499999999888    1.68131702979068e-05    -5.6855020305182e-06    1.37792285379767e-07    3.15303987521621e-06    0.000370822872385592    0.00177567101409097
282.999999999888    9.73747000533422e-06    -2.52845566199852e-05    1.27598760279228e-07    3.39036398807125e-06    0.000357076941228531    0.00184112049558626
283.499999999887    -2.05143104354688e-06    -1.44313359394774e-05    1.22134498329669e-07    3.5556664847073e-06    0.000349471443697969    0.00188559227333226
283.999999999887    -1.19037604543994e-05    -2.1295928134852e-05    1.2210093806171e-07    3.53153240421894e-06    0.000349226629209106    0.00187911651785189
284.499999999886    -1.64035520520088e-05    -7.30107630581859e-06    1.27505764967274e-07    3.30979877710566e-06    0.000356702520943364    0.00181927058773302
284.999999999886    -2.02882840578959e-05    -4.71169450918637e-06    1.36117117498967e-07    3.0371572156614e-06    0.000368382278386126    0.00174273779312789
285.499999999885    -1.99826828244507e-05    5.25780638568989e-06    1.44185282553526e-07    2.89175631986118e-06    0.000379191211581523    0.00170050835791336
285.999999999885    -1.4359765871586e-05    1.93438048549124e-05    1.37846880473012e-07    3.03106902570085e-06    0.000370999565494524    0.00174088909552406
286.499999999884    -1.35066721314368e-06    2.50274289211442e-05    1.26045710497414e-07    3.26849818572155e-06    0.000355026599278833    0.00180772559132274
286.999999999884    9.99458955142786e-06    2.66350125254434e-05    1.20144407319535e-07    3.44769883725556e-06    0.00034647440814472    0.00185660696254305
287.499999999884    1.73826538888378e-05    1.79344504733567e-06    1.19965592800824e-07    3.45208727624656e-06    0.000345924032331673    0.00185797848744312
287.999999999883    2.03147821427028e-05    8.97490159691159e-07    1.24512464007808e-07    3.27536236917443e-06    0.000352277977787858    0.00180979600057184
288.499999999883    1.35220290831211e-05    -2.03930830456913e-05    1.33188305339009e-07    3.01107554629728e-06    0.00036469913636926    0.00173512526016457
288.999999999882    4.79629432816057e-06    -1.67804536468945e-05    1.39905105152937e-07    2.84676287191206e-06    0.000374008155945368    0.00168715182727799
289.499999999882    -3.2524441738702e-06    -1.2075158827206e-05    1.37294762973369e-07    2.91776338970321e-06    0.000370518804624361    0.00170810350396061
289.999999999881    -7.99579164039211e-06    -1.35909492078675e-05    1.24472278613842e-07    3.15752434921874e-06    0.000352715672929182    0.00177689043987477
290.499999999881    -1.66752898360497e-05    -1.41658032051896e-05    1.17044377179628e-07    3.34266693277777e-06    0.000341710860068146    0.00182824130321939
290.99999999988    -1.81209277492115e-05    7.76528441955702e-06    1.17524373627791e-07    3.39556573196106e-06    0.000342339021447013    0.00184268972763158
291.49999999988    -1.42110998470866e-05    3.79771553318988e-06    1.23427541616814e-07    3.2480866466092e-06    0.000351035021412323    0.00180224088954999
291.999999999879    -9.53677882586606e-06    1.82016771054517e-05    1.28597702845529e-07    3.01147986762333e-06    0.000358478385255172    0.00173526613710228
292.499999999879    -6.24013727423752e-08    1.78706694440742e-05    1.35250177964873e-07    2.8011044232155e-06    0.000367763747630108    0.00167355461888434
292.999999999879    8.71019572286057e-06    1.71711568847389e-05    1.34272868106968e-07    2.80760545846951e-06    0.00036632908783966    0.00167550309156407
293.499999999878    1.3652374611292e-05    -2.66407142505933e-06    1.22904664955764e-07    3.04432355076402e-06    0.000350311686392614    0.00174479696626498
293.999999999878    1.2168107071601e-05    1.17752321567779e-05    1.19056375936082e-07    3.23144791493586e-06    0.000344830847092276    0.00179758428421132
294.499999999877    1.78240456442951e-05    -1.30293396332892e-05    1.18223054311842e-07    3.30400044508691e-06    0.000343373495932217    0.00181764426701036
294.999999999877    1.10556027207202e-05    -2.52149968331577e-06    1.1753871143753e-07    3.20832055935284e-06    0.000342660889343986    0.00179117676441835
295.499999999876    4.63204450300745e-06    -2.40973017333012e-05    1.21410049210771e-07    2.99172780068041e-06    0.000348408658581403    0.00172949331329427
295.999999999876    -6.81386880043348e-06    -1.83791759246298e-05    1.29754722152791e-07    2.77589438669755e-06    0.00036015037601641    0.00166600017784809
296.499999999875    -1.40158236343401e-05    -1.01349793910832e-05    1.35037524323796e-07    2.72640200395832e-06    0.000367207136384421    0.00165115089745034
296.999999999875    -1.60206221838233e-05    8.07257776622786e-07    1.24989506274817e-07    2.92688444148014e-06    0.000353175375613391    0.00171081377999332
297.499999999874    -1.71262118760733e-05    -3.40963695166331e-06    1.16412038700556e-07    3.12947954993742e-06    0.000340761986681807    0.00176903022142452
297.999999999874    -9.88402776021516e-06    2.38657637803559e-05    1.13357199404806e-07    3.22898282729169e-06    0.000336540495928858    0.00179677857640024
298.499999999874    -2.67538097476309e-06    2.02177322952352e-05    1.14532355749552e-07    3.16982264656715e-06    0.00033841571784743    0.00178028477774428
298.999999999873    7.21741891423233e-06    1.12793966216331e-05    1.18309176702141e-07    2.97088433480841e-06    0.000343885279659304    0.00172358843986036
299.499999999873    1.09914086562897e-05    4.204514240898e-06    1.25042622645399e-07    2.74898687080269e-06    0.000353442798174117    0.00165800156600128
