#t    rel_diff_friedmann    LHS_friedmann    RHS_friedmann
0    0    0.68409005786454    0.68409005786454
0.5    -1.90613508796727e-05    1.29183574428563    1.29188499349319
1    -7.20040501845107e-06    1.47221858020908    1.47223978150184
1.5    5.15107613096211e-06    1.13586849525425    1.13585679342434
2    2.09326096286063e-06    0.824668151525132    0.824664699041061
2.49999999999999    3.16759397138009e-06    0.640942820765962    0.640938760285594
2.99999999999998    1.75129361306473e-05    0.547379411011087    0.547360238905518
3.49999999999997    5.80476066525148e-06    0.6238812704734    0.623874027552526
3.99999999999996    -6.51587061226082e-06    0.882946975123772    0.882958481535241
4.49999999999995    1.03252560927322e-05    0.985994893720535    0.985974532631201
4.99999999999994    1.19836275271726e-05    0.877559871492038    0.877538839042817
5.49999999999993    9.65188044459106e-06    0.756053144020075    0.756038549491828
5.99999999999992    1.73376715801209e-05    0.664676521376712    0.664653473889832
6.49999999999991    2.69775198747027e-05    0.629689705461335    0.629655731444782
6.9999999999999    3.96621247586093e-06    0.729844566549184    0.729838777134895
7.49999999999988    9.91862027470773e-06    0.880635065701736    0.880617596505372
7.99999999999987    2.02935466204995e-05    0.881453764306412    0.881417989386292
8.49999999999986    1.63538793854404e-05    0.802055675591821    0.802029442577274
8.99999999999985    1.76338811680242e-05    0.728147677384217    0.728121997697818
9.49999999999984    2.94145362047398e-05    0.673053756933031    0.673014162969467
9.99999999999983    2.44044278852558e-05    0.683105332003966    0.683071991228003
10.4999999999998    7.02516826182537e-06    0.792672983954471    0.792661846710534
10.9999999999998    2.36104357150033e-05    0.861937383079859    0.861896682606468
11.4999999999998    2.36847186031935e-05    0.825369962774975    0.825330866390338
11.9999999999998    2.03232309351992e-05    0.765821447415264    0.765790320115609
12.4999999999998    2.65647536149169e-05    0.713766375153376    0.71372845410495
12.9999999999998    3.62567987173835e-05    0.685691035120163    0.685641314999171
13.4999999999998    1.5941932442921e-05    0.732684156332391    0.732660795902157
13.9999999999997    1.90124714840346e-05    0.822522717099527    0.822491441314749
14.4999999999997    3.01501582149171e-05    0.833799974928604    0.833749698042133
14.9999999999997    2.50647111124323e-05    0.790370202596096    0.790330582787555
15.4999999999997    2.54449031354196e-05    0.744732991611187    0.74469509325784
15.9999999999997    3.59090435683063e-05    0.707232686049039    0.707181895774197
16.4999999999998    3.32855612117195e-05    0.707317561974238    0.70727047661749
16.9999999999999    1.46059843814841e-05    0.774843567689907    0.774820933314408
17.4999999999999    3.12120525450431e-05    0.825771846192403    0.825720299732767
18    3.13288963286831e-05    0.806534974929363    0.806484440811311
18.5000000000001    2.70866656086308e-05    0.767435791070383    0.767394217643171
19.0000000000002    3.23297516953684e-05    0.731190125051796    0.731142848189875
19.5000000000002    4.19838707475078e-05    0.708768003963746    0.708708492813718
20.0000000000003    2.36102105312709e-05    0.736998580122679    0.736963779561052
20.5000000000004    2.4512757817522e-05    0.800976010981079    0.800936743681679
21.0000000000005    3.67809972977458e-05    0.813702734142103    0.813642878747512
21.5000000000006    3.11636477318272e-05    0.784515876600857    0.784466981371774
22.0000000000006    3.0768300607094e-05    0.751569321122133    0.751523073523494
22.5000000000007    4.03672958075663e-05    0.723137987637862    0.723079607744387
23.0000000000008    3.94091638067622e-05    0.719955750828073    0.71989900735605
23.5000000000009    1.99261776984824e-05    0.767640591890191    0.767610000214081
24.000000000001    3.62956528702918e-05    0.80847095171366    0.808412265881662
24.500000000001    3.69719339652516e-05    0.79684067055438    0.796781751251436
25.0000000000011    3.20453544619049e-05    0.767886437617311    0.767837224808193
25.5000000000012    3.64912938869635e-05    0.7400982960067    0.74004428368883
26.0000000000013    4.61580273393004e-05    0.721383109481811    0.721316517312995
26.5000000000013    2.94510059566879e-05    0.740110928574516    0.740067335835634
27.0000000000014    2.83060437520388e-05    0.789721202523453    0.789676496023096
27.5000000000015    4.1716925846778e-05    0.802579555348052    0.802512595837803
28.0000000000016    3.58813271665631e-05    0.781034216720156    0.780978169642683
28.5000000000017    3.48061570488437e-05    0.755280134036734    0.755227559068745
29.0000000000017    4.37243562384165e-05    0.732347615891018    0.732283575835033
29.5000000000018    4.41622768766478e-05    0.727736313622392    0.727672039475734
30.0000000000019    2.41008221839543e-05    0.763814526220573    0.763777709991718
30.500000000002    3.99718285366828e-05    0.798271723758923    0.798207909548758
31.000000000002    4.14614112761093e-05    0.790921426854249    0.790855844136269
31.5000000000021    3.59785528044976e-05    0.768036448444614    0.767981184753089
32.0000000000022    3.97315571312298e-05    0.745507813282707    0.745448575263775
32.5000000000021    4.94183438897465e-05    0.729364985846852    0.729292901389763
33.000000000002    3.42810134701399e-05    0.742377395836111    0.742326498681903
33.5000000000019    3.1119785451848e-05    0.782773502885964    0.782724784915122
34.0000000000018    4.56077306443968e-05    0.795483966783639    0.795411409655826
34.5000000000017    3.9755540464416e-05    0.778729169609344    0.778667254472787
35.0000000000016    3.8063392132722e-05    0.75760606908283    0.757548397164239
35.5000000000015    4.63884335243072e-05    0.738364897491282    0.738296397486962
36.0000000000014    4.80644560744778e-05    0.733039462028617    0.732968999129331
36.5000000000013    2.7611076412718e-05    0.761464694818233    0.761422646259491
37.0000000000012    4.27425594713412e-05    0.791504798452373    0.791437139462452
37.5000000000011    4.52026506335937e-05    0.786920088993144    0.786848950461076
38.000000000001    3.92555134715416e-05    0.768084861958117    0.768024561193963
38.5000000000009    4.23765215311243e-05    0.749142618838856    0.749079129412682
39.0000000000008    5.20639938215858e-05    0.734890703283879    0.734814184577677
39.5000000000007    3.84645845542577e-05    0.744102641378214    0.744045400382033
40.0000000000006    3.33146804746535e-05    0.778033739252885    0.777981901089014
40.5000000000005    4.87809894558136e-05    0.790538262726037    0.790461140010843
41.0000000000004    4.30648737953548e-05    0.777089465911208    0.777022538273883
41.5000000000003    4.07994371224197e-05    0.759199381375239    0.759137434087806
42.0000000000002    4.8576588054694e-05    0.742611360253942    0.742539216706166
42.5000000000001    5.13703310932483e-05    0.736911030152669    0.736835323314544
43    3.0707827471945e-05    0.759888498877021    0.759841831260239
43.4999999999999    4.48780042183005e-05    0.786656508036571    0.786585904056964
43.9999999999998    4.84171191897619e-05    0.784024364419965    0.783948447693435
44.4999999999997    4.20796568038766e-05    0.768093652927058    0.768029013412449
44.9999999999996    4.46076352553426e-05    0.751753830445788    0.751686765516056
45.4999999999995    5.4262841837899e-05    0.738957139131083    0.738876947653769
45.9999999999994    4.21956833921454e-05    0.745471895341987    0.745408986604317
46.4999999999993    3.51018264343583e-05    0.774577405609035    0.774523029354438
46.9999999999992    5.14230171509991e-05    0.786873504738097    0.786792582079924
47.4999999999991    4.59715126646042e-05    0.775861400662534    0.77579006889735
47.999999999999    4.31654978644246e-05    0.760358767905011    0.760293128208837
48.4999999999989    5.04187924879254e-05    0.745772997160762    0.745697799004188
48.9999999999988    5.42319082634098e-05    0.739881002867488    0.739800756902033
49.4999999999987    3.35474262622244e-05    0.758768984497645    0.758718076712355
49.9999999999986    4.6547720405465e-05    0.782988904699223    0.782916015394821
50.4999999999985    5.1237320900942e-05    0.781822707112867    0.781742594215773
50.9999999999984    4.45753343124763e-05    0.768085813677498    0.768017341365823
51.4999999999983    4.65375923707012e-05    0.753721027070223    0.753650877610972
51.9999999999982    5.61241482011928e-05    0.742085345364198    0.742002052223152
52.4999999999981    4.5615608927698e-05    0.746598011254199    0.74652990131526
52.999999999998    3.66470195365415e-05    0.77193427490384    0.771877698796279
53.4999999999979    5.36463125438299e-05    0.784032046524843    0.78394793018095
53.9999999999978    4.85819099426892e-05    0.774905011670357    0.774829722597062
54.4999999999977    4.52605506726169e-05    0.76124011339757    0.761171208222804
54.9999999999976    5.19953300980154e-05    0.748222262851399    0.748144458769761
55.4999999999975    5.6827191003378e-05    0.742247612058438    0.742163257158446
55.9999999999974    3.63082845395837e-05    0.757943509548271    0.75788847228936
56.4999999999973    4.79034187602908e-05    0.780098274566177    0.780023539397606
56.9999999999972    5.37518115195793e-05    0.780083298039831    0.7799994407665
57.4999999999971    4.68307645935085e-05    0.768070737318921    0.767998802007925
57.999999999997    4.82573482026718e-05    0.7552570532174    0.755184163329673
58.4999999999969    5.78089274104498e-05    0.744577023812187    0.74449094239022
58.9999999999968    4.89992891673602e-05    0.74755687759847    0.74748362167673
59.4999999999967    3.82358543171756e-05    0.769838338963276    0.769779470361015
59.9999999999966    5.54284869142599e-05    0.781745540817872    0.781658883676187
60.4999999999965    5.10173013479493e-05    0.774136032010196    0.77405704737732
60.9999999999964    4.71863214545771e-05    0.761932443849669    0.761860541664024
61.4999999999963    5.32861407977738e-05    0.75018683845903    0.750106893595986
61.9999999999962    6.00602016461004e-05    0.74420829630937    0.744118907077419
62.4999999999961    3.92040583302507e-05    0.757327341651794    0.757267963369109
62.999999999996    4.89275601327777e-05    0.777731175122483    0.777655073868255
63.4999999999959    5.61954663884193e-05    0.778653155970867    0.778565647333947
63.9999999999958    4.89977697619685e-05    0.768051127188923    0.767975865291997
64.4999999999961    5.00501375498878e-05    0.756493616184022    0.756417894754799
64.9999999999963    6.08288997079904e-05    0.746650866963646    0.746560036587351
65.4999999999966    5.22452131931962e-05    0.748455654517577    0.748377452152804
65.9999999999969    3.87225950252124e-05    0.768109572163598    0.768050088075181
66.4999999999971    5.51331916710058e-05    0.779790313122578    0.779704333205332
66.9999999999974    5.38087355407982e-05    0.773489345034112    0.773406108545741
67.4999999999976    4.93720123210451e-05    0.762487707906301    0.762412420518372
67.9999999999979    5.33112589685456e-05    0.751891428383247    0.751811264099597
68.4999999999981    6.86353046057668e-05    0.746086043177719    0.745983634520898
68.9999999999984    3.14820813605541e-05    0.756951105065745    0.756903445773607
69.4999999999986    3.97236103588691e-05    0.775555504520652    0.775493891238807
69.9999999999989    6.44445376553866e-05    0.777298316977672    0.777198138172333
70.4999999999992    5.25896982814046e-05    0.768019688251355    0.767938912651961
70.9999999999994    5.44601223090086e-05    0.757531406020631    0.757448900007869
71.4999999999997    8.01781749066106e-05    0.748735088739074    0.748615033939041
71.9999999999999    2.70989508659887e-05    0.749816660827465    0.749776023438995
72.5000000000002    8.63962920684296e-06    0.766432085482982    0.766418842219338
73.0000000000004    6.99742207956106e-05    0.777473542359576    0.777364743762042
73.5000000000007    5.4680908809817e-05    0.772698560150159    0.772614061051637
74.000000000001    5.43179902654171e-05    0.762958702241896    0.762875821977063
74.5000000000012    5.30742147055145e-05    0.75354260599491    0.753462622875831
75.0000000000015    5.68861218707753e-05    0.748348179345364    0.74826304293698
75.5000000000017    2.21667185681859e-05    0.756849473142647    0.756815920147868
76.000000000002    7.70680118598106e-05    0.773014808749075    0.77289566850208
76.5000000000022    8.76480870632976e-05    0.77579374054492    0.775657758788832
77.0000000000025    6.24474687357572e-05    0.767979199158115    0.767883288433439
77.5000000000027    6.10411500178922e-05    0.758473273024746    0.758380682514891
78.000000000003    8.15747254046996e-05    0.75035754454749    0.750235134111785
78.5000000000033    5.70316430693846e-05    0.750452967792652    0.750367373542634
79.0000000000035    7.5912345131572e-05    0.765077039545749    0.764960890778318
79.5000000000038    0.000102757935970494    0.776021820342118    0.77586235192771
80.000000000004    6.44066990066184e-05    0.772224821595178    0.772125355098187
80.5000000000043    6.21601878319088e-05    0.763477764741294    0.763382854798391
81.0000000000045    6.37754350807389e-05    0.754713374198721    0.754617115990028
81.5000000000048    6.97327943291285e-05    0.749323063683036    0.749218566187767
82.000000000005    6.44133729563603e-05    0.756300846731282    0.756203421229772
82.5000000000053    8.70822267061516e-05    0.771614808243974    0.771480432074428
83.0000000000056    9.02058936533707e-05    0.77506043736942    0.774920619942999
83.5000000000058    6.87863677292426e-05    0.768117426068701    0.768011761321538
84.0000000000061    6.83893223788744e-05    0.759401570978571    0.759297708163974
84.5000000000063    9.42227928897686e-05    0.751954861308386    0.751813172084421
85.0000000000066    7.03244520763057e-05    0.751275407504368    0.751169748871972
85.5000000000068    0.000125960284185281    0.763635985473675    0.763443634090821
86.0000000000071    0.000129762254614594    0.77434051943194    0.774139585162342
86.5000000000073    7.41842512856618e-05    0.77177514589042    0.771660647261698
87.0000000000076    7.04323444193405e-05    0.764037365918132    0.76392974761213
87.5000000000079    7.06252652772773e-05    0.756089228077041    0.755982437614534
88.0000000000081    6.58387462734612e-05    0.750950926571793    0.750852049746682
88.5000000000084    0.000152352556419644    0.756101951569913    0.755871598534316
89.0000000000086    0.000161039176432823    0.769592782419136    0.769344953153618
89.5000000000089    8.63868540892234e-05    0.773818161004447    0.773684477119844
90.0000000000091    7.7598847088715e-05    0.768206260145958    0.768087045556645
90.5000000000094    7.76593297398646e-05    0.760405332006739    0.760287236041164
91.0000000000096    9.66401718012502e-05    0.753645225316212    0.753499574583821
91.5000000000099    0.000133208765347578    0.752203387491696    0.752003014014124
92.0000000000102    0.000177220805662181    0.762269643624538    0.761999511416836
92.5000000000104    0.000121349743514395    0.772549508698337    0.772362034078869
93.0000000000107    9.61964431556994e-05    0.771357303364899    0.771208913981458
93.5000000000109    8.22840976369768e-05    0.764686073233915    0.764560240580918
94.0000000000112    8.23948758199867e-05    0.757499295709184    0.757374477872726
94.5000000000114    9.13576059708211e-05    0.752469558935403    0.752332083859856
95.0000000000117    0.000162734443495646    0.755948975212191    0.755702977372928
95.500000000012    0.000135630074281529    0.767487323624332    0.767279163131729
96.0000000000122    0.000104228465995689    0.772511251025313    0.772350232482711
96.5000000000125    9.04922514560966e-05    0.768366186953921    0.768227137164449
97.0000000000127    8.97509331466141e-05    0.761547670624193    0.761410983663827
97.500000000013    9.84997248511831e-05    0.755512355258087    0.755363534398671
98.0000000000132    0.000156289785544149    0.75343320581735    0.753197734790748
98.5000000000135    0.000127406617347015    0.760738530514156    0.760544708962588
99.0000000000137    0.000118380898286507    0.770282806914392    0.770100454960146
99.500000000014    0.000117743595472613    0.770812153321817    0.77063065830296
100.000000000014    9.66659483379328e-05    0.765429251154824    0.765281283569354
100.500000000015    9.83468922988032e-05    0.759082641498796    0.758933349343637
101.000000000015    0.000130251412821234    0.754353168761054    0.754156683221578
101.500000000015    0.000125155396001452    0.755927846877376    0.755738653657879
102.000000000015    0.000145943173068123    0.764951525611074    0.764728279286569
102.500000000016    0.000146410717879838    0.770823894816846    0.770598214099323
103.000000000016    0.00011136527048566    0.768469028933576    0.768297886470369
103.500000000016    0.000105213810811303    0.76283812453949    0.762677619214637
104.000000000016    0.000106604200957416    0.757492982036447    0.75733149538344
104.500000000017    0.000124737318765513    0.754856329306796    0.754668035284945
105.000000000017    0.000173075580536993    0.759309707934772    0.759046917480366
105.500000000017    0.000172665856513926    0.767653878656574    0.767388829192638
106.000000000017    0.000138356517263186    0.769872544415458    0.769659540118028
106.500000000018    0.000115699412930077    0.766170473575509    0.7659932031376
107.000000000018    0.000116315624671125    0.760799358777047    0.760622393655525
107.500000000018    0.000137631769473295    0.756537658378957    0.756329439803256
108.000000000018    0.000175953418974301    0.756253040254937    0.755986956457206
108.500000000019    0.000181784895289923    0.762449244882462    0.762172091752426
109.000000000019    0.000166836425957664    0.768710826047525    0.76845437089996
109.500000000019    0.000138970080926247    0.768405803539106    0.768192262381534
110.000000000019    0.000124050857946188    0.764206333149837    0.764016755764524
110.50000000002    0.000126529662945601    0.759427117244524    0.759234961443579
111.00000000002    0.000153880280456135    0.756297507657367    0.756064784923634
111.50000000002    0.000172303565293787    0.758187051247038    0.757925819594004
112.00000000002    0.000192783082338971    0.764786331952942    0.764491513056229
112.500000000021    0.00017009342401678    0.768676585796758    0.768415136602667
113.000000000021    0.000139960217718383    0.766868156745735    0.766653524717322
113.500000000021    0.000133939170686502    0.762608214166442    0.762403955301177
114.000000000021    0.000139671144439401    0.758568905618474    0.758357034836341
114.500000000022    0.00016308079789058    0.756841302043696    0.756594489727218
115.000000000022    0.000202400852168283    0.760211674506302    0.759904001798023
115.500000000022    0.000197617454845161    0.76624416492381    0.765941378316404
116.000000000022    0.000169517326032645    0.768084998737763    0.767824635443549
116.500000000023    0.00014583014866393    0.765478661397667    0.765255434216938
117.000000000023    0.000145293589164126    0.761374341815898    0.761153128335159
117.500000000023    0.000161597366545117    0.758089985812019    0.757845014708082
118.000000000023    0.000196003518825081    0.757721801930308    0.757424827859333
118.500000000024    0.000207189280763323    0.762026660172941    0.761710958071745
119.000000000024    0.000202306913038349    0.766940034406483    0.76662978263087
119.500000000024    0.000169744230611423    0.767273075109059    0.767012638960986
120.000000000024    0.000153801897939556    0.764278419897112    0.764043361106531
120.500000000025    0.000155905150879758    0.760512489600937    0.760275390936965
121.000000000025    0.000180975866809064    0.757936135655982    0.757661848996975
121.500000000025    0.000208859555229029    0.758763833682682    0.758446949713273
122.000000000026    0.000223473287769129    0.763476461290949    0.763135304340536
122.500000000026    0.000200046047115283    0.767086863958545    0.766780019951617
123.000000000026    0.000173208733162754    0.766405480111203    0.76614002984491
123.500000000026    0.000162924620410384    0.763268560180743    0.763019890214326
124.000000000027    0.000167085422034976    0.759934573413545    0.759680667859626
124.500000000027    0.000192105885732149    0.758089987503878    0.757798776350226
125.000000000027    0.000220237997948713    0.759904365099585    0.75956971916933
125.500000000027    0.000229061673890399    0.764491431478753    0.764141280311026
126.000000000028    0.000203919258110835    0.766943590934198    0.76663086556877
126.500000000028    0.000178577682676973    0.765588364734989    0.765314979563362
127.000000000028    0.00017266921857132    0.762459462137438    0.762196201035488
127.500000000028    0.000180955196285992    0.759584111790498    0.759309260142242
128.000000000029    0.000205821820587711    0.758465518883745    0.758153365623798
128.500000000028    0.000239088075100507    0.760950333317289    0.760586551992186
129.000000000028    0.000229756522656155    0.765160645296789    0.764809124762651
129.500000000027    0.000206925690004939    0.766625271676843    0.766308068387719
130.000000000027    0.000185372945020717    0.76486159037086    0.764578073636111
130.500000000026    0.000183083516970908    0.761847061509588    0.761568149294987
131.000000000026    0.000196784025422932    0.759382324786554    0.759083514966141
131.500000000025    0.00022522267355166    0.758936418055627    0.758594635654513
132.000000000025    0.000244166458529806    0.761846784899467    0.761474840852905
132.500000000024    0.000238294204059842    0.765532071899961    0.765167315107879
133.000000000024    0.000210478134632267    0.766231057177284    0.765908575285447
133.500000000024    0.000193298042501542    0.76424201774081    0.7639466218682
134.000000000023    0.00019320004596473    0.761416302863482    0.761122148364722
134.500000000023    0.000211674080238448    0.759304312436225    0.758982930380564
135.000000000022    0.000241558733139025    0.759431607577892    0.759064801509036
135.500000000022    0.000252102235856069    0.762550189292459    0.762165804981258
136.000000000021    0.00024418553889274    0.765679619547513    0.765305775053895
136.500000000021    0.000215821176133825    0.765851905750505    0.765521402961919
137.00000000002    0.000201683592295544    0.76375089107987    0.763442881153754
137.50000000002    0.00020353146726805    0.761126136723476    0.760816373531266
138.000000000019    0.000225082574566527    0.759348378249249    0.759006622996462
138.500000000019    0.000252585497910576    0.759930982635146    0.759547184485739
139.000000000019    0.000264244563536553    0.763085621136503    0.762682445219751
139.500000000018    0.000247906942220047    0.76570430890351    0.765324756169538
140.000000000018    0.000221316386847058    0.765469518448408    0.765130771522524
140.500000000017    0.000210118577331665    0.763344767641869    0.763024049197591
141.000000000017    0.000214485596831239    0.760920469023825    0.760594126057812
141.500000000016    0.0002365929295019    0.759457165255014    0.759097885866859
142.000000000016    0.000261728503133715    0.760398296512913    0.760000364847109
142.500000000015    0.000272841538397318    0.763491006842078    0.76307449636172
143.000000000015    0.000251284864553087    0.765668568233371    0.765283863059036
143.500000000014    0.000227977884783581    0.765123939087078    0.764775155927465
144.000000000014    0.00021899661936114    0.763010924530017    0.762676804075252
144.500000000014    0.000225207350393503    0.760781753079532    0.76043916294767
145.000000000013    0.000247036504935994    0.759614688207136    0.759239475782956
145.500000000013    0.000273147690651477    0.760829980145353    0.760414455740774
146.000000000012    0.000279674268446147    0.763800991373268    0.763373879858366
146.500000000012    0.000257231257372369    0.765556856370909    0.765163107349956
147.000000000011    0.000234920904441602    0.764808996188016    0.76444974134227
147.500000000011    0.000228289352028659    0.762747654281848    0.762399479430944
148.00000000001    0.000235712163266241    0.760717946375488    0.760359409941336
148.50000000001    0.000258243841117222    0.759812690005771    0.75942035742805
149.000000000009    0.000282271076699902    0.761188770419578    0.760759168536168
149.500000000009    0.0002839492282867    0.764006043537523    0.763572288848894
150.000000000009    0.000263808537686686    0.765426812670403    0.765023066925664
150.500000000008    0.00024285142325267    0.764548071413217    0.764176818397965
151.000000000008    0.000237585572559981    0.762545840010152    0.762183586296404
151.500000000007    0.000245931718738966    0.760677948514395    0.760303890836473
152.000000000007    0.000269178955615232    0.760000964537052    0.759591922110863
152.500000000006    0.000292681719952847    0.76149436925827    0.761048748719798
153.000000000006    0.000290657054199407    0.764158929950791    0.763714842660855
153.500000000005    0.000269169416456597    0.765292512873281    0.764880637059436
154.000000000005    0.00025038131404663    0.764322978434832    0.763940329859492
154.500000000004    0.000246817032235095    0.762385123227005    0.762008876823955
155.000000000004    0.000256114081126625    0.760678822159527    0.760289280811412
155.500000000004    0.000279684672054485    0.760181740846893    0.759756637380035
156.000000000003    0.000301617712070232    0.761775441221728    0.761316049850917
156.500000000003    0.000297154138196007    0.764263895594386    0.763809822165685
157.000000000002    0.000276258590519174    0.765152220781538    0.764729577792204
157.500000000002    0.000257830925774153    0.764122275640821    0.763728348499954
158.000000000001    0.000255566935174839    0.762262783047526    0.761873264269124
158.500000000001    0.000266809162283053    0.760690814817824    0.76028500453361
159    0.000290449619550905    0.760376879450195    0.75993530535452
159.5    0.000310410582964181    0.762004367804677    0.761531446164496
159.999999999999    0.00030311241470966    0.764315079348926    0.763851872973928
160.499999999999    0.000282693081874134    0.765017928686427    0.764585520373367
160.999999999999    0.0002654066668979    0.763945859238647    0.763540454187469
161.499999999998    0.00026404762399267    0.762177242124319    0.761774846196319
161.999999999998    0.000277071855574708    0.760732352841978    0.760310914561469
162.499999999997    0.00030070216392503    0.760548691703389    0.760091431927662
162.999999999997    0.000318782933400457    0.762194788996123    0.761708994477807
163.499999999996    0.000310356901620007    0.764329677850514    0.763855395066181
163.999999999996    0.000290017871776881    0.764886975655206    0.764443442502089
164.499999999995    0.000273823747397418    0.763804274540878    0.763386093551297
164.999999999995    0.000273186758786127    0.762120951090513    0.761704662110288
165.499999999994    0.000286445839856031    0.760796764103795    0.76036103478054
165.999999999994    0.000309419412367084    0.760710476988967    0.760239865427777
166.499999999994    0.000325584781519158    0.762337555160123    0.761841305718707
166.999999999993    0.00031833969195502    0.764323655326737    0.763837181076819
167.499999999993    0.000296952650891726    0.764760279462265    0.764306219112124
167.999999999992    0.000281904509982392    0.763694775991077    0.763264319335546
168.499999999992    0.000281656680180822    0.762090445331372    0.761661270481676
168.999999999991    0.000295473642727872    0.760870540116763    0.760421038552362
169.499999999991    0.000318854557646349    0.760855273834838    0.760370224151597
169.99999999999    0.00033255219593856    0.762445009942279    0.761938073000594
170.49999999999    0.000324476577801038    0.764297745974101    0.76380191342608
170.999999999989    0.00030432580561236    0.764651921226076    0.764186656194351
171.499999999989    0.000290169992184124    0.763606736940418    0.76316371397061
171.999999999989    0.000290430877300766    0.762083033878123    0.761640497516136
172.499999999988    0.000303938639573208    0.760941409124769    0.760478990678234
172.999999999988    0.000326296851979709    0.760975520382952    0.7604790745382
173.499999999987    0.000340247751991848    0.762520723441973    0.762002008009736
173.999999999987    0.000331401939060039    0.764261720514411    0.763755332700059
174.499999999986    0.000311484985705957    0.764558965879543    0.764082816915679
174.999999999986    0.000297936993704793    0.763549938973681    0.763095094941822
175.499999999985    0.000298278984762118    0.762093752967239    0.761639255432445
175.999999999985    0.000312412386086516    0.761015797052963    0.760540444037119
176.499999999984    0.000334479755996188    0.761086233401468    0.76057726776489
176.999999999984    0.0003476431673243    0.762573236178203    0.762043213686618
177.499999999984    0.000338506600199901    0.764212819730167    0.763695612641308
177.999999999983    0.000318511460318898    0.764475303979893    0.763988470750959
178.499999999983    0.000305845862725507    0.76350072885094    0.763033844567353
178.999999999982    0.000306493102639632    0.762115058578928    0.761648035700475
179.499999999982    0.000320709433980668    0.76109704171253    0.760609016224004
179.999999999981    0.000342485125675972    0.761182217345692    0.760661008677168
180.499999999981    0.000354622864504497    0.762612193693395    0.762071505992349
180.99999999998    0.000346787460125041    0.764155897196065    0.763626081564026
181.49999999998    0.000326131588595884    0.764398115847693    0.763899689656537
181.999999999979    0.00031384144693523    0.763469687232302    0.762990620720565
182.499999999979    0.000314664829544081    0.762146909597479    0.76166741882157
182.999999999979    0.000328240971072796    0.76118528744208    0.760685747015882
183.499999999978    0.0003499004255335    0.761264592604464    0.760732045333189
183.999999999978    0.000360741107956544    0.762620187107075    0.76207016861886
184.499999999977    0.000353551781245543    0.764102059761874    0.763561951429573
184.999999999977    0.000334384703150526    0.764339339063405    0.763828343166619
185.499999999976    0.000322216158103559    0.763461968310496    0.762970127225066
185.999999999976    0.000322600689557691    0.76219289610323    0.761701286789016
186.499999999975    0.000335534668117021    0.761267976932188    0.760757284691163
186.999999999975    0.000357253303024825    0.761325861390599    0.760782083299798
187.499999999974    0.000368717508129705    0.762610692354028    0.762048523807098
187.999999999974    0.000361942935367199    0.764040512809041    0.763487634787444
188.499999999974    0.000342226405724251    0.764290455430064    0.76376751364357
188.999999999973    0.000329738475579624    0.763463624388434    0.762960303689301
189.499999999973    0.000329946369924679    0.762248928064677    0.761746091440208
189.999999999972    0.000342991966342446    0.761343003946151    0.760820913950856
190.499999999972    0.00036345985952586    0.761383424566577    0.760830161030587
190.999999999971    0.000376598268629403    0.762600588490064    0.762026416599641
191.499999999971    0.000368587474764862    0.763969185432267    0.763406213990776
191.99999999997    0.000349631141748083    0.764245877253956    0.76371165571716
192.49999999997    0.000337298223437302    0.763468476715457    0.762953617254945
192.999999999969    0.000337456877451202    0.762299259487077    0.761784946789854
193.499999999969    0.000349401892903001    0.761431502996908    0.760899597628724
193.999999999969    0.000369203521241916    0.761431211814246    0.760869173151728
194.499999999968    0.000382490434262546    0.762577798540448    0.761994664157126
194.999999999968    0.000375793176034384    0.76390474872829    0.763330824021854
195.499999999967    0.000357900063195962    0.764200673356441    0.763653854124502
195.999999999967    0.000345524750942669    0.76348320280702    0.762955780357533
196.499999999966    0.000345186278405679    0.762370961051759    0.761844822677886
196.999999999966    0.0003564366826382    0.761513507495886    0.760970838226328
197.499999999965    0.000375773570078412    0.761469757720654    0.760897692269
197.999999999965    0.000390100334023219    0.762530433112975    0.76193573835028
198.499999999964    0.000383566674593121    0.763832065860864    0.76324632947892
198.999999999964    0.000365986426886795    0.764168639190684    0.76360949313096
199.499999999964    0.000353372240378781    0.76351564011735    0.762976220268725
199.999999999963    0.000352712481158908    0.762454114852837    0.761916450328586
200.499999999963    0.000363004181463663    0.761600907786546    0.76104817980085
200.999999999962    0.000382127018232983    0.761508685543746    0.760926921764673
201.499999999962    0.000396691205439809    0.762468064874002    0.761863375997233
201.999999999961    0.000391333838078566    0.763741847409015    0.763144325182785
202.499999999961    0.000375126410646565    0.764142939146337    0.763569853729846
202.99999999996    0.000360799741374157    0.763550992069774    0.763000212789866
203.49999999996    0.000359427452849585    0.762544730628481    0.761996768560664
203.999999999959    0.000369064074419759    0.761697108443909    0.761135085789648
204.499999999959    0.00038690008555319    0.761541080255513    0.760952027541852
204.999999999959    0.000402138544053053    0.762407972386713    0.761795031609845
205.499999999958    0.000398686177763967    0.763644513455244    0.763035847097628
205.999999999958    0.000382334844500223    0.764106978826367    0.76352291268934
206.499999999957    0.000368864189422955    0.763594437077246    0.763031319504992
206.999999999957    0.000366408391589616    0.762629048615257    0.762070385947782
207.499999999956    0.000374851973950894    0.761793580434016    0.761222674784388
207.999999999956    0.000392324054687365    0.761574224470262    0.760976891043155
208.499999999955    0.000408393623669581    0.762344762931321    0.761722343642952
208.999999999955    0.000405842171957066    0.763549242116945    0.762929732574409
209.499999999954    0.000390343646538729    0.764070912406649    0.763474644703632
209.999999999954    0.000376441145381181    0.763626930369179    0.763052225519107
210.499999999954    0.000373609097271367    0.762723503187822    0.762153795156938
210.999999999953    0.000380960739420245    0.761885719756195    0.761305443724277
211.499999999953    0.000397896762848076    0.761611489935064    0.761005645505815
211.999999999952    0.000414135254008042    0.762287181431534    0.761656062808987
212.499999999952    0.000414034955928605    0.763448831271075    0.762816903904676
212.999999999951    0.000398238603989467    0.764031042619502    0.763422751552852
213.499999999951    0.00038424394711296    0.763669030408706    0.763082385418429
213.99999999995    0.000380066461423225    0.762815234766586    0.762235614086971
214.49999999995    0.000386295142936706    0.76198883321482    0.761400355370468
214.999999999949    0.000402456934487137    0.761656058518195    0.761043237627322
215.499999999949    0.000419081036336394    0.762224049725149    0.7615854500608
215.999999999949    0.000421447273695114    0.763339041089054    0.762695897824486
216.499999999948    0.000407156029120118    0.763982200161011    0.763360333439923
216.999999999948    0.000392153682981483    0.763709558376038    0.763110810145271
217.499999999947    0.000387242303047708    0.762908747313373    0.76231811495056
217.999999999947    0.000392599452403899    0.762089035085203    0.761490878445457
218.499999999946    0.00040727198227668    0.761708708473234    0.761088515829087
218.999999999946    0.000425296530710148    0.76216534857884    0.761517331621048
219.499999999945    0.000428506263067195    0.763229627320414    0.762575810134242
219.999999999945    0.000416077185711169    0.763930198612341    0.763294755151631
220.499999999944    0.000400665662463216    0.763744277487108    0.763132510387395
220.999999999944    0.000394456112844411    0.763003723341131    0.762402017722001
221.499999999944    0.000398969102121399    0.762189884247544    0.761581946368445
221.999999999943    0.000413360442308076    0.761763701151866    0.761134195403755
222.499999999943    0.000430296200198037    0.762116615794131    0.761461026124107
222.999999999942    0.000435048417736832    0.763120178301489    0.762456478590772
223.499999999942    0.000423756857938324    0.763865829687501    0.763218717138132
223.999999999941    0.000408047580958405    0.763771220798004    0.763148165036296
224.499999999941    0.000401321754019366    0.763090055469695    0.762477811897288
224.99999999994    0.00040488170639728    0.762294360730469    0.761677332470825
225.49999999994    0.000418327105333961    0.761827865384186    0.761190745417359
225.999999999939    0.000435257629269236    0.762083342084449    0.761420225533425
226.499999999939    0.000441089693704487    0.763013376124774    0.762340558225081
226.999999999939    0.000432060020073944    0.763792844439877    0.763133120776694
227.499999999938    0.000416020695372853    0.763790168829713    0.763154928068706
227.999999999938    0.000408501864017549    0.763169286489416    0.762546028939104
228.499999999937    0.0004104439094024    0.762396389563213    0.761770804421531
228.999999999937    0.000423148162536643    0.761896236685856    0.761251719426955
229.499999999936    0.000440609287369974    0.762059672556389    0.761388427174821
229.999999999936    0.000448488337362159    0.762916924718105    0.762232912803247
230.499999999935    0.000439770448320205    0.763717542201553    0.763046116662815
230.999999999935    0.000424310023368076    0.763798343953691    0.763150444277674
231.499999999934    0.000415551424586367    0.763250707037812    0.762616630691889
231.999999999934    0.000416566384421444    0.762496008120247    0.761861012227713
232.499999999934    0.000428017214444808    0.761972248333716    0.761320252920545
232.999999999933    0.000444960270993905    0.762041740018536    0.761363885038777
233.499999999933    0.000454243094603707    0.762811178498843    0.762118489727295
233.999999999932    0.000447416385489248    0.763638061789802    0.762955039022523
234.499999999932    0.000432411065455578    0.763799075312456    0.763138810474379
234.999999999931    0.000422418807841364    0.763327048040541    0.762682432934832
235.499999999931    0.000422716011841478    0.762603659849227    0.761959202716162
235.99999999993    0.00043241599382703    0.762057323811791    0.761398557122985
236.49999999993    0.000448878720596204    0.762035443739785    0.761351627700184
236.999999999929    0.00045961795673583    0.762706286548365    0.76200550163167
237.499999999929    0.000454253290579722    0.763541494940944    0.762848127432274
237.999999999929    0.000441305004233512    0.763797631731726    0.763123793665627
238.499999999928    0.000429951313126273    0.763398045812333    0.762741879947238
238.999999999928    0.000428587806909056    0.762712780155857    0.76205928144194
239.499999999927    0.000436861610023091    0.762143516406513    0.761477904699423
239.999999999927    0.000451862080080772    0.762043187212628    0.761354821419656
240.499999999926    0.000463805661380269    0.762609345664159    0.761902268546648
240.999999999926    0.000462387280375273    0.763438033569431    0.762732351795553
241.499999999925    0.000448835834581204    0.76377594803724    0.763090635599879
241.999999999925    0.000436952577238617    0.763463873136399    0.762796969527658
242.499999999924    0.000434793777163681    0.762823165269926    0.762160112030677
242.999999999924    0.000441075004084372    0.762239371118452    0.761567258103245
243.499999999924    0.000455146517767451    0.762058130855443    0.761364750236027
243.999999999923    0.000468840492539699    0.76251804319116    0.761803379584517
244.499999999923    0.000470045637381577    0.763322242406828    0.762604986969698
244.999999999922    0.000456906054654784    0.763745690238129    0.763048088916224
245.499999999922    0.00044532660575401    0.763528517260001    0.762848780838739
245.999999999921    0.000441336219633634    0.762935174777825    0.762262050000446
246.499999999921    0.000445948851654338    0.762340197218992    0.761660570826562
246.99999999992    0.000459675811449946    0.762085007213518    0.76138470503732
247.49999999992    0.000473187512428277    0.762434171235635    0.761712963844212
247.999999999919    0.000475770689652005    0.76320247013014    0.762476596748303
248.499999999919    0.000466071184743103    0.763702978659333    0.762991430387368
248.999999999919    0.000453440519842336    0.763580360597895    0.762888197901206
249.499999999918    0.000447389155899149    0.763044061821498    0.762361611864744
249.999999999918    0.00045111388065016    0.76245049512837    0.761762901308164
250.499999999917    0.000463898582866162    0.762131625347437    0.761424849657766
250.999999999917    0.000477871324794667    0.762369067949633    0.761640787341085
251.499999999916    0.000482489915480921    0.763074719818328    0.762338723215125
251.999999999916    0.000473636679955719    0.763636714843497    0.762913684580529
252.499999999915    0.00046050698437878    0.763622539920784    0.762919556623377
252.999999999915    0.00045406991201513    0.763149678319403    0.762456946253614
253.499999999914    0.000456232368218455    0.762560956709182    0.761865464033072
253.999999999914    0.00046711164269986    0.762191862864583    0.761480137933355
254.499999999914    0.000482077715609655    0.762319303325224    0.761584663182242
254.999999999913    0.000488181613620283    0.762951075056079    0.762206521159733
255.499999999913    0.000481954072701175    0.763562613274101    0.762826963600998
255.999999999912    0.000469192086300725    0.763649012899924    0.762932752816359
256.499999999912    0.000460606192385731    0.763244331503953    0.762541545080943
256.999999999911    0.000461301478552413    0.762671865772246    0.761968546895621
257.499999999911    0.000471281981060604    0.762258363326393    0.76154022450918
257.99999999991    0.000484836027598615    0.762286891155319    0.761548081060674
258.49999999991    0.000493854963403626    0.762833320659134    0.762080234531142
258.999999999909    0.000489299563057485    0.763482853802992    0.762736075547731
259.499999999909    0.000476642569423699    0.763660241945121    0.762932602809133
259.999999999909    0.000467852274685901    0.763327870770058    0.762613955415639
260.499999999908    0.000466934596325509    0.762778680766163    0.762066677714242
260.999999999908    0.000474352673756129    0.762332909188758    0.761610022784325
261.499999999907    0.000488400924714526    0.762272223057921    0.761527997621061
261.999999999907    0.000499008370962246    0.762737052470995    0.761976207790808
262.499999999906    0.000496028819536192    0.763388537641067    0.762631587679715
262.999999999906    0.000484917825934597    0.763656228791975    0.762915966721794
263.499999999905    0.000474575102922523    0.763400943345287    0.762676704888309
263.999999999905    0.000472105097265311    0.7628858984563    0.762165913722177
264.499999999904    0.000478165604262283    0.762418125986565    0.761689350214247
264.999999999904    0.000491141610677684    0.762274754251829    0.761526352122092
265.499999999904    0.000503086683124533    0.762641885225726    0.761874921122253
265.999999999903    0.000504585790962075    0.763285769397828    0.762515871569969
266.499999999903    0.000493571896245829    0.763636949117161    0.76288350152368
266.999999999902    0.000481970905939793    0.76346952110993    0.762733935447324
267.499999999902    0.000478056034956358    0.762990897893453    0.762261741664279
267.999999999901    0.00048256634263942    0.762505938322188    0.761770373877038
268.499999999901    0.000494369677748298    0.762292624370361    0.761539288078861
268.9999999999    0.000507206257834472    0.762560534095252    0.761787375296491
269.4999999999    0.000510142731229213    0.763174717334053    0.762396458287837
269.999999999899    0.000501028552040739    0.763600061282668    0.76283527359705
270.499999999899    0.000489338041288411    0.763521429841714    0.76277455515399
270.999999999899    0.000484668805341785    0.763090917584689    0.762351583190221
271.499999999898    0.000487586598139832    0.762605393839674    0.761862083928215
271.999999999898    0.00049822924509185    0.762328406181477    0.761569155849549
272.499999999897    0.000510682650377221    0.762499256095883    0.761720863325539
272.999999999897    0.000516233036053795    0.763062045423244    0.762274616247386
273.499999999896    0.000509091976183112    0.763546536809262    0.762769501561008
273.999999999896    0.000497659918139987    0.763563742071283    0.762804129961036
274.499999999895    0.000490683518148074    0.763190198602366    0.762441596225881
274.999999999895    0.000491687319761488    0.762701815275152    0.76195216224738
275.499999999894    0.000500954277908048    0.762376945921317    0.76161349638975
275.999999999894    0.000514821141870204    0.762453034926252    0.761668384996498
276.499999999894    0.000522047402961969    0.762951395934753    0.762155217987714
276.999999999893    0.000515785765714877    0.763481050706749    0.762693871405932
277.499999999893    0.000504703398807523    0.763588388551818    0.762818006056497
277.999999999892    0.000496904370431396    0.763278733859243    0.762520557522954
278.499999999892    0.000496831599992021    0.7628032529699    0.7620456598448
278.999999999891    0.000504613339565186    0.762441884005133    0.761672795406874
279.499999999891    0.000517049673493739    0.762424938411605    0.761636922723921
279.99999999989    0.000526411386216881    0.762850679063359    0.762047955059531
280.49999999989    0.000523168069471611    0.763396094001252    0.762597742751652
280.999999999889    0.000512752139739274    0.763596636981573    0.762813966678426
281.499999999889    0.000503283998954624    0.763353086825877    0.762585106549757
281.999999999889    0.000501888441926285    0.762903707690028    0.762138306729539
282.499999999888    0.000508071961182715    0.76251629622188    0.761741863389378
282.999999999888    0.000520112124882278    0.762421391122256    0.761628714183558
283.499999999887    0.000530868509045049    0.762757089551989    0.761947671808591
283.999999999887    0.00053057736074591    0.763307332173208    0.762497774526683
284.499999999886    0.000520517002284603    0.763582798937593    0.76278829683045
284.999999999886    0.000510159251082057    0.763418846158003    0.762640312960281
285.499999999885    0.000507516839645542    0.763000581652435    0.762226503222578
285.999999999885    0.000512073342918755    0.762596002487966    0.761815392049182
286.499999999884    0.00052299602195965    0.762434636593683    0.761637552901398
286.999999999884    0.00053416186759033    0.76268311876248    0.761868761282997
287.499999999884    0.000536390521080156    0.763210596027392    0.76239227710731
287.999999999883    0.000527835923040676    0.763553556297624    0.762747919549282
288.499999999883    0.000517198961368488    0.763467979734449    0.762678658278373
288.999999999882    0.000513041723118222    0.763096669164444    0.762314069810457
289.499999999882    0.000516347958401332    0.76268174079338    0.761894528949072
289.999999999881    0.000526554019666002    0.762462626988416    0.761660094043192
290.499999999881    0.000537706822392859    0.762623117298262    0.761803422747443
290.99999999988    0.000542674538269366    0.763105106054223    0.762277319850561
291.49999999988    0.000536120241535104    0.763507223665284    0.762688998977771
291.999999999879    0.000525235271136742    0.763509983656569    0.76270835995105
292.499999999879    0.000519317186641314    0.763187062893897    0.762394802011823
292.999999999879    0.000520681099058739    0.762774336970135    0.761980425984365
293.499999999878    0.00052931056873352    0.762507621601373    0.761700841952661
293.999999999878    0.000541410516644482    0.762578264077019    0.761752975113272
294.499999999877    0.000548035093697716    0.763002616837242    0.762166770489154
294.999999999877    0.000542844175135148    0.763445508263248    0.76261709406868
295.499999999876    0.000532545826057729    0.763534323356712    0.762721522176677
295.999999999876    0.000525423004381761    0.763269711352132    0.762468053631756
296.499999999875    0.000525693288194716    0.762868956998899    0.762067308239338
296.999999999875    0.000532717920869041    0.762564685983777    0.76175265481924
297.499999999874    0.000544255029560755    0.762552514624725    0.761722920052966
297.999999999874    0.000552076154822712    0.762911127825249    0.762069222537241
298.499999999874    0.000550397268887151    0.763373305161481    0.762533450250726
298.999999999873    0.000540168044734023    0.763542521808414    0.762718084600895
299.499999999873    0.000531396707839029    0.763341547497789    0.762530704006756
