#t    rhoGW_over_rho    rhoGW
0    0    0
4.99999999999994    2.66072618236777e-27    1.16943684323092e-30
9.99999999999983    3.80155438299085e-27    1.38018991996521e-31
14.9999999999997    3.59694701684963e-27    3.54003783432979e-32
20.0000000000003    1.65892077165392e-26    5.34028645992763e-32
25.0000000000011    1.36298867529973e-25    1.97492146965017e-31
30.0000000000019    1.14151475712892e-23    8.28480467212371e-30
35.0000000000016    2.1661448082278e-22    8.63681214888088e-29
40.0000000000006    1.46964991615034e-20    3.61126712169858e-27
44.9999999999996    1.46675208356145e-18    2.20782402865786e-25
49.9999999999986    2.09180593259216e-17    2.18306387880922e-24
54.9999999999976    5.00490591480838e-15    3.44502030478275e-22
59.9999999999966    3.16993020927299e-14    1.62523411072397e-21
64.9999999999963    5.99066648036913e-12    2.14631088777263e-19
69.9999999999989    5.37644231619166e-11    1.50101119182526e-18
75.0000000000015    1.59684647108317e-09    3.27657590505406e-17
80.000000000004    3.46643188703246e-09    5.69811603805199e-17
85.0000000000066    1.05989755820067e-08    1.33635272508732e-16
90.0000000000091    8.06989672518506e-08    8.30884215351502e-16
95.0000000000117    2.44631384259451e-07    2.00380973197761e-15
100.000000000014    5.96926552969442e-07    4.04568952842426e-15
105.000000000017    1.07112169344005e-06    5.94236391656431e-15
110.000000000019    2.03239474627503e-06    9.44516111498546e-15
115.000000000022    2.90915806091325e-06    1.12882953657956e-14
120.000000000024    4.07381553149113e-06    1.34308889465328e-14
125.000000000027    4.89976474079773e-06    1.36710103206517e-14
130.000000000027    5.93660625626881e-06    1.4279945508558e-14
135.000000000022    6.49818176240905e-06    1.33663603304148e-14
140.000000000018    7.25086962895784e-06    1.30199564344265e-14
145.000000000013    7.82933479091929e-06    1.2149151251554e-14
150.000000000009    8.1058654169372e-06    1.10656989972411e-14
155.000000000004    8.6918417753252e-06    1.03807216038023e-14
159.999999999999    8.71864363361808e-06    9.18960358034379e-15
164.999999999995    9.15313490326072e-06    8.55388060398301e-15
169.99999999999    9.45234626927692e-06    7.81907726347397e-15
174.999999999986    9.64040919690435e-06    7.14174264382348e-15
179.999999999981    1.00328531026138e-05    6.62264359872913e-15
184.999999999977    9.98945780357144e-06    5.92535801899489e-15
189.999999999972    1.03026367308869e-05    5.49984690567097e-15
194.999999999968    1.04056547899594e-05    4.9983644086415e-15
199.999999999963    1.04962898741743e-05    4.57501858215667e-15
204.999999999959    1.06721680650693e-05    4.20785194554257e-15
209.999999999954    1.07462434350912e-05    3.85081113550997e-15
214.999999999949    1.08557727972136e-05    3.54908864509936e-15
219.999999999945    1.11559174766824e-05    3.32111108813991e-15
224.99999999994    1.11044736650722e-05    3.0284262084443e-15
229.999999999936    1.12127047425805e-05    2.80222541337887e-15
234.999999999931    1.13751481168763e-05    2.605750686189e-15
239.999999999927    1.12635455259159e-05    2.37790537256531e-15
244.999999999922    1.15368136306358e-05    2.24174360017656e-15
249.999999999918    1.13923558918491e-05    2.04129260964799e-15
254.999999999913    1.14926147582702e-05    1.90661214140042e-15
259.999999999909    1.17513448755374e-05    1.80240796177576e-15
264.999999999904    1.16939550860298e-05    1.66244730478748e-15
269.999999999899    1.18471517217678e-05    1.5655848568925e-15
274.999999999895    1.18675858857087e-05    1.45613811176613e-15
279.99999999989    1.17887148146759e-05    1.34644628574043e-15
284.999999999886    1.19524239213366e-05    1.2736587843525e-15
289.999999999881    1.19204554500306e-05    1.18407970015463e-15
294.999999999877    1.19882382663998e-05    1.11247073157107e-15
