#t    a    aDot    H
0    1    0.827097369034955    0.827097369034955
0.5    1.49564536420933    1.13658952321656    0.759932501657847
1    2.09600561237737    1.21335014740556    0.57888687904291
1.5    2.67015321570417    1.06577131470793    0.399142381957608
2    3.1614785763609    0.908112411282406    0.287242943245787
2.49999999999999    3.58692253771874    0.800589046119153    0.22319663658762
2.99999999999998    3.96929538329967    0.739850938372789    0.186393519989876
3.49999999999997    4.3454804025506    0.78986155145912    0.181766221059358
3.99999999999996    4.77758481338307    0.939652582140749    0.196679414148458
4.49999999999995    5.26730374644245    0.992972755779604    0.188516327058272
4.99999999999994    5.7517764338526    0.936781656252963    0.162868231584846
5.49999999999993    6.20286444326373    0.869513164949261    0.140179295050297
5.99999999999992    6.62345070107648    0.815276959920199    0.123089458458217
6.49999999999991    7.02319908462463    0.793529902058736    0.112986958293116
6.9999999999999    7.431481419656    0.854309409142374    0.114958157182868
7.49999999999988    7.88191968785703    0.938421582073716    0.119060028424225
7.99999999999987    8.35466589134014    0.938857691189892    0.112375252751046
8.49999999999986    8.81368928074927    0.895575611320354    0.101611888369659
8.99999999999985    9.25065969050069    0.853315696201719    0.0922437669043183
9.49999999999984    9.66838792494795    0.820398535428389    0.0848537048571937
9.99999999999983    10.0774758513286    0.826501864489117    0.0820147700359065
10.4999999999998    10.5054293026024    0.890321842905402    0.0847487348931898
10.9999999999998    10.9629951057364    0.92840582887003    0.0846854185298545
11.4999999999998    11.4236721050179    0.908498741207151    0.0795277326638329
11.9999999999998    11.8695351460406    0.875112248466029    0.0737275923360778
12.4999999999998    12.2993347923282    0.844846953686524    0.0686904591143827
12.9999999999998    12.716419228105    0.828064632211893    0.0651177518889716
13.4999999999998    13.135159874375    0.855969716948221    0.0651662960431951
13.9999999999997    13.5767118812885    0.906930381616742    0.0668004439916472
14.4999999999997    14.0338698614608    0.913126483532582    0.0650659078747888
14.9999999999997    14.4848262074995    0.88902767257049    0.0613764818324295
15.4999999999997    14.9227373118172    0.862979137413644    0.0578298149582959
15.9999999999997    15.3483851388767    0.840971275400729    0.054792166588952
16.4999999999998    15.7672870803996    0.841021736921446    0.053339660312707
16.9999999999999    16.1965164151018    0.880251991017271    0.0543482294869602
17.4999999999999    16.6455270282096    0.908719894242586    0.0545924375180524
18    17.0983203444998    0.898072922946306    0.0525240435815789
18.5000000000001    17.5418808721112    0.876034126658535    0.0499395779189955
19.0000000000002    17.9745726375534    0.855096558905435    0.0475725668781089
19.5000000000002    18.3981198186054    0.841883604760255    0.0457592195866061
20.0000000000003    18.8215924945351    0.858486214288181    0.0456117735275292
20.5000000000004    19.2603210713608    0.894972631414338    0.0464671709312842
21.0000000000005    19.7111404420636    0.902054729016941    0.0457637005666073
21.5000000000006    20.1584605762702    0.885729008557829    0.0439383258065092
22.0000000000006    20.596582747665    0.866930978291892    0.0420910103832721
22.5000000000007    21.0257066291152    0.850375204035585    0.0404445481446048
23.0000000000008    21.4493142146149    0.848502062949192    0.0395584704694683
23.5000000000009    21.879538160303    0.87615100975224    0.0400443100458984
24.000000000001    22.3245963671905    0.899150127460593    0.0402762098212908
24.500000000001    22.7734412949158    0.892659325024881    0.0391973840696693
25.0000000000011    23.2157357796696    0.876291297239252    0.0377455750511529
25.5000000000012    23.64982883749    0.860289658200925    0.0363761473333449
26.0000000000013    24.0767593318509    0.849342751475926    0.0352764564271048
26.5000000000013    24.5029182574559    0.860297000213376    0.0351099812346474
27.0000000000014    24.9403000535868    0.8886625920564    0.0356315918472119
27.5000000000015    25.3876637463236    0.895868045721958    0.0352875339248847
28.0000000000016    25.8329111115337    0.883761402596827    0.0342106779519034
28.5000000000017    26.2710964686856    0.869068543923123    0.0330807869005021
29.0000000000017    26.702173570707    0.855773110057253    0.032048818340244
29.5000000000018    27.1285534315875    0.853074623717421    0.0314456362691322
30.0000000000019    27.5594862033941    0.873964831225357    0.0317119421158774
30.500000000002    28.0022593617648    0.893460532843214    0.0319067301427532
31.000000000002    28.4487222977543    0.889337633775307    0.0312610747318346
31.5000000000021    28.8902180183149    0.876376887214654    0.0303347273689343
32.0000000000022    29.3251361058189    0.863427943309707    0.0294432714717521
32.5000000000021    29.7541525196324    0.854028679770253    0.0287028400223044
33.000000000002    30.1820512354644    0.861613251902131    0.0285472065891175
33.5000000000019    30.618654227555    0.884744880099308    0.0288956161666665
34.0000000000018    31.0638301246344    0.891899078798904    0.0287118193481108
34.5000000000017    31.507734328323    0.882456327308566    0.0280076097542598
35.0000000000016    31.9459388913723    0.870405692238865    0.0272462078888512
35.5000000000015    32.3782680551913    0.859281617134524    0.0265388382006663
36.0000000000014    32.8064826493877    0.856177237553845    0.0260978065434219
36.5000000000013    33.2379407373091    0.872619444440006    0.0262537156358939
37.0000000000012    33.679217965251    0.889665554219158    0.0264158614115412
37.5000000000011    34.1240794206614    0.887085164423352    0.0259958709358249
38.000000000001    34.5650249071461    0.876404508176959    0.0253552401750408
38.5000000000009    35.000486193774    0.86553025301097    0.0247290922822933
39.0000000000008    35.4309202290315    0.857257664579381    0.0241951848565581
39.5000000000007    35.8600452721592    0.86261384267282    0.0240550126505984
40.0000000000006    36.2961449840984    0.88206220816106    0.0243018152078546
40.5000000000005    36.7398022434578    0.88912218649693    0.0242005163937771
41.0000000000004    37.1827619544715    0.881526781150373    0.0237079424661826
41.5000000000003    37.6209698997714    0.871320481432576    0.0231605002144793
42.0000000000002    38.0541706237167    0.861749012617528    0.0226453237186164
42.5000000000001    38.483694304451    0.858435222317566    0.0223064660977281
43    38.9155595821158    0.871715836139183    0.0224001876241757
43.4999999999999    39.3557765799642    0.886936585816472    0.0225363761788404
43.9999999999998    39.7994812076627    0.885451502833122    0.0222478151967128
44.4999999999997    40.2400238694719    0.876409523497591    0.0217795478039584
44.9999999999996    40.6758697644739    0.867037387156448    0.0213157676080897
45.4999999999995    41.1073318397796    0.859626163440064    0.0209117479769923
45.9999999999994    41.5373738109573    0.863407144693633    0.0207862718674302
46.4999999999993    41.9731245328602    0.880100792042036    0.0209681981467216
46.9999999999992    42.415659263028    0.887058905956863    0.0209134768000666
47.4999999999991    42.8579157272375    0.88082994974286    0.0205523281941372
47.999999999999    43.2961207794302    0.871985531864968    0.0201400383260028
48.4999999999989    43.7299635056782    0.863581496878087    0.0197480497957871
48.9999999999988    44.1604718251772    0.860163362860301    0.0194781289082581
49.4999999999987    44.5926652845929    0.871073467987922    0.0195340077214197
49.9999999999986    45.0320883200799    0.884866598691533    0.0196496905140633
50.4999999999985    45.4749131429821    0.884207385931878    0.0194438499124068
50.9999999999984    45.9151473417835    0.876405050866724    0.019087492943079
51.4999999999983    46.3512798309428    0.868171082876773    0.0187302505139719
51.9999999999982    46.783522883256    0.861443765822021    0.0184134009739214
52.4999999999981    47.2142810537297    0.86405904626754    0.0183007985504268
52.999999999998    47.649778185343    0.878597896215564    0.0184386565829979
53.4999999999979    48.0914441384952    0.885455828281538    0.0184119201272388
53.9999999999978    48.5331540937458    0.880286889610264    0.0181378463041969
54.4999999999977    48.9713536716047    0.872490751849839    0.0178163494866947
54.9999999999976    49.4056892908721    0.864998442922954    0.0175080735708462
55.4999999999975    49.836968051968    0.861537983576389    0.0172871267505281
55.9999999999974    50.2694350857857    0.870599529150212    0.0173186654607222
56.4999999999973    50.7082389268694    0.883231681338469    0.0174179127500809
56.9999999999972    51.1503675984094    0.883223208886594    0.0172671918180713
57.4999999999971    51.5903571098761    0.876396447001253    0.0169876018716971
57.999999999997    52.02671139623    0.869055273452045    0.0167040208794558
58.4999999999969    52.4595694461123    0.862888860420702    0.0164486454908304
58.9999999999968    52.8909075085945    0.864613869642389    0.0163471173093767
59.4999999999967    53.326214851051    0.877404261826169    0.0164535259867385
59.9999999999966    53.767183030708    0.884163608367159    0.0164442985205713
60.4999999999965    54.2084529205179    0.879849978834448    0.0162308631114139
60.9999999999964    54.6466458676963    0.872887409358002    0.0159733025787407
61.4999999999963    55.0813727159838    0.866133506259157    0.0157246172989407
61.9999999999962    55.5132766963495    0.862675614083548    0.0155399872863256
62.4999999999961    55.9459822463178    0.870245777821818    0.0155551076749411
62.999999999996    56.3842858884657    0.881890253999386    0.0156407098201769
63.4999999999959    56.8258416260317    0.88241288860555    0.0155283734187814
63.9999999999958    57.2656299575814    0.87638523427077    0.0153038608833944
64.4999999999961    57.702160856159    0.86976647204779    0.0150733778274952
64.9999999999963    58.1355240552672    0.864090562354128    0.0148633830415405
65.4999999999966    58.5673607236791    0.865134919823289    0.0147716220969047
65.9999999999969    59.0025285792624    0.87641806649643    0.0148539069019571
66.4999999999971    59.4429045465829    0.883055744597816    0.014855528196907
66.9999999999974    59.883798492996    0.879482063612126    0.01468647757398
67.4999999999976    60.3219828400019    0.873205347347778    0.0144757401238595
67.9999999999979    60.7570345997461    0.867118674299717    0.0142719057967872
68.4999999999981    61.1894997852721    0.863767739590673    0.0141162739133647
68.9999999999984    61.6224659095652    0.87003133754902    0.0141187361574567
69.4999999999986    62.0603345731592    0.880651959688935    0.0141902547858615
69.9999999999989    62.5013537594442    0.881642082330934    0.0141059677799013
70.4999999999992    62.940952874876    0.876367254861944    0.0139236413627885
70.9999999999994    63.377626585519    0.870362893894238    0.0137329676225696
71.4999999999997    63.8114739554477    0.865300463313256    0.0135602644740254
71.9999999999999    64.2438834284964    0.865927788100417    0.0134787584730023
72.5000000000002    64.6790105507899    0.87545736193684    0.0135354167369239
73.0000000000004    65.1187482228266    0.881734878566261    0.0135404150514241
73.5000000000007    65.5591992548519    0.879028370356261    0.013408162093914
74.000000000001    65.9973614543962    0.873475415453739    0.0132350051002767
74.5000000000012    66.4326997728007    0.868066929129067    0.0130668621341274
75.0000000000015    66.8657568911925    0.865070373988652    0.0129374199023327
75.5000000000017    67.2991066207085    0.869970007580301    0.0129269176258664
76.000000000002    67.7365668732659    0.879212435331111    0.0129798789031647
76.5000000000022    68.1769591764681    0.880793007606771    0.0129192181383001
77.0000000000025    68.6163194069413    0.876344956157561    0.0127716695347683
77.5000000000027    69.0531324381779    0.870902992504141    0.0126120707599159
78.000000000003    69.4873439248887    0.866223202346176    0.0124659132644717
78.5000000000033    69.9201232810054    0.866275131510879    0.0123894966264485
79.0000000000035    70.3551505701754    0.874691299258752    0.0124325126471913
79.5000000000038    70.7944365876078    0.88093407283767    0.0124435494552954
80.000000000004    71.2346157275904    0.878770162739169    0.012336279963939
80.5000000000043    71.672787485276    0.873771272393342    0.0121911160853461
81.0000000000045    72.108386311656    0.868739636300956    0.0120476921026387
81.5000000000048    72.5417957851966    0.865631133212127    0.0119328605508381
82.000000000005    72.9752343693462    0.869655511675898    0.0119171321502628
82.5000000000053    73.4123526039012    0.878422979710103    0.0119656018170357
83.0000000000056    73.8524270046165    0.880377856231584    0.0119207708119945
83.5000000000058    74.2917234453052    0.87642282345199    0.0117970452535972
84.0000000000061    74.7286857587009    0.871432185607615    0.0116612807620018
84.5000000000063    75.1632857788991    0.867157763641393    0.0115369858389671
85.0000000000066    75.5964840343825    0.866769438034754    0.0114657374493837
85.5000000000068    76.0314345812614    0.873868152629141    0.011493511301502
86.0000000000071    76.4701992184882    0.879961561809929    0.0115072481934529
86.5000000000073    76.9100608887627    0.87849921568711    0.0114224225743068
87.0000000000076    77.348255021211    0.874087164856274    0.0113006707729421
87.5000000000079    77.7841273310107    0.869529525406154    0.0111787527255512
88.0000000000081    78.2180095203389    0.866573322666242    0.0110789487993927
88.5000000000084    78.6517242209921    0.869557533081528    0.0110557974627267
89.0000000000086    79.0884639781716    0.877271810475959    0.0110922853517308
89.5000000000089    79.5280163537986    0.879664257537735    0.0110610612192859
90.0000000000091    79.9671569842266    0.876464548265798    0.0109603064723019
90.5000000000094    80.4042839374956    0.872002281781557    0.0108452216608189
91.0000000000096    80.8392697000651    0.868125300133443    0.0107389057738203
91.5000000000099    81.2728895629806    0.867303120436307    0.0106714935952192
92.0000000000102    81.707764144928    0.873090429111934    0.0106855258891101
92.5000000000104    82.1459897489556    0.878950702672916    0.0106998613731365
93.0000000000107    82.5855252010204    0.878257458160545    0.0106345204686026
93.5000000000109    83.023754160836    0.874461993496817    0.0105326722735614
94.0000000000112    83.4599313130553    0.870344928239614    0.01042829672331
94.5000000000114    83.8942850628651    0.867448677963724    0.0103397827076506
95.0000000000117    84.328233569974    0.869421513892333    0.0103099694738762
95.500000000012    84.7645538077094    0.876053068286765    0.0103351345454388
96.0000000000122    85.2035779401714    0.878940997226648    0.0103157756807329
96.5000000000125    85.642595622744    0.876586830171067    0.0102354070868244
97.0000000000127    86.0799308958577    0.872675787661816    0.0101379703559196
97.500000000013    86.5153499495904    0.869188688970449    0.0100466413125173
98.0000000000132    86.9494415389753    0.867968925047501    0.00998245543254504
98.5000000000135    87.3842449972196    0.872181912895972    0.00998099729446337
99.0000000000137    87.821845347253    0.877677095264934    0.00999383572270138
99.500000000014    88.260988590137    0.877993564089573    0.00994769691700108
100.000000000014    88.6992712239808    0.874901161375492    0.00986367925353318
100.500000000015    89.1357946001039    0.871249494766769    0.0097744065521098
101.000000000015    89.5706909022121    0.868520757965066    0.00969648385221529
101.500000000015    90.004976369114    0.869434614788048    0.00965985048673823
102.000000000015    90.4409037847052    0.87461661720731    0.00967058687614773
102.500000000016    90.8792663230762    0.877972154431233    0.00966086314242501
103.000000000016    91.3180608057356    0.876629063965093    0.00959973368061308
103.500000000016    91.7556006250319    0.87340455389695    0.00951881463308384
104.000000000016    92.1914901805733    0.870334209819892    0.00944050484611095
104.500000000017    92.6261406596834    0.868821659248904    0.00937987541164034
105.000000000017    93.0610058111911    0.871390293090664    0.00936364576650508
105.500000000017    93.497939196031    0.876160781097508    0.00937091008241925
106.000000000017    93.9365305626914    0.877431921161155    0.00934068903657853
106.500000000018    94.3747969320526    0.875308092068916    0.00927480768725908
107.000000000018    94.8116852547758    0.872229086554624    0.00919959479900383
107.500000000018    95.2471542791554    0.869807345937657    0.00913210848681505
108.000000000018    95.6818614224718    0.869665542755094    0.00908913695684901
108.500000000019    96.1174611955189    0.87321881489469    0.00908491343855221
109.000000000019    96.5550675817241    0.876723059722444    0.00908003154759729
109.500000000019    96.9935356705818    0.876562456936066    0.00903732863098347
110.000000000019    97.4312641978917    0.87416432480608    0.00897211313024301
110.50000000002    97.8676452904199    0.871456920897536    0.00890444352994811
111.00000000002    98.3028834165915    0.869701689612184    0.00884716357633713
111.50000000002    98.7378795482569    0.870829571737678    0.0088196098166365
112.00000000002    99.174179877957    0.874517391113645    0.0088179946856109
112.500000000021    99.6121196727843    0.876667935340184    0.00880081598725084
113.000000000021    100.050300131338    0.87566529519232    0.00875225055839732
113.500000000021    100.48755374117    0.873251688340275    0.00869014774296874
114.000000000021    100.923582793132    0.871017980727242    0.00863047026890243
114.500000000022    101.35875374083    0.870073187185323    0.00858409515778047
115.000000000022    101.794151710023    0.871987535420676    0.00856618499955355
115.500000000022    102.230995439905    0.875278208579015    0.00856176940088134
116.000000000022    102.669018307884    0.876291981993473    0.00853511601100192
116.500000000023    103.106875939878    0.874871146080334    0.00848509023385088
117.000000000023    103.543745775768    0.872584222513541    0.00842720355513497
117.500000000023    103.979556455367    0.870804163354168    0.00837476320384152
118.000000000023    104.414800206583    0.870647075105726    0.00833834928940311
118.500000000024    104.850612614406    0.872961449045183    0.0083257639347855
119.000000000024    105.287819382014    0.875595529492831    0.00831620917435783
119.500000000024    105.725778691573    0.875816160322607    0.00828384686460972
120.000000000024    106.163326907114    0.874201500784273    0.00823449609439186
120.500000000025    106.599905277443    0.87214862737327    0.00818151409331339
121.000000000025    107.035592691749    0.870750347347047    0.00813514762191973
121.500000000025    107.470981119707    0.871204871320946    0.00810641963294775
122.000000000026    107.907154565541    0.873683774684178    0.00809662508664814
122.500000000026    108.344572295948    0.875647453200561    0.0080820611004739
123.000000000026    108.782411183875    0.875357621335319    0.00804686724451899
123.500000000026    109.219704280514    0.873695776360024    0.00799943363805557
124.000000000027    109.656082456726    0.871893107377616    0.00795116046318444
124.500000000027    110.091720587867    0.870856452337931    0.00791028106098931
125.000000000027    110.527284450873    0.871751798291249    0.00788720905089027
125.500000000027    110.963739017067    0.87414246367778    0.00787773079224856
126.000000000028    111.401255391157    0.875573632446425    0.00785963882877329
126.500000000028    111.838957089609    0.874961106406294    0.00782340187333156
127.000000000028    112.276050238609    0.873333680648217    0.00777845033550974
127.500000000028    112.712298374197    0.871751798278635    0.00773430948399686
128.000000000029    113.147939476005    0.871055583428414    0.00769837778277118
128.500000000028    113.583678898955    0.872214710940626    0.00767904966096896
129.000000000028    114.0203443609    0.874434414764641    0.00766910869867976
129.500000000027    114.457891754711    0.875419523818278    0.00764839811739975
130.000000000027    114.895458532662    0.874636813430094    0.00761245766020815
130.500000000026    115.332395711574    0.873060656167814    0.00756995162357664
131.000000000026    115.768559838622    0.871691436211197    0.00752960421574141
131.500000000025    116.204232949341    0.871269829264155    0.00749774605580834
132.000000000025    116.64012490406    0.87257195213663    0.00748089006981389
132.500000000024    117.076935330848    0.874595090244855    0.00747025951587593
133.000000000024    117.514476557577    0.875260122098233    0.00744810467389009
133.500000000024    117.95193196049    0.87437874258584    0.007413009079654
134.000000000023    118.388758730456    0.872904417625552    0.00737320356245104
134.500000000023    118.824882844689    0.871688375581728    0.00733590772162656
135.000000000022    119.260607154178    0.871472966736665    0.00730729943048203
135.500000000022    119.696624618205    0.872835107369761    0.00729206116006892
136.000000000021    120.133524503894    0.874655936176772    0.00728069820467492
136.500000000021    120.571034874428    0.875100141518668    0.00725796326149196
137.00000000002    121.008397698698    0.874195371815934    0.00722425375793023
137.50000000002    121.445150063733    0.872802812867417    0.0071868066564155
138.000000000019    121.881257805708    0.871724915200402    0.00715224744882456
138.500000000019    122.317037400582    0.871646208437331    0.00712612263149194
139.000000000019    122.753153662288    0.873024166425194    0.00711203044792652
139.500000000018    123.190110273087    0.874665754674253    0.00710012965111645
140.000000000018    123.627582820806    0.87496174881984    0.00707739914391165
140.500000000017    124.06487110402    0.87405848184963    0.00704517301369534
141.000000000017    124.501573862947    0.872752467206572    0.00700997136122401
141.500000000016    124.937681681466    0.871778930193239    0.00697771015485846
142.000000000016    125.373519837315    0.871807458645291    0.00695368096689439
142.500000000015    125.809718622849    0.873158863686424    0.0069403133020587
143.000000000015    126.246701199985    0.874633011266903    0.00692796724946825
143.500000000014    126.684128911587    0.874838976837798    0.00690567148666546
144.000000000014    127.121356650578    0.873954133862674    0.00687495914840602
144.500000000014    127.558029065777    0.872740444481662    0.0068419091363635
145.000000000013    127.99415544569    0.871857599352844    0.00681169852105308
145.500000000013    128.430048098304    0.871934149840083    0.00678917560766371
146.000000000012    128.86630000937    0.873228724112    0.00677623803933618
146.500000000012    129.303286296272    0.874583067889165    0.00676381160093051
147.000000000011    129.74067353631    0.874745746918797    0.00674226303190871
147.500000000011    130.177860736604    0.873898507103098    0.00671311160099108
148.00000000001    130.61452383702    0.872759237798699    0.00668194632694693
148.50000000001    131.05067409597    0.8719346767455    0.00665341619003786
149.000000000009    131.486613443757    0.872031386404336    0.00663209252687416
149.500000000009    131.92289883345    0.873249971307693    0.00661939647346708
150.000000000009    132.359875687754    0.874529333660537    0.00660720878677471
150.500000000008    132.797228829643    0.874670210452214    0.00658650950897684
151.000000000008    133.234388033094    0.873865750639919    0.00655886039288041
151.500000000007    133.671051227326    0.872791139230211    0.00652939534189725
152.000000000007    134.107231671064    0.872016414346214    0.00650238173945075
152.500000000006    134.543212492181    0.872104267283172    0.00648196405548036
153.000000000006    134.979521027254    0.873260060818351    0.00646957445227581
153.500000000005    135.416483750258    0.874469196059992    0.00645762740134894
154.000000000005    135.85380177544    0.874607414737988    0.00643785748582636
154.500000000004    136.290940541434    0.873853168959936    0.00641167465341746
155.000000000004    136.727610849637    0.872834987648104    0.0063837507451804
155.500000000004    137.163824106454    0.872099212405118    0.0063580847070017
156.000000000003    137.59984592818    0.872172863967587    0.00633847267839833
156.500000000003    138.036170452561    0.873255953557208    0.00632628354361162
157.000000000002    138.47311078137    0.874395793325686    0.00631455297271566
157.500000000002    138.910393184861    0.874548261388388    0.00629577270164763
158.000000000001    139.347516022498    0.873852025161323    0.00627102692681106
158.500000000001    139.784201088628    0.872890728932759    0.00624455927161122
159    140.220451000188    0.872182233732598    0.00622007865123347
159.5    140.656509704281    0.872223380732456    0.00620108790248129
159.999999999999    141.092840504402    0.87321938999584    0.00618897023317492
160.499999999999    141.529748199209    0.874314788883627    0.006177604355326
160.999999999999    141.966997585276    0.874507511032006    0.00615993523781265
161.499999999998    142.404115779907    0.873875125261116    0.00613658615465675
161.999999999998    142.840825026624    0.872958668507028    0.00611140875407517
162.499999999997    143.277115433242    0.872271336736713    0.00608800180056064
162.999999999997    143.713208094948    0.872261123185697    0.00606945690481988
163.499999999996    144.149534322807    0.873165763588242    0.00605736097372943
163.999999999996    144.586403608966    0.874234956383947    0.00604645343242864
164.499999999995    145.023623096501    0.874471600833711    0.0060298562548794
164.999999999995    145.460740228387    0.873905325451068    0.00600784324401864
165.499999999994    145.897477738028    0.873038367580027    0.00598391679633864
165.999999999994    146.333811410773    0.872358572651533    0.00596142862843051
166.499999999994    146.769937831836    0.872294208261734    0.00594327572217944
166.999999999993    147.206256478958    0.873103041363034    0.00593115443763656
167.499999999993    147.643083490295    0.874146436337922    0.00592067312381337
167.999999999992    148.080268891948    0.874436278095309    0.00590515052841625
168.499999999992    148.517387117575    0.873943296936349    0.00588445106595152
168.999999999991    148.954156785205    0.873121087997914    0.00586167655097384
169.499999999991    149.390535796558    0.872452487276743    0.00584007870796354
169.99999999999    149.826698802323    0.872331285599924    0.00582226861148995
170.49999999999    150.263009990878    0.873039200133167    0.00581007395090891
170.999999999989    150.699790857361    0.874041825466252    0.0057998874483744
171.499999999989    151.136937764552    0.874396790944794    0.00578546054907485
171.999999999989    151.574056010555    0.873980045165343    0.00576602664181846
172.499999999988    152.010859070816    0.873212386701849    0.00574440794584981
172.999999999988    152.447287698177    0.87254926889638    0.00572361294235618
173.499999999987    152.883487687838    0.872370470078342    0.00570611308828571
173.999999999987    153.319792454794    0.872973148306488    0.00569380596157461
174.499999999986    153.75652410825    0.873934323509887    0.00568388449581892
174.999999999986    154.193630097464    0.874350949769644    0.00567047386598901
175.499999999985    154.630747855852    0.874018710431882    0.00565229569507514
175.999999999985    155.067586924076    0.873310430657735    0.00563180512433799
176.499999999984    155.504066036457    0.872648253569579    0.0056117391384801
176.999999999984    155.940304309689    0.872411236112461    0.00559452054409166
177.499999999984    156.376602510617    0.872902491287564    0.00558205305188352
177.999999999983    156.813281523495    0.873814913414705    0.00557232719655691
178.499999999983    157.250342622164    0.874305319387845    0.00555995812033679
178.999999999982    157.687461586992    0.874064146471127    0.00554301615153422
179.499999999982    158.124338439052    0.873408428310805    0.00552355467180315
179.999999999981    158.560871049221    0.872755915643981    0.0055042326008228
180.499999999981    158.997151783595    0.872456496637317    0.00548724607233708
180.99999999998    159.433444158578    0.872831300854986    0.00547458097930092
181.49999999998    159.870068875015    0.873690394273909    0.00546500292657628
181.999999999979    160.307081653582    0.874250368467871    0.00545359792873714
182.499999999979    160.744197559353    0.87410706608981    0.00543787632376003
182.999999999979    161.181112841261    0.873512228422987    0.00541944532473394
183.499999999978    161.617702223454    0.872869736859234    0.00540083001336323
183.999999999978    162.054028507237    0.872511749059083    0.00538407935363432
184.499999999977    162.490319226739    0.872767106203625    0.00537119448319727
184.999999999977    162.926889878242    0.873558694881858    0.00536166065365074
185.499999999976    163.363847018726    0.874178198135546    0.00535111173058592
185.999999999976    163.800953505193    0.874138895543075    0.0053365922287831
186.499999999975    164.237905900748    0.873618468087465    0.00531922556669352
186.999999999975    164.674554414414    0.872989856822694    0.00530130389559614
187.499999999974    165.1109334708    0.872585931942852    0.00528484645807644
187.999999999974    165.547231733373    0.872715529984626    0.00527170113838087
188.499999999974    165.983747658341    0.873413599672071    0.00526204289271681
188.999999999973    166.420640651558    0.874086838771294    0.00525227420919145
189.499999999973    166.85773030872    0.874164029850408    0.00523897830944381
189.999999999972    167.294717044076    0.873723617586894    0.00522266113972205
190.499999999972    167.731426105435    0.873114717310884    0.00520543309971054
190.999999999971    168.167860091485    0.872669780350459    0.00518927802182724
191.499999999971    168.604172347311    0.87268090494719    0.005175915238619
191.99999999997    169.04064238354    0.873276332048025    0.00516607319834144
192.49999999997    169.477468157289    0.873978931460092    0.00515690339820846
192.999999999969    169.914532442322    0.874170903560641    0.00514476831966908
193.499999999969    170.351546934041    0.87381980877359    0.00512950909164286
193.999999999969    170.788313879976    0.87324036896463    0.0051129983611075
194.499999999968    171.224806257752    0.872766533872128    0.00509719679611326
194.999999999968    171.661141825407    0.872667440394656    0.00508366326307107
195.499999999967    172.097572621995    0.873143837874133    0.00507353953092619
195.999999999967    172.534326788892    0.873853318187989    0.00506480846131687
196.499999999966    172.97135592688    0.874162117477956    0.00505379698733176
196.999999999966    173.40839283514    0.873910674919111    0.00503961002481546
197.499999999965    173.845219187679    0.873375128821672    0.00502386624666854
197.999999999965    174.281774132293    0.872874087672693    0.00500840717291596
198.499999999964    174.718142152304    0.872675023406824    0.00499475905968657
198.999999999964    175.15454243907    0.873018328902076    0.00498427455403145
199.499999999964    175.591221883073    0.873707926667015    0.00497580640590803
199.999999999963    176.028202631338    0.874125297755417    0.0049658252750903
200.499999999963    176.465252181175    0.873991071218605    0.00495276583018899
200.999999999962    176.902136068246    0.873513414747517    0.00493783418426633
201.499999999962    177.338759660307    0.872999979652625    0.00492278158099707
201.999999999961    177.775173688219    0.872713635220641    0.0049090861064279
202.499999999961    178.211556924066    0.872914184283384    0.00489819066366904
202.99999999996    178.648161714996    0.873540436979408    0.00488972530471933
203.49999999996    179.085078037811    0.874056438473081    0.00488067709521023
203.999999999959    179.522127670573    0.874051715981401    0.00486876869900574
204.499999999959    179.959062885718    0.873646985053785    0.0048546984577742
204.999999999959    180.395757937743    0.873139595153042    0.00484013374335761
205.499999999958    180.832228958426    0.872790142585063    0.0048265187439885
205.999999999958    181.268616082503    0.872846517969936    0.00481521035926409
206.499999999957    181.705157204309    0.873374464451478    0.00480654747443111
206.999999999957    182.141997882693    0.873945051301792    0.00479815232873775
207.499999999956    182.579025654195    0.874078472404601    0.00478739805556915
207.999999999956    183.016000732149    0.873768616406634    0.00477427445092862
208.499999999955    183.452764842956    0.873280351052141    0.00476024633261706
208.999999999955    183.889297957346    0.872887869932426    0.00474681169392955
209.499999999954    184.325705362689    0.872815492417248    0.00473518053653911
209.999999999954    184.762196135059    0.873218248128491    0.00472617378660176
210.499999999954    185.198955860861    0.873807060034351    0.00471820727051418
210.999999999953    185.635946668169    0.874072991130874    0.00470853305525633
211.499999999953    186.072949244537    0.873874684164422    0.00469640905737446
211.999999999952    186.509779688817    0.873429002241639    0.0046830198593281
212.499999999952    186.946381354643    0.87300175548439    0.00466979755991254
212.999999999951    187.382822402038    0.872820856397932    0.00465795554367976
213.499999999951    187.819279235067    0.873080646404286    0.00464851451863776
213.99999999995    188.255957606283    0.873648480048849    0.00464074811314068
214.49999999995    188.692895646575    0.874033663111391    0.00463204330039256
214.999999999949    189.129911922291    0.873958079447934    0.00462094055120705
215.499999999949    189.56680172278    0.87357072473369    0.00460824741882384
215.999999999949    190.003474685239    0.873132094055531    0.00459534803509234
216.499999999948    190.43996312269    0.872866060061327    0.00458341855222365
216.999999999948    190.876405804109    0.872982998109084    0.00457355111246698
217.499999999947    191.313010619899    0.873478093985102    0.0045657014708766
217.999999999947    191.749880305361    0.873950974154345    0.00455776542213525
218.499999999946    192.186890275975    0.874011654631321    0.00454771734625741
218.999999999946    192.623830036283    0.873705203548016    0.00453581056603144
219.499999999945    193.060574262017    0.87327066175363    0.00452329878895133
219.999999999945    193.497119772306    0.872944903310333    0.00451141032144332
220.499999999944    193.933569258487    0.872923962427342    0.00450114936658466
220.999999999944    194.370113875075    0.873314611127993    0.00449304985070537
221.499999999944    194.806905919508    0.873832056138979    0.00448563182097885
221.999999999943    195.243890044498    0.874029001621934    0.00447660104202357
222.499999999943    195.680866350217    0.873822016531215    0.00446554654437856
222.999999999942    196.117678184846    0.873413962382094    0.00445351979722542
223.499999999942    196.554286833299    0.873046855399061    0.00444175942160706
223.999999999941    196.990762477412    0.872912704750654    0.00443123674314803
224.499999999941    197.427268320653    0.873176495172032    0.00442277554969688
224.99999999994    197.863983642806    0.873690920197972    0.00441561371661859
225.49999999994    198.300922645084    0.874001674004391    0.00440745137413539
225.999999999939    198.737915379572    0.873907101613663    0.00439728423207307
226.499999999939    199.174786251979    0.873550991742623    0.00438585128258895
226.999999999939    199.611460910302    0.873163574850304    0.00437431583771971
227.499999999938    200.047978078689    0.872945539444699    0.00436368089209742
227.999999999938    200.484466741222    0.873075309864008    0.00435482770338982
228.499999999937    200.921110259109    0.87353199692184    0.00434763672067772
228.999999999937    201.357988736484    0.873935090878962    0.00434020570210737
229.499999999936    201.7949803624    0.873963625931679    0.0043309482939672
229.999999999936    202.231899447072    0.873678722969223    0.00432018254962729
230.499999999935    202.668641608164    0.873291211518742    0.0043089606985532
230.999999999935    203.105210007729    0.873012324185596    0.00429832560254055
231.499999999934    203.541700670602    0.873015603905446    0.00428912405187316
231.999999999934    203.978286115321    0.873376489810485    0.0042817130511466
232.499999999934    204.415093923156    0.873831379849614    0.00427478892619399
232.999999999933    204.85206560593    0.873986508736497    0.00426642761034085
233.499999999933    205.289020142134    0.873787877580385    0.00425637901615687
233.999999999932    205.725825645659    0.873424987258664    0.0042455777465832
234.499999999932    206.162452465049    0.873105286288753    0.00423503540945106
234.999999999931    206.598965680065    0.872999004029828    0.0042255729652671
235.499999999931    207.035511816628    0.873244134454741    0.00421784710648179
235.99999999993    207.472246705165    0.873699690775712    0.004211164166055
236.49999999993    207.90917738716    0.873965718638878    0.00420359375003161
236.999999999929    208.346150621102    0.873872869852679    0.00419433172750046
237.499999999929    208.783013396957    0.87355727943924    0.00418404383204469
237.999999999929    209.219703033021    0.873214944428487    0.00417367452381227
238.499999999928    209.656253858625    0.873025244434174    0.00416407919328211
238.999999999928    210.092781620955    0.873143217745535    0.00415598865895756
239.499999999927    210.529446909093    0.873546698559112    0.00414928510659277
239.999999999927    210.966319663756    0.873902774458628    0.00414238052714518
240.499999999926    211.403293696345    0.873931505901823    0.00413395406770303
240.999999999926    211.840204847436    0.873681647855346    0.00412424850365189
241.499999999925    212.276959463091    0.873339170527155    0.00411414961254428
241.999999999925    212.713560333123    0.873090092097646    0.00410453424187123
242.499999999924    213.150089442773    0.873082258014789    0.00409609144569088
242.999999999924    213.586697744764    0.873393515441446    0.00408917561188737
243.499999999924    214.023501151248    0.873801145056654    0.00408273456118797
243.999999999923    214.460454766228    0.873954024139346    0.00407512902596424
244.499999999923    214.897400737716    0.873788545366244    0.00406607312311195
244.999999999922    215.334218401386    0.873471640106169    0.00405635317317755
245.499999999922    215.770876952287    0.873181021826426    0.00404679739063911
245.999999999921    216.207428999322    0.873069719853202    0.00403811156672113
246.499999999921    216.64399926222    0.87326407952279    0.00403087130267483
246.99999999992    217.080729523691    0.873666764708261    0.00402461686316065
247.49999999992    217.517641634186    0.873931978409172    0.00401775217790804
247.999999999919    217.954605701867    0.873872674039598    0.00400942513339194
248.499999999919    218.39147923851    0.87360041340105    0.00400015795692731
248.999999999919    218.828199624217    0.87329052019389    0.00399075860283797
249.499999999918    219.264789909897    0.873101406943658    0.0039819498940183
249.999999999918    219.701345919648    0.873173100498835    0.00397436391135348
250.499999999917    220.138011842916    0.873520229824562    0.00396805723151475
250.999999999917    220.574866385327    0.873866246093638    0.00396176708803742
251.499999999916    221.011826159894    0.873919669614405    0.00395417604930406
251.999999999916    221.448742662838    0.87371552935132    0.00394545265349092
252.499999999915    221.885524724417    0.873409409964126    0.00393630639515086
252.999999999915    222.322164174851    0.873171649253939    0.00392750606982761
253.499999999914    222.758728892996    0.873133071488577    0.00391963572349165
253.999999999914    223.195346219358    0.873381105668489    0.00391307937402119
254.499999999914    223.632132271805    0.873755707894606    0.00390711164365519
254.999999999913    224.069065919003    0.873927644345719    0.00390026013078319
255.499999999913    224.506010249509    0.873810710144659    0.00389214840695594
255.999999999912    224.94285089698    0.87353809463824    0.00388337789422925
256.499999999912    225.379548760199    0.873266903914258    0.00387465015667151
256.999999999911    225.816140824563    0.873134425763972    0.00386657225907651
257.499999999911    226.252728704394    0.873265352817663    0.00385968981597835
257.99999999991    226.689444989918    0.873615912010538    0.00385380056865635
258.49999999991    227.126330821543    0.873888984536484    0.00384758993541403
258.999999999909    227.563285211227    0.873882048460733    0.00384017152700878
259.499999999909    228.00017700257    0.873661849069173    0.00383184724044896
259.999999999909    228.436937672304    0.873382917331669    0.00382329988412184
260.499999999908    228.873573377211    0.873183069158327    0.00381513276641693
260.999999999908    229.310155700587    0.873193808133448    0.00380791598813264
261.499999999907    229.746811032424    0.87346360965604    0.00380185302999818
261.999999999907    230.183630619667    0.873798313858816    0.00379609232640263
262.499999999906    230.62057172188    0.873916503817162    0.00378941261524177
262.999999999906    231.057502568504    0.873774016426762    0.00378163014277239
263.499999999905    231.494325926698    0.873510198088579    0.0037733546798256
263.999999999905    231.931016458322    0.873268173228139    0.00376520651081209
264.499999999904    232.367617647144    0.873171969701052    0.00375771795804606
264.999999999904    232.804233204571    0.873333639622737    0.00375136494556487
265.499999999904    233.240982231028    0.873670329331692    0.00374578395689618
265.999999999903    233.677883682017    0.873895171032176    0.00373974274870338
266.499999999903    234.114832462567    0.873857219824328    0.00373260083794158
266.999999999902    234.551710147463    0.873636279556134    0.00372470650078346
267.499999999902    234.98846176273    0.873375473967426    0.00371667386311622
267.999999999901    235.425100786166    0.87320554650989    0.00370905881995572
268.499999999901    235.861702723396    0.873245711884328    0.00370236329934587
268.9999999999    236.298387660941    0.87352236654496    0.00369669203074866
269.4999999999    236.735229574595    0.873823081375869    0.00369114087052485
269.999999999899    237.172172090796    0.873901438085912    0.00368467105724089
270.499999999899    237.609092167525    0.873750010234231    0.00367725831643765
270.999999999899    238.045905315227    0.873496881964638    0.00366944720518476
271.499999999898    238.482595468239    0.873278998139275    0.00366181438282601
271.999999999898    238.919209194734    0.873211730452843    0.00365484103767111
272.499999999897    239.355849060729    0.873387835227082    0.00364890951549501
272.999999999897    239.792622156916    0.873706839036964    0.00364359349832383
273.499999999896    240.229532708905    0.873896144203251    0.00363775483533985
273.999999999896    240.666475635227    0.873837329669839    0.00363090591393499
274.499999999895    241.103344331637    0.873622233283323    0.00362343473793403
274.999999999895    241.540093272619    0.873380246769718    0.00361588105285676
275.499999999894    241.976740560864    0.87323245415399    0.00360874541962163
275.999999999894    242.413360921611    0.873290563377851    0.00360248527580229
276.499999999894    242.850067842777    0.873561865847367    0.00359712424051254
276.999999999893    243.286923716334    0.873835902568372    0.00359179149138012
277.499999999893    243.723865534454    0.87388947552306    0.00358557203089954
277.999999999892    244.160778606792    0.873738996728806    0.00357853952512134
278.499999999892    244.597589653966    0.873501283285958    0.00357117698715554
278.999999999891    245.034286168493    0.87330080779123    0.00356399433502429
279.499999999891    245.470914252441    0.873247385348189    0.00355743729560621
279.99999999989    245.907572715423    0.873423572916567    0.00355183682743816
280.49999999989    246.344359301672    0.873721920541746    0.00354675026056429
280.999999999889    246.781272067309    0.873890617094071    0.0035411545202495
281.499999999889    247.21821105206    0.873830786021312    0.00353465378744811
281.999999999889    247.655078570423    0.873626125055712    0.00352759220646182
282.499999999888    248.091834086949    0.873401166169209    0.00352047526829564
282.999999999888    248.528494847381    0.873265278027454    0.0035137430762767
283.499999999887    248.965131897293    0.873322431988673    0.00350781021154781
283.999999999887    249.401851424176    0.87357807059218    0.0035026928052207
284.499999999886    249.838709263179    0.87383142195711    0.00349758219826784
284.999999999886    250.275647890072    0.873884048357394    0.00349168628959549
285.499999999885    250.712560428971    0.873743349498641    0.00348504019106047
285.999999999885    251.149377465989    0.87352171673769    0.00347809628497281
286.499999999884    251.586087798558    0.873333061813918    0.00347130904357949
286.999999999884    252.022733139448    0.873280452537996    0.00346508603275402
287.499999999884    252.459404370225    0.873439962498489    0.00345972440471107
287.999999999883    252.896193427192    0.873717540125205    0.00345484654507757
288.499999999883    253.3331022577    0.873883917577946    0.00344954492638313
288.999999999882    253.770039984929    0.873834300437331    0.0034434100277922
289.499999999882    254.206913653228    0.87364642023806    0.00343675318535919
289.999999999881    254.643681858686    0.873431951954738    0.0034300161919566
290.499999999881    255.080359103234    0.873297698121943    0.00342361795785503
290.99999999988    255.51701066762    0.873344853476293    0.00341795190541092
291.49999999988    255.953736542747    0.873579618496338    0.00341303717732771
291.999999999879    256.390592025893    0.873822888356399    0.00340817064094205
292.499999999879    256.827527597523    0.873883069198465    0.00340260671187839
292.999999999879    257.264442957105    0.873755573983266    0.00339633244275794
293.499999999878    257.70126972996    0.873547446605983    0.00338976772416122
293.999999999878    258.137995061232    0.873366713452941    0.00338333267540012
294.499999999877    258.574656452424    0.873308600018409    0.00337739441289403
294.999999999877    259.011337573839    0.873449294673609    0.00337224348113567
295.499999999876    259.448126736426    0.873709960767249    0.00336757089657022
295.999999999876    259.885031219524    0.873876260738348    0.00336254941901671
296.499999999875    260.321968671097    0.873841256101595    0.00335677108068297
296.999999999875    260.75884973472    0.873669383818475    0.00335048794971788
297.499999999874    261.19563261856    0.873466206529338    0.00334410724165865
297.999999999874    261.632327524279    0.873332088939762    0.0033380129176075
298.499999999874    262.068991834285    0.873359172914189    0.0033325544040954
298.999999999873    262.505718658355    0.873570485469069    0.00332781506602529
299.499999999873    262.942567685118    0.87381033797379    0.00332319846750795
