#t    rhoGW_over_rho    rhoGW
0    0    0
4.99999999999994    2.73018764577964e-27    1.19996640130308e-30
9.99999999999983    3.8362058913847e-27    1.39277047459587e-31
14.9999999999997    3.57273020060686e-27    3.51620416501957e-32
20.0000000000003    1.52994819492797e-26    4.92510659301506e-32
25.0000000000011    1.26021807247067e-25    1.82601056990924e-31
30.0000000000019    1.02596057550866e-23    7.4461437457196e-30
35.0000000000016    2.08672642543471e-22    8.32015665535331e-29
40.0000000000006    1.33667790278776e-20    3.2845243702811e-27
44.9999999999996    1.31455952998877e-18    1.97873665725346e-25
49.9999999999986    1.91493033870044e-17    1.99847188730674e-24
54.9999999999976    4.27376286150323e-15    2.94175313303916e-22
59.9999999999966    2.90906962531243e-14    1.49149120585989e-21
64.9999999999963    5.10357283143103e-12    1.82847604342233e-19
69.9999999999989    4.93235605348902e-11    1.37706237063471e-18
75.0000000000015    1.78572037821741e-09    3.66419895722415e-17
80.000000000004    3.7591471578225e-09    6.1791169339229e-17
85.0000000000066    8.13977642380285e-09    1.02623539320557e-16
90.0000000000091    3.5068538433617e-08    3.61074054248798e-16
95.0000000000117    1.19143352711451e-07    9.75983147902022e-16
100.000000000014    3.67801466310254e-07    2.49250207522171e-15
105.000000000017    7.95700353290908e-07    4.41502054809877e-15
110.000000000019    1.55473439746162e-06    7.22411493494024e-15
115.000000000022    2.36387376788319e-06    9.1753746202149e-15
120.000000000024    3.3813308559088e-06    1.11453255659888e-14
125.000000000027    4.15126730225575e-06    1.15846621633594e-14
130.000000000027    4.97564574577716e-06    1.19669978224761e-14
135.000000000022    5.60521670207568e-06    1.1530157610645e-14
140.000000000018    6.17881444021912e-06    1.10943913225276e-14
145.000000000013    6.67706275126053e-06    1.03599917724112e-14
150.000000000009    7.03080294114779e-06    9.59903049195179e-15
155.000000000004    7.54841091676078e-06    9.01340205718615e-15
159.999999999999    7.48332319504916e-06    7.88831755686906e-15
164.999999999995    7.98412265413662e-06    7.46117541802729e-15
169.99999999999    7.86270635930719e-06    6.50392417029701e-15
174.999999999986    8.2775507174298e-06    6.13194036539434e-15
179.999999999981    8.43758056040826e-06    5.57023643384795e-15
184.999999999977    8.37324734035755e-06    4.96495714486901e-15
189.999999999972    8.86000267042507e-06    4.73081847350524e-15
194.999999999968    8.76194323800513e-06    4.20837533245218e-15
199.999999999963    8.87328793708426e-06    3.86682235513774e-15
204.999999999959    9.05997669534439e-06    3.57334779285884e-15
209.999999999954    9.00711697223764e-06    3.22593532097062e-15
214.999999999949    9.16345508869726e-06    2.99633898441124e-15
219.999999999945    9.34263067313005e-06    2.78199359194554e-15
224.99999999994    9.32387880967397e-06    2.5408882015035e-15
229.999999999936    9.47375997601765e-06    2.36875481802456e-15
234.999999999931    9.53275496435694e-06    2.18384471383229e-15
239.999999999927    9.61598908560811e-06    2.02856958027666e-15
244.999999999922    9.61137261928993e-06    1.86879779424791e-15
249.999999999918    9.55091285195391e-06    1.71096986100756e-15
254.999999999913    9.77843084008631e-06    1.62125609399385e-15
259.999999999909    9.58208351227211e-06    1.47074252290476e-15
264.999999999904    9.88899699796102e-06    1.40529561111267e-15
269.999999999899    9.82747947934794e-06    1.29796068503859e-15
274.999999999895    9.87670063623669e-06    1.21277689025871e-15
279.99999999989    9.99132711732102e-06    1.14066727978596e-15
284.999999999886    9.79940301878447e-06    1.043593788122e-15
289.999999999881    1.01887559521749e-05    1.01278028506079e-15
294.999999999877    9.91712599490692e-06    9.20008215783889e-16
