#t    rel_diff_friedmann    LHS_friedmann    RHS_friedmann
0    0    0.684090057864526    0.684090057864526
0.5    -1.90613508788996e-05    1.2918357442856    1.29188499349316
1    -7.20040502176928e-06    1.47221858020905    1.47223978150182
1.5    5.1510761273457e-06    1.13586849525423    1.13585679342433
2    2.09326096333186e-06    0.82466815152512    0.824664699041048
2.49999999999999    3.1675939729391e-06    0.640942820765954    0.640938760285583
2.99999999999998    1.75129361327774e-05    0.547379411011075    0.547360238905504
3.49999999999997    5.80476066213749e-06    0.623881270473374    0.623874027552505
3.99999999999996    -6.51587060773447e-06    0.882946975123739    0.8829584815352
4.49999999999995    1.03252560912123e-05    0.98599489372052    0.985974532631189
4.99999999999994    1.19836275252117e-05    0.877559871492031    0.877538839042814
5.49999999999993    9.65188044341634e-06    0.75605314402007    0.756038549491824
5.99999999999992    1.73376715838794e-05    0.664676521376706    0.664653473889822
6.49999999999991    2.69775198788469e-05    0.62968970546132    0.629655731444762
6.9999999999999    3.96621247829502e-06    0.72984456654915    0.729838777134858
7.49999999999988    9.91862027332117e-06    0.880635065701714    0.880617596505352
7.99999999999987    2.02935466276162e-05    0.881453764306411    0.881417989386279
8.49999999999986    1.63538793868939e-05    0.802055675591821    0.802029442577273
8.99999999999985    1.76338811754194e-05    0.728147677384218    0.728121997697808
9.49999999999984    2.94145362058947e-05    0.673053756933026    0.673014162969461
9.99999999999983    2.44044278902953e-05    0.683105332003942    0.683071991227972
10.4999999999998    7.02516826413664e-06    0.792672983954443    0.792661846710503
10.9999999999998    2.3610435719705e-05    0.861937383079854    0.861896682606455
11.4999999999998    2.36847186073635e-05    0.825369962774977    0.825330866390334
11.9999999999998    2.0323230939476e-05    0.765821447415267    0.765790320115606
12.4999999999998    2.65647536230058e-05    0.713766375153371    0.713728454104934
12.9999999999998    3.62567987256429e-05    0.68569103512014    0.685641314999136
13.4999999999998    1.59419324483011e-05    0.732684156332357    0.732660795902115
13.9999999999997    1.90124714870044e-05    0.82252271709952    0.822491441314737
14.4999999999997    3.01501582214416e-05    0.833799974928616    0.833749698042133
14.9999999999997    2.50647111172785e-05    0.790370202596103    0.790330582787554
15.4999999999997    2.54449031378793e-05    0.744732991611192    0.744695093257841
15.9999999999997    3.59090435745087e-05    0.707232686049016    0.707181895774165
16.4999999999998    3.32855612203556e-05    0.707317561974184    0.707270476617424
16.9999999999999    1.46059843872159e-05    0.774843567689895    0.774820933314388
17.4999999999999    3.12120525529071e-05    0.825771846192446    0.825720299732797
18    3.13288963339823e-05    0.806534974929384    0.806484440811324
18.5000000000001    2.7086665617311e-05    0.767435791070393    0.767394217643168
19.0000000000002    3.23297517022791e-05    0.731190125051758    0.731142848189827
19.5000000000002    4.19838707532342e-05    0.708768003963602    0.708708492813566
20.0000000000003    2.36102105355671e-05    0.736998580122593    0.736963779560959
20.5000000000004    2.45127578244491e-05    0.800976010981198    0.800936743681787
21.0000000000005    3.67809972989007e-05    0.813702734142212    0.81364287874762
21.5000000000006    3.11636477374167e-05    0.784515876600878    0.784466981371786
22.0000000000006    3.07683006132245e-05    0.75156932112214    0.751523073523492
22.5000000000007    4.03672958096547e-05    0.723137987637583    0.723079607744105
23.0000000000008    3.94091638149589e-05    0.719955750827652    0.719899007355617
23.5000000000009    1.9926177702312e-05    0.767640591890314    0.767610000214198
24.000000000001    3.62956528675893e-05    0.808470951714205    0.808412265882212
24.500000000001    3.69719339794548e-05    0.796840670554581    0.796781751251614
25.0000000000011    3.20453544695662e-05    0.767886437617359    0.767837224808229
25.5000000000012    3.64912938979356e-05    0.740098296006283    0.740044283688397
26.0000000000013    4.61580273620976e-05    0.721383109480334    0.721316517311485
26.5000000000013    2.94510059411174e-05    0.740110928573734    0.740067335834875
27.0000000000014    2.83060437368e-05    0.789721202524984    0.789676496024651
27.5000000000015    4.17169258232658e-05    0.802579555349263    0.802512595839053
28.0000000000016    3.58813271634283e-05    0.781034216720316    0.780978169642848
28.5000000000017    3.48061570442115e-05    0.755280134036768    0.755227559068785
29.0000000000017    4.37243562049613e-05    0.732347615887627    0.732283575831692
29.5000000000018    4.41622768613722e-05    0.727736313617667    0.727672039471032
30.0000000000019    2.41008220132628e-05    0.763814526221824    0.76377770999323
30.500000000002    3.99718283632725e-05    0.798271723765183    0.798207909555295
31.000000000002    4.14614112831276e-05    0.790921426856943    0.790855844138952
31.5000000000021    3.59785527928381e-05    0.768036448445086    0.767981184753579
32.0000000000022    3.97315571310819e-05    0.745507813278495    0.745448575259564
32.5000000000021    4.94183441003196e-05    0.729364985830606    0.729292901373212
33.000000000002    3.42810126816291e-05    0.742377395825444    0.742326498672408
33.5000000000019    3.11197846160833e-05    0.782773502902995    0.782724784933461
34.0000000000018    4.5607730241864e-05    0.795483966798045    0.795411409670872
34.5000000000017    3.97555403196746e-05    0.778729169611185    0.778667254474854
35.0000000000016    3.8063391978666e-05    0.757606069083367    0.75754839716501
35.5000000000015    4.63884331836503e-05    0.738364897450266    0.738296397446452
36.0000000000014    4.80644545359918e-05    0.733039461971054    0.732968999074029
36.5000000000013    2.76110720654646e-05    0.761464694825089    0.761422646272967
37.0000000000012    4.27425562453394e-05    0.791504798523755    0.791437139538934
37.5000000000011    4.52026507686521e-05    0.786920089030724    0.786848950498439
38.000000000001    3.92555131813487e-05    0.768084861963724    0.768024561200015
38.5000000000009    4.23765212389058e-05    0.749142618797273    0.749079129371541
39.0000000000008    5.20639955575711e-05    0.734890703104057    0.734814184395324
39.5000000000007    3.84645688520974e-05    0.744102641222898    0.744045400250094
40.0000000000006    3.33146638200269e-05    0.778033739432059    0.777981901294089
40.5000000000005    4.87809853323019e-05    0.790538262904131    0.790461140195438
41.0000000000004    4.30648717008205e-05    0.777089465934977    0.777022538300906
41.5000000000003    4.0799435171813e-05    0.75919938138386    0.759137434099388
42.0000000000002    4.85765860193918e-05    0.742611359763689    0.742539216218983
42.5000000000001    5.13702975125172e-05    0.736911029423988    0.736835322635425
43    3.07077553226696e-05    0.759888498835502    0.759841831328366
43.4999999999999    4.48779578839109e-05    0.786656508846018    0.786585904939231
43.9999999999998    4.84171214582284e-05    0.784024364934663    0.783948448204526
44.4999999999997    4.20796532374619e-05    0.768093652996211    0.768029013487075
44.9999999999996    4.46076297164913e-05    0.751753830042089    0.751686765120719
45.4999999999995    5.42628451968841e-05    0.738957137124335    0.738876945642275
45.9999999999994    4.21954571629529e-05    0.745471893100146    0.745408984699932
46.4999999999993    3.51015827663134e-05    0.774577407411323    0.774523031534052
46.9999999999992    5.14229911846413e-05    0.786873507008018    0.786792584390473
47.4999999999991    4.59714845093018e-05    0.775861400985407    0.775790069263879
47.999999999999    4.31654746000162e-05    0.760358768029163    0.760293128368354
48.4999999999989    5.04187938019546e-05    0.745772991387101    0.74569779322915
48.9999999999988    5.4231372086138e-05    0.739880993458805    0.7398007482877
49.4999999999987    3.3546530940207e-05    0.758768982473606    0.758718076047046
49.9999999999986    4.65471965965897e-05    0.782988913961521    0.782916025476454
50.4999999999985    5.12373392998223e-05    0.781822713999942    0.781742601073376
50.9999999999984    4.45752895426031e-05    0.768085814536546    0.768017342293563
51.4999999999983    4.65375010466488e-05    0.753721023216192    0.753650873894952
51.9999999999982    5.61239044341331e-05    0.742085322592474    0.742002029815735
52.4999999999981    4.56130911014263e-05    0.746597979968351    0.746529873791532
52.999999999998    3.66443210190885e-05    0.771934292605861    0.771877720662854
53.4999999999979    5.3646428323961e-05    0.784032076189276    0.78394795966067
53.9999999999978    4.85815472391494e-05    0.774905016234476    0.774829727722804
54.4999999999977    4.52602784004517e-05    0.76124011509171    0.761171210331282
54.9999999999976    5.19956318221062e-05    0.748222195837178    0.748144391311041
55.4999999999975    5.68202075696437e-05    0.742247490024053    0.742163145503624
55.9999999999974    3.63003430925194e-05    0.757943469244351    0.757888444025829
56.4999999999973    4.78993478391648e-05    0.780098383268209    0.780023654440053
56.9999999999972    5.37516101271312e-05    0.780083388243476    0.77999953127462
57.4999999999971    4.68301811910999e-05    0.768070747977833    0.767998813561944
57.999999999997    4.82559640962242e-05    0.755257017236277    0.755184129442533
58.4999999999969    5.78022732825834e-05    0.744576759725861    0.744490688242297
58.9999999999968    4.89795724744403e-05    0.747556459150011    0.74748323274507
59.4999999999967    3.82168211742846e-05    0.769838514687695    0.769779675374648
59.9999999999966    5.54357992517841e-05    0.781745934962264    0.781659266345375
60.4999999999965    5.10129301433321e-05    0.774136098645982    0.774057120773432
60.9999999999964    4.71831967832269e-05    0.761932466185839    0.761860568759214
61.4999999999963    5.32924789844845e-05    0.750186077342148    0.750106123051588
61.9999999999962    5.99863425046544e-05    0.744206734947383    0.744117455822718
62.4999999999961    3.91787008728728e-05    0.757326719886154    0.757267380056968
62.999999999996    4.8929307081515e-05    0.777732491075484    0.777656386975439
63.4999999999959    5.61812385554669e-05    0.778654304209132    0.778566817597804
63.9999999999958    4.89896506898153e-05    0.768051250889563    0.767976001451021
64.4999999999961    5.00306574153183e-05    0.756493303636264    0.756417611708558
64.9999999999963    6.07104636174542e-05    0.746647815627068    0.746557162460572
65.4999999999966    5.22334022284701e-05    0.748450453791385    0.748372269648007
65.9999999999969    3.88129981867355e-05    0.768111395935584    0.7680517728373
66.4999999999971    5.52688613775832e-05    0.77979556932259    0.77970937725988
66.9999999999974    5.37726021062593e-05    0.773490403248042    0.773407222537511
67.4999999999976    4.93396746351557e-05    0.762487954000095    0.762412715897192
67.9999999999979    5.33934948171925e-05    0.751883981458923    0.7518036943188
68.4999999999981    6.8260523008198e-05    0.746068627114169    0.745966779996933
68.9999999999984    3.23359722497208e-05    0.756944243253619    0.756895291780424
69.4999999999986    4.04759378025404e-05    0.775571306666099    0.775508525255295
69.9999999999989    6.38876770155655e-05    0.777309677100767    0.777210362426568
70.4999999999992    5.24547209865577e-05    0.76801998341622    0.767939415094525
70.9999999999994    5.42786834226497e-05    0.757530184730095    0.757447953711326
71.4999999999997    7.92821080145552e-05    0.748715198679633    0.748596488652706
71.9999999999999    2.84319525908366e-05    0.749787712422749    0.749745077777549
72.5000000000002    8.40637330376142e-06    0.766446711702106    0.766433825736078
73.0000000000004    6.7674733761739e-05    0.777506563834571    0.777401335856435
73.5000000000007    5.46975335870652e-05    0.772715772361293    0.772631245690869
74.000000000001    5.41292773475751e-05    0.762956389794931    0.762873797709526
74.5000000000012    5.26225374357494e-05    0.753546722352219    0.753467419444127
75.0000000000015    5.6832129415222e-05    0.748362142193119    0.748277084998871
75.5000000000017    1.96781291015115e-05    0.75685679337801    0.756827006912769
76.000000000002    7.55991821107086e-05    0.773005070886156    0.772888202619049
76.5000000000022    8.82879127811763e-05    0.775787000921899    0.775650027784823
77.0000000000025    6.23792176467505e-05    0.767977562465419    0.76788175676267
77.5000000000027    6.09664146682339e-05    0.758466926336061    0.758374449955728
78.000000000003    8.14813810418691e-05    0.750353904119205    0.75023163433716
78.5000000000033    5.69777813053819e-05    0.750452319707786    0.750366806363841
79.0000000000035    7.7550455941431e-05    0.765084403819478    0.764965747732612
79.5000000000038    0.000104332060522894    0.776027933665619    0.775866021371577
80.000000000004    6.41186467597624e-05    0.772216210782599    0.772117190214781
80.5000000000043    6.20217540073289e-05    0.763474557683925    0.763379859494858
81.0000000000045    6.38878945681967e-05    0.754684381065635    0.754587956833636
81.5000000000048    6.93447743535065e-05    0.749279950849221    0.749176040756605
82.000000000005    6.53059769713666e-05    0.756295267220081    0.756196492468053
82.5000000000053    8.59658749802769e-05    0.771667192908529    0.771534530222129
83.0000000000056    8.8787133177813e-05    0.775086405165048    0.774948781984457
83.5000000000058    6.83486373051285e-05    0.768111997696871    0.768007006056226
84.0000000000061    6.80689020921736e-05    0.759383010419661    0.759279636720621
84.5000000000063    9.35602951645841e-05    0.751913217252766    0.751772531970234
85.0000000000066    6.90637411018359e-05    0.751245765457725    0.751142004937715
85.5000000000068    0.000124106685768384    0.763675075281095    0.763485544437946
86.0000000000071    0.000129393246971888    0.77439695228168    0.774196574736979
86.5000000000073    7.35109436086241e-05    0.771781994370816    0.771668533866072
87.0000000000076    6.99600239688452e-05    0.764015753620026    0.763908859977436
87.5000000000079    7.02137830293717e-05    0.756039470224574    0.755933308895914
88.0000000000081    6.54555541648793e-05    0.750878279251322    0.750779987377313
88.5000000000084    0.000147154990946902    0.756092322578283    0.755869829801437
89.0000000000086    0.000159547702831648    0.769683335887834    0.769437772650587
89.5000000000089    8.56860445217293e-05    0.773882467380493    0.773749856888253
90.0000000000091    7.69792405265783e-05    0.768199176279352    0.768080914604719
90.5000000000094    7.69846887693598e-05    0.760356184245002    0.76023912168863
91.0000000000096    9.58847122741797e-05    0.753552150895515    0.753407656487975
91.5000000000099    0.000129248849071043    0.752130347951583    0.751935949113761
92.0000000000102    0.000174225379197468    0.762341942222721    0.762076349867726
92.5000000000104    0.000126480791971123    0.772673016812339    0.772477584940515
93.0000000000107    9.41497303337061e-05    0.77137721841292    0.771231982172675
93.5000000000109    8.15102578453816e-05    0.764644330638358    0.764519688084904
94.0000000000112    8.16421859656187e-05    0.75741125797792    0.757287594652512
94.5000000000114    8.96448345747663e-05    0.752376094132039    0.752241212962446
95.0000000000117    0.00017240067850994    0.75595319197315    0.755692583215841
95.500000000012    0.000143815881246371    0.767640329145442    0.767419563154265
96.0000000000122    0.000100025725540742    0.772591019163161    0.772436476666911
96.5000000000125    8.95022656785374e-05    0.768341422052387    0.768203897764945
97.0000000000127    8.91489755993268e-05    0.761456080951897    0.761320326995061
97.500000000013    9.90948422670329e-05    0.755363093278075    0.75521340293845
98.0000000000132    0.000158391740407223    0.753323277467848    0.753084674890511
98.5000000000135    0.000135626389475161    0.760868458853271    0.760662099157212
99.0000000000137    0.000120535271450037    0.770488355446767    0.770302635786391
99.500000000014    0.000117466411634658    0.770857410781407    0.770676332344188
100.000000000014    9.61436703471931e-05    0.765363339629978    0.765216184096809
100.500000000015    9.78084358852426e-05    0.758951408166231    0.758802958985522
101.000000000015    0.000130170578297106    0.754223256460963    0.754026926662409
101.500000000015    0.000130370869620072    0.755981475675449    0.755784385445473
102.000000000015    0.000140409326859387    0.765176337994691    0.764961492371927
102.500000000016    0.000146721812708926    0.770912822132187    0.770686635865239
103.000000000016    0.00011148749187608    0.768422119423144    0.768250799613567
103.500000000016    0.000105560805133242    0.762718374170612    0.762557364835553
104.000000000016    0.000107271186170802    0.757363464015104    0.757200994889065
104.500000000017    0.000128928835418646    0.754792308078127    0.754597704181654
105.000000000017    0.000178994037115214    0.759434129833997    0.759162310126459
105.500000000017    0.000176237716929888    0.767815064951061    0.767544476690775
106.000000000017    0.000137976468355477    0.769925660399972    0.76971322646382
106.500000000018    0.000116452281726194    0.766097344831555    0.765918938039773
107.000000000018    0.00011751764783927    0.76066693353089    0.760488170961011
107.500000000018    0.000142978985087004    0.756473967479965    0.756257678644493
108.000000000018    0.000181997369036312    0.756361023985495    0.75608576264952
108.500000000019    0.000190620358279248    0.762699675911053    0.762408959156622
109.000000000019    0.000173688714076547    0.768734273552725    0.768467278991787
109.500000000019    0.000140482895726002    0.768312225306134    0.768096386175375
110.000000000019    0.000125958501350586    0.764034373589411    0.763841924580645
110.50000000002    0.000127834877399184    0.759320020258893    0.759125909909573
111.00000000002    0.000158288287037141    0.756338072990959    0.756098671969347
111.50000000002    0.000182068814028659    0.758502245288657    0.75822609635829
112.00000000002    0.000201008413729662    0.764993085150013    0.764685606862616
112.500000000021    0.000174692599233703    0.768570400354592    0.768301920134235
113.000000000021    0.000143527267145441    0.76666328545879    0.766443242868536
113.500000000021    0.000137712917437794    0.76239839952722    0.76218844422508
114.000000000021    0.000145129731315152    0.758552706865069    0.758332561713605
114.500000000022    0.000171976329462842    0.757079373395898    0.756819018707245
115.000000000022    0.000217177107228496    0.760607535805826    0.760277234450994
115.500000000022    0.000204440617312801    0.766294855783772    0.765981596240027
116.000000000022    0.000175606647377435    0.767854891602618    0.767585258105679
116.500000000023    0.000151271535898345    0.765223497592034    0.764992019540502
117.000000000023    0.000151120365130531    0.76123115600175    0.761001115705036
117.500000000023    0.00017129579449893    0.758159539212784    0.757899844616123
118.000000000023    0.000209996976392808    0.758064299673247    0.75774598409687
118.500000000024    0.000220939201927252    0.762325986297754    0.761989205315834
119.000000000024    0.000210804389255295    0.766822390183949    0.766499159271184
119.500000000024    0.000177367963513178    0.76699665791833    0.7667246248978
120.000000000024    0.000161739361582552    0.764056609555958    0.763809493467871
120.500000000025    0.000164120486362063    0.760478242830778    0.760228663673668
121.000000000025    0.000191856090551024    0.758102542767717    0.757811705386456
121.500000000025    0.000220613678271163    0.759105206737477    0.758770342629374
122.000000000026    0.000237686157782687    0.763566364504688    0.763203472448325
122.500000000026    0.000211990966994105    0.766872614820334    0.766547543598143
123.000000000026    0.000184380463978457    0.76618559770742    0.765903110480548
123.500000000026    0.000173868825961681    0.763180739877828    0.762915399333799
124.000000000027    0.000178968532564482    0.760035009309305    0.759763013287406
124.500000000027    0.000205663211051283    0.758331815920943    0.758019958146005
125.000000000027    0.000236083851152831    0.760092175563877    0.759733369296166
125.500000000027    0.000244158948369957    0.764364957175075    0.763991795197681
126.000000000028    0.000218469520925864    0.766687311710212    0.76635238926118
126.500000000028    0.000193344267679477    0.765477302543427    0.765181358465547
127.000000000028    0.000186754183080046    0.762551127359562    0.762266361315118
127.500000000028    0.000194942790429284    0.759815382040191    0.759519198717422
128.000000000029    0.000220651648299053    0.758723603414261    0.758388850050749
128.500000000028    0.000253691109273319    0.760923755656823    0.760537774393548
129.000000000028    0.000250748685276036    0.764810816807114    0.764427362344218
129.500000000027    0.000226077756886237    0.766386770272993    0.766040322593247
130.000000000027    0.000203047477644754    0.764901609555954    0.764591049929369
130.500000000026    0.000199324881019141    0.762117609440042    0.761813851982812
131.000000000026    0.000211997710566728    0.759741506561323    0.759419447916992
131.500000000025    0.00024036337131941    0.759143895781081    0.758779042706183
132.000000000025    0.000268898195358483    0.761545925876046    0.761136479325183
132.500000000024    0.000260251757546967    0.765053120133045    0.764655010903408
133.000000000024    0.000234619767653767    0.766070395727605    0.765711009530207
133.500000000024    0.000214105189364808    0.764449135716898    0.764121860734246
134.000000000023    0.000212493113408051    0.76182605007988    0.761502353284706
134.500000000023    0.000228380839048694    0.759751200740931    0.759404254743362
135.000000000022    0.00025795871076818    0.759514118692917    0.759122373181347
135.500000000022    0.000280122644840634    0.762027685669206    0.76160088280485
136.000000000021    0.000270354291792975    0.765156956144644    0.764743341033286
136.500000000021    0.000244028023813592    0.765779485021327    0.765405832894103
137.00000000002    0.000225867670922405    0.764108271596314    0.763763174831241
137.50000000002    0.000226279726580611    0.761656995493824    0.761312378400309
138.000000000019    0.000244261191034921    0.759823044205764    0.759451944287565
138.500000000019    0.000273137862847261    0.759839411067564    0.759424442585477
139.000000000019    0.000289826980068938    0.762357674532066    0.761915898925472
139.500000000018    0.000281186865358294    0.76514832873061    0.764718150370934
140.000000000018    0.000254447822899034    0.765531860809589    0.765142384080409
140.500000000017    0.000238138945644845    0.763864040716787    0.763500315779315
141.000000000017    0.000239199340330574    0.761577096375332    0.761212846025648
141.500000000016    0.000258218443248907    0.759934926124176    0.759542569010831
142.000000000016    0.000287245729529682    0.760120484646342    0.759683927319285
142.500000000015    0.000302807322172037    0.762578574107604    0.762116885158456
143.000000000015    0.000289499275509908    0.765085837295808    0.764642981910921
143.500000000014    0.000265581737552169    0.765315196719318    0.764908797172177
144.000000000014    0.000250786711593842    0.763691032769851    0.76330808168333
144.500000000014    0.000252384960137946    0.761556408785778    0.761172095013046
145.000000000013    0.000271884000800983    0.760067253922197    0.759654066009632
145.500000000013    0.00029958478388648    0.760356895909989    0.759901449642085
146.000000000012    0.000315441333496461    0.762717464773817    0.762236431283324
146.500000000012    0.000302901381384231    0.765009253074616    0.764545948691098
147.000000000011    0.000277326904727791    0.76514035837173    0.764716088018775
147.500000000011    0.000263397918505801    0.763575624480558    0.763173481943845
148.00000000001    0.000265145041858375    0.761570625517245    0.761166879217812
148.50000000001    0.0002853882317893    0.760204067694206    0.759770284901354
149.000000000009    0.000313219721550134    0.760548076051027    0.76007178792065
149.500000000009    0.000326740332934663    0.762797470650992    0.762299160070113
150.000000000009    0.000314250375100809    0.764898363346098    0.76441777517592
150.500000000008    0.00028949962676491    0.764994812893736    0.764552009659488
151.000000000008    0.00027596468028838    0.763516279642905    0.763094988852271
151.500000000007    0.000278039284178939    0.761621046024214    0.761197642606093
152.000000000007    0.000298013919137152    0.760348315601358    0.759895261854797
152.500000000006    0.000325554527662672    0.760682621408247    0.76018749525578
153.000000000006    0.000339027364318336    0.762788216492786    0.762271179625291
153.500000000005    0.000326775175470625    0.764794221493376    0.764294553240702
154.000000000005    0.000302498081049254    0.764899497871171    0.764436876552629
154.500000000004    0.000288733867563995    0.763514872431029    0.763074094494429
155.000000000004    0.000290804927290081    0.761715956683221    0.761273063971805
155.500000000004    0.000310150190922516    0.760499763221681    0.760028171192519
156.000000000003    0.000337162880987104    0.760777094422472    0.760264255738751
156.500000000003    0.000350200331394989    0.762735823758966    0.762201790101235
157.000000000002    0.000340821413206322    0.764652334630708    0.764131292434445
157.500000000002    0.000315880648252842    0.764822905669722    0.764339872739994
158.000000000001    0.000302021113158665    0.763553886851084    0.763092807317112
158.500000000001    0.000303129496044212    0.761847662911896    0.761385925881767
159    0.000321607688495255    0.760659705891545    0.760170595173826
159.5    0.000349809657755254    0.760834962887956    0.760302854188765
159.999999999999    0.000364044595312277    0.76262105091633    0.762065996837052
160.499999999999    0.000353953192407192    0.764503992423815    0.76396298665708
160.999999999999    0.000329961697296099    0.764768630012544    0.764264107775162
161.499999999998    0.000315075983729506    0.763626120441159    0.763145071505926
161.999999999998    0.000315765935126211    0.762008787998741    0.761527707072676
162.499999999997    0.000332330356206194    0.760828471623504    0.760322946830766
162.999999999997    0.000358893792594785    0.760881787060358    0.760335831499871
163.499999999996    0.000375576819894829    0.762485679146512    0.761913150281904
163.999999999996    0.000366696214878211    0.764326292190959    0.763765946551028
164.499999999995    0.000344504935644469    0.764718000736749    0.764191283942024
164.999999999995    0.000328016712563901    0.763715425624759    0.763214567068241
165.499999999994    0.000327824598245929    0.762190629616078    0.761691063712189
165.999999999994    0.000342718778667302    0.761011199223535    0.760489752275696
166.499999999994    0.000367354411537337    0.760925248020096    0.760366394823862
166.999999999993    0.000385910375754352    0.762328551523957    0.761740397503162
167.499999999993    0.00038045860649628    0.764122113568212    0.763540901026484
167.999999999992    0.000358985527048234    0.764666989637976    0.764118177888868
168.499999999992    0.00034195226408947    0.763817100608846    0.763294901202309
168.999999999991    0.000340505368278227    0.762384287479605    0.761865272321897
169.499999999991    0.000352801786810177    0.761205254344493    0.760668334623006
169.99999999999    0.000376336894956905    0.760976285083603    0.760403733651303
170.49999999999    0.000397220869217969    0.762164579313587    0.761559324380114
170.999999999989    0.000393464846623444    0.763908822558223    0.763307916458245
171.499999999989    0.000373334559249397    0.764591904646989    0.764021220539634
171.999999999989    0.000355751108031554    0.763915520451224    0.763372186157315
172.499999999988    0.000352922694553405    0.7625799898278    0.762041916156565
172.999999999988    0.000362871964553952    0.761405774524433    0.760853389351077
173.499999999987    0.000386312517818764    0.761034441524114    0.760446674323437
173.999999999987    0.000406595184465458    0.76200835387055    0.761388947863638
174.499999999986    0.00040675738890986    0.763683649913908    0.763062634581699
174.999999999986    0.000388627505407427    0.764510369212309    0.763916380537356
175.499999999985    0.000370642270904799    0.764013561341859    0.763447419735115
175.999999999985    0.000365293794113895    0.762788135303366    0.76223105525715
176.499999999984    0.000372692683565057    0.761611173280977    0.761043690953482
176.999999999984    0.000394891688022102    0.761113049348574    0.760512172196302
177.499999999984    0.000415032467104933    0.761856611798362    0.761224483693699
177.999999999983    0.000418761382848632    0.763438273562634    0.762799144270987
178.499999999983    0.000403748355023605    0.764411449757804    0.763794439144022
178.999999999982    0.000385280880030457    0.764102202628721    0.763513641451965
179.499999999982    0.000377545820209023    0.762998588285624    0.762422671864796
179.999999999981    0.000383824540843466    0.761830960193164    0.761246365737869
180.499999999981    0.000403068222715498    0.761207518596042    0.760594128710737
180.99999999998    0.000425116912971309    0.761715347772479    0.761067986822152
181.49999999998    0.000430440170049058    0.763169821169139    0.762513105950549
181.999999999979    0.000419004530700237    0.764289419700181    0.763649206493174
182.499999999979    0.000399587748904264    0.764190638337935    0.763580159843848
182.999999999979    0.000389951544635392    0.76321258340886    0.762617583578392
183.499999999978    0.000394072291260386    0.762058058150862    0.76145768281205
183.999999999978    0.000411340887455712    0.761334759270392    0.760708680571102
184.499999999977    0.00043404562698901    0.761603970069432    0.760943115165202
184.999999999977    0.000443730256298829    0.76289309099527    0.762216353790452
185.499999999976    0.000434034131586983    0.764121275349259    0.76345825369494
185.999999999976    0.000415003007240254    0.764241640826162    0.763607578805405
186.499999999975    0.000403416797062078    0.763424039299175    0.762808331524565
186.999999999975    0.000404429479531702    0.762308027635524    0.76169167722808
187.499999999974    0.000419325827346646    0.761498537889137    0.760860173562939
187.999999999974    0.00044151343103598    0.761530401296258    0.760858246261105
188.499999999974    0.000454387495756428    0.762617260704293    0.761924527978757
188.999999999973    0.000449561826572902    0.763906524633393    0.763219986849483
189.499999999973    0.00043173352199427    0.764261850793163    0.763602220656468
189.999999999972    0.000416962405370892    0.763624085551794    0.76298754589388
190.499999999972    0.000416104090275076    0.762566320494651    0.761931970520142
190.999999999971    0.000426900283460716    0.761697744929526    0.761047684474075
191.499999999971    0.000447441875542039    0.761501274949167    0.760820124606972
191.99999999997    0.000466016375308161    0.762350375013312    0.761640170463305
192.49999999997    0.00046468265763456    0.763651613850271    0.762942232164776
192.999999999969    0.000446535929519833    0.764233842575265    0.763551631468506
193.499999999969    0.000431263822628566    0.763799656719215    0.763141142393262
193.999999999969    0.000427035410918725    0.762834716845351    0.762183480072971
194.499999999968    0.000435192695117103    0.761914482256187    0.761251611498734
194.999999999968    0.000454600058201767    0.761526631449638    0.760834565960691
195.499999999967    0.000474301661315926    0.762114643746963    0.76139204199489
195.999999999967    0.000477588217308439    0.763360581277694    0.762631785303712
196.499999999966    0.000463649567752882    0.764156881927972    0.76344860830273
196.999999999966    0.000446346639642848    0.763946067503602    0.763264402242403
197.499999999965    0.000439218924103445    0.763093798955484    0.76242376277332
197.999999999965    0.000444037862223092    0.762153313226068    0.761476763783854
198.499999999964    0.000462017070450121    0.761607865405505    0.760904438731023
198.999999999964    0.000481829772779086    0.761927706539781    0.761193821240136
199.499999999964    0.000488987674406799    0.763053481424555    0.762307598657375
199.999999999963    0.000479787908901803    0.764016074351576    0.763283294581089
200.499999999963    0.000462231808193719    0.764050963473721    0.763344952497654
200.999999999962    0.00045218904328922    0.763344916195622    0.762654875809615
201.499999999962    0.000453659448213672    0.762412058290283    0.761720621099946
201.999999999961    0.000468445546800263    0.761751086680263    0.761037743034267
202.499999999961    0.000488944185744873    0.761804399322862    0.761059803725102
202.99999999996    0.000501901068247054    0.762737108802605    0.761971855744533
203.49999999996    0.000495470740970117    0.763814497626205    0.76305797698984
203.999999999959    0.000478439265305021    0.764105358516719    0.763374552150491
204.499999999959    0.000464904645908724    0.763570926168478    0.76286128074382
204.999999999959    0.000464281111781376    0.762686479856612    0.761978606655152
205.499999999958    0.000473900233121427    0.76194336479168    0.761221536589832
205.999999999958    0.000493296767424855    0.761753912619709    0.761002741684566
206.499999999957    0.000510724406608274    0.762443046466371    0.761664647468779
206.999999999957    0.00051029942595694    0.763549206046216    0.762770326065153
207.499999999956    0.00049484218540562    0.764094221748007    0.763338383659487
207.999999999956    0.00048045421288466    0.763771141425252    0.763037579742898
208.499999999955    0.000475668984991935    0.762967099746919    0.762241605270303
208.999999999955    0.000481659174720962    0.762165949738196    0.761432094761476
209.499999999954    0.000498534340993866    0.761776343279829    0.761017178415021
209.999999999954    0.000516783451786729    0.76218687010647    0.761399505879992
210.499999999954    0.000523713231538093    0.763236093159031    0.762437077932328
210.999999999953    0.000511912423187748    0.763999994188201    0.763218192225657
211.499999999953    0.000495537444089719    0.763928941921666    0.763172206121898
211.999999999952    0.000487338517517439    0.763248785260232    0.762505226562014
212.499999999952    0.000490327428703679    0.762425884029261    0.761678573809373
212.999999999951    0.000505519667872149    0.761873058094674    0.761103163660875
213.499999999951    0.000525220639716464    0.76199931383238    0.761199298482804
213.99999999995    0.00053525650497621    0.762887120500516    0.762070876812639
214.49999999995    0.00052917168862568    0.763827462401297    0.763019498216874
214.999999999949    0.000513166262046815    0.764025711215309    0.763241968968724
215.499999999949    0.00050060436480523    0.763516628052266    0.762752571029338
215.999999999949    0.000500519437596522    0.762718236197315    0.761955107552783
216.499999999948    0.000509761084024867    0.762059758860524    0.761283217893352
216.999999999948    0.000529184167603977    0.761912095783673    0.76110613864704
217.499999999947    0.000545017388066466    0.762549024352329    0.761718272171662
217.999999999947    0.000543390533310506    0.76354934078386    0.762719980483401
218.499999999946    0.000529690801133301    0.764027739415678    0.763218770988054
218.999999999946    0.000515425545062582    0.763741521659976    0.762954623467228
219.499999999945    0.000511121760292588    0.763021058762738    0.762241463897248
219.999999999945    0.000516308029959254    0.762300521674435    0.761513764122511
220.499999999944    0.000533119740207595    0.761927315943924    0.761115351832554
220.999999999944    0.000551215442124959    0.762275630482542    0.761435737247308
221.499999999944    0.000557699345265463    0.763208936674416    0.762358128920775
221.999999999943    0.000547229280693885    0.763925599408076    0.763089971775449
222.499999999943    0.000531611790994223    0.763900694681638    0.763088928992966
222.999999999942    0.000523169265422991    0.763318239721903    0.76251996806758
223.499999999942    0.000524981448687239    0.762573809424615    0.76177355533676
223.999999999941    0.000538049286106472    0.762054965301651    0.761235360029574
224.499999999941    0.000557375484146454    0.762106329937221    0.761257244427429
224.99999999994    0.000567396687555327    0.762853526379698    0.761988336157849
225.49999999994    0.000564070709387523    0.763715928334328    0.762854834481216
225.999999999939    0.000549368959671564    0.763969063763135    0.763130122871658
226.499999999939    0.000536489173026103    0.763574369293526    0.762755509838906
226.999999999939    0.000534397643820585    0.762874871146422    0.76205994957125
227.499999999938    0.000542856302220287    0.762256880658865    0.761429737775439
227.999999999938    0.000560068435146934    0.762047308152593    0.761194188671116
228.499999999937    0.00057660600147051    0.76253313381413    0.761654278204994
228.999999999937    0.000578847163268001    0.763415672403124    0.762532381700712
229.499999999936    0.000565399237812355    0.763941486478024    0.76307811076162
229.999999999936    0.000551086139860758    0.76377933791232    0.762937985156091
230.499999999935    0.000545428424116359    0.763171481452067    0.762339424442693
230.999999999935    0.000549244151939946    0.762504253088799    0.761667110880584
231.499999999934    0.00056404761541688    0.762106404044364    0.761247160099072
231.999999999934    0.000583232073377281    0.762305677517268    0.761416993584549
232.499999999934    0.000589877201729178    0.763076035699981    0.762176324106048
232.999999999933    0.000583117210043422    0.763795182925448    0.762904937810471
233.499999999933    0.000567306573516893    0.763896251185382    0.763030015876802
233.999999999932    0.000557715643797144    0.763442174268153    0.762591081648373
234.499999999932    0.000558602512977197    0.762776258934173    0.761924557226727
234.999999999931    0.000569022413206412    0.762266069544434    0.761399069929852
235.499999999931    0.000585371081861933    0.762197197522336    0.761305383168458
235.99999999993    0.000599947917967898    0.762757901009209    0.761843219741083
236.49999999993    0.000598221516281594    0.763558806352603    0.762645797920079
236.999999999929    0.000584579846847897    0.76391389750039    0.76302128196703
237.499999999929    0.000571444467907406    0.763654496063112    0.762782222244824
237.999999999929    0.000567811642689042    0.763059499284356    0.762193442905735
238.499999999928    0.000574007180923884    0.76247362524312    0.76159879672866
238.999999999928    0.000589538206535513    0.762195719075389    0.761297561579043
239.499999999927    0.000606058651142466    0.762508476900619    0.761584786992888
239.999999999927    0.000610313764258004    0.763261683466153    0.762330593500874
240.499999999926    0.00060111715927157    0.763831905166104    0.762914151913343
240.999999999926    0.000587029706790718    0.763804590872098    0.762908365013251
241.499999999925    0.00057946825437312    0.763320498088286    0.762436370419094
241.999999999925    0.000581110764745092    0.762712964312402    0.761827037705945
242.499999999924    0.000593884908054057    0.762297156306991    0.761392260157991
242.999999999924    0.000611217136981419    0.762351529694291    0.761420174315952
243.499999999924    0.000621972903797791    0.76295615399624    0.762007667819799
243.999999999923    0.000617714614291984    0.763651297344257    0.76270844262621
244.499999999923    0.000603293504357407    0.763869459961644    0.762948340700167
244.999999999922    0.00059208694378139    0.763554546447269    0.762650900128824
245.499999999922    0.000590591982546308    0.762977766958214    0.762077081791599
245.999999999921    0.000598232937249467    0.762476983073852    0.761565250811782
246.499999999921    0.000614207407588334    0.762308111913508    0.76137225614465
246.99999999992    0.000628242539719681    0.762684402256217    0.76172670235228
247.49999999992    0.000632003263369892    0.763387047194121    0.762422730435378
247.999999999919    0.000620928299616523    0.763828737594117    0.762880760461481
248.499999999919    0.000607169506311967    0.763721775759369    0.762794921369996
248.999999999919    0.000601256565540639    0.763248347634951    0.762331082986036
249.499999999918    0.000604761577352962    0.762702431334716    0.761780482643011
249.999999999918    0.000618192282817508    0.762368927826097    0.761426928986826
250.499999999917    0.000633856459696246    0.762495782940471    0.761529769499315
250.999999999917    0.000642449547026985    0.763081353929534    0.762101500895318
251.499999999916    0.000636167104566012    0.76367968722054    0.762708649172134
251.999999999916    0.000623752771106345    0.763815331516418    0.7628630616381
252.499999999915    0.000614046869402868    0.763488224289143    0.762551164579822
252.999999999915    0.000612905688781988    0.762958807569348    0.76202413684742
253.499999999914    0.000621633730359027    0.762523590721858    0.761576158909055
253.999999999914    0.000637610883077606    0.762417602578562    0.76144597057999
254.499999999914    0.00064969372743943    0.762804183072619    0.761813648430749
254.999999999913    0.000650583290484179    0.763436941131156    0.762444228339035
255.499999999913    0.000640751643263755    0.763801323645968    0.762823136514473
255.999999999912    0.000628660355283731    0.76367650224065    0.762716919210018
256.499999999912    0.000623233786392917    0.763226778958372    0.762276034064059
256.999999999911    0.000626946972269753    0.762735756408999    0.761779965892725
257.499999999911    0.000640799856968685    0.762456555305159    0.761480016967617
257.99999999991    0.000655805606010138    0.762601992696187    0.761602410903601
258.49999999991    0.000662288978747739    0.763142413324304    0.76213224073136
258.999999999909    0.000657665185381442    0.763672678369448    0.762668856680844
259.499999999909    0.000644357796193733    0.763779344080227    0.762795683559693
259.999999999909    0.000635307562769608    0.763474254726394    0.762504788699478
260.499999999908    0.000635402300076014    0.762983657228215    0.762014669783619
260.999999999908    0.000643537812209625    0.762589267141418    0.76160838831685
261.499999999907    0.000658310099666737    0.762506498161502    0.761503227167328
261.999999999907    0.000671742045334046    0.762869877762502    0.761845662227117
262.499999999906    0.000672020941086004    0.763448043634956    0.762422626591175
262.999999999906    0.000661637281979982    0.763779874333604    0.762769852121785
263.499999999905    0.000649207649990375    0.763662063456998    0.762671156254327
263.999999999905    0.000645343855534272    0.763245508623525    0.76226103235073
264.499999999904    0.000649050161890822    0.762787671597561    0.761798138930421
264.999999999904    0.000662184283524543    0.762531156165366    0.761521952149783
265.499999999904    0.000676612422280929    0.762663247250068    0.76163189022483
265.999999999903    0.000683427362244868    0.763168150522623    0.762125722954025
266.499999999903    0.000678076421859091    0.763666387376464    0.762631440806438
266.999999999902    0.00066562323600887    0.763775264601702    0.762759167812919
267.499999999902    0.000656550141537695    0.763485875783439    0.762484000045481
267.999999999901    0.000656580161098286    0.763029523623118    0.762028200976616
268.499999999901    0.000664879376097717    0.762657859088693    0.761644381965677
268.9999999999    0.000679289262350918    0.762569041011383    0.761533734361353
269.4999999999    0.000691136212460474    0.762896127581081    0.761842325621542
269.999999999899    0.000692101482949452    0.763443792004892    0.762387761723825
270.499999999899    0.000682622044518646    0.763772919149418    0.762730893995524
270.999999999899    0.000671004812230423    0.763673697802731    0.762649527573484
271.499999999898    0.000665925308903558    0.763286417228443    0.762270510260255
271.999999999898    0.00066985488905575    0.762853884348488    0.761832565675663
272.499999999897    0.000681552557942678    0.762599532149071    0.761560736819042
272.999999999897    0.000696899065716187    0.762704372971324    0.761642057368193
273.499999999896    0.000704195734346818    0.763167835401942    0.762093752697839
273.999999999896    0.000698918460028483    0.763649157324419    0.762582445882659
274.499999999895    0.000687273331998005    0.763771941539579    0.762722822396891
274.999999999895    0.000678304918635573    0.763518423935113    0.762483329439952
275.499999999894    0.000677219288693734    0.763093629277393    0.762060765303147
275.999999999894    0.000685195047537386    0.762737055894579    0.761692524295913
276.499999999894    0.000697781733089461    0.76262862647878    0.761565071958321
276.999999999893    0.000711004044777887    0.762914228802963    0.76183012939703
277.499999999893    0.000713235689635706    0.763424160283244    0.762335933730371
277.999999999892    0.000703664398201782    0.763754521866939    0.762680423939404
278.499999999892    0.000692049454155796    0.763685650484268    0.762629365010925
278.999999999891    0.000687776093371965    0.763337457178352    0.762288168345681
279.499999999891    0.000690245678430335    0.762930912308667    0.761878419257124
279.99999999989    0.000701630909709341    0.762676133475134    0.761606649559419
280.49999999989    0.00071499440447123    0.762747610762791    0.761657669517244
280.999999999889    0.000724693347344609    0.763159859038435    0.762054546305608
281.499999999889    0.000719430417545524    0.763617314905622    0.762519365756222
281.999999999889    0.000708592391220986    0.763764055892211    0.762682427528453
282.499999999888    0.000699668253608949    0.763551648695652    0.762483930047328
282.999999999888    0.000698195876544354    0.763161919223004    0.762096989742102
283.499999999887    0.000704586645485213    0.762816607028376    0.761742423095497
283.999999999887    0.000717802876649309    0.762692042700925    0.761597902993058
284.499999999886    0.000729556081604034    0.762925560280138    0.76181317786087
284.999999999886    0.000733117879189175    0.763393876716031    0.762275381305246
285.499999999885    0.000725840995235266    0.763728046510738    0.762620160409152
285.999999999885    0.00071381222450978    0.76370041930017    0.762610919608049
286.499999999884    0.000708530849882927    0.763395307671336    0.762314295349633
286.999999999884    0.000710187211237064    0.763011962985138    0.76192896943704
287.499999999884    0.000720456952836548    0.762756364693173    0.761658089700501
287.999999999883    0.000734304437678047    0.762786976605205    0.761667562871828
288.499999999883    0.00074312502938971    0.763144993275762    0.762011611229215
288.999999999882    0.000740545253601318    0.763580465453523    0.762450370561063
289.499999999882    0.000730081737659467    0.763755138578958    0.76264074482005
289.999999999881    0.000721002810879581    0.763589895785509    0.762489588187938
290.499999999881    0.000718791202291263    0.763236143767516    0.762139717018596
290.99999999988    0.000723986563326277    0.762901184159297    0.761797322927043
291.49999999988    0.000736649479550031    0.762756095899518    0.761633155350953
291.999999999879    0.000748979133721417    0.762936225362111    0.761794234063452
292.499999999879    0.000752306067447241    0.763353507561083    0.762205820022691
292.999999999879    0.000746091184341515    0.763696506695169    0.762557781825441
293.499999999878    0.000735813220219621    0.763718400543638    0.762595318730793
293.999999999878    0.000729236574329522    0.763459781645316    0.762347107456419
294.499999999877    0.000729520360566133    0.763099998519232    0.761987416198552
294.999999999877    0.000738751658255673    0.762840719813229    0.761714452151838
295.499999999876    0.000752052819128453    0.762822942652842    0.761676438595415
295.999999999876    0.000761642794616437    0.76311521734347    0.761953659622035
296.499999999875    0.000760867124962264    0.763529594247233    0.762368588483953
296.999999999875    0.00075170680303908    0.763742373244795    0.762595015046284
297.499999999874    0.000741986654581825    0.76363558967501    0.762503215048865
297.999999999874    0.000739216626127841    0.763325797999292    0.762198105366369
298.499999999874    0.00074300295699024    0.762996867276374    0.761863891223809
298.999999999873    0.000753807336707163    0.762827135065629    0.761677951946192
299.499999999873    0.000766810038882258    0.762938338532939    0.761769177503283
