#t    a    aDot    H
0    1    0.827097369034912    0.827097369034912
0.5    1.4956453642093    1.13658952321649    0.759932501657817
1    2.09600561237731    1.21335014740547    0.578886879042887
1.5    2.67015321570406    1.06577131470785    0.399142381957595
2    3.16147857636075    0.908112411282337    0.287242943245779
2.49999999999999    3.58692253771856    0.800589046119089    0.223196636587613
2.99999999999998    3.96929538329946    0.739850938372721    0.186393519989869
3.49999999999997    4.34548040255034    0.789861551459029    0.181766221059348
3.99999999999996    4.77758481338276    0.939652582140658    0.196679414148451
4.49999999999995    5.2673037464421    0.992972755779541    0.188516327058272
4.99999999999994    5.75177643385223    0.936781656252912    0.162868231584847
5.49999999999993    6.20286444326334    0.869513164949211    0.140179295050298
5.99999999999992    6.62345070107606    0.815276959920143    0.123089458458216
6.49999999999991    7.02319908462417    0.793529902058657    0.112986958293112
6.9999999999999    7.43148141965549    0.854309409142264    0.114958157182861
7.49999999999988    7.88191968785648    0.938421582073635    0.119060028424223
7.99999999999987    8.35466589133956    0.938857691189844    0.112375252751048
8.49999999999986    8.81368928074866    0.895575611320309    0.101611888369661
8.99999999999985    9.25065969050006    0.853315696201671    0.0922437669043194
9.49999999999984    9.66838792494729    0.820398535428323    0.0848537048571927
9.99999999999983    10.0774758513279    0.826501864489006    0.0820147700359012
10.4999999999998    10.5054293026017    0.890321842905297    0.0847487348931858
10.9999999999998    10.9629951057356    0.928405828869978    0.0846854185298558
11.4999999999998    11.4236721050171    0.908498741207108    0.0795277326638348
11.9999999999998    11.8695351460398    0.875112248465985    0.0737275923360792
12.4999999999998    12.2993347923273    0.844846953686453    0.0686904591143818
12.9999999999998    12.7164192281041    0.828064632211766    0.0651177518889663
13.4999999999998    13.1351598743741    0.855969716948086    0.0651662960431897
13.9999999999997    13.5767118812875    0.906930381616694    0.0668004439916487
14.4999999999997    14.0338698614597    0.913126483532568    0.0650659078747927
14.9999999999997    14.4848262074984    0.889027672570452    0.0613764818324313
15.4999999999997    14.9227373118161    0.862979137413595    0.0578298149582968
15.9999999999997    15.3483851388756    0.840971275400582    0.0547921665889464
16.4999999999998    15.7672870803983    0.841021736921203    0.0533396603126957
16.9999999999999    16.1965164151005    0.88025199101721    0.0543482294869609
17.4999999999999    16.6455270282083    0.908719894242691    0.0545924375180629
18    17.0983203444986    0.898072922946309    0.0525240435815829
18.5000000000001    17.5418808721099    0.876034126658503    0.0499395779189973
19.0000000000002    17.9745726375521    0.855096558905217    0.0475725668781003
19.5000000000002    18.3981198186039    0.841883604759677    0.0457592195865785
20.0000000000003    18.8215924945334    0.85848621428785    0.0456117735275159
20.5000000000004    19.260321071359    0.89497263141472    0.0464671709313083
21.0000000000005    19.711140442062    0.902054729017264    0.0457637005666273
21.5000000000006    20.1584605762687    0.885729008557837    0.0439383258065128
22.0000000000006    20.5965827476635    0.866930978291831    0.0420910103832722
22.5000000000007    21.0257066291134    0.85037520403457    0.0404445481445599
23.0000000000008    21.4493142146125    0.848502062947681    0.0395584704694024
23.5000000000009    21.8795381603001    0.876151009752619    0.0400443100459211
24.000000000001    22.3245963671882    0.899150127462304    0.0402762098213717
24.500000000001    22.773441294914    0.892659325025434    0.0391973840696966
25.0000000000011    23.2157357796679    0.87629129723932    0.0377455750511585
25.5000000000012    23.6498288374882    0.860289658199448    0.0363761473332852
26.0000000000013    24.0767593318475    0.849342751471069    0.0352764564269079
26.5000000000013    24.5029182574503    0.860297000210874    0.0351099812345533
27.0000000000014    24.9403000535815    0.888662592061085    0.0356315918474073
27.5000000000015    25.3876637463206    0.895868045725656    0.0352875339250345
28.0000000000016    25.8329111115318    0.883761402597292    0.0342106779519239
28.5000000000017    26.2710964686839    0.869068543923025    0.0330807869005006
29.0000000000017    26.7021735707029    0.855773110047165    0.0320488183398711
29.5000000000018    27.1285534315767    0.853074623703146    0.0314456362686186
30.0000000000019    27.5594862033786    0.873964831229121    0.0317119421160319
30.500000000002    28.002259361755    0.89346053286116    0.0319067301434052
31.000000000002    28.4487222977511    0.889337633782672    0.031261074732097
31.5000000000021    28.8902180183129    0.876376887215806    0.0303347273689762
32.0000000000022    29.3251361058161    0.863427943297203    0.0294432714713286
32.5000000000021    29.7541525196146    0.854028679723989    0.0287028400207666
33.000000000002    30.1820512354218    0.861613251872925    0.0285472065881901
33.5000000000019    30.6186542275141    0.884744880145952    0.0288956161682284
34.0000000000018    31.0638301246187    0.891899078838165    0.0287118193493892
34.5000000000017    31.5077343283198    0.882456327313975    0.0280076097544344
35.0000000000016    31.9459388913709    0.870405692239174    0.027246207888862
35.5000000000015    32.3782680551673    0.859281617027035    0.0265388381973662
36.0000000000014    32.8064826492924    0.85617723740145    0.0260978065388523
36.5000000000013    33.2379407371591    0.872619444460825    0.0262537156366387
37.0000000000012    33.6792179651598    0.889665554403513    0.0264158614170866
37.5000000000011    34.1240794206444    0.887085164515769    0.0259958709385461
38.000000000001    34.565024907144    0.876404508190611    0.0253552401754373
38.5000000000009    35.0004861937652    0.86553025289885    0.0247290922790961
39.0000000000008    35.4309202288685    0.857257664117803    0.0241951848436419
39.5000000000007    35.86004527172    0.862613842293472    0.0240550126403144
40.0000000000006    36.2961449836579    0.882062208611863    0.0243018152205697
40.5000000000005    36.7398022432956    0.889122186933848    0.0242005164057762
41.0000000000004    37.1827619544551    0.881526781213041    0.0237079424678785
41.5000000000003    37.6209698997768    0.871320481444206    0.0231605002147851
42.0000000000002    38.0541706234968    0.861749011436323    0.0226453236877072
42.5000000000001    38.4836943034466    0.858435220564101    0.0223064660527464
43    38.9155595804528    0.871715836088414    0.0224001876238284
43.4999999999999    39.3557765789128    0.886936587753287    0.0225363762286555
43.9999999999998    39.7994812074669    0.885451504005125    0.0222478152262699
44.4999999999997    40.2400238694662    0.876409523661252    0.0217795478080286
44.9999999999996    40.6758697644218    0.867037386124105    0.0213157675827373
45.4999999999995    41.1073318380604    0.859626158636634    0.020911747861016
45.9999999999994    41.5373738060762    0.863407139587277    0.0207862717469388
46.4999999999993    41.9731245277348    0.880100796347364    0.0209681982518556
46.9999999999992    42.4156592610747    0.887058911124419    0.020913476922861
47.4999999999991    42.8579157270525    0.880829950514517    0.0205523282122309
47.999999999999    43.2961207795093    0.871985532069916    0.0201400383306996
48.4999999999989    43.7299635034616    0.863581483605345    0.0197480494932722
48.9999999999988    44.160471814022    0.860163341493426    0.0194781284293322
49.4999999999987    44.5926652653322    0.871073463968143    0.0195340076397125
49.9999999999986    45.0320883073497    0.884866619783275    0.0196496909879894
50.4999999999985    45.4749131403836    0.884207401002081    0.0194438502449138
50.9999999999984    45.9151473416817    0.876405052879545    0.0190874929869591
51.4999999999983    46.3512798305934    0.868171073245932    0.0187302503063337
51.9999999999982    46.7835228642613    0.861443713572524    0.0184133998645621
52.4999999999981    47.2142809976313    0.864058977193929    0.0183007971091899
52.999999999998    47.6497781237094    0.878597937255724    0.0184386574681353
53.4999999999979    48.0914441139281    0.885455892970548    0.0184119214817695
53.9999999999978    48.5331540913157    0.880286899756497    0.0181378465141628
54.4999999999977    48.9713536724665    0.872490754952825    0.0178163495497445
54.9999999999976    49.4056892679588    0.864998291707007    0.0175080705182669
55.4999999999975    49.8369679246132    0.861537713427834    0.0172871213740582
55.9999999999974    50.2694348566852    0.870599444903059    0.0173186638637391
56.4999999999973    50.7082387685158    0.883231921878496    0.0174179175480826
56.9999999999972    51.1503675627888    0.883223404028791    0.0172671956451653
57.4999999999971    51.5903571079509    0.876396472066401    0.0169876023581805
57.999999999997    52.026711394297    0.869055183705702    0.0167040191550713
58.4999999999969    52.459569230578    0.86288826696305    0.0164486342457437
58.9999999999968    52.890906850261    0.864612949587657    0.0163471001175203
59.4999999999967    53.3262140940967    0.877404661286998    0.0164535337111833
59.9999999999966    53.7671827136546    0.884164454643091    0.0164443143571767
60.4999999999965    54.2084528877005    0.879850120841353    0.016230865740885
60.9999999999964    54.6466458765038    0.872887453383021    0.015973303381797
61.4999999999963    55.0813724787768    0.866131785699238    0.0157245861299655
61.9999999999962    55.5132752265801    0.862672160852915    0.0155399254922697
62.4999999999961    55.9459794868206    0.870244433418485    0.0155550844118028
62.999999999996    56.3842838901804    0.881893134557943    0.0156407614624601
63.4999999999959    56.8258411291709    0.882415394229042    0.0155284176475844
63.9999999999958    57.2656299229456    0.876385531918043    0.0153038660903106
64.4999999999961    57.7021608503889    0.869765675442045    0.0150733640235274
64.9999999999963    58.1355216251483    0.864083703759183    0.014863265686867
65.4999999999966    58.5673530861571    0.865123285402206    0.0147714253729299
65.9999999999969    59.0025193553797    0.876422160055803    0.0148539786034729
66.4999999999971    59.4429004289833    0.883067106427346    0.0148557203644925
66.9999999999974    59.8837980496671    0.87948427053209    0.0146865145360796
67.4999999999976    60.3219828689563    0.873205876036089    0.0144757488813497
67.9999999999979    60.7570323823283    0.867101203755467    0.0142716187699726
68.4999999999981    61.1894844009734    0.863727787172355    0.0141156245330058
68.9999999999984    61.6224355474097    0.87001549530347    0.0141184860282602
69.4999999999986    62.0603110962652    0.880687042386795    0.0141908254539799
69.9999999999989    62.5013468977492    0.881668518420683    0.0141063922968424
70.4999999999992    62.9409522418063    0.876368409279331    0.0139236598441108
70.9999999999994    63.3776260361771    0.870359009807247    0.0137329064567744
71.4999999999997    63.8114567043267    0.865248943918986    0.0135594607709421
71.9999999999999    64.2438297472373    0.865850230054169    0.0134775624906049
72.5000000000002    64.6789406879064    0.875495924582096    0.01353602757359
73.0000000000004    65.1187117417475    0.881823665231075    0.0135417860956506
73.5000000000007    65.5591934976629    0.879071716572896    0.0134088244481567
74.000000000001    65.9973598989512    0.873468554359589    0.0132349014520726
74.5000000000012    66.4326963549373    0.868077226036244    0.0130670178039782
75.0000000000015    66.8657600977513    0.86510183059642    0.0129378897260978
75.5000000000017    67.2991223685486    0.869992439687663    0.0129272479204609
76.000000000002    67.7365848904477    0.879194216144655    0.0129796064795207
76.5000000000022    68.1769673855221    0.880773772428431    0.012918934446701
77.0000000000025    68.616319200485    0.876337710006258    0.0127715639692906
77.5000000000027    69.0531264651335    0.870886491090949    0.0126118328839271
78.000000000003    69.4873358746545    0.866231933190961    0.0124660403552314
78.5000000000033    69.9201269944183    0.866309714810378    0.012389990579959
79.0000000000035    70.3551730984341    0.874704200167373    0.0124326920345086
79.5000000000038    70.7944580784733    0.880909446383583    0.0124431978193424
80.000000000004    71.2346224655616    0.878735843904863    0.0123357970252413
80.5000000000043    71.6727843638765    0.873755020998886    0.0121908898719897
81.0000000000045    72.1083711151352    0.868708979374912    0.0120472694909145
81.5000000000048    72.5417696804211    0.865616675079387    0.0119326655372872
82.000000000005    72.9752133439929    0.869685562068691    0.0119175473728201
82.5000000000053    73.412352412746    0.878458907003683    0.0119660912384979
83.0000000000056    73.8524365521033    0.880382227576437    0.0119208284611615
83.5000000000058    74.2917260537026    0.876401241218396    0.0117967543328429
84.0000000000061    74.7286754159596    0.871398832993055    0.0116608360598207
84.5000000000063    75.1632512920602    0.867104196584624    0.0115362784562809
85.0000000000066    75.5964245721536    0.866743846186254    0.0114654079355166
85.5000000000068    76.0313857414288    0.873933457140795    0.0114943775997048
86.0000000000071    76.4701909899974    0.880032501933069    0.0115081771150301
86.5000000000073    76.9100698813447    0.878494748402731    0.0114223631542405
87.0000000000076    77.34825365105    0.874054374852362    0.0113002470462434
87.5000000000079    77.7840978502097    0.869435383922937    0.0111775466702362
88.0000000000081    78.2179163656183    0.866426547129478    0.0110770854989219
88.5000000000084    78.65157150051    0.869519564191912    0.0110553361821419
89.0000000000086    79.088353666893    0.877442034299455    0.0110944531478692
89.5000000000089    79.5279927268204    0.879797354908638    0.0110627380968957
90.0000000000091    79.9671646401235    0.876464896494674    0.0109603097776323
90.5000000000094    80.4042693313633    0.871926188517599    0.0108442772475701
91.0000000000096    80.8391957789034    0.867963151130113    0.0107369097721359
91.5000000000099    81.2727338376214    0.867150341820328    0.0106696342164747
92.0000000000102    81.7075999452896    0.873207459030532    0.0106869796642567
92.5000000000104    82.1459233538493    0.879168575010874    0.0107025222812798
93.0000000000107    82.5855344769232    0.878325540780448    0.0106353436633128
93.5000000000109    83.0237584692468    0.874383268200614    0.0105317235008639
94.0000000000112    83.4598721529548    0.870182017909759    0.0104263521553807
94.5000000000114    83.8941267748188    0.86725033272518    0.0103374379836264
95.0000000000117    84.3280264464108    0.869477917981102    0.0103106636621413
95.500000000012    84.7644589554271    0.876378160451584    0.0103389813519888
96.0000000000122    85.2036103311631    0.879085388929062    0.0103174664255693
96.5000000000125    85.6426390716109    0.876504951959685    0.0102344458491849
97.0000000000127    86.0799030371842    0.872492610379843    0.0101358456456782
97.500000000013    86.5152175710898    0.86894102518371    0.0100437940235161
98.0000000000132    86.949200828243    0.867817439437609    0.00998074083684646
98.5000000000135    87.3840406688237    0.872474325455742    0.00998436692533283
99.0000000000137    87.8218152928101    0.877996329971845    0.00999747417022163
99.500000000014    88.2610457002096    0.878011610994329    0.00994789495216965
100.000000000014    88.6992911772427    0.874733362297343    0.00986178525992292
100.500000000015    89.1357118107481    0.871029011964019    0.00977194206754502
101.000000000015    89.5704934882251    0.868320117107535    0.00969426519037415
101.500000000015    90.0047461328401    0.869555105853271    0.00966121391609587
102.000000000015    90.4408125092104    0.875007662143177    0.00967492040226935
102.500000000016    90.8793250841577    0.87812890338478    0.00966258169910042
103.000000000016    91.3181297412102    0.87651681315168    0.00959849720571011
103.500000000016    91.7555759202977    0.873148412321368    0.00951602563183535
104.000000000016    92.1913287293963    0.870067126468019    0.00943762432388707
104.500000000017    92.6258627596415    0.868720360269152    0.00937880991752194
105.000000000017    93.0607755766724    0.871712723883045    0.00936713366594333
105.500000000017    93.4979225813569    0.876556937896774    0.00937514881289518
106.000000000017    93.9366296929915    0.877485650937083    0.00934125115841313
106.500000000018    94.3748428470122    0.875101213580202    0.00927261108131113
107.000000000018    94.811597409437    0.871915745000487    0.0091962984363103
107.500000000018    95.246909967587    0.869502714560328    0.00912893357754308
108.000000000018    95.6815451862043    0.869703026805859    0.00908955875569676
108.500000000019    96.1172960140076    0.873684889368418    0.00908977806909063
109.000000000019    96.5551190995834    0.877018249971859    0.00908308392294907
109.500000000019    96.9936332198106    0.876479061162299    0.00903645973520746
110.000000000019    97.4312637395959    0.873881762006892    0.00896921304790331
110.50000000002    97.8674900256436    0.871151644565347    0.00890133837433742
111.00000000002    98.3025821553203    0.869503355427586    0.00884517310088306
111.50000000002    98.7375706962495    0.871035119387469    0.00882171916166614
112.00000000002    99.1740654391281    0.874997040522927    0.00882284130078333
112.500000000021    99.6121809722897    0.876833348352299    0.00880247114151851
113.000000000021    100.050361643477    0.875516838712292    0.00875076135988536
113.500000000021    100.487497782851    0.872943429071417    0.00868708494421672
114.000000000021    100.923370478888    0.870712576745807    0.00862746232725104
114.500000000022    101.358427445142    0.869995014319454    0.00858335154016002
115.000000000022    101.793886453481    0.872333182134688    0.00856960287623304
115.500000000022    102.230942425986    0.875665604145005    0.00856556325673095
116.000000000022    102.669082135071    0.876352041095492    0.00853569568239218
116.500000000023    103.106899958782    0.874657536700377    0.00848301652993188
117.000000000023    103.543633285322    0.8722910472934    0.00842438129334078
117.500000000023    103.979310465141    0.870553985607387    0.00837237698262328
118.000000000023    104.41450312322    0.870709126052155    0.0083389672890999
118.500000000024    104.850454041863    0.873392970195303    0.00832989211326243
119.000000000024    105.287855753208    0.875865517897902    0.00831877058975261
119.500000000024    105.725863002185    0.875741056631807    0.00828312989617034
120.000000000024    106.163318323291    0.873923078232836    0.00823187417306936
120.500000000025    106.599743529285    0.871843525164328    0.00817866437853873
121.000000000025    107.035293618455    0.870542463334306    0.00813322815217845
121.500000000025    107.470691461054    0.87143530460812    0.0081085856316828
122.000000000026    107.907062524953    0.874140950365993    0.00810086874678709
122.500000000026    108.344655519714    0.875848990339973    0.00808391504074336
123.000000000026    108.782493323193    0.875190283375445    0.00804532288826341
123.500000000026    109.219652260193    0.87335704949547    0.00799633611188288
124.000000000027    109.655863896171    0.871603344365292    0.00794853383482146
124.500000000027    110.091390144983    0.870803113260727    0.00790982030578359
125.000000000027    110.527055144731    0.872164264855075    0.007890957229549
125.500000000027    110.963754731194    0.874603017626641    0.00788188016659441
126.000000000028    111.401408561177    0.875623966684296    0.00786007984991898
126.500000000028    111.839040324571    0.874678675743568    0.00782087071925097
127.000000000028    112.275957103219    0.872943450562465    0.0077749811543351
127.500000000028    112.712028668066    0.871458417704713    0.00773172506965635
128.000000000029    113.147601322065    0.871179096815473    0.00769949240316401
128.500000000028    113.583515510139    0.872727227012178    0.00768357294711724
129.000000000028    114.020439456001    0.87484947846319    0.00767274255946703
129.500000000027    114.458080828445    0.875360667463044    0.00764787126542052
130.000000000027    114.895525552617    0.874258459728376    0.00760916019595564
130.500000000026    115.332259531902    0.872655446058027    0.00756644714670353
131.000000000026    115.76824069057    0.87139262258814    0.00752704383680867
131.500000000025    116.203873591825    0.871461130389368    0.00749941549668511
132.000000000025    116.639984088431    0.873186754160575    0.0074861700383855
132.500000000024    117.07707888934    0.87499191695508    0.00747363980427042
133.000000000024    117.514681546432    0.875119469017031    0.00744689478370631
133.500000000024    117.951984420485    0.873965276908485    0.00740950040986933
134.000000000023    118.3885817629    0.872430959771092    0.00736921539881552
134.500000000023    118.824507972959    0.871415318572051    0.00733363287959383
135.000000000022    119.260224910392    0.87174371102586    0.00730959304898895
135.500000000022    119.696495495438    0.873500623233869    0.00729762905437078
136.000000000021    120.13368723772    0.875015027953807    0.00728367744363273
136.500000000021    120.571233912124    0.874913282213612    0.00725640149665613
137.00000000002    121.008428925641    0.87375372946259    0.00722060221110308
137.50000000002    121.44494333272    0.872339576006745    0.00718300451272651
138.000000000019    121.880869582503    0.871494511924623    0.00715037983327396
138.500000000019    122.316673092522    0.871970549778589    0.00712879550867948
139.000000000019    122.753059916177    0.87369003573489    0.0071174603413674
139.500000000018    123.190278027533    0.874962517418962    0.00710252896111987
140.000000000018    123.627763132067    0.874758243236471    0.00707574270596481
140.500000000017    124.064881535657    0.873613152241545    0.00704158293167321
141.000000000017    124.501350820951    0.872310954882504    0.00700643767421449
141.500000000016    124.937289666431    0.871588097323566    0.00697620461953844
142.000000000016    125.373153016699    0.872115229891191    0.00695615615390188
142.500000000015    125.809601948221    0.873767683391909    0.00694515895338036
143.000000000015    126.246833700039    0.874921590378481    0.00693024581081601
143.500000000014    126.684278154777    0.874652799321029    0.00690419373311989
144.000000000014    127.121353310352    0.873554473481189    0.00687181540105626
144.500000000014    127.557814142168    0.872331709348596    0.00683871635160155
145.000000000013    127.993780236286    0.871682585193291    0.00681035112475077
145.500000000013    128.429708162126    0.872255593528619    0.0067916964541219
146.000000000012    128.866208778958    0.873812123336621    0.00678077000647591
146.500000000012    129.303425851314    0.874845184912831    0.00676583144764329
147.000000000011    129.740824584602    0.874562696455517    0.0067408442890328
147.500000000011    130.177855464305    0.873492341193439    0.00670999178837259
148.00000000001    130.614311981917    0.872372883511154    0.0066789991867961
148.50000000001    131.0503130387    0.871765230301334    0.00665214153318271
149.000000000009    131.486288861579    0.872351714255987    0.00663454510587295
149.500000000009    131.922819905865    0.873815631475576    0.00662368824513527
150.000000000009    132.360014537995    0.874768405243489    0.00660900807768027
150.500000000008    132.797377231681    0.874496549120464    0.00658519443192618
151.000000000008    133.234389235289    0.873479464983393    0.00655596103976466
151.500000000007    133.670854386782    0.872422337018151    0.0065266459245765
152.000000000007    134.106891545083    0.871857417388537    0.0065012126322788
152.500000000006    134.542905820204    0.872401050967191    0.00648418469668719
153.000000000006    134.979443855712    0.873789891573967    0.0064735034210692
153.500000000005    135.416612847558    0.874700772314212    0.00645933134732061
154.000000000005    135.853945190859    0.874453781659771    0.0064367198201809
154.500000000004    136.290948321065    0.873496785152307    0.00640905941232854
155.000000000004    136.727435484784    0.872497493344446    0.00638129055994429
155.500000000004    137.163516646942    0.871947894295925    0.00635699576397062
156.000000000003    137.599568703896    0.872444802577655    0.00634046175286416
156.500000000003    138.036102712289    0.873727843635736    0.00632970524716175
157.000000000002    138.473232045306    0.874615158721006    0.00631613161477194
157.500000000002    138.910533307102    0.87442098537325    0.00629485010643569
158.000000000001    139.34753521442    0.873523873108333    0.00626867114487674
158.500000000001    139.784050735801    0.872582316241798    0.00624235963723088
159    140.220180888226    0.872048043732032    0.00621913363831108
159.5    140.656264522954    0.872450163385404    0.0062027110299309
159.999999999999    141.092780705347    0.873661270276627    0.00619210469812166
160.499999999999    141.529867376759    0.874528482523555    0.00617910903707358
160.999999999999    141.967136576248    0.874395606501524    0.00615914096451399
161.499999999998    142.404150747139    0.873591389840125    0.00613459218187624
161.999999999998    142.840705269955    0.87266649227229    0.00610936840883719
162.499999999997    143.2768835734    0.872128877335134    0.00608701735816546
162.999999999997    143.712987169833    0.872441920645759    0.00607072428057422
163.499999999996    144.149472273683    0.873565178845468    0.00606013442204571
163.999999999996    144.586512744505    0.874472671052487    0.00604809296837906
164.499999999995    145.023770119712    0.874397394582433    0.00602933845852064
164.999999999995    145.460798410251    0.873645723401212    0.00600605615361206
165.499999999994    145.897395413361    0.872768252147826    0.00598206876603294
165.999999999994    146.333621597996    0.872210088534317    0.00596042166529869
166.499999999994    146.769741405645    0.872431733110313    0.00594422068714468
166.999999999993    147.206202255246    0.873501790168281    0.00593386539959563
167.499999999993    147.643208255243    0.874404256903707    0.00592241436119465
167.999999999992    148.08044887487    0.874395906302566    0.00590487071687257
168.499999999992    148.517488000763    0.873689477556242    0.0058827380486785
168.999999999991    148.954114593863    0.872836958636748    0.00585977071540869
169.499999999991    149.390368865916    0.872254858597557    0.00583876233266713
169.99999999999    149.826500393794    0.872422985382063    0.00582288836146504
170.49999999999    150.262948411187    0.873452946969049    0.00581282981736047
170.999999999989    150.699932793493    0.874370213078417    0.00580206106844509
171.499999999989    151.137161307923    0.874386014510021    0.00578538068958811
171.999999999989    151.574206382704    0.873731138251648    0.005764378775935
172.499999999988    152.010857244567    0.872889782704535    0.00574228577173379
172.999999999988    152.44713976008    0.872310239208278    0.00572205054539633
173.499999999987    152.883292309662    0.872456569588813    0.00570668355193236
173.999999999987    153.319740306079    0.873417782344239    0.00569670794250365
174.499999999986    153.756697379761    0.8743043343878    0.00568628456052469
174.999999999986    154.193900188786    0.874361396375371    0.00567053168319143
175.499999999985    154.630948220262    0.873760170401304    0.00565061638991367
175.999999999985    155.067627708912    0.872960262590907    0.00562954547953492
176.499999999984    155.503945457909    0.872378415095857    0.0056100082382282
176.999999999984    155.940120080264    0.872460675675133    0.00559484419549034
177.499999999984    156.376549520038    0.873339354377453    0.00558484860458916
177.999999999983    156.81346107088    0.874225336016322    0.0055749380827783
178.499999999983    157.250642072637    0.874355012550772    0.00556026354504098
178.999999999982    157.687709396518    0.873835860689329    0.00554155973242023
179.499999999982    158.124435814488    0.873061698037293    0.0055213585018673
179.999999999981    158.560807303762    0.872476069921311    0.00550246990260253
180.499999999981    158.997010714066    0.872469930427601    0.00548733543171208
180.99999999998    159.433404342601    0.87320373059963    0.00547691830454319
181.49999999998    159.870247616714    0.874110824411065    0.00546762663748871
181.999999999979    160.307398613035    0.874355970081819    0.00545424589037479
182.499999999979    160.744489072735    0.873924180532236    0.00543672872129877
182.999999999979    161.181272522307    0.873196112162981    0.00541747870889986
183.499999999978    161.617706358815    0.872590155938027    0.00539909998475507
183.999999999978    162.053943916474    0.872486984767552    0.00538392934896573
184.499999999977    162.490313538994    0.873103131187332    0.00537326264053152
184.999999999977    162.927090221342    0.873975880378202    0.00536421462625323
185.499999999976    163.364199045449    0.874328450824586    0.00535201994031349
185.999999999976    163.801299773491    0.873991045644261    0.00533567833010384
186.499999999975    164.238133204374    0.873310036616973    0.00531734025209751
186.999999999975    164.67462170564    0.872697890085055    0.00529952873761584
187.499999999974    165.110898054045    0.872516380630523    0.0052844263517053
187.999999999974    165.547252273673    0.873017548760478    0.00527352485027814
188.499999999974    165.983974558294    0.873859095597884    0.00526471966901228
188.999999999973    166.421041914515    0.874295607204269    0.00525351600462497
189.499999999973    166.858150677562    0.874046699313866    0.00523826193545007
189.999999999972    167.295020793136    0.873397371878381    0.00522070153515421
190.499999999972    167.731557253141    0.872787436710171    0.00520347781302095
190.999999999971    168.167865033469    0.872539481773195    0.00518850305674952
191.499999999971    168.604212564541    0.872953861635608    0.00517753292374853
191.99999999997    169.04089450367    0.873778035419265    0.00516903343409777
192.49999999997    169.477928992481    0.874251841128285    0.00515849967205506
192.999999999969    169.915035316567    0.874076589669079    0.0051441980283887
193.499999999969    170.351935992619    0.873480002412073    0.00512750264517052
193.999999999969    170.788517317129    0.87287537299918    0.00511085514829069
194.499999999968    171.224861197928    0.872580352677772    0.00509610781152342
194.999999999968    171.661205446285    0.872902032758863    0.00508502797990665
195.499999999967    172.097845079657    0.873679949145617    0.00507664665261339
195.999999999967    172.534836776554    0.874196957179195    0.0050667851983501
196.499999999966    172.971938428511    0.874108889013246    0.00505347223922401
196.999999999966    173.40887426664    0.873589904617501    0.00503774624171908
197.499999999965    173.84551066362    0.872977970276407    0.00502157327470804
197.999999999965    174.281898165252    0.872632485326948    0.0050070173352113
198.499999999964    174.718239852407    0.872837088070076    0.00499568384392725
198.999999999964    175.154822941732    0.873539717968617    0.00498724330450901
199.499999999964    175.591758250608    0.874125748853145    0.00497817071576659
199.999999999963    176.028851528114    0.874150377064377    0.00496594944224109
200.499999999963    176.465830341974    0.87371213349268    0.00495116891354835
200.999999999962    176.902535597977    0.873113855825008    0.00493556439354392
201.499999999962    177.338979696535    0.872714846403265    0.00492116762990668
201.999999999961    177.775326728673    0.872779476377115    0.00490945224198171
202.499999999961    178.211850218044    0.873382933665965    0.00490081289542402
202.99999999996    178.648714318789    0.874026426080982    0.00489243054120909
203.49999999996    179.085789427127    0.874178558862518    0.00488133961750347
203.999999999959    179.52280484273    0.873821883959466    0.00486747009509445
204.499999999959    179.959575434907    0.873256918675754    0.00485251710871934
204.999999999959    180.39608370221    0.872817076506317    0.00483833716671546
205.499999999958    180.832451983879    0.872752767069446    0.00482630610542876
205.999999999958    181.268927587219    0.873230046045697    0.00481731788050401
206.499999999957    181.705714230751    0.873894699185797    0.00480939580180745
206.999999999957    182.142754937428    0.874172453391445    0.00479938086854868
207.499999999956    182.579797349168    0.873923705836906    0.00478653015571928
207.999999999956    183.016632141139    0.873400858117074    0.0047722485541288
208.499999999955    183.453204368199    0.872926159062028    0.00475830423386895
208.999999999955    183.88960778855    0.872758719240643    0.00474610136883976
209.499999999954    184.326055292663    0.873114645460622    0.00473679450294934
209.999999999954    184.762775643356    0.873767288873003    0.00472913056123176
210.499999999954    185.199775331895    0.8741453558372    0.00472001304683363
210.999999999953    185.636828312473    0.873988916655576    0.00470805779543074
211.499999999953    186.073709122693    0.873504573933483    0.00469440082670418
211.999999999952    186.510333174151    0.873021912365628    0.00468082329546029
212.499999999952    186.946771265714    0.872786444413073    0.00466863609627442
212.999999999951    187.38321051845    0.873053288720634    0.00465918630759435
213.499999999951    187.819888624524    0.873670387715955    0.00465163936638538
213.99999999995    188.256847777884    0.874095980978844    0.00464310324589175
214.49999999995    188.69389711411    0.874018098251805    0.00463193622909412
214.999999999949    189.130807822821    0.873593124957954    0.0046189890214837
215.499999999949    189.567477693217    0.873104070246497    0.00460576930637578
215.999999999949    190.003949813712    0.872831499915641    0.00459375450232167
216.499999999948    190.4403898012    0.873008608260676    0.00458415680188433
216.999999999948    190.877026954538    0.873569561077528    0.00457660921806787
217.499999999947    191.313944162662    0.874036150879206    0.00456859616116675
217.999999999947    191.750984325122    0.874044734563445    0.00455822815011717
218.499999999946    192.187928067016    0.873687009416033    0.00454600358203238
218.999999999946    192.624649631034    0.873206797493651    0.00453320381979279
219.499999999945    193.061164691145    0.872893948303956    0.00452133369080413
219.999999999945    193.49760896283    0.872961829659464    0.00451148639168536
220.499999999944    193.93420081186    0.873450317167787    0.00450384879774321
220.999999999944    194.371061433768    0.873953707481072    0.0044963159692312
221.499999999944    194.808086995978    0.874064443329678    0.00448679752883012
221.999999999943    195.24506270839    0.87379011402924    0.00447535062811958
222.499999999943    195.681844942272    0.873331678170596    0.00446301841863888
222.999999999942    196.118414035912    0.872980309004427    0.00445129190594297
223.499999999942    196.554875767059    0.872931985989007    0.0044411616989015
223.999999999941    196.991420979254    0.873311469134442    0.00443324620327711
224.499999999941    197.42821268867    0.873840882696209    0.00442611960466963
224.99999999994    197.865207407267    0.874065475347442    0.00441747938811875
225.49999999994    198.302210556451    0.873888717508039    0.00440685313116701
225.999999999939    198.739056145229    0.87347215381459    0.00439507045447725
226.499999999939    199.17568783992    0.873085888354782    0.00438349628824423
226.999999999939    199.612178728163    0.872931302923764    0.00437313649139887
227.499999999938    200.048692395451    0.873188488863953    0.00436487976206241
227.999999999938    200.485415084384    0.873704383316374    0.00435794485573244
228.499999999937    200.922366642448    0.874040283490467    0.00435013930054819
228.999999999937    201.359384527282    0.873962179519914    0.00434031014532378
229.499999999936    201.796280794739    0.873598129536505    0.00432910916938605
229.999999999936    202.232972332827    0.873185757652987    0.00431772201921619
230.499999999935    202.669498578836    0.872963595687858    0.00430732597558723
230.999999999935    203.105998906531    0.873108877280323    0.00429878428988268
231.499999999934    203.542667952267    0.873591309678397    0.00429193209692654
231.999999999934    203.9795767479    0.873991606795224    0.00428470154085768
232.499999999934    204.416592252029    0.874004439379994    0.00427560419509596
232.999999999933    204.853525696843    0.87369141163494    0.00426495667410622
233.499999999933    205.290267301822    0.873278484581587    0.00425387182772612
233.999999999932    205.72682941556    0.873005777826149    0.00424351933243823
234.499999999932    206.163330385378    0.87306833429909    0.00423483813861115
234.999999999931    206.599958580919    0.873485346348886    0.00422790668666456
235.499999999931    207.036820694695    0.873928237874809    0.00422112470111556
235.99999999993    207.473825348903    0.87402304653809    0.0042126906614281
236.49999999993    207.9107878024    0.873782038214942    0.00420267773236179
236.999999999929    208.347579601257    0.873382248464015    0.00419194813846901
237.499999999929    208.784188568126    0.873082302161998    0.00418174531390394
237.999999999929    209.220705070651    0.873048927520883    0.00417286103316623
238.499999999928    209.657298522681    0.873382743688387    0.00416576360490453
238.999999999928    210.094105979891    0.873832435557335    0.00415924298057639
239.499999999927    210.531085455199    0.874021575084085    0.00415150842543904
239.999999999927    210.968067661152    0.873862957628545    0.00414215747111125
240.499999999926    211.404910732039    0.873497125865221    0.00413186771698223
240.999999999926    211.841570511184    0.873165401066869    0.00412178496864368
241.499999999925    212.278111419626    0.873046525436209    0.00411274869367191
241.999999999925    212.714678812443    0.873277358649275    0.00410539302470645
242.499999999924    213.151426877882    0.873713833515257    0.00409902878114825
242.999999999924    213.588367668372    0.873997016978697    0.00409196917659724
243.499999999924    214.025362641983    0.873930287670256    0.00408330245015001
243.999999999923    214.462256246292    0.873616290002258    0.00407351999971027
244.499999999923    214.898974238049    0.873266633241665    0.0040636147116939
244.999999999922    215.335549979761    0.873076118985274    0.00405449132327353
245.499999999922    215.772102805554    0.873192559542515    0.00404682787157802
245.999999999921    216.208792353697    0.873587045889633    0.00404047881855114
246.499999999921    216.645682799208    0.873939804151981    0.0040339590102147
246.99999999992    217.082676526386    0.873978789987417    0.00402601812347374
247.49999999992    217.519613406258    0.873731694059853    0.00401679499323123
247.999999999919    217.956390304262    0.873378270164755    0.00400712394321423
248.499999999919    218.393012089674    0.873135891384074    0.00399800288035571
248.999999999919    218.829566686935    0.873141922552064    0.00399005461543142
249.499999999918    219.266208662841    0.873464880908152    0.0039835818124226
249.999999999918    219.703042133532    0.873849737823713    0.0039774130086583
250.499999999917    220.140016749833    0.873993439307868    0.00397017067687914
250.999999999917    220.57698355535    0.873828238523246    0.00396155675192635
251.499999999916    221.013817415849    0.873495420601328    0.00395222086480594
251.999999999916    221.450488752745    0.873213918382293    0.00394315642878196
252.499999999915    221.887063106019    0.873127930727938    0.00393501053421377
252.999999999915    222.323673042838    0.873360056612579    0.00392832686083006
253.499999999914    222.760451683509    0.873754752645162    0.00392239621549414
253.999999999914    223.197397130923    0.873974211563922    0.00391570073306575
254.499999999914    223.634376611758    0.873893987696349    0.00390769076264818
254.999999999913    224.071256150429    0.873603413682244    0.00389877500885591
255.499999999913    224.507977792462    0.87329967936295    0.00388983807145704
255.999999999912    224.944579052979    0.873143347732793    0.00388159319690539
256.499999999912    225.381171585786    0.87327770834105    0.00387467019625754
256.999999999911    225.817897886693    0.873643169407868    0.00386879506710415
257.499999999911    226.254803301638    0.873939188707319    0.00386263264228783
257.99999999991    226.691787156624    0.873947172269592    0.00385522203177909
258.49999999991    227.128708570497    0.873710345403586    0.00384676314545415
258.999999999909    227.565484218832    0.873395727748419    0.00383799736039294
259.499999999909    228.002123839429    0.873187668374472    0.00382973480102061
259.999999999909    228.438713922517    0.87322707297958    0.00382258794048266
260.499999999908    228.875394146261    0.873530781092761    0.00381662163532764
260.999999999908    229.312249607272    0.873869733660892    0.00381082883778565
261.499999999907    229.74922284534    0.873972153062266    0.00380402659142223
261.999999999907    230.186175619293    0.873800393603995    0.00379605939085231
262.499999999906    230.623003496977    0.873503502824722    0.00378758185254565
262.999999999906    231.059687754161    0.873253780890445    0.00377934285888742
263.499999999905    231.496289672696    0.873196260755065    0.00377196654853365
263.999999999905    231.932932573605    0.873419011869961    0.00376582575910292
264.499999999904    232.369732701746    0.873778191342216    0.00376029262151685
264.999999999904    232.806680495299    0.873968143049292    0.00375405096275552
265.499999999904    233.243653167911    0.873880014122007    0.00374664005752347
265.999999999903    233.6805327663    0.873621030698216    0.00373852721215725
266.499999999903    234.117269261529    0.873341840562545    0.00373036061507684
266.999999999902    234.553898723177    0.87320691785852    0.00372284120030377
267.499999999902    234.990520280129    0.873326224517191    0.00371643172446323
267.999999999901    235.427260834102    0.873653403968345    0.00371092710705231
268.499999999901    235.864164198528    0.87392582793785    0.00370520816889446
268.9999999999    236.301141944494    0.873940749106579    0.00369841949097251
269.4999999999    236.73806843584    0.873735518967965    0.00369072673753254
269.999999999899    237.174864759086    0.873449663105757    0.00368272440670716
270.499999999899    237.611534786405    0.873254213337196    0.00367513392867138
270.999999999899    238.048153333467    0.873265850434095    0.00366844202824287
271.499999999898    238.48484409929    0.873529904500004    0.00366283194137201
271.999999999898    238.921691574589    0.873845686242906    0.00365745646820058
272.499999999897    239.358654937238    0.873964300619238    0.00365127511619915
272.999999999897    239.795614424511    0.873835075845996    0.00364408280753226
273.499999999896    240.23246716821    0.873568319259221    0.00363634578438372
273.999999999896    240.669186673226    0.873323963474027    0.00362873193509314
274.499999999895    241.1058213622    0.873250966855414    0.00362185766366702
274.999999999895    241.542478457479    0.873421467187781    0.00361601600168037
275.499999999894    241.979268835141    0.873741887999086    0.00361081299321704
275.999999999894    242.41619991107    0.873945255285854    0.00360514378002155
276.499999999894    242.853173308482    0.873905421018352    0.00359849290463371
276.999999999893    243.290074775766    0.873681482262162    0.00359111025415817
277.499999999893    243.726848505659    0.87342267584999    0.00358361288961446
277.999999999892    244.163515959315    0.873271429549989    0.00357658442998299
278.499999999892    244.600159173048    0.873343164711451    0.00357049303509891
278.999999999891    245.03689347984    0.873617570816033    0.00356524912803757
279.499999999891    245.473776376031    0.873890642876803    0.00356001629085677
279.99999999989    245.910747475328    0.87394868230407    0.00355392633822054
280.49999999989    246.347689046085    0.87378855484984    0.003546972809988
280.999999999889    246.784519578005    0.873530602389508    0.00353964909907324
281.499999999889    247.221230741608    0.87333109639119    0.00353258938874867
281.999999999889    247.657878696268    0.873302610875411    0.00352624602727234
282.499999999888    248.094572385086    0.873503963400407    0.00352085075865577
282.999999999888    248.531399162388    0.873800904895008    0.00351585718279434
283.499999999887    248.968346059195    0.873952273911061    0.00351029473322392
283.999999999887    249.40531194777    0.873876154860851    0.00350383938512046
284.499999999886    249.842196873793    0.873648342461057    0.00349680059410611
284.999999999886    250.278958078949    0.873411307212063    0.0034897512516276
285.499999999885    250.715629376741    0.873301397185885    0.00348323476823859
285.999999999885    251.152300063217    0.873416072193409    0.00347763517186011
286.499999999884    251.589075440084    0.87369623552505    0.00347271134089096
286.999999999884    252.025983749527    0.873911139383609    0.00346754380791203
287.499999999884    252.462952505477    0.873924779767643    0.00346159613160939
287.999999999883    252.899877659238    0.873754235200121    0.00345494131229843
288.499999999883    253.336692697666    0.873508463568227    0.00344801400170909
288.999999999882    253.773399832607    0.873343793106178    0.00344143158298802
289.499999999882    254.210067984912    0.873367604787618    0.00343561374933213
289.999999999881    254.646800852759    0.873589452995647    0.00343059268787269
290.499999999881    255.083661150298    0.873839650750204    0.00342569824664438
290.99999999988    255.520615991016    0.873941541813344    0.00342023886575192
291.49999999988    255.957566911455    0.873836814769058    0.00341399094120687
291.999999999879    256.394432807247    0.873616289438648    0.0034073138011363
292.499999999879    256.831185706669    0.873414584758758    0.00340073415288554
292.999999999879    257.267867950539    0.873345040999823    0.00339469148618174
293.499999999878    257.70456696929    0.873484578133826    0.00338948039767537
293.999999999878    258.141372742537    0.873743119563609    0.00338474654520047
294.499999999877    258.578296494638    0.873926340094572    0.00337973585541311
294.999999999877    259.01526404911    0.873909937209369    0.00337397079827571
295.499999999876    259.452179010988    0.873732052603827    0.00336760344790484
295.999999999876    259.888988268494    0.873509023767276    0.00336108516789039
296.499999999875    260.325703355571    0.873372095881857    0.00335492071902307
296.999999999875    260.762388719378    0.873405862793119    0.00334943189883508
297.499999999874    261.199139892129    0.873618370097099    0.00334464489606623
297.999999999874    261.636013414238    0.873861705938481    0.00333999014331001
298.499999999874    262.072972761818    0.873941650812838    0.0033347263611464
298.999999999873    262.50992539072    0.873837626460852    0.00332877937914245
299.499999999873    262.946793224908    0.873626754596525    0.00332244688699922
