#t    <phi>    <pi>    <phi^2>    <pi^2>    rms(phi)    rms(pi)
0    1    -0.500000416654173    1.00000000000001    0.250000416654511    5.77119491429241e-08    4.05949846978083e-07
0.5    0.732695233529614    -0.557509753366282    0.536842305237022    0.310817125098606    8.0180863582597e-08    2.7077578104668e-07
1    0.458970496081095    -0.519545144360677    0.21065391627293    0.269927157028792    6.13365472409005e-08    1.87881736303962e-07
1.5    0.226072004119378    -0.406633367783464    0.0511085510465542    0.165350695794943    4.71933105984373e-08    1.44288573448349e-07
2    0.0507682639087661    -0.300706532500505    0.00257741662031173    0.0904244186884915    4.00763726438625e-08    1.18058105457037e-07
2.49999999999999    -0.0813881021928624    -0.233096213582748    0.00662402317855717    0.0543338447866247    3.67307431546465e-08    1.02111749001685e-07
2.99999999999998    -0.183404089899391    -0.170808027744618    0.0336370601918248    0.0291753823420155    3.16407119364112e-08    9.55455140069545e-08
3.49999999999997    -0.24314598887787    -0.0567604809158807    0.0591199719073979    0.0032217521938107    2.95467514333787e-08    9.29751794364966e-08
3.99999999999996    -0.23371782584673    0.0914189779602289    0.0546240221185224    0.00835742953130006    1.54464754880132e-08    8.51483015408928e-08
4.49999999999995    -0.164145671419    0.169973014131948    0.0269438014455947    0.0288908255331049    2.03760285659648e-08    7.33487857439353e-08
4.99999999999994    -0.0774254419202393    0.168779863060516    0.0059946990565448    0.0284866421747311    2.11393556121156e-08    6.73403546292153e-08
5.49999999999993    0.00145792034748209    0.146775575521669    2.12553174005949e-06    0.0215430695697207    2.1382341790965e-08    5.81033324466845e-08
5.99999999999992    0.0699405700643685    0.126827941509553    0.00489168334092924    0.0160853267475537    1.98625486607028e-08    5.56227352565212e-08
6.49999999999991    0.125370281030106    0.0888957510028094    0.0157177073655681    0.00790245454635666    1.86517982489179e-08    5.6302902737707e-08
6.9999999999999    0.151189141925814    0.00778644395960355    0.0228581566362641    6.0628709538971e-05    1.43642968125812e-08    5.40779235408558e-08
7.49999999999988    0.132245845532814    -0.0777167431857629    0.017488963660689    0.00603989217140441    1.49275841628359e-08    5.08492450459748e-08
7.99999999999987    0.0828587731932346    -0.110450300992345    0.00686557629508806    0.0121992689893018    1.2723689766938e-08    4.55710271793172e-08
8.49999999999986    0.0279722273532081    -0.106280817202204    0.000782445503099775    0.0112956121051699    1.45204100920639e-08    4.07981708346544e-08
8.99999999999985    -0.0226845044770902    -0.0965249491842764    0.00051458674337132    0.0093170658150288    1.39667601414581e-08    4.05778725997199e-08
9.49999999999984    -0.0680719826193854    -0.0830049633383957    0.00463379481773409    0.00688982393880991    1.35422467059703e-08    3.86545276259117e-08
9.99999999999983    -0.101472608840412    -0.0446159765857611    0.0102966903448795    0.00199058536670274    1.15200126485995e-08    3.95201221959729e-08
10.4999999999998    -0.107574442721151    0.0220094452787331    0.0115722607267662    0.000484415681479107    9.26061042410877e-09    3.94911007131089e-08
10.9999999999998    -0.0825924468302576    0.0711749795760828    0.0068215122734091    0.00506587771765701    1.30040761957715e-08    3.47743794723347e-08
11.4999999999998    -0.0431031964955388    0.0819052531775814    0.00185788554813314    0.00670847049808481    1.02125362823685e-08    3.31025277912396e-08
11.9999999999998    -0.0031624580420092    0.0771960505235749    1.00011408675856e-05    0.00595923021643929    1.0814393114094e-08    3.0931086560038e-08
12.4999999999998    0.0340160707080964    0.0712140497648337    0.00115709306641833    0.00507144088390917    1.05319043362963e-08    3.08850706183237e-08
12.9999999999998    0.0664854507447953    0.0553959760466115    0.0044203151607387    0.00306871416215769    1.00848111108037e-08    3.05017094379794e-08
13.4999999999998    0.0848553999636709    0.0135301772224886    0.00720043890299461    0.000183065695672916    6.96626400046583e-09    3.10923960194014e-08
13.9999999999997    0.0782308869115586    -0.0379477694752555    0.00612007166696916    0.00144003320814802    9.33118565584653e-09    2.9764919996668e-08
14.4999999999997    0.0516835912917857    -0.0627578050542004    0.00267119360881645    0.00393854209522177    1.02431340643041e-08    2.72391268782409e-08
14.9999999999997    0.0194385064010023    -0.0641469848315469    0.000377855531101887    0.00411483566297938    8.83986962965599e-09    2.5952360829577e-08
15.4999999999997    -0.0117391520817023    -0.0605326365306409    0.000137807691597417    0.00366420008535125    8.98626280013384e-09    2.3880988021185e-08
15.9999999999997    -0.040781328710492    -0.0544555364777208    0.00166311677139325    0.00296540545307702    7.44301583802372e-09    2.52239750816676e-08
16.4999999999998    -0.0636009186603355    -0.0329407766105215    0.00404507685443867    0.00108509476370491    7.96725585259209e-09    2.50122851606521e-08
16.9999999999999    -0.0700325247844547    0.00911731512967564    0.0049045545276853    8.31254351744459e-05    6.1323528627627e-09    2.51714536498353e-08
17.4999999999999    -0.0557925623946223    0.0438738403417191    0.00311281001855789    0.00192491386633124    7.86027532372329e-09    2.41198921272441e-08
18    -0.0305112536410003    0.0538303265956497    0.00093093659874551    0.0028977040613948    7.32445738197086e-09    2.20859053508636e-08
18.5000000000001    -0.0038294300398147    0.0522883080332291    1.46645344298913e-05    0.00273406715697832    7.48663055969744e-09    2.15662550637805e-08
19.0000000000002    0.0216531137682214    0.0494522594033113    0.000468857335859594    0.0024455259600928    7.38433282870437e-09    2.00783124326969e-08
19.5000000000002    0.0446291549262469    0.040299382701583    0.00199176146943098    0.00162404024612912    5.55230760392497e-09    2.16512879254216e-08
20.0000000000003    0.058779707214677    0.0128974861489716    0.00345505398024318    0.000166345148963369    5.34292390020589e-09    2.13428747960982e-08
20.5000000000004    0.0558215471024177    -0.0237939766535731    0.00311604512090749    0.00056615332499122    7.09739448373641e-09    2.09066878261609e-08
21.0000000000005    0.0380457434522322    -0.043461564330523    0.00144747859483311    0.00188890757405657    6.40212820100183e-09    1.95413157783121e-08
21.5000000000006    0.0152980707361363    -0.0458837921955464    0.00023403096824787    0.00210532238624443    6.37089070603421e-09    1.85346456575438e-08
22.0000000000006    -0.00720595683826734    -0.0440642264840687    5.1925813955016e-05    0.00194165605563961    6.64854307151672e-09    1.74570708336766e-08
22.5000000000007    -0.0285604735073883    -0.0405727155586983    0.00081570064696626    0.00164614524780737    5.82220065888791e-09    1.81099889083383e-08
23.0000000000008    -0.0459682601106989    -0.0262368102531496    0.0021130809376049    0.000688370212260121    4.87394170701052e-09    1.85448452114859e-08
23.5000000000009    -0.0519316968590909    0.00413089011769261    0.00269690113866453    1.70642531647923e-05    4.36677659525618e-09    1.84896867453513e-08
24.000000000001    -0.0424359279009547    0.0311484087604435    0.00180080797681505    0.000970223368308001    4.18491851736106e-09    1.8029147175138e-08
24.500000000001    -0.0239883489729008    0.0399809269879146    0.000575440886445701    0.00159847452281323    5.59921680259893e-09    1.63706254531226e-08
25.0000000000011    -0.00397610913480572    0.0395199946976674    1.5809443851917e-05    0.00156182998090393    5.60847196362374e-09    1.63412945754913e-08
25.5000000000012    0.0154041985430334    0.0378795604105622    0.000237289332753229    0.00143486109689767    5.96700714084181e-09    1.54970709990131e-08
26.0000000000013    0.0332136340990339    0.0318037530297036    0.00110314549006453    0.00101147870677465    4.82285458739088e-09    1.62407549376855e-08
26.5000000000013    0.0448105516627391    0.0118745817022561    0.00200798554031903    0.000141005690603842    4.14448904449512e-09    1.68875782392668e-08
27.0000000000014    0.0435297072573961    -0.0165893696642052    0.00189483541391463    0.000275207185855918    5.54966718762352e-09    1.62676177632734e-08
27.5000000000015    0.03039009627737    -0.0330180042741572    0.000923557951747842    0.00109018860624849    4.8592922473656e-09    1.49899382634808e-08
28.0000000000016    0.0128661976702958    -0.0356916945043586    0.000165539042491149    0.00127389705659267    5.02675035345524e-09    1.4440055467115e-08
28.5000000000017    -0.00473553277645563    -0.0346340607829218    2.24252706769124e-05    0.00119951816631531    5.1855491118921e-09    1.34715975686354e-08
29.0000000000017    -0.021625561246525    -0.0323731126596282    0.000467664899227229    0.00104801842327318    5.15484876237549e-09    1.41179891725584e-08
29.5000000000018    -0.0357562625896746    -0.0219660820604083    0.00127851031438179    0.00048250876108482    5.31269203145006e-09    1.50944840976495e-08
30.0000000000019    -0.0412547731237764    0.00156341345773258    0.00170195630549428    2.44426164003554e-06    3.9238623807581e-09    1.47033940163649e-08
30.500000000002    -0.0344244068447204    0.0237792710908977    0.00118503978661086    0.000565453733614602    4.85441141386985e-09    1.41830283911207e-08
31.000000000002    -0.0199988469698277    0.0317268110573603    0.000399953880122607    0.00100659053986963    4.44580545562249e-09    1.38380217785071e-08
31.5000000000021    -0.00400105760551059    0.0317596392728574    1.60084619626357e-05    0.00100867468674218    4.6435053909406e-09    1.24090160534527e-08
32.0000000000022    0.0116340119030449    0.0306998015444874    0.000135350232960214    0.000942477814871077    4.85276698179453e-09    1.28785748672859e-08
32.5000000000021    0.0261942743444742    0.0263579835876217    0.000686140008433597    0.000694743298805508    4.40109982638412e-09    1.30628297088456e-08
33.000000000002    0.0360905475599633    0.0109838613063945    0.00130252762317799    0.0001206452091983    4.43694391700568e-09    1.37645078265255e-08
33.5000000000019    0.03575186365701    -0.0122273285512087    0.00127819575494945    0.000149507563499385    3.89999311880982e-09    1.3487761853651e-08
34.0000000000018    0.025484240737238    -0.0264614973634422    0.000649446525953519    0.000700210842715616    4.15715854485473e-09    1.25905207462544e-08
34.5000000000017    0.0112681640593786    -0.0291878909227942    0.00012697152126909    0.000851932976521076    4.17589326895152e-09    1.20408271230482e-08
35.0000000000016    -0.00318274064420545    -0.0285265778559405    1.01298380082961e-05    0.000813765644171168    4.33936957455381e-09    1.16042111584457e-08
35.5000000000015    -0.0171555502333431    -0.0269572361110295    0.000294312903808776    0.00072669257874593    4.15538312909327e-09    1.1603116966106e-08
36.0000000000014    -0.0290870358123817    -0.0190116990838156    0.000846055652350793    0.000361444702053707    4.25008044921051e-09    1.24013482172937e-08
36.5000000000013    -0.0341992688995318    2.11179333757115e-05    0.0011695899932625    4.45967271112792e-10    3.98760272726891e-09    1.26906187420015e-08
37.0000000000012    -0.0290769645011426    0.0189619952737422    0.000845469864600722    0.000359557264761555    3.68477669287788e-09    1.16130554461105e-08
37.5000000000011    -0.0173057666508927    0.0262413091305025    0.000299489559375166    0.000688606304882728    4.04593020526602e-09    1.15970279487295e-08
38.000000000001    -0.00399060646484326    0.026544717457634    1.59249399572651e-05    0.000704622024905732    4.03978605729901e-09    1.05572039388056e-08
38.5000000000009    0.00911196940723794    0.025810227680203    8.30279864784564e-05    0.000666167852904034    4.02458938796881e-09    1.06941587024161e-08
39.0000000000008    0.0214384695783891    0.0225644137411072    0.000459607977863527    0.000509152767479994    3.68082805681996e-09    1.12426634423797e-08
39.5000000000007    0.0301200712778455    0.0102542985743318    0.000907218693782506    0.000105150639251683    3.59223583525762e-09    1.18257109844826e-08
40.0000000000006    0.0303780958128565    -0.00929913860601476    0.000922828705215104    8.6473978814001e-05    3.42426421297609e-09    1.1264770133206e-08
40.5000000000005    0.0220688245054006    -0.0219531544365654    0.000487033015050178    0.00048194098971581    2.94651084362784e-09    1.09779654245385e-08
41.0000000000004    0.0101381622317522    -0.0246751758592727    0.00010278233343734    0.000608864303686142    3.59299287530296e-09    1.02998891468111e-08
41.5000000000003    -0.00211694108601932    -0.0242492921888509    4.48143956169184e-06    0.000588028171660363    3.89575308209825e-09    9.96095701117627e-09
42.0000000000002    -0.0140337593328068    -0.0231101507107682    0.000196946401011159    0.000534079065874555    4.02195752065134e-09    1.16829826311804e-08
42.5000000000001    -0.02438458337728    -0.0168420082264854    0.00059460790648354    0.000283653241101129    4.67032020225077e-09    1.12874087095201e-08
43    -0.029181331706707    -0.000998270690471651    0.000851550120176884    9.96544371598586e-07    4.62052754343862e-09    1.19933306082415e-08
43.4999999999999    -0.0252486290825482    0.0155576862415169    0.000637493270548115    0.000242041601189612    3.78477989328517e-09    1.12712801003928e-08
43.9999999999998    -0.0153643768351481    0.022326351797541    0.000236064075532446    0.000498465984587684    3.00048769313981e-09    1.09858084945315e-08
44.4999999999997    -0.00396959728665564    0.0227992562783432    1.57577026182394e-05    0.000519806086845669    3.95077430677752e-09    9.96289453728643e-09
44.9999999999996    0.00730629674037914    0.0222651384547235    5.33819720584919e-05    0.000495736390408164    4.14202680098408e-09    1.2477651251342e-08
45.4999999999995    0.0180013157194204    0.0197651281071186    0.000324047367630322    0.000390660289091199    8.38275651429045e-09    1.97672063229815e-08
45.9999999999994    0.0257696316036547    0.00965510833560649    0.000664073912988273    9.3221116972491e-05    1.39560946395142e-08    1.38954199482314e-08
46.4999999999993    0.0264361888416914    -0.00719399254922682    0.000698872080473665    5.17535287988406e-05    9.72688561337071e-09    2.25763564624247e-08
46.9999999999992    0.0195514273119876    -0.0186553050284487    0.000382258309935959    0.000348020405704769    5.0050658644818e-09    1.74371602323191e-08
47.4999999999991    0.00929674614130608    -0.0213586444365295    8.64294888159163e-05    0.000456191692166444    5.18474319968724e-09    1.8710836612241e-08
47.999999999999    -0.00134029504661897    -0.0210869619476523    1.79639081205423e-06    0.000444659964181938    7.93005996756157e-09    1.42060153968711e-08
48.4999999999989    -0.0117296153797091    -0.0202339974258456    0.000137583876956017    0.000409414651833261    1.0371042381402e-08    6.43133787383002e-08
48.9999999999988    -0.0208872806393302    -0.0151759097165885    0.000436278492507541    0.000230308235728376    3.7429387589475e-08    4.82823718291447e-08
49.4999999999987    -0.0254233340854648    -0.00171663388216222    0.000646345916022909    2.94683188752412e-06    4.18492881341623e-08    4.62254308646386e-08
49.9999999999986    -0.0223681238507587    0.0130170676424283    0.000500332964603273    0.000169444050011495    1.97572424663512e-08    6.27836277400415e-08
50.4999999999985    -0.0138974472132897    0.0193874523242428    0.000193139039046313    0.000375873307626745    1.18472740854716e-08    4.42570063872914e-08
50.9999999999984    -0.00394630790047635    0.019978550093522    1.5573346045723e-05    0.000399142463841425    1.89982361989982e-08    4.53563768563117e-08
51.4999999999983    0.00594970412913236    0.0195764718267631    3.53989792246667e-05    0.000383238249189879    2.1261544546896e-08    7.6352920701195e-08
51.9999999999982    0.0153997038554101    0.01761031420024    0.000237150878840138    0.000310123166265058    7.61981204126761e-08    1.84075363506229e-07
52.4999999999981    0.0224539838867196    0.0091549121510804    0.000504181392406496    8.38124165045842e-05    1.46401557649e-07    1.02881831372417e-07
52.999999999998    0.023415671764193    -0.00560482468529764    0.000548293684179651    3.14140597970977e-05    1.05939228747616e-07    2.10180695495819e-07
53.4999999999979    0.0176166015671144    -0.0161317752957428    0.000310344650776161    0.000260234174219688    4.12782595551318e-08    1.65383277214451e-07
53.9999999999978    0.00864566602098589    -0.0188164402316484    7.47475409483917e-05    0.000354058423022486    4.42901374487717e-08    1.7688518459586e-07
54.4999999999977    -0.000749250090216055    -0.0186539542408164    5.61375703659235e-07    0.000347970008833836    7.7268807126072e-08    1.23951835539019e-07
54.9999999999976    -0.00995860127114797    -0.018000119848224    9.91737392868984e-05    0.000324004315023342    9.58562770388632e-08    6.87687812529344e-07
55.4999999999975    -0.0181816320704435    -0.0138512287447581    0.00033057174490623    0.000191856538059145    4.015614831574e-07    5.65270779458233e-07
55.9999999999974    -0.0224982338928563    -0.00224605766152815    0.000506170528515087    5.04477523353675e-06    4.66284294405495e-07    4.63279015115179e-07
56.4999999999973    -0.0201181296083996    0.0110424186257748    0.000404739138990495    0.000121935009578841    2.23900066738633e-07    6.87009678534142e-07
56.9999999999972    -0.0127488745531864    0.0170956827070787    0.000162533802388234    0.000292262367460241    1.23896593945319e-07    4.89011533553026e-07
57.4999999999971    -0.00392367261012701    0.0177771091949045    1.53952067942905e-05    0.000316025611581561    2.06952969301596e-07    5.03986815826069e-07
57.999999999997    0.00489301330887772    0.0174664279829218    2.39415792994492e-05    0.000305076107032019    2.42063437751285e-07    7.4123372952498e-07
58.4999999999969    0.0133601663998077    0.0158955528958088    0.000178494046884878    0.000252668606070578    8.08905799461728e-07    2.05112709144798e-06
58.9999999999968    0.0198380126006051    0.00872813912702241    0.000393546746560981    7.61804140824683e-05    1.61839795767962e-06    1.20905282031895e-06
59.4999999999967    0.0210211044722637    -0.00435994209646168    0.000441886834708475    1.90091002864953e-05    1.21435166722857e-06    2.28078858213684e-06
59.9999999999966    0.0160800196090219    -0.0141313714911248    0.000258567030852933    0.000199695663963015    4.75820380674067e-07    1.9346421436122e-06
60.4999999999965    0.0081264819310091    -0.016802976975738    6.60397088140358e-05    0.00028234003917727    4.88895024354737e-07    1.98244538575199e-06
60.9999999999964    -0.00028415290861962    -0.0167233439210724    8.07436314273931e-08    0.000279670233916011    8.69454083385197e-07    1.41899353912184e-06
61.4999999999963    -0.00855324087925302    -0.0162084777595074    7.31579304419668e-05    0.000262714807250612    9.50495577896023e-07    7.48132114801665e-06
61.9999999999962    -0.0160199498730354    -0.0127622589586143    0.000256638813133719    0.000162875300584899    4.38168370577073e-06    6.84530261746433e-06
62.4999999999961    -0.0201462322293036    -0.0026473744777785    0.000405870700984046    7.00861623368147e-06    5.2864934651193e-06    4.96065403567372e-06
62.999999999996    -0.018303650918262    0.00945352848091803    0.000335023643866386    8.93692627429453e-05    2.63226024093517e-06    7.87422485168107e-06
63.4999999999959    -0.0118223080448068    0.0152485046615027    0.000139766969416216    0.000232516925846678    1.38199532594009e-06    5.60667539889839e-06
63.9999999999958    -0.00390280532892559    0.0160077315480288    1.52318947958588e-05    0.000256247503868423    2.31524703722264e-06    5.87832176678996e-06
64.4999999999961    0.00404494295684902    0.0157604866025527    1.63615715881549e-05    0.000248392991979699    2.83971695563628e-06    7.35054127870842e-06
64.9999999999963    0.0117084277653267    0.014477416202021    0.000137087354858444    0.000209596127803901    8.60944662026796e-06    2.34076346469273e-05
65.4999999999966    0.0176993180446577    0.008339841566633    0.000313266182452209    6.95531636861337e-05    1.79779382465834e-05    1.43641774624733e-05
65.9999999999969    0.0190508018817458    -0.00334914751188868    0.000362933249498532    1.1217435580784e-05    1.40414031160779e-05    2.54268439621958e-05
66.4999999999971    0.0148159074078838    -0.0124786524527895    0.000219511143416175    0.000155717301186795    5.57648537740381e-06    2.31116699161134e-05
66.9999999999974    0.00770018757227224    -0.0151543135193607    5.92929184210634e-05    0.00022965371174351    5.45645374822588e-06    2.22148695835167e-05
67.4999999999976    9.40275892931065e-05    -0.0151453883531887    8.93924993156954e-09    0.000229383057145441    9.90264526762516e-06    1.63944056683659e-05
67.9999999999979    -0.00739676280726727    -0.0146852491199168    5.4712184401497e-05    0.000215662766398626    9.18556065841652e-06    7.88966704572231e-05
68.4999999999981    -0.0142054169551656    -0.0117725918355381    0.000201796019494305    0.000138600399251958    4.63532544569072e-05    8.050295509612e-05
68.9999999999984    -0.0181382264467327    -0.00293676575497892    0.00032899867590153    8.62752431384262e-06    5.84574082256433e-05    5.41406891875232e-05
69.4999999999986    -0.0167465813138856    0.008082147290237    0.000280448925647879    6.53293579122298e-05    3.06585272875913e-05    9.08465252194639e-05
69.9999999999989    -0.0110339383243959    0.0136528195964213    0.00012174802114506    0.000186403369275223    1.50398965416532e-05    6.23405389453201e-05
70.4999999999992    -0.00388375856199703    0.0145239717408019    1.50842448812483e-05    0.000210950916882139    2.57742771583324e-05    7.18453514623134e-05
70.9999999999994    0.00333385871717232    0.0143049104226043    1.11157512201295e-05    0.00020463543225695    3.37234942388523e-05    7.04986398210063e-05
71.4999999999997    0.0102603304841401    0.0131055089231897    0.000105280180773486    0.000171813162471145    7.61520171210426e-05    0.000242483680563489
71.9999999999999    0.0157368940851158    0.00781247906324608    0.000247678724841833    6.10575610492939e-05    0.00016996880795795    0.000150771136612893
72.5000000000002    0.0171875709689645    -0.00244282976190368    0.000295432505612839    6.03614244951334e-06    0.000141102089448902    0.000262154923415432
73.0000000000004    0.013625566462574    -0.0108555997493896    0.000185659742860475    0.000117902354989955    6.06748255273582e-05    0.000241472712758123
73.5000000000007    0.00731226802634835    -0.0136270526420579    5.34722285492957e-05    0.000185738724285505    5.44505292841426e-05    0.000205330407117236
74.000000000001    0.000417233829612697    -0.0137686279948724    1.8632488159511e-07    0.000189614067049549    0.000110638207784802    0.000197358020780538
74.5000000000012    -0.00637160003167243    -0.0131767847896552    4.06060063685212e-05    0.000173839386041023    9.33777538447294e-05    0.000460139813680041
75.0000000000015    -0.0124694259395303    -0.0105539017436228    0.00015553638749584    0.000111669340701559    0.000223168623260723    0.000533384183788461
75.5000000000017    -0.0160924014877894    -0.00305475683036365    0.000259057881588168    9.50774137896061e-06    0.000304131458357466    0.00041976432233725
76.000000000002    -0.0151179485406149    0.00662231831301496    0.00022858746512547    4.41719721270421e-05    0.000187342063589708    0.000562914103703922
76.5000000000022    -0.0102256839405309    0.0120025534144864    0.000104579896419818    0.000144245838975914    0.000123629964759982    0.000429593422104332
77.0000000000025    -0.00385374419512333    0.0131732516951886    1.48828493971821e-05    0.000173808320189342    0.000177496692181424    0.000523220760819325
77.5000000000027    0.00272447745737714    0.0130618654914365    7.48838028627959e-06    0.000170813252369662    0.000256130573191426    0.000448243520066948
78.000000000003    0.00905942326296364    0.0119970647354161    8.21221121191272e-05    0.000144496225543628    0.000221274177436755    0.000752770401825699
78.5000000000033    0.0141436262893025    0.0074702049461888    0.000200135949836197    5.6219065829728e-05    0.00030624373421968    0.000644285566860239
79.0000000000035    0.0156990136023818    -0.00166694457839754    0.000246535492244829    3.35474691569516e-06    0.000276521530914041    0.000758974761270897
79.5000000000038    0.0126894412313174    -0.00955938051988904    0.000161074217807803    9.18331558434802e-05    0.000228689843993069    0.000671863021341504
80.000000000004    0.00702972538734047    -0.0123405696210678    4.94729764548335e-05    0.000152715008186156    0.000236510958338966    0.000652188326892564
80.5000000000043    0.000732070041524809    -0.0126490868918811    6.2075252976019e-07    0.000160353980354735    0.000291249006971792    0.000595467174895081
81.0000000000045    -0.0055238255790832    -0.0122394121931209    3.05788951479039e-05    0.0001503728895828    0.000257383215789365    0.000754770660321598
81.5000000000048    -0.0112437068996869    -0.0100833882258913    0.000126510753690352    0.000102213198025916    0.000299681237793446    0.000733811904967786
82.000000000005    -0.0148253103473034    -0.00340456258656059    0.000219879343201418    1.22435250152109e-05    0.000299192759868513    0.000807761480514321
82.5000000000053    -0.0142017113003962    0.0056891892548484    0.00020176460093405    3.29517276532798e-05    0.000275675668581394    0.000764757004412031
83.0000000000056    -0.00981554173723643    0.0109631575554591    9.64118004893821e-05    0.000120755202764019    0.000258729383626331    0.000751251740895541
83.5000000000058    -0.00394962122540997    0.0121313741961433    1.56823577834462e-05    0.000147672029983847    0.000287836688483572    0.000708371439991031
84.0000000000061    0.00211138787701242    0.0120371360955182    4.55544550216214e-06    0.000145361674923131    0.000312228658145156    0.000684857314411863
84.5000000000063    0.00793897431553446    0.0110725621106397    6.31178284750368e-05    0.000123370599328253    0.000300857594753548    0.000876907996473488
85.0000000000066    0.0126987711032045    0.00721675112614739    0.00016140484960763    5.27312500807136e-05    0.000382180685079094    0.000806072741112122
85.5000000000068    0.0143889152105919    -0.000886440546153641    0.000207154599650809    1.61382483768911e-06    0.00033722205326251    0.000909971425828276
86.0000000000071    0.0119181345609396    -0.00833190741796956    0.000142126658260949    7.01282200706114e-05    0.000291078766465294    0.000841153285076622
86.5000000000073    0.0068590200214053    -0.0112045443274058    4.71381800981703e-05    0.000126190152231856    0.000303355310043538    0.000805194788268225
87.0000000000076    0.00109140875395315    -0.0116508453504029    1.31506662757945e-06    0.000136314322997531    0.000351985169252739    0.00075638985882027
87.5000000000079    -0.00467235730349061    -0.0112655691131914    2.19375847404084e-05    0.000127787559003725    0.000326591440375248    0.000935153227890376
88.0000000000081    -0.00995930842506774    -0.00943254808152187    9.93343678907766e-05    8.98572348231668e-05    0.000382810116312775    0.00094035711989905
88.5000000000084    -0.0134254647460764    -0.00368492378687071    0.000180402821431619    1.45399127442081e-05    0.000399647073650653    0.000980433286441512
89.0000000000086    -0.0131795196616503    0.00458011629050327    0.000173817886304516    2.19708528983266e-05    0.000343726334005923    0.000996688348378354
89.5000000000089    -0.00939949739691816    0.00976332404311195    8.84661563287114e-05    9.61736744375474e-05    0.000340007373508431    0.000922593120904035
90.0000000000091    -0.00408712345698526    0.0111101058753522    1.6833723053035e-05    0.000124275255080662    0.000359367361339167    0.000916952844548745
90.5000000000094    0.00149606788451765    0.0111124445420273    2.39444457495593e-06    0.000124275061573968    0.000395253665221221    0.000888052855597262
91.0000000000096    0.00688062672926095    0.0102501947968605    4.74946813023771e-05    0.000106254083512147    0.000389431784728509    0.00108976609350846
91.5000000000099    0.0113632583996325    0.00703444000643077    0.000129340119170273    5.05897344305452e-05    0.000465271655546061    0.00105184990681724
92.0000000000102    0.0132114147873547    -0.000105426148972859    0.000174732298763206    1.2522716699164e-06    0.000436827288148679    0.0011140722584416
92.5000000000104    0.0112765633120824    -0.00713843462991013    0.000127307625901316    5.21245028541204e-05    0.000383074104990415    0.00108039524648166
93.0000000000107    0.00678782174375026    -0.0101646494465409    4.622049791384e-05    0.000104388575896301    0.000382065294041819    0.00103367186536003
93.5000000000109    0.00150966615754581    -0.0107466166751299    2.46290442750401e-06    0.000116424147930785    0.000428733623902871    0.00096663228199988
94.0000000000112    -0.00380964454916265    -0.0103645181897039    1.46827434735005e-05    0.000108918014216481    0.000411523854151705    0.00122261069510191
94.5000000000114    -0.00868197166715199    -0.00881007077531155    7.56924989541772e-05    7.92772505974944e-05    0.000562020395490577    0.00128837243508846
95.0000000000117    -0.0120273707245994    -0.00392844364566578    0.00014522955405726    1.68407688291166e-05    0.0007562456679604    0.00118663362161398
95.500000000012    -0.0121629303228319    0.00343650121343179    0.000148393394696338    1.36049705039472e-05    0.000675663124845197    0.00133993653358249
96.0000000000122    -0.00901613164584159    0.0084851809103941    8.15525474707186e-05    7.36773053097418e-05    0.000511778873706707    0.00129576627044591
96.5000000000125    -0.0042787305884242    0.0100487121860437    1.85009886080346e-05    0.000102570330159079    0.000439833104390325    0.00126242368527179
97.0000000000127    0.000818721984661917    0.0101968664157117    9.38594457605979e-07    0.000105309738166838    0.000517965992548962    0.00115483915198982
97.500000000013    0.00574899855531427    0.00936022950563054    3.34256790586365e-05    8.99239929689867e-05    0.000612123083726615    0.00151990018452209
98.0000000000132    0.00991258275471092    0.00673136221274074    9.89509820713745e-05    4.73962927860468e-05    0.000831676140322699    0.00144397214202107
98.5000000000135    0.0118956518566745    0.000716486572078657    0.000142309279048694    2.53183603330335e-06    0.000895960910693896    0.00142073327029894
99.0000000000137    0.0105581345867786    -0.00572606983073633    0.000111949809169518    3.52890541970308e-05    0.000689639918353547    0.00158151145761326
99.500000000014    0.00674121351508753    -0.00894739663991112    4.57302492589823e-05    8.21937672435477e-05    0.000535060373213615    0.00146214247310408
100.000000000014    0.00202167199579969    -0.00970928319759603    4.37494552578318e-06    9.618019725177e-05    0.000536458635108521    0.00138203366118535
100.500000000015    -0.00281338576740115    -0.00943378543783029    8.24149722058331e-06    9.12404561458925e-05    0.000571277292011444    0.00149804821647159
101.000000000015    -0.00722943477680447    -0.00807580160117121    5.28331553937699e-05    6.79867422551818e-05    0.000753941776067679    0.00166378206316282
101.500000000015    -0.0104198446330456    -0.00417638408214662    0.00010953846771606    2.01443028897875e-05    0.000982499638295216    0.00164381230320856
102.000000000015    -0.0109887979198697    0.00204249695005209    0.000121725033700547    6.91242874206904e-06    0.00098557291806024    0.0016554863186076
102.500000000016    -0.00861182437972081    0.00695283047814554    7.47715149910058e-05    5.1224564187144e-05    0.000779740882506494    0.00169785527337121
103.000000000016    -0.0045512200684746    0.00887031779606029    2.11438752367149e-05    8.11448830189485e-05    0.000655950550749754    0.00156918616353978
103.500000000016    1.55298460071228e-05    0.00922267856011918    3.81066334335041e-07    8.76138564967566e-05    0.000617110329048247    0.001598767235552
104.000000000016    0.00447286468072816    0.00839436294919746    2.04566976763475e-05    7.45596841753977e-05    0.000670953965814399    0.00202345122316767
104.500000000017    0.00825883046671534    0.00631895422958149    6.9242613641361e-05    4.38504956202608e-05    0.00101702161403556    0.00198023055847417
105.000000000017    0.0103441337681117    0.00160133650474506    0.00010857593393862    6.13076234453819e-06    0.00125492251793946    0.00188851363328652
105.500000000017    0.00968569259220237    -0.00406402176391793    9.5098885015716e-05    2.02925459285241e-05    0.00113412698807146    0.00194326350012691
106.000000000017    0.00667931868045139    -0.00747615424780991    4.52966171517751e-05    5.99107673059251e-05    0.000826631185443754    0.0020044662553605
106.500000000018    0.00260776985065081    -0.0085746152920522    7.29495035864273e-06    7.6798501575829e-05    0.000703197528920124    0.00180955081971563
107.000000000018    -0.00171230233497954    -0.00852035567554956    3.3685535267317e-06    7.63947412520397e-05    0.000660737648658915    0.00194891775459358
107.500000000018    -0.00570256418789933    -0.00732188467350793    3.32905131945744e-05    5.84733363860716e-05    0.000878222567156202    0.00220529844101004
108.000000000018    -0.00874976915843189    -0.00444520738124148    7.80940735048029e-05    2.41522494401589e-05    0.0012391986035164    0.00209580074861977
108.500000000019    -0.00976440837180398    0.000590356138339855    9.70535108534147e-05    4.65871778956047e-06    0.00130760850488939    0.00207610149546811
109.000000000019    -0.00822436655598977    0.00524133997073601    6.87558432385191e-05    3.22288952446575e-05    0.0010562376585012    0.00218111222907547
109.500000000019    -0.00493653269806534    0.0075236046860364    2.50509228827258e-05    6.08479080587757e-05    0.000825571198418132    0.0020599224711204
110.000000000019    -0.000972630844167514    0.00814670518601939    1.48409092682269e-06    7.05727392131332e-05    0.000733539479371548    0.00205034968364372
110.50000000002    0.00302603764493837    0.00763334995922217    9.73810464209162e-06    6.36352663137643e-05    0.000762365275643812    0.00231672931388353
111.00000000002    0.00651486082224066    0.00613819790494183    4.36151356506418e-05    4.35268831849443e-05    0.00108246206283435    0.00241855528460938
111.50000000002    0.00878965055925764    0.00262832310226949    7.92921895478387e-05    1.21789156214027e-05    0.0014262652607354    0.00229582954321074
112.00000000002    0.00890156792165797    -0.00220433545703916    8.12683041161926e-05    9.99822773927917e-06    0.00142491847215986    0.00226696557806226
112.500000000021    0.00680249205995352    -0.00582218882330145    4.75362026970195e-05    3.95676481606347e-05    0.0011235232402086    0.00238112693203415
113.000000000021    0.00343742389463933    -0.00734975924097131    1.26180290226096e-05    5.8994006551822e-05    0.000895626033103203    0.00223048103591555
113.500000000021    -0.000348308177132486    -0.00762521473909936    6.76308664990622e-07    6.35530700400005e-05    0.000744976562539565    0.00232576228850293
114.000000000021    -0.00399251750516987    -0.00676615516325009    1.67133795223337e-05    5.22033388677921e-05    0.000879308531316431    0.0025342618599143
114.500000000022    -0.00697031297525099    -0.00483515704349356    5.022649744425e-05    2.97867642889551e-05    0.00128110673688714    0.0025314068526631
115.000000000022    -0.00850741720723328    -0.00104440140604152    7.47281125931391e-05    6.71955406073553e-06    0.00153361176808548    0.00237250495548356
115.500000000022    -0.00792112466230092    0.00326750120590647    6.47063744590791e-05    1.67784894638814e-05    0.00140077069621234    0.00247020754862445
116.000000000022    -0.00551557235507348    0.00601034997100317    3.16043456739908e-05    4.21953698925098e-05    0.0010875694322387    0.00246395274276356
116.500000000023    -0.00219220164317779    0.00706656332575104    5.53711121544341e-06    5.57521442677074e-05    0.000855197738006828    0.00241160258559693
117.000000000023    0.00138515096722861    0.0070401263507424    2.54248124725939e-06    5.55826059150423e-05    0.000789834188450363    0.00245341127425159
117.500000000023    0.00464604638910744    0.00590445765227082    2.2572957332406e-05    4.18766239552916e-05    0.000993584562414164    0.00264839645593936
118.000000000023    0.0070893409022837    0.00354891495981806    5.21954533102882e-05    1.92657518407937e-05    0.00139165329069262    0.00258281908943953
118.500000000024    0.00794835084918901    -0.00027072650548455    6.57351298302492e-05    6.04283506596896e-06    0.00159964014967293    0.00244326466540101
119.000000000024    0.00684667028947068    -0.00393765145734393    4.89158133890624e-05    2.19233683349977e-05    0.00142790732764487    0.00253343034944223
119.500000000024    0.00429418283693423    -0.00598587020933981    1.96406038769493e-05    4.24878655018024e-05    0.00109571786511348    0.00258015955683762
120.000000000024    0.0010815716008551    -0.00669331944349014    1.90781701897858e-06    5.11756722390932e-05    0.000859080840900506    0.00252490535792731
120.500000000025    -0.00222730908155472    -0.00634818969023604    5.63604764154145e-06    4.77249113999112e-05    0.000821670187341204    0.00272495854219694
121.000000000025    -0.00511987419152882    -0.00510105329277635    2.76471959208699e-05    3.32733635274167e-05    0.00119753253976122    0.00269306866449264
121.500000000025    -0.00706641693503126    -0.00245361400196242    5.23366961085244e-05    1.27184054855422e-05    0.00154998316404656    0.00258808497057499
122.000000000026    -0.00738474765511356    0.00122783787748387    5.70447990319375e-05    7.99865906167415e-06    0.00158439297594767    0.00254775846741603
122.500000000026    -0.005943356324279    0.00431405002819512    3.69390795503898e-05    2.56302942957265e-05    0.00127106064097768    0.00264938986371507
123.000000000026    -0.00333435986472194    0.00590064459928203    1.20033170024538e-05    4.18557841189018e-05    0.000940936392635152    0.00265295635694702
123.500000000026    -0.00022407217545919    0.00638025305944469    7.9270806073892e-07    4.6942563486281e-05    0.000861684235044315    0.00249698505877141
124.000000000027    0.00285316322320105    0.00573021889062772    8.90687641419294e-06    4.07403476087036e-05    0.000875406211975877    0.00281157234909522
124.500000000027    0.00539709964881186    0.00426224626738294    3.07642289726484e-05    2.52929833639888e-05    0.00127888402658071    0.00266950184869182
125.000000000027    0.0068683571292785    0.00144375287568337    4.95794565999469e-05    9.22537600596532e-06    0.00155084716998039    0.00267225628260489
125.500000000027    0.006727990731492    -0.00197706112437903    4.77313390514366e-05    1.03750520727438e-05    0.00157018462876007    0.00254288839377841
126.000000000028    0.00504670979276691    -0.00451095945260498    2.70966606686862e-05    2.77556489278376e-05    0.0012756884166115    0.00272156090227489
126.500000000028    0.00244186065394599    -0.00571874588391393    6.96548472425103e-06    3.95231945007865e-05    0.00100139965596233    0.00261134831380343
127.000000000028    -0.000506035736970003    -0.00591202968707787    9.33711982252913e-07    4.23031285522476e-05    0.000823188808938836    0.00271127894753704
127.500000000028    -0.00329656614489753    -0.00510665386526064    1.17830768720125e-05    3.41736012747728e-05    0.00095693705348259    0.00284529217747341
128.000000000029    -0.00549254917405989    -0.0034532749748938    3.21027632521253e-05    1.93259536158999e-05    0.00139092301104671    0.00272044951500156
128.500000000028    -0.00655122871532609    -0.000639062476605026    4.5672017674104e-05    7.8048630202942e-06    0.0016593432416444    0.00271964375815835
129.000000000028    -0.00607717565649203    0.0024518583090273    3.96487754107676e-05    1.24818432351627e-05    0.00164824496083205    0.00254366547871698
129.500000000027    -0.00427064214708246    0.00455643866784025    1.98909955715971e-05    2.86111567977799e-05    0.00128553927328573    0.00280178933254984
130.000000000027    -0.00172235127883557    0.00547649374428119    3.96737792397371e-06    3.70772565680904e-05    0.00100044190049558    0.00266181758145433
130.500000000026    0.00105315935491378    0.00546135499834945    1.7452343774594e-06    3.81853843713069e-05    0.000797552349765825    0.0028911910959517
131.000000000026    0.00359335334976354    0.00459317901230163    1.4131446890142e-05    2.95402635246218e-05    0.00110420043193488    0.00290567893711154
131.500000000025    0.00550174388905792    0.00283089345400056    3.28100483220163e-05    1.56554319836115e-05    0.00159400831278576    0.00276432165923365
132.000000000025    0.0062511302256267    5.05581754176317e-05    4.23653665373119e-05    6.96291819409232e-06    0.00181348764527586    0.00263824981095247
132.500000000024    0.00554937592701982    -0.00273843152189777    3.34104672350016e-05    1.49733807950415e-05    0.00161706340494567    0.00273393006401374
133.000000000024    0.00368951031603522    -0.00450136098027521    1.49950370338256e-05    2.82770849327985e-05    0.00117581914497737    0.00283104826134319
133.500000000024    0.00121526270360342    -0.00525985767984981    2.22976239907897e-06    3.51538227484654e-05    0.000867697505072757    0.00273636984638232
134.000000000023    -0.00142779218737752    -0.00515542670930095    2.72706106342527e-06    3.45071852595827e-05    0.000829741244659438    0.00281580551611951
134.500000000023    -0.00379815670975196    -0.00421688179840221    1.58474315231635e-05    2.54412395296785e-05    0.00119224038319866    0.00276751647293791
135.000000000022    -0.00548685370725541    -0.00234509723389625    3.25845781330733e-05    1.30882310753843e-05    0.00157448865612009    0.002754768599893
135.500000000022    -0.00599778676864361    0.000384720885094608    3.90291259501554e-05    6.61195893639083e-06    0.001748050293338    0.00254242969951243
136.000000000021    -0.00513089964095167    0.00293297935304661    2.86304158540001e-05    1.61315350372577e-05    0.00151798706466231    0.00274393278923883
136.500000000021    -0.00323906195558876    0.00444744343682964    1.17851653303899e-05    2.73147469206212e-05    0.00113738427026553    0.00274499431635517
137.00000000002    -0.000837446679715795    0.00502861304849963    1.40663702552501e-06    3.28273938050971e-05    0.000839833366899648    0.00274598700170927
137.50000000002    0.00166008196131741    0.00481088955363042    3.4531155071217e-06    3.11919867988151e-05    0.000835011011202988    0.00283678136302127
138.000000000019    0.00384730461186268    0.00384521189048247    1.63480227380808e-05    2.23590097364284e-05    0.00124349103801391    0.00275197297474387
138.500000000019    0.0053446594533741    0.00197641613661362    3.11768971282825e-05    1.12612109820209e-05    0.00161601746764736    0.00271200852449881
139.000000000019    0.00569481452951243    -0.000633504872629543    3.54773789209722e-05    6.95886431307601e-06    0.00174541295842166    0.00256076861302044
139.500000000018    0.0047617858666987    -0.00296681908167144    2.49418731569033e-05    1.62222736783672e-05    0.0015057451698783    0.00272401509081677
140.000000000018    0.00289987744451137    -0.00431515863562597    9.70064213601905e-06    2.59047917479328e-05    0.00113637711294854    0.00269892528561192
140.500000000017    0.000584814612136847    -0.00481901340358273    1.01679559729599e-06    3.08635318162285e-05    0.000821454482443927    0.00276417105699313
141.000000000017    -0.0017871137531472    -0.00453692480630222    3.96239598786173e-06    2.83508287735988e-05    0.000876709998331176    0.00278695928846446
141.500000000016    -0.00384273685474978    -0.00357580187363651    1.63407640224716e-05    2.04901353749345e-05    0.00125464635958477    0.00277556775010666
142.000000000016    -0.00520921218497945    -0.00172890623339026    2.98246834172021e-05    1.03084166672664e-05    0.00163975358790998    0.00270542046702739
142.500000000015    -0.00546017229021858    0.000766770845575584    3.30289959795762e-05    6.86399190513397e-06    0.00179318558456879    0.00250520545574795
143.000000000015    -0.00449788698093405    0.00293882903131317    2.25904212350049e-05    1.59998696246952e-05    0.00153604490225671    0.00271351313787239
143.500000000014    -0.00268256314570617    0.00416495394977793    8.50739866422644e-06    2.47275096184615e-05    0.00114509983561497    0.00271673852527083
144.000000000014    -0.000464772890980379    0.00459078335467135    8.86257550919296e-07    2.86866371906434e-05    0.000818684133673688    0.00275886668418679
144.500000000014    0.00179051286519144    0.00430165496168004    3.94946950876006e-06    2.64876073561599e-05    0.000862283705252513    0.00282548614344743
145.000000000013    0.00372980165398102    0.00335357684484783    1.56371572218716e-05    1.86146146514424e-05    0.00131367303536003    0.00271443124745182
145.500000000013    0.0049990750309437    0.00157236630591611    2.78081376731389e-05    9.34962649717248e-06    0.00167850722611912    0.00262245890286048
146.000000000012    0.00520025245725624    -0.000799243526757132    3.01320969567978e-05    6.92810155603357e-06    0.00175768920392607    0.00250784994387033
146.500000000012    0.00425803309844633    -0.00283957766316081    2.02706940888942e-05    1.51930490659673e-05    0.00146282200606558    0.00267017747740586
147.000000000011    0.00251246241037769    -0.00400195241305861    7.39292403174282e-06    2.33461206987087e-05    0.00103945017590164    0.00270748916568895
147.500000000011    0.000380032174255747    -0.00441750372703264    7.42160829765023e-07    2.67593102570926e-05    0.000773134125682907    0.00269164839433855
148.00000000001    -0.0017885576286893    -0.00413045222371183    3.92611593227985e-06    2.43731661604367e-05    0.000852747055777479    0.00270416911232835
148.50000000001    -0.00364632703448974    -0.00319697800975546    1.48202391596331e-05    1.73390912843256e-05    0.00123472195946391    0.00266803727287787
149.000000000009    -0.00484319164450675    -0.00145535355483891    2.59748544125878e-05    8.55427302843812e-06    0.00158693071908251    0.00253697044895203
149.500000000009    -0.0050110669226115    0.000809962842613318    2.78184171963836e-05    6.93615003993553e-06    0.00164548640027577    0.00250601481111371
150.000000000009    -0.00408877959820093    0.00275283378884727    1.86529197828478e-05    1.42372694805651e-05    0.00139097130818132    0.00258053785315114
150.500000000008    -0.00240061754364279    0.0038620764828946    6.73357497378343e-06    2.19463641515065e-05    0.000985195606434522    0.0026515522608048
151.000000000008    -0.000341522006445934    0.00426398287611757    6.28927119984796e-07    2.51857745214676e-05    0.000715744255371944    0.00264654955624181
151.500000000007    0.00174460522405951    0.00395908361970006    3.68815647285556e-06    2.2811189693693e-05    0.000802813231729409    0.00267148771023107
152.000000000007    0.00352164643585686    0.00305208250503442    1.38118339545365e-05    1.62847322055199e-05    0.00118736697585587    0.00263998571738234
152.500000000006    0.00466243114963525    0.00138227095461785    2.41488208517521e-05    8.22061109650826e-06    0.0015525967366522    0.00251195901728673
153.000000000006    0.0048155494457811    -0.000784967835378679    2.5931119210709e-05    6.51512273628126e-06    0.00165577859206668    0.00242877504798245
153.500000000005    0.00392913538836997    -0.00264645547071733    1.74460613889007e-05    1.35242026073282e-05    0.00141702381375876    0.00255352228281614
154.000000000005    0.00230651640240364    -0.00370603467644845    6.3883699107227e-06    2.05232796306542e-05    0.00103361114359593    0.00260549162493681
154.500000000004    0.000337149692016504    -0.00406855647808441    6.45629305361826e-07    2.35363692028977e-05    0.000729355462401566    0.00264257779214446
155.000000000004    -0.00164999415663818    -0.00376437186710097    3.33763809617233e-06    2.14030093153259e-05    0.000784319691982918    0.00268933333030784
155.500000000004    -0.00334206965589644    -0.00291521508256219    1.26039835730834e-05    1.54712982119709e-05    0.00119772867888332    0.00264060963309098
156.000000000003    -0.00443829612817191    -0.00135246132108453    2.21935845348095e-05    8.06714129403347e-06    0.00157959235673756    0.00249759677870623
156.500000000003    -0.00460886683285681    0.00068842041172194    2.40782424004877e-05    6.38995345088382e-06    0.00168421759801998    0.00243228920723018
157.000000000002    -0.00379021979092333    0.00247742804470588    1.6492565169584e-05    1.25169650353312e-05    0.00145835493144744    0.00252573065045266
157.500000000002    -0.00225915375743244    0.00351817503193182    6.23778239379248e-06    1.91471352762344e-05    0.00106489750402158    0.00260184160181322
158.000000000001    -0.000382143827601238    0.00389114118350549    7.28326704977098e-07    2.20462768502518e-05    0.000763081122819437    0.00262779320728996
158.500000000001    0.00152531633715735    0.00362984263300983    2.97389269188951e-06    2.01426494899413e-05    0.000804551280833237    0.00263948706182196
159    0.00316217138695494    0.00282774455491617    1.13331477497999e-05    1.48997763190948e-05    0.00115491119542733    0.00262747731697855
159.5    0.00423578636632881    0.00135940953527607    2.03131291033195e-05    8.06436367872339e-06    0.00153988407425445    0.00249326480625783
159.999999999999    0.00443190953842215    -0.000599233507148966    2.25004722712727e-05    6.08728114429392e-06    0.00169075430341473    0.00239336590353499
160.499999999999    0.00367559347250415    -0.0023264056573095    1.5823351522045e-05    1.16311798197151e-05    0.00152097473579607    0.0024937956085761
160.999999999999    0.00222818224624958    -0.00334104112078196    6.3357900032952e-06    1.75778835125549e-05    0.00117089447893196    0.00253284972744119
161.499999999998    0.000442304316504811    -0.00370574068249251    8.47568848105384e-07    2.06564226413397e-05    0.000807425377175251    0.00263133210284442
161.999999999998    -0.00138127304359165    -0.00348735538781667    2.52391190909095e-06    1.90134218138313e-05    0.000784854564959662    0.00261758938966702
162.499999999997    -0.00296009792292026    -0.00275093032151539    1.00332633693384e-05    1.44990513854751e-05    0.00112742345907007    0.00263276162074016
162.999999999997    -0.00402069422280133    -0.00138843487722824    1.85787381011377e-05    8.1977621696212e-06    0.00155330488567755    0.00250399895393696
163.499999999996    -0.00426245376743182    0.000457817138851422    2.12712972744476e-05    5.86131204935689e-06    0.00176147243945339    0.00237733369906936
163.999999999996    -0.00358920002957552    0.00215344575499337    1.5501872875319e-05    1.0534507647615e-05    0.00161849189772891    0.00242841080295653
164.499999999995    -0.00223035383257849    0.00315971925880492    6.49263496476586e-06    1.64293587589216e-05    0.00123213503572795    0.00253880542075577
164.999999999995    -0.000533993212117749    0.00353206396282468    9.57947878641024e-07    1.92989178227667e-05    0.000820243334659413    0.00261217189045474
165.499999999994    0.00121083055567306    0.00335227385743451    2.01394438146032e-06    1.81931952296091e-05    0.000740157920249988    0.00263731970272287
165.999999999994    0.00273614385669963    0.00268323817926606    8.73364774983363e-06    1.41970698582774e-05    0.00111676521493039    0.00264524152613827
166.499999999994    0.00379228493032831    0.00143355985426151    1.69263599692201e-05    8.1844052455054e-06    0.00159528523356322    0.0024757446131932
166.999999999993    0.00407955110099623    -0.000334674330731611    1.99825416119312e-05    5.46839820336969e-06    0.0018275131808804    0.00231438788791314
167.499999999993    0.00348185212798295    -0.00197542054200759    1.49257167909991e-05    9.62604829568965e-06    0.00167404377178725    0.00239243850033895
167.999999999992    0.00221465353768035    -0.00297362478335388    6.42249551686418e-06    1.53093676223138e-05    0.00123199238021348    0.00254301460281638
168.499999999992    0.00060927472145838    -0.0033604043915514    9.25377593424017e-07    1.81536890446243e-05    0.000744420517728945    0.0026194219533833
168.999999999991    -0.00106322952904869    -0.0032413072694024    1.57389336967471e-06    1.7522419027181e-05    0.000665910157779272    0.00264883865354237
169.499999999991    -0.00255144149855404    -0.00264251884399472    7.8053870907471e-06    1.37328460037754e-05    0.00113821499296198    0.00259806469567412
169.99999999999    -0.00360833163570493    -0.00148294813503493    1.57272670906084e-05    8.05114003039249e-06    0.00164536011176258    0.00241909174261517
170.49999999999    -0.00393961936500708    0.000203955302415137    1.89884104231606e-05    5.12657946043627e-06    0.00186220559606661    0.00225499039799575
170.999999999989    -0.00341989561345204    0.00180161267792491    1.44229982825693e-05    8.9256042315793e-06    0.00165145762151525    0.00238323225689808
171.499999999989    -0.00224177150049526    0.00280005022020083    6.33497283811288e-06    1.44607467822692e-05    0.001144304757344    0.00257302653437978
171.999999999989    -0.000714688343936272    0.00322809278698143    9.2896757240656e-07    1.72280125130659e-05    0.000646674681310617    0.00260910510936305
172.499999999988    0.0009067460158945    0.00317127677528196    1.27997878023305e-06    1.67794284428721e-05    0.000676602130422676    0.00259276533018887
172.999999999988    0.00237575366851078    0.00263608297913671    7.03319183658738e-06    1.32506577308862e-05    0.00117855264759151    0.00251032353651713
173.499999999987    0.0034482413452458    0.00154522589808856    1.45656169387394e-05    7.74227547430004e-06    0.00163561870974775    0.00231399057867063
173.999999999987    0.00383049542491823    -6.63169303852705e-05    1.78418031194924e-05    4.98747330412374e-06    0.00178019884259396    0.00223228030696595
174.499999999986    0.00339031869467034    -0.00162832146720503    1.38269977396617e-05    8.32373928049883e-06    0.00152732998668606    0.00238166086585351
174.999999999986    0.00229459007703376    -0.00265252502537856    6.32281119575823e-06    1.33469092889509e-05    0.00102842966416593    0.00251217441247444
175.499999999985    0.000829684473549322    -0.0031310969063324    1.052612834394e-06    1.61868516677855e-05    0.000603520098045775    0.00252647656449475
175.999999999985    -0.000759105089716048    -0.00313845468815917    1.05484355598763e-06    1.60501192852341e-05    0.000691811404036407    0.00249002438855644
176.499999999984    -0.00222665696601083    -0.00265971163126182    6.23677455218428e-06    1.29027479388348e-05    0.00113082859350997    0.00241426634350175
176.999999999984    -0.00332575223653465    -0.00163817354369823    1.33967263255648e-05    7.73939304026592e-06    0.00152843003986102    0.00224850627773042
177.499999999984    -0.00377225290722805    -9.3995988049258e-05    1.69405868543789e-05    4.84297924491146e-06    0.00164641879796376    0.00219866868789777
177.999999999983    -0.00341800109051696    0.00146201658478984    1.36960810960472e-05    7.49820157207091e-06    0.00141892552351137    0.00231532051298959
178.499999999983    -0.00239492211553468    0.00252984347084655    6.7127461033572e-06    1.22722931756622e-05    0.000988480735209396    0.00242325920790106
178.999999999982    -0.000977522364431527    0.00305718763471309    1.34470181952284e-06    1.51594540333468e-05    0.000623820364014386    0.00241102836970122
179.499999999982    0.000585741854695506    0.00311245411580494    7.35731919196379e-07    1.54895540292058e-05    0.000626608648882417    0.00240877217814692
179.999999999981    0.00204767293953556    0.00266448200514694    5.16510463771241e-06    1.2602485487242e-05    0.000985971688440489    0.00234585189888239
180.499999999981    0.00316904878013863    0.00172395526435112    1.18513011681968e-05    8.0413153916505e-06    0.00134477916302217    0.00225150919122409
180.99999999998    0.00368452722069486    0.000275809591370078    1.58671776606066e-05    4.74188036349855e-06    0.00151374925947635    0.00216004847927236
181.49999999998    0.00342794326959798    -0.00126396072536499    1.3695827942824e-05    6.50113158356578e-06    0.00139464435726168    0.00221439266353115
181.999999999979    0.00249594356032471    -0.00236878596867638    7.32552000061499e-06    1.10643855329441e-05    0.00104679785263851    0.00233521702793253
182.499999999979    0.00114895828976832    -0.00293979268009985    1.80000336062445e-06    1.41844407018874e-05    0.000692746857803846    0.00235415795984865
182.999999999979    -0.000366339077258046    -0.00304177972340843    4.85173777039151e-07    1.48397712922656e-05    0.000592426752867284    0.00236375705319453
183.499999999978    -0.0018068547410261    -0.00264531476113218    4.02600856858206e-06    1.24517698919601e-05    0.000872516196648278    0.00233539711965573
183.999999999978    -0.00294296968115957    -0.00180704510234066    1.01905401638957e-05    8.2906087434668e-06    0.0012367172755611    0.00224169505989852
184.499999999977    -0.00352889144404416    -0.000464526947229793    1.4533046682068e-05    4.85370425469491e-06    0.00144221075374577    0.00215358282171647
184.999999999977    -0.00338294840749096    0.00102891434852002    1.33672359265346e-05    5.71692351317591e-06    0.00138668525584898    0.00215829997372597
185.499999999976    -0.00255753841433257    0.00218469531163026    7.74917799764824e-06    9.9387241678398e-06    0.00109917025835923    0.00227284635714352
185.999999999976    -0.00128947176841715    0.00280910296942213    2.2433275460261e-06    1.31809316611041e-05    0.000761964634665718    0.00229997221032947
186.499999999975    0.00017419792918675    0.00296568262225229    3.55465182401975e-07    1.42832878654167e-05    0.000570193181184257    0.00234265115830067
186.999999999975    0.00159116576464529    0.00262190590978442    3.13184114423112e-06    1.21808777142969e-05    0.000774617746796371    0.00230358136703144
187.499999999974    0.00272889444468143    0.00184765561724534    8.74518188413276e-06    8.54450781924236e-06    0.0011394371390821    0.00226509967535738
187.999999999974    0.0033618827141638    0.000615402537557353    1.3295773534576e-05    4.8916044820134e-06    0.0014119200227997    0.00212435500770972
188.499999999974    0.00331038583325305    -0.000815873055428397    1.29318724195396e-05    5.23356472236554e-06    0.00140471280144275    0.00213726832189865
188.999999999973    0.00258895082763095    -0.00199246415803577    8.00312139330095e-06    8.89823348229717e-06    0.00114037494071466    0.00221998199570176
189.499999999973    0.001404312776387    -0.00266643752015247    2.56177669453107e-06    1.23631398707439e-05    0.000767907755272283    0.00229199712518734
189.999999999972    -6.60000312287914e-07    -0.00287456107337223    2.89005882893833e-07    1.36311767445767e-05    0.000537592268632484    0.00231691074062635
190.499999999972    -0.00138808852097333    -0.00259579098284032    2.45803699076288e-06    1.1981048719346e-05    0.000728867099480392    0.00228974188343378
190.999999999971    -0.00253396447285947    -0.00191495752028966    7.61730662871353e-06    8.58643338246766e-06    0.00109376902452007    0.00221796552677307
191.499999999971    -0.00322073671876497    -0.000765140455366748    1.2208898984451e-05    5.00716701555923e-06    0.0013548999862905    0.00210279031268465
191.99999999997    -0.00325337398276212    0.000637539416123156    1.24406735674551e-05    4.72962278046008e-06    0.00136243579508969    0.00207922251655503
192.49999999997    -0.00262213991418206    0.00181602037749134    8.1097102497912e-06    8.11945007217998e-06    0.00111089716906854    0.00219579599706261
192.999999999969    -0.00151817395320136    0.00252190855898941    2.86471623358523e-06    1.14128632727813e-05    0.000748240657413238    0.00224785241794857
193.499999999969    -0.000173180983647004    0.00278400606755507    2.84789144441824e-07    1.2918227643347e-05    0.000504774693645472    0.00227322191155276
193.999999999969    0.00118952057776349    0.00258628752191244    1.86840582644059e-06    1.17255915437448e-05    0.000673384452981952    0.00224426121424063
194.499999999968    0.00234719073101438    0.00197748950283541    6.54101933501133e-06    8.64208806575016e-06    0.0010157337285192    0.00217522948948518
194.999999999968    0.00308591556602547    0.000906405224582579    1.11660997792947e-05    5.11859935342546e-06    0.00128188334050192    0.00207292762108928
195.499999999967    0.00320548254340507    -0.000442407822928681    1.20070810384121e-05    4.40159027418631e-06    0.00131604053977736    0.0020508207119097
195.999999999967    0.00267404572692829    -0.00162343758681582    8.34909911984764e-06    7.21128999182005e-06    0.00109479613177256    0.00213909803270763
196.499999999966    0.0016562047238612    -0.00237162954643634    3.31032316935496e-06    1.04823237905526e-05    0.000753199231289303    0.00220401839489211
196.999999999966    0.00037329884832816    -0.00269142452104246    3.78774530137432e-07    1.22186285784049e-05    0.000489308185067756    0.00223044000724886
197.499999999965    -0.000960994880389523    -0.00256636987024451    1.29081153089472e-06    1.14221034029638e-05    0.000606053108860809    0.0021990564094777
197.999999999965    -0.00212714932078225    -0.00204236229472735    5.39975370246353e-06    8.79676824167518e-06    0.000935408717919154    0.0021507032567863
198.499999999964    -0.00292676425987378    -0.00108415098125739    1.00369936175359e-05    5.46467714859988e-06    0.0012128662682511    0.00207106103204095
198.999999999964    -0.0031579615285867    0.000184880618007766    1.16246783296793e-05    4.10871627024668e-06    0.00128528491535754    0.00201854785113748
199.499999999964    -0.00275298109793208    0.00138694236815929    8.79299803754387e-06    6.34168300357456e-06    0.00110185893469742    0.00210192147117329
199.999999999963    -0.00183834549526185    0.0021992003160173    3.9981237752861e-06    9.47867267456651e-06    0.000786517396715788    0.00215457435346193
200.499999999963    -0.000623603746286408    0.00259368565633982    6.49536642596134e-07    1.14449105619367e-05    0.000510543837700242    0.00217202791833664
200.999999999962    0.000685139562504794    0.00256354433049894    7.4336181790041e-07    1.12522672633775e-05    0.000523398125513599    0.00216344811098955
201.499999999962    0.00186771806609728    0.002110027083717    4.13428977546889e-06    8.9887446519233e-06    0.000803690861614555    0.00212991322778746
201.999999999961    0.00273270968006211    0.00127221701384059    8.674301739518e-06    5.86298024571797e-06    0.00109845325071795    0.00206020487219414
202.499999999961    0.00307854754377538    6.96028983960063e-05    1.10226182719209e-05    3.95951450820644e-06    0.00124304597366128    0.00198863519649566
202.99999999996    0.00280185922235567    -0.00114469877783232    9.18127452280843e-06    5.44419316002476e-06    0.00115362880551281    0.00203318908812091
203.49999999996    0.0019927290006652    -0.00202019194338166    4.75541316864817e-06    8.46306246280426e-06    0.000885688601347024    0.00209329572079535
203.999999999959    0.000853090936161307    -0.00247300667749617    1.06612430997688e-06    1.06559335498163e-05    0.000581687342664686    0.00213076782472321
204.499999999959    -0.000414461516012305    -0.00252496542026949    3.88043893542907e-07    1.09147482710524e-05    0.000465043595039958    0.0021305628123798
204.999999999959    -0.00159787309460373    -0.00214619452231575    2.99897780666085e-06    9.1743690622873e-06    0.000667667117808236    0.00213733903128847
205.499999999958    -0.00250724792064121    -0.0014209486878127    7.27801024931481e-06    6.33588119622082e-06    0.000995850447484536    0.00207768766248062
205.999999999958    -0.00295604941651385    -0.000324400482627708    1.02264154184183e-05    3.98319573557596e-06    0.00121991281063297    0.00196925368158774
206.499999999957    -0.0028126640982298    0.00088349119055727    9.39713722943964e-06    4.68088130110432e-06    0.00121903974503245    0.00197492395228576
206.999999999957    -0.00211926973783385    0.0018212894133036    5.50963290746835e-06    7.51476569638848e-06    0.00100912273077659    0.00204882175148955
207.499999999956    -0.00106470285951705    0.00232600836941677    1.61695984233578e-06    9.91843253257801e-06    0.000695246476634002    0.00212323281765828
207.999999999956    0.00014122352198224    0.00243468195543049    2.32921987775079e-07    1.05762937480249e-05    0.000461495292082174    0.00215606528749156
208.499999999955    0.00130155267234885    0.00214202182286026    2.06713249064097e-06    9.22146640103618e-06    0.00061081349996748    0.00215248900378762
208.999999999955    0.00223307385768    0.00152779118880967    5.92262784427088e-06    6.77843204172579e-06    0.000967475576134642    0.00210814755772012
209.499999999954    0.00276594517186072    0.000549300460413746    9.2021795718876e-06    4.23345661715369e-06    0.00124568329769167    0.00198285794280451
209.999999999954    0.00274866461830295    -0.000616792025871045    9.23193907569472e-06    4.14939309542566e-06    0.00129490613242204    0.00194138113008434
210.499999999954    0.00218332271950175    -0.00158577088341446    5.95711567398861e-06    6.64841661753519e-06    0.00109097093292906    0.0020331619027638
210.999999999953    0.00123135616560894    -0.00215501323875307    2.06809179665789e-06    9.14745524173991e-06    0.000742868622351709    0.00212211526136987
211.499999999953    9.18951508050428e-05    -0.00234264356876701    2.16165837701474e-07    1.01597831243095e-05    0.000455764323921906    0.0021614356881536
211.999999999952    -0.00104651042286996    -0.00214136636182094    1.42741896762726e-06    9.20596630290464e-06    0.000576398215170557    0.00214953864988894
212.499999999952    -0.00199622710810385    -0.00161228592166985    4.87337762726077e-06    6.96736582057235e-06    0.000942578888015268    0.00208995213518338
212.999999999951    -0.00259365555448282    -0.000721516510155085    8.2568468236272e-06    4.34980685401537e-06    0.00123684990533516    0.00195683948743605
213.499999999951    -0.00267776030552337    0.000393541379165139    8.84629550341446e-06    3.867360089229e-06    0.00129456372943854    0.00192678106491469
213.99999999995    -0.00222399782584841    0.00137364460763728    6.14327389065914e-06    5.92544676255508e-06    0.0010941241068913    0.00200961370777175
214.49999999995    -0.0013656644827582    0.00199580582031196    2.40800833334714e-06    8.42564245177552e-06    0.000736864203147306    0.00210770054310009
214.999999999949    -0.00028799905453579    0.00225780365139036    2.79341039290452e-07    9.60564215144703e-06    0.000443167670162144    0.00212319684043081
215.499999999949    0.000829199420406102    0.00214275494053906    9.86734932824035e-07    9.04180901729347e-06    0.000546958183065414    0.00210959955491295
215.999999999949    0.00179687410521516    0.00168323370304403    4.04030395657224e-06    7.01966101373218e-06    0.000900859260139714    0.00204606581386544
216.499999999948    0.0024524563140695    0.000880199110100447    7.42433243776857e-06    4.55724845720247e-06    0.00118734597542132    0.00194486451553337
216.999999999948    0.00263293310115932    -0.00017596620965425    8.52058906139483e-06    3.60257700358528e-06    0.00126025884095863    0.00188987113228527
217.499999999947    0.00228697832043563    -0.00116987770867091    6.38558688106726e-06    5.32049127552211e-06    0.00107485675460718    0.00198793295215835
217.999999999947    0.00151768774619564    -0.00184380537222208    2.86397791243266e-06    7.61303235192217e-06    0.000748733475597472    0.0020526602498434
218.499999999946    0.000500299129240602    -0.00216969596587818    4.60262728975351e-07    9.00894455586378e-06    0.000458217754191657    0.00207397299199284
218.999999999946    -0.000593763344463828    -0.00214233007143577    6.0193800734489e-07    8.87958005598127e-06    0.000499382717077814    0.00207123198145531
219.499999999945    -0.00158067668838635    -0.00175592823848804    3.16300391384291e-06    7.13190524637263e-06    0.000815147299961721    0.00201211860178592
219.999999999945    -0.0022972081382459    -0.00105024357664755    6.49100587208992e-06    4.86752004687691e-06    0.00110174436312    0.00194023412932241
220.499999999944    -0.00258068115394428    -5.72129052043725e-05    8.14209598647713e-06    3.47774545111388e-06    0.00121744846632371    0.00186399359832376
220.999999999944    -0.00235354607102847    0.000944850934486498    6.72908264257979e-06    4.63685995875291e-06    0.00109082699550673    0.00193497200764065
221.499999999944    -0.00168144634848935    0.001680782090404    3.48219034371614e-06    6.88905205953443e-06    0.000809276541651846    0.00201594236626735
221.999999999943    -0.000729723961763575    0.00207053988601469    8.09996857532007e-07    8.36360633362227e-06    0.00052678249511547    0.00201902721973839
222.499999999943    0.000333543466318809    0.00212514566149988    3.15092788119613e-07    8.62983187178383e-06    0.000451488144025562    0.00202819816319611
222.999999999942    0.00133416452052357    0.0018221402507505    2.25337988746797e-06    7.29942412959579e-06    0.000688029737470762    0.00199480050034851
223.499999999942    0.00210662667006074    0.00121422588022984    5.39746941605161e-06    5.2850335024307e-06    0.000979588428392462    0.00195209861795217
223.999999999941    0.00249555412686815    0.000299960813903194    7.58518453535625e-06    3.57946877972693e-06    0.00116507258796506    0.0018680182787782
224.499999999941    0.0023925841270365    -0.00070049099970728    7.03110503435201e-06    3.97873866392782e-06    0.00114308627382408    0.00186763246471486
224.99999999994    0.00183226974440259    -0.00148967403225252    4.21307325815121e-06    6.01106588150543e-06    0.000925127473323587    0.00194728969574071
225.49999999994    0.000958825407742113    -0.00195134017967364    1.31029584833349e-06    7.79433551818263e-06    0.000625259694688262    0.00199664894795602
225.999999999939    -6.34902285592249e-05    -0.00208024573216538    1.77762363806717e-07    8.37718438178605e-06    0.000416810933978721    0.00201240206608763
226.499999999939    -0.00106305068465352    -0.00185704007198439    1.43539487700333e-06    7.46939382455666e-06    0.000552555987082773    0.00200519225901181
226.999999999939    -0.00187529177419525    -0.00134800698361172    4.26827627660886e-06    5.67756118821052e-06    0.00086692389414786    0.00196479982704207
227.499999999938    -0.00235622645474488    -0.000530646393291523    6.81407523787861e-06    3.80192390710953e-06    0.00112350884813561    0.00187625646231964
227.999999999938    -0.00237914536115437    0.000437493975986657    7.07209231121972e-06    3.55701242789548e-06    0.00118817492892139    0.00183456028760869
228.499999999937    -0.00194048827347199    0.00127487209204972    4.8074700057622e-06    5.25412136280882e-06    0.00102077189728161    0.00190494685272886
228.999999999937    -0.00115788978054802    0.00179637777348896    1.85086607319832e-06    7.14436953392102e-06    0.000714252986903647    0.00197924137710281
229.499999999936    -0.000196973313434728    0.00199716677293856    2.17915665045781e-07    8.07480082095003e-06    0.000423222375165026    0.00202141675614412
229.999999999936    0.000784081052927816    0.00186786356273694    8.50191205759086e-07    7.5737677218872e-06    0.00048518873461643    0.00202110203425925
230.499999999935    0.00162253744633666    0.00144729725395345    3.30461214837152e-06    5.96262686629872e-06    0.000819746536196906    0.00196671236458144
230.999999999935    0.00218181333019447    0.000739357725633784    6.00394189813843e-06    3.9970282861807e-06    0.00111518271611613    0.001857519431857
231.499999999934    0.00232411696017335    -0.000184305347236449    6.87936750944292e-06    3.27434179715947e-06    0.00121566766218301    0.00180010370149598
231.999999999934    0.00200696751695466    -0.0010494165978378    5.16907618591112e-06    4.62825658186818e-06    0.00106824977032526    0.00187802592794953
232.499999999934    0.00132297983008144    -0.00163312480760765    2.32032295911088e-06    6.51353598542618e-06    0.000755014786814519    0.001961234139057
232.999999999933    0.00042508919020257    -0.00190903980314399    3.7076521862901e-07    7.63979418498485e-06    0.000435963758817099    0.00199883996733025
233.499999999933    -0.000535210964511314    -0.00187851117212132    4.88252827909126e-07    7.49852648040954e-06    0.000449223832154968    0.001992416185596
233.999999999932    -0.00140210427093952    -0.00154578684149678    2.55664353278962e-06    6.16033532902311e-06    0.000768600771664189    0.00194187496242124
234.499999999932    -0.00203318464091557    -0.000925884785033385    5.26543347059812e-06    4.2599328396751e-06    0.00106376392425346    0.00184463281021421
234.999999999931    -0.00228605299999212    -5.81075915663923e-05    6.61038453568175e-06    3.20238392847612e-06    0.00117658243098764    0.00178857693048928
235.499999999931    -0.00208826161357463    0.000826082482478877    5.46988041839042e-06    4.06888462812114e-06    0.00105311150960432    0.00184023703915085
235.99999999993    -0.00150189951495922    0.00146952590577    2.82849125829337e-06    5.86792981082194e-06    0.000756828319540578    0.0019257267259642
236.49999999993    -0.000664423471315115    0.00183167417788769    6.39228907971832e-07    7.20771106501621e-06    0.000444713794183861    0.00196282469188557
236.999999999929    0.000280501766835448    0.0018962478529353    2.49356345406877e-07    7.39179944432987e-06    0.000413128435488372    0.0019483437901377
237.499999999929    0.00117476050648372    0.00163172581771632    1.83743026684439e-06    6.30800986042807e-06    0.000676289892908722    0.00190931420049872
237.999999999929    0.0018681350123054    0.00109231443610039    4.40771963817662e-06    4.49817295911889e-06    0.000958014203430893    0.001817971983229
238.499999999928    0.00222186553625685    0.00028254035972226    6.13718359188837e-06    3.19281112421325e-06    0.00109567199958859    0.00176436449446855
238.999999999928    0.00213787495062745    -0.000607707680341584    5.63027741350296e-06    3.58222057180649e-06    0.00102945039170551    0.00179245974768203
239.499999999927    0.00164585677258557    -0.00131461065491362    3.33135067367945e-06    5.24006928060531e-06    0.000788990594249171    0.00187399789396704
239.999999999927    0.000870510157791949    -0.00174081073297548    1.00662154718951e-06    6.6513141179809e-06    0.000498832248727511    0.00190286418588881
240.499999999926    -4.56110416803598e-05    -0.00187417453093643    1.34832104447272e-07    7.13860971556546e-06    0.000364351118186982    0.00190422675728356
240.999999999926    -0.000948609959801851    -0.00168242818237179    1.21046853101169e-06    6.34873906724806e-06    0.000557321877532567    0.00187567973769757
241.499999999925    -0.00168544905201257    -0.00122104045241409    3.53516094689686e-06    4.85844074061293e-06    0.000833320130542147    0.00183507519033453
241.999999999925    -0.00212283569738135    -0.000489921220033781    5.55887964441132e-06    3.34445227953481e-06    0.00102588900293099    0.00176193912428762
242.499999999924    -0.00215201944087151    0.000372282342384272    5.71137473378702e-06    3.20678883801483e-06    0.00103932047988004    0.00175162630020325
242.999999999924    -0.00176762319824005    0.00112854258238499    3.8804992908485e-06    4.5621146612572e-06    0.000869486929109418    0.00181342391651843
243.499999999924    -0.00107107011214479    0.00161006737675701    1.51229238468909e-06    6.06218332865824e-06    0.000604236046226335    0.00186275773276103
243.999999999923    -0.000204526907526681    0.00180817797187359    1.85792497485227e-07    6.83688454911248e-06    0.000379422247084695    0.00188875010817832
244.499999999923    0.000686601768286938    0.0017033248245545    6.73676361549982e-07    6.49403010188652e-06    0.000449726998672786    0.00189544576391489
244.999999999922    0.00145374178303261    0.00132721124955224    2.64964943731327e-06    5.17030105845471e-06    0.000732314321571297    0.00184629666021382
245.499999999922    0.00197160023343863    0.000704268572141251    4.83867660162241e-06    3.60449269786524e-06    0.000975432786575855    0.0017630934394295
245.999999999921    0.00212495958846685    -0.000105020707014752    5.63399971296506e-06    2.97905448624042e-06    0.0010576135685343    0.00172279573291164
246.499999999921    0.00187240102594272    -0.000881707856007945    4.38524133174699e-06    3.93594132549811e-06    0.000937739691916498    0.00177722609201868
246.99999999992    0.00128229716016954    -0.00143491837674384    2.0988132722696e-06    5.44824169587743e-06    0.000674186372815962    0.00184099183810257
247.49999999992    0.00048116351097517    -0.00172445188637644    3.97801367931199e-07    6.4620146318976e-06    0.000407778179452072    0.00186769385164441
247.999999999919    -0.000396491242979174    -0.00173465513113998    3.14439408115516e-07    6.47176728162272e-06    0.000396527555607861    0.00186084358763235
248.499999999919    -0.0012016950301153    -0.0014474854176196    1.84465068561142e-06    5.4124333083758e-06    0.000632913690962364    0.00182132349519639
248.999999999919    -0.00180609072825718    -0.000920568222223137    4.03160226082556e-06    3.94128289621871e-06    0.00087729045482612    0.001758930653679
249.499999999918    -0.00208273143626723    -0.000159389707099208    5.33544888428457e-06    2.95175992691632e-06    0.000998838649967468    0.00171065918528126
249.999999999918    -0.00195845973143008    0.000645211010633449    4.71639220176784e-06    3.42562429069694e-06    0.000938524204341404    0.00173474120330795
250.499999999917    -0.00146659430051718    0.00128010357228967    2.69071701784445e-06    4.80954435962188e-06    0.000734723196540697    0.00178069626939383
250.999999999917    -0.000722698605841016    0.00164890102693856    7.53379336766825e-07    6.02253503358099e-06    0.000480714116583106    0.00181759743533653
251.499999999916    0.00013632782103322    0.0017374191651317    1.43530304721963e-07    6.36755974077276e-06    0.000353475642632272    0.00183000939489551
251.999999999916    0.000961852607286322    0.00151717048964269    1.19001126055179e-06    5.58169744386322e-06    0.000514636592566337    0.00181104697598395
252.499999999915    0.00161570039432912    0.00106024196730851    3.20543450055427e-06    4.30256783896554e-06    0.000771327904538003    0.00178282214752995
252.999999999915    0.00198161536221553    0.000369979730094731    4.84357525524784e-06    3.0311516283267e-06    0.000957484105079178    0.00170125442766381
253.499999999914    0.00196564438819444    -0.000432996426628489    4.81638788712071e-06    3.04563958039678e-06    0.00097602767700533    0.00169060748694774
253.999999999914    0.00157172031002226    -0.00110397342945193    3.15437016645613e-06    4.26433891813296e-06    0.00082708248289978    0.00174515947271219
254.499999999914    0.000902395450700188    -0.00152527562553557    1.1566641062517e-06    5.52640340127871e-06    0.000585103885482999    0.00178883695943084
254.999999999913    9.16881942807978e-05    -0.00167211056917397    1.46762819168536e-07    6.1283307581531e-06    0.0003719624903106    0.00182547993760814
255.499999999913    -0.000721848311061822    -0.00153468768404785    7.12007474616686e-07    5.70145103064657e-06    0.00043696966763596    0.00182925797608714
255.999999999912    -0.00140408846581343    -0.00115900036753264    2.47598724128693e-06    4.57948058043831e-06    0.000710297699177341    0.00179894378136103
256.499999999912    -0.00184258974464398    -0.000560860665819562    4.3094413230647e-06    3.23802333499075e-06    0.000956192635402257    0.0017098124600456
256.999999999911    -0.00193895629694908    0.000185206404200244    4.83431625695276e-06    2.81237773986391e-06    0.00103670860682945    0.00166675622923903
257.499999999911    -0.00166615973493863    0.000877704588943077    3.6223874243179e-06    3.68887906023632e-06    0.000919945195099762    0.00170836580239262
257.99999999991    -0.00109855177991658    0.00135238292474935    1.64530714444163e-06    5.0140279677802e-06    0.000662186628741279    0.00178468159418609
258.49999999991    -0.000355495700480853    0.00157834790072086    2.86275973022118e-07    5.82484336244625e-06    0.000399873454935116    0.00182583166440291
258.999999999909    0.000438290321621241    0.00155194550886978    3.51900825105415e-07    5.7361469119962e-06    0.000399752947554566    0.0018241743473405
259.499999999909    0.00115343613815432    0.00127417690741191    1.7661389806375e-06    4.79232529933852e-06    0.000660093975004434    0.00178011193691766
259.999999999909    0.001676144263618    0.000774557132224796    3.63742356660946e-06    3.52720085432491e-06    0.00090992525745246    0.00171092434176518
260.499999999908    0.00189685704953694    8.45685414965464e-05    4.63652437080534e-06    2.73116219979298e-06    0.00101904744954655    0.00165045762186799
260.999999999908    0.0017552842752405    -0.000636357127567364    3.95384773272164e-06    3.22390528287647e-06    0.000934250954409502    0.0016789743562874
261.499999999907    0.00129022675491914    -0.00118535586698294    2.15013081526436e-06    4.48542633997711e-06    0.000696739360274117    0.00175509481469983
261.999999999907    0.000609865766083926    -0.00149605004747785    5.53322458001477e-07    5.45398246524933e-06    0.000425894594190092    0.00179326984045649
262.499999999906    -0.000166983026721847    -0.00156884745751256    1.49814939477022e-07    5.66565713249356e-06    0.000349187067721347    0.00179007675465326
262.999999999906    -0.000913212249894948    -0.00137441919268715    1.14926898337158e-06    4.99514583082966e-06    0.000561526820386517    0.00176241814380211
263.499999999905    -0.0015054347409492    -0.000956922846814741    2.93144459958343e-06    3.85541424354466e-06    0.000815543279248043    0.00171455910040705
263.999999999905    -0.00183324837013952    -0.000322517290301847    4.30611160475709e-06    2.80454412587489e-06    0.000972271576329308    0.00164332794150506
264.499999999904    -0.00181048945108627    0.000411029572454387    4.19585214703596e-06    2.88286865511079e-06    0.000958112777569169    0.00164739896372395
264.999999999904    -0.00144425271983722    0.00101893400874643    2.7016222894149e-06    3.95266718956761e-06    0.000784701453202228    0.00170717329975241
265.499999999904    -0.000830791113466647    0.00139522189586285    9.72861626462026e-07    5.0201926047517e-06    0.00053164626608947    0.0017531538626306
265.999999999903    -8.75821409062881e-05    0.00153772427164728    1.22455290619846e-07    5.51827682258043e-06    0.000338798847716631    0.00177586060459915
266.499999999903    0.000663959011935629    0.00142414065531089    6.3604818813e-07    5.13547281176471e-06    0.000441821930872001    0.00176275245160952
266.999999999902    0.00129838761007123    0.00108223329871896    2.18264619786641e-06    4.17929417608583e-06    0.000704865811257665    0.00173437748579417
267.499999999902    0.0017111490468506    0.000536565986837801    3.79041625051526e-06    3.03315262492603e-06    0.000928646967354944    0.00165687946655597
267.999999999901    0.00181120024786885    -0.000148250467224651    4.27551951690846e-06    2.65699980887607e-06    0.000997533547820958    0.0016232749637211
268.499999999901    0.00157096659382804    -0.000787532782544543    3.24243084855426e-06    3.42832914708537e-06    0.000880053867459596    0.00167574498761089
268.9999999999    0.00105690691295978    -0.00123218383934581    1.52222058553364e-06    4.5114932038946e-06    0.000636528367687926    0.00173009138196502
269.4999999999    0.000376064076080112    -0.00145535472063864    2.87097846158639e-07    5.23850652891972e-06    0.00038167218504975    0.0017664793137862
269.999999999899    -0.000360968527854937    -0.00145179830181777    2.73790153297958e-07    5.19295406173058e-06    0.000378803214342483    0.00175648391753799
270.499999999899    -0.0010363593040376    -0.00121634152811947    1.45771205057719e-06    4.42547467502431e-06    0.000619412175785953    0.00171638805693709
270.999999999899    -0.00154359434008247    -0.000774421857710754    3.11158027244426e-06    3.32587103305952e-06    0.000853754523097616    0.00165110321281237
271.499999999898    -0.00177834657349153    -0.000141574562585467    4.08985824732747e-06    2.60490504461302e-06    0.000962985831608329    0.00160775050547084
271.999999999898    -0.00167836927432474    0.000529980215685357    3.62247607541873e-06    2.93941508573378e-06    0.000897525851673024    0.001630501780654
272.499999999897    -0.00127144676823172    0.00106441762531898    2.09282196630389e-06    3.97677934778632e-06    0.000690105123772453    0.00168635537971586
272.999999999897    -0.00065061083081105    0.00138013959762935    6.16679315405861e-07    4.88607849573618e-06    0.00043975545731374    0.00172664217103362
273.499999999896    7.16977845508062e-05    0.00147104277873142    1.17325520836804e-07    5.12385939724903e-06    0.000334940216348098    0.00172043382331061
273.999999999896    0.000778858843830473    0.00131683512736757    8.56728039147743e-07    4.64121824039395e-06    0.000500106929100969    0.00170504061175234
274.499999999895    0.00135335704913989    0.000948357685366339    2.37998291212682e-06    3.66395575885152e-06    0.000740545481162498    0.00166270065239
274.999999999895    0.00169422551057984    0.000383689426147513    3.68591711968672e-06    2.69721209331976e-06    0.00090305982027061    0.00159687022565466
275.499999999894    0.00171816101269452    -0.000287940741554386    3.78659985267305e-06    2.62154388186098e-06    0.000913522078074529    0.00159330913862128
275.999999999894    0.00142225717725461    -0.000868663350546158    2.60917715027084e-06    3.4686552548826e-06    0.000765742562496435    0.00164744627781926
276.499999999894    0.000881113504348101    -0.00125726212559396    1.05778658710779e-06    4.42717996890863e-06    0.000530495598062036    0.00168714904986358
276.999999999893    0.000200495738849767    -0.00142970601146181    1.53922418503531e-07    4.96410733539441e-06    0.000337229709851634    0.00170881481038303
277.499999999893    -0.000509341657030847    -0.00136652427845669    4.16538833554948e-07    4.76456685325461e-06    0.000396370924725842    0.00170210994052765
277.999999999892    -0.00112862950322948    -0.0010825290272514    1.66744853781522e-06    3.96362043472505e-06    0.000627410537252292    0.00167085347648535
278.499999999892    -0.00155814547363333    -0.00060347532935369    3.12847801845692e-06    2.96916657979574e-06    0.000837054778047938    0.00161399631556494
278.999999999891    -0.00170803882974772    1.83857299724432e-05    3.76379443108986e-06    2.48517297625291e-06    0.000919998797370893    0.00157633592269741
279.499999999891    -0.00154010963228295    0.000636179411781037    3.06575259433353e-06    2.96738980847702e-06    0.000832955529955118    0.00160083277218545
279.99999999989    -0.0010985828520716    0.00109553359562735    1.58657398229022e-06    3.96551560227647e-06    0.000616189661893519    0.00166292565772745
280.49999999989    -0.000478477022797606    0.00135019188280294    3.72577537414038e-07    4.68934843186199e-06    0.000378995087130133    0.00169302401385067
280.999999999889    0.000216536389946523    0.00139104782959022    1.54008141472716e-07    4.79717566348161e-06    0.000327292122272509    0.00169179242204058
281.499999999889    0.000871992946855277    0.00119655311286791    1.03461591701983e-06    4.21188652594352e-06    0.000523683318098329    0.00166737733402779
281.999999999889    0.00138318922431026    0.000812850627009948    2.47361534301286e-06    3.24501345442844e-06    0.000748600636364173    0.00160757186856388
282.499999999888    0.00165419894385658    0.000249262624772141    3.50078404604826e-06    2.49422949117039e-06    0.000874305381541269    0.00155951839843655
282.999999999888    0.0016216547482583    -0.000378117227833808    3.33800893216978e-06    2.60561252502549e-06    0.000841572818965226    0.00156928005373189
283.499999999887    0.00129300915105197    -0.0009104325008735    2.11859376219422e-06    3.43839185964035e-06    0.000668371975392514    0.0016153960879591
283.999999999887    0.000743912118421563    -0.00125179723362868    7.46609866911676e-07    4.30017181565976e-06    0.000439550482854038    0.00165323183538769
284.499999999886    7.54845852054556e-05    -0.00138694992079717    9.7053751130864e-08    4.6903646940827e-06    0.000302251267205324    0.00166335041746574
284.999999999886    -0.000603420764895943    -0.0012868766588939    5.42847216455595e-07    4.37438860108891e-06    0.00042276541597911    0.00164873802221062
285.499999999885    -0.00117714258505225    -0.0009807081244876    1.79191132587933e-06    3.53284291555797e-06    0.000637374819345599    0.00160345080689181
285.999999999885    -0.0015507141248504    -0.000484858702156337    3.0341425542092e-06    2.65326911068608e-06    0.000793365147456498    0.00155505020807347
286.499999999884    -0.00164026820586783    0.000133375019830493    3.3713356525288e-06    2.37482283366383e-06    0.000825139906529754    0.00153526347502604
286.999999999884    -0.00142685910794341    0.000701739765889734    2.54473620802774e-06    2.99857594402676e-06    0.000713308694820614    0.00158307840772205
287.499999999884    -0.000963200196265305    0.00112057511735906    1.19451678213044e-06    3.89588352303202e-06    0.000516490236156424    0.00162486766519238
287.999999999883    -0.000340412340674282    0.0013364383071134    2.28061527744197e-07    4.4756857464366e-06    0.000334934271254605    0.0016400056090503
288.499999999883    0.000335471605954201    0.00132675774385258    2.26742002479327e-07    4.46327535002511e-06    0.000337936094665599    0.00164407701740287
288.999999999882    0.000948824418353807    0.00109437865646438    1.17953676464868e-06    3.76656365732339e-06    0.000528459069166423    0.00160277852917944
289.499999999882    0.00139827694834648    0.000671798469156187    2.46934506409257e-06    2.90423359780369e-06    0.000717054140086657    0.00156618019864992
289.999999999881    0.00159634315589989    0.000105128371167544    3.20760220757249e-06    2.3413298976391e-06    0.00081196720142138    0.00152652478630868
290.499999999881    0.00150159564204207    -0.000475923272841154    2.8412748279566e-06    2.61943832163263e-06    0.000765823318890762    0.0015469115553259
290.99999999988    0.00113970092923455    -0.000942992094686838    1.66149296727534e-06    3.41991188652014e-06    0.000602141809856482    0.00159081042109934
291.49999999988    0.000588162791776962    -0.00123641824150247    5.04400375514879e-07    4.15220299923289e-06    0.00039807650757613    0.00161971384241564
291.999999999879    -6.2846002419995e-05    -0.00132820869524186    9.67995013505721e-08    4.40393906372878e-06    0.000304712784980214    0.00162474635731633
292.499999999879    -0.000700635387230317    -0.00118450572575826    6.7782992857006e-07    4.00353753990395e-06    0.00043236556607885    0.00161260153960917
292.999999999879    -0.00121698092551968    -0.000852629134868009    1.88014502559351e-06    3.21438821092982e-06    0.000631745559948601    0.00157715305829969
293.499999999878    -0.00152595164664664    -0.000360553049568813    2.92678392632576e-06    2.43745409911659e-06    0.000773469778609459    0.00151903113778593
293.999999999878    -0.0015627974512322    0.000217727362763653    3.05907395925683e-06    2.34449622670944e-06    0.000785326738166327    0.0015156157237946
294.499999999877    -0.00131678198210084    0.000746551922027721    2.18678139003668e-06    2.94396730022856e-06    0.00067295364004608    0.0015448713629119
294.999999999877    -0.00084505299166748    0.00110965127310682    9.48036865281115e-07    3.74368252779314e-06    0.000483655152515671    0.00158504150730684
295.499999999876    -0.000239029310851144    0.00128164807195994    1.57922003688805e-07    4.1943647311812e-06    0.000317469671374813    0.00159741758811607
295.999999999876    0.000402778046068746    0.00124813029057242    2.79468885489933e-07    4.10428727641232e-06    0.000342401418067999    0.00159576253063165
296.499999999875    0.000974149006938634    0.00100988744070121    1.22641226655774e-06    3.48281140549984e-06    0.000526731410529326    0.00156937527781401
296.999999999875    0.00138624473946105    0.000609029066109372    2.40575177608868e-06    2.69074636995884e-06    0.000695756637341852    0.00152309880394963
297.499999999874    0.00155942190096834    6.92452081628522e-05    3.01909968538371e-06    2.2467329531195e-06    0.000766356979588497    0.00149731027321193
297.999999999874    0.00145119842158576    -0.000492783394909292    2.61305752923233e-06    2.52836248533837e-06    0.000712095969950215    0.00151179595549136
298.499999999874    0.00108894376503154    -0.000928694193578632    1.49547616723834e-06    3.25032198184253e-06    0.00055648687660831    0.00154526666846078
298.999999999873    0.000549380560213427    -0.0011983156417384    4.36660647566617e-07    3.92776993079775e-06    0.000367207907902591    0.00157854665865879
299.499999999873    -7.79967815987546e-05    -0.00127559336900287    9.17431731679652e-08    4.11299771333166e-06    0.000292676741864128    0.0015766607974728
