#t    rel_diff_friedmann    LHS_friedmann    RHS_friedmann
0    0    0.684090057864474    0.684090057864474
0.5    -1.90613508797607e-05    1.29183574428549    1.29188499349305
1    -7.20040501996021e-06    1.47221858020889    1.47223978150166
1.5    5.15107613135376e-06    1.1358684952541    1.13585679342419
2    2.09326096467838e-06    0.824668151525021    0.824664699040947
2.49999999999999    3.16759397190019e-06    0.640942820765873    0.640938760285504
2.99999999999998    1.751293613207e-05    0.547379411010996    0.547360238905426
3.49999999999997    5.80476066623151e-06    0.623881270473264    0.623874027552389
3.99999999999996    -6.51587061025023e-06    0.882946975123605    0.882958481535071
4.49999999999995    1.03252560910445e-05    0.985994893720416    0.985974532631085
4.99999999999994    1.19836275277431e-05    0.877559871491948    0.877538839042727
5.49999999999993    9.65188044385785e-06    0.756053144019994    0.756038549491748
5.99999999999992    1.73376715805406e-05    0.664676521376631    0.664653473889751
6.49999999999991    2.69775198756774e-05    0.629689705461221    0.629655731444667
6.9999999999999    3.9662124745689e-06    0.729844566549004    0.729838777134717
7.49999999999988    9.91862027552892e-06    0.880635065701583    0.880617596505218
7.99999999999987    2.02935466198087e-05    0.881453764306325    0.881417989386206
8.49999999999986    1.63538793824658e-05    0.802055675591745    0.802029442577203
8.99999999999985    1.76338811685597e-05    0.728147677384143    0.728121997697744
9.49999999999984    2.94145362017745e-05    0.673053756932938    0.673014162969378
9.99999999999983    2.44044278843677e-05    0.683105332003804    0.683071991227841
10.4999999999998    7.02516825706488e-06    0.792672983954285    0.792661846710356
10.9999999999998    2.36104357148774e-05    0.861937383079751    0.86189668260636
11.4999999999998    2.36847186030611e-05    0.825369962774901    0.825330866390264
11.9999999999998    2.0323230932519e-05    0.765821447415192    0.765790320115542
12.4999999999998    2.65647536131316e-05    0.71376637515328    0.713728454104857
12.9999999999998    3.62567987150439e-05    0.685691035120008    0.685641314999018
13.4999999999998    1.59419324427739e-05    0.732684156332186    0.732660795901953
13.9999999999997    1.90124714816753e-05    0.822522717099402    0.822491441314628
14.4999999999997    3.01501582137871e-05    0.833799974928554    0.833749698042084
14.9999999999997    2.50647111109593e-05    0.790370202596034    0.790330582787496
15.4999999999997    2.54449031322168e-05    0.744732991611113    0.744695093257771
15.9999999999997    3.590904356541e-05    0.707232686048881    0.707181895774043
16.4999999999998    3.32855612106339e-05    0.707317561973958    0.707270476617212
16.9999999999999    1.46059843824182e-05    0.774843567689762    0.774820933314262
17.4999999999999    3.12120525453776e-05    0.825771846192447    0.82572029973281
18    3.13288963255871e-05    0.806534974929327    0.80648444081128
18.5000000000001    2.70866656032799e-05    0.767435791070326    0.767394217643122
19.0000000000002    3.23297516942407e-05    0.731190125051544    0.731142848189625
19.5000000000002    4.19838707419036e-05    0.708768003963149    0.708708492813128
20.0000000000003    2.36102105364056e-05    0.736998580122284    0.73696377956065
20.5000000000004    2.4512757819869e-05    0.800976010981388    0.800936743681984
21.0000000000005    3.67809972877028e-05    0.813702734142409    0.813642878747835
21.5000000000006    3.11636477267326e-05    0.784515876600849    0.784466981371774
22.0000000000006    3.07683005998594e-05    0.751569321122031    0.751523073523403
22.5000000000007    4.03672957894289e-05    0.723137987636837    0.723079607743388
23.0000000000008    3.94091638250478e-05    0.719955750826471    0.719899007354421
23.5000000000009    1.99261777096826e-05    0.767640591890534    0.767610000214406
24.000000000001    3.62956528553781e-05    0.808470951715478    0.808412265883504
24.500000000001    3.69719339574262e-05    0.796840670554864    0.796781751251932
25.0000000000011    3.2045354451275e-05    0.767886437617369    0.767837224808268
25.5000000000012    3.64912938855509e-05    0.740098296004923    0.740044283687055
26.0000000000013    4.61580273828941e-05    0.721383109476446    0.721316517307568
26.5000000000013    2.9451005939468e-05    0.740110928571828    0.740067335832971
27.0000000000014    2.83060437216928e-05    0.789721202528726    0.789676496028416
27.5000000000015    4.1716925722947e-05    0.802579555352305    0.802512595842255
28.0000000000016    3.58813271222545e-05    0.781034216720732    0.780978169643328
28.5000000000017    3.48061569974768e-05    0.755280134036487    0.755227559068575
29.0000000000017    4.37243560681449e-05    0.732347615879798    0.732283575824063
29.5000000000018    4.41622769190498e-05    0.727736313606263    0.727672039459545
30.0000000000019    2.41008218284725e-05    0.763814526225347    0.763777709997035
30.500000000002    3.99718280451705e-05    0.798271723780549    0.798207909571167
31.000000000002    4.1461411251268e-05    0.790921426862161    0.79085584414422
31.5000000000021    3.59785527117642e-05    0.768036448446065    0.767981184754683
32.0000000000022    3.97315571099803e-05    0.745507813266437    0.745448575247538
32.5000000000021    4.94183445880102e-05    0.729364985791099    0.729292901332998
33.000000000002    3.42810114980743e-05    0.742377395803037    0.74232649865176
33.5000000000019    3.11197833468739e-05    0.782773502944476    0.782724784976926
34.0000000000018    4.56077290987026e-05    0.795483966832367    0.795411409707009
34.5000000000017    3.97555399620283e-05    0.778729169616469    0.778667254480695
35.0000000000016    3.80633915757646e-05    0.757606069082355    0.757548397164608
35.5000000000015    4.63884320489052e-05    0.738364897360597    0.738296397358467
36.0000000000014    4.80644527641552e-05    0.733039461844379    0.732968998949963
36.5000000000013    2.76110644893767e-05    0.761464694851119    0.761422646310532
37.0000000000012    4.27425497130465e-05    0.79150479869211    0.791437139717614
37.5000000000011    4.52026509679775e-05    0.786920089103968    0.786848950571364
38.000000000001    3.92555125117477e-05    0.768084861976826    0.768024561214145
38.5000000000009    4.2376520926262e-05    0.749142618683146    0.749079129257893
39.0000000000008    5.20640011208574e-05    0.734890702688712    0.734814183971846
39.5000000000007    3.84645391514473e-05    0.744102640916307    0.744045399987724
40.0000000000006    3.33146319910932e-05    0.778033739861237    0.777981901772764
40.5000000000005    4.87809722989966e-05    0.790538263298028    0.790461140609901
41.0000000000004    4.30648670011411e-05    0.777089465995825    0.777022538369053
41.5000000000003    4.07994306171964e-05    0.759199381384164    0.759137434106606
42.0000000000002    4.85765772178978e-05    0.742611358711481    0.742539215179948
42.5000000000001    5.13702403863603e-05    0.736911027904937    0.736835321200715
43    3.07076058400806e-05    0.759888498887322    0.75984183160735
43.4999999999999    4.48778521233156e-05    0.786656510695444    0.786585906954871
43.9999999999998    4.84171283746982e-05    0.784024365944937    0.783948449203858
44.4999999999997    4.20796459408189e-05    0.768093653164143    0.768029013666201
44.9999999999996    4.46076221630203e-05    0.75175382893692    0.751686764027004
45.4999999999995    5.42628843171457e-05    0.738957132612375    0.738876941072995
45.9999999999994    4.2194964063123e-05    0.745471888690284    0.745408981025564
46.4999999999993    3.51010411646325e-05    0.774577411731265    0.774523036692656
46.9999999999992    5.14228742218195e-05    0.786873511805241    0.786792589371253
47.4999999999991    4.59714196480674e-05    0.775861401723406    0.775790070102447
47.999999999999    4.31654207542529e-05    0.760358768139255    0.760293128560313
48.4999999999989    5.04187500047555e-05    0.745772978826009    0.745697780734644
48.9999999999988    5.42302942247618e-05    0.739880974049136    0.739800730474941
49.4999999999987    3.35443831940163e-05    0.75876897962946    0.758718076462158
49.9999999999986    4.65458135522881e-05    0.782988934806679    0.782916048485286
50.4999999999985    5.12374459330538e-05    0.781822727986855    0.781742614892136
50.9999999999984    4.45752033208107e-05    0.768085816712797    0.76801734460206
51.4999999999983    4.65373527365261e-05    0.753721012420993    0.753650863324306
51.9999999999982    5.61238024083693e-05    0.742085271653621    0.742001979034007
52.4999999999981    4.56067706451535e-05    0.746597916069419    0.746529819335247
52.999999999998    3.66372931601428e-05    0.771934335350013    0.771877774253169
53.4999999999979    5.36459478742412e-05    0.784032138396271    0.783948022614285
53.9999999999978    4.85806575679223e-05    0.774905025882906    0.774829738748984
54.4999999999977    4.52596363168055e-05    0.761240117478151    0.761171213694978
54.9999999999976    5.19958622884226e-05    0.748222044656041    0.748144239800781
55.4999999999975    5.68042255182901e-05    0.742247231658461    0.742162910889962
55.9999999999974    3.62773760640334e-05    0.757943393465514    0.757888403065381
56.4999999999973    4.78856841716677e-05    0.780098627825181    0.780023920289573
56.9999999999972    5.37524747527285e-05    0.780083581424205    0.779999723085767
57.4999999999971    4.68290753136901e-05    0.768070776250434    0.767998843530522
57.999999999997    4.82533920407283e-05    0.755256912325751    0.755184028426882
58.4999999999969    5.77920419348498e-05    0.744576161262495    0.744490105082387
58.9999999999968    4.89191525131834e-05    0.747555552594668    0.74748241660424
59.4999999999967    3.81525916565537e-05    0.769838939648152    0.769780199187842
59.9999999999966    5.54459279751189e-05    0.781746782854314    0.781660098308986
60.4999999999965    5.10012524181559e-05    0.774136235144544    0.774057275336524
60.9999999999964    4.71755792757803e-05    0.761932506273495    0.761860620450045
61.4999999999963    5.33036807715457e-05    0.750184270198551    0.750104299295578
61.9999999999962    5.97938769526682e-05    0.744203257110638    0.744114264835864
62.4999999999961    3.90431346053037e-05    0.75732537389586    0.757266239491626
62.999999999996    4.88726102995693e-05    0.777735500780435    0.777659484567454
63.4999999999959    5.61693558809963e-05    0.778656927972395    0.778569459569246
63.9999999999958    4.89738026862687e-05    0.768051600555271    0.767976375424255
64.4999999999961    4.99899411602249e-05    0.756492330177157    0.75641669994376
64.9999999999963    6.04716272315014e-05    0.746640647102188    0.74655035141274
65.4999999999966    5.20026560038287e-05    0.748438298945107    0.748360461434064
65.9999999999969    3.87634290849723e-05    0.76811580263688    0.768056255340249
66.4999999999971    5.55882533912314e-05    0.779807514453966    0.779720822997573
66.9999999999974    5.36544670402671e-05    0.773492582113363    0.773409583902082
67.4999999999976    4.92561439622818e-05    0.762488501943953    0.762413391156779
67.9999999999979    5.35854515961173e-05    0.75186449755418    0.751783923874476
68.4999999999981    6.69432805583175e-05    0.746025690333654    0.745925814205506
68.9999999999984    3.39462910899582e-05    0.756926962068142    0.756875574086597
69.4999999999986    4.21720413902818e-05    0.775609666628    0.77554425130077
69.9999999999989    6.27372243013921e-05    0.777339376374122    0.777241846263263
70.4999999999992    5.2153707610808e-05    0.768021588782786    0.767941482613859
70.9999999999994    5.38099232999852e-05    0.757524805952652    0.757443285635842
71.4999999999997    7.67491066832802e-05    0.74865573495292    0.748540826454303
71.9999999999999    3.24076954391279e-05    0.749696620884858    0.749648030580035
72.5000000000002    9.58547270731051e-06    0.766493113959859    0.766478419703062
73.0000000000004    6.13966166581791e-05    0.777612976561567    0.77751749681204
73.5000000000007    5.50726489440472e-05    0.772767082878419    0.772681970905219
74.000000000001    5.36312638854686e-05    0.762947315455031    0.762865484186134
74.5000000000012    5.15765146172582e-05    0.753558070362781    0.753480342574048
75.0000000000015    5.78279809337582e-05    0.748401177301277    0.748314625248384
75.5000000000017    1.22607933303807e-05    0.756886845113692    0.756868285274885
76.000000000002    7.11806279431706e-05    0.772982469702215    0.772872434779405
76.5000000000022    8.96956118890068e-05    0.77576243819781    0.775623285706029
77.0000000000025    6.22419088515996e-05    0.767967781979012    0.767872188367567
77.5000000000027    6.08112253310426e-05    0.758443280364706    0.758351042243373
78.000000000003    8.28404378387195e-05    0.75035776207975    0.750233452446522
78.5000000000033    5.19796999333378e-05    0.750492521974838    0.750414505277934
79.0000000000035    7.65185439258711e-05    0.765107437790443    0.764990356935127
79.5000000000038    0.00010810300784213    0.776001452727831    0.775833694680721
80.000000000004    6.3037899289944e-05    0.772176683363192    0.772079336707721
80.5000000000043    6.17386995550559e-05    0.763447836720764    0.763353573987188
81.0000000000045    6.32673670292819e-05    0.754655290846601    0.754559806781093
81.5000000000048    6.60589728518479e-05    0.749292228175493    0.749193239764647
82.000000000005    6.55028072894181e-05    0.756352976870735    0.756253896874179
82.5000000000053    8.94599275927843e-05    0.771690051294105    0.771551992972567
83.0000000000056    8.90193386008411e-05    0.775072866632449    0.774934885967487
83.5000000000058    6.82913167454667e-05    0.768079135609146    0.767974236501773
84.0000000000061    6.78675247052566e-05    0.759335926141658    0.759232864636733
84.5000000000063    9.2946693077909e-05    0.751869687734666    0.751729933122194
85.0000000000066    6.87046462413185e-05    0.751244894901741    0.751141673964009
85.5000000000068    0.000127183888700728    0.763759687510062    0.763565436361497
86.0000000000071    0.000133732579176591    0.774457204458577    0.774250091837454
86.5000000000073    7.3050101887175e-05    0.771753022971178    0.771640277933295
87.0000000000076    6.96981123679831e-05    0.763971050198553    0.763864562940309
87.5000000000079    7.02387944050764e-05    0.755917886817224    0.755811704753246
88.0000000000081    6.81421028956335e-05    0.750694961570709    0.750592660675078
88.5000000000084    0.000132986937249618    0.756064272512493    0.755863205907794
89.0000000000086    0.000149831587621418    0.769904523555566    0.769673846084175
89.5000000000089    8.64340174830743e-05    0.774043385704235    0.773909589909678
90.0000000000091    7.65717640402556e-05    0.76819071478742    0.768073080358595
90.5000000000094    7.59387874613646e-05    0.760255278222828    0.760139821262511
91.0000000000096    9.54397412612571e-05    0.753360031719715    0.753216244469725
91.5000000000099    0.00012485804136231    0.751949715319112    0.751761964823956
92.0000000000102    0.000177730184919461    0.762491266506558    0.762220279241583
92.5000000000104    0.000124852590199035    0.772937383286652    0.772744400912271
93.0000000000107    9.17883002919774e-05    0.771455755587267    0.771314147360134
93.5000000000109    7.94971933018607e-05    0.764546099709188    0.764424550833829
94.0000000000112    7.93943492377453e-05    0.757216744293501    0.757096516377628
94.5000000000114    8.40838350178047e-05    0.752123139611936    0.751996667450232
95.0000000000117    0.000173698968829281    0.755991849856751    0.755729265457863
95.500000000012    0.000141037161553529    0.768038680116502    0.767822066676232
96.0000000000122    9.58597326906761e-05    0.77279112102856    0.772642976129115
96.5000000000125    8.83382985096599e-05    0.768260930809851    0.7681252090724
97.0000000000127    8.79898172034249e-05    0.761243355167432    0.761109403626466
97.500000000013    9.87367330477547e-05    0.755058505247318    0.754909415947772
98.0000000000132    0.00015021751876672    0.753107108192048    0.752880882412807
98.5000000000135    0.000140399782042263    0.761211448579453    0.760997730742453
99.0000000000137    0.000116194618558694    0.770877555444028    0.770698432610117
99.500000000014    0.000111174400987162    0.770904389040857    0.770732998427766
100.000000000014    9.28206393200409e-05    0.765158455116016    0.765016423305529
100.500000000015    9.50452507600604e-05    0.758691539683015    0.758547333333866
101.000000000015    0.00012365091055943    0.753979825773643    0.753793388242812
101.500000000015    0.0001328705950998    0.756126082115493    0.755925174965143
102.000000000015    0.000131627824940422    0.765638408809269    0.765436876699617
102.500000000016    0.000141232694904679    0.771110370959757    0.770892589726068
103.000000000016    0.000105039369725655    0.768281723737578    0.768120341033049
103.500000000016    0.000102814466375637    0.762388149939325    0.762231396994181
104.000000000016    0.000104024581693953    0.757016804560316    0.756859324229282
104.500000000017    0.000131406308434889    0.754675064346166    0.754476752277076
105.000000000017    0.000154299652464032    0.759883072979598    0.759648609769042
105.500000000017    0.000166264356365452    0.768352065374969    0.768096608725081
106.000000000017    0.000134423015609643    0.769981067600476    0.769774089069016
106.500000000018    0.000110955316937293    0.765802134009542    0.765632213226175
107.000000000018    0.000114093037841835    0.760237066379755    0.760063610657079
107.500000000018    0.000144398298560578    0.756034970627779    0.755816661824377
108.000000000018    0.000170363850542488    0.756383354835273    0.756125677972463
108.500000000019    0.000191318592131492    0.763325285910705    0.76303326514163
109.000000000019    0.00016852565388132    0.769161010783701    0.768901807741499
109.500000000019    0.000135454706776885    0.768215544655945    0.768007456019845
110.000000000019    0.000123076814966628    0.76366933396827    0.763481377122775
110.50000000002    0.000124742040452357    0.758905187828908    0.758715876680688
111.00000000002    0.00015130160519697    0.756036085099831    0.755807340762692
111.50000000002    0.000184586598918251    0.758702179206343    0.758422138388422
112.00000000002    0.000185712107388644    0.765619820923881    0.765335503984175
112.500000000021    0.000166438863896966    0.768836720782704    0.768580834751426
113.000000000021    0.000137661005951979    0.766529734868766    0.766318721408303
113.500000000021    0.000134339469908158    0.762030230358963    0.761825516385729
114.000000000021    0.000143716613461542    0.758140391303324    0.757922507877659
114.500000000022    0.000174912060487786    0.756891324940707    0.756626592403199
115.000000000022    0.000209056417035025    0.760965180653231    0.760647077846353
115.500000000022    0.000204337806764881    0.766790250282636    0.766476945826599
116.000000000022    0.000164343768868228    0.767992899932235    0.767740511715388
116.500000000023    0.000146321765027401    0.765025806506772    0.764801959407875
117.000000000023    0.0001467254069266    0.760891671188217    0.760668419664724
117.500000000023    0.000172705504697416    0.757864241856907    0.75760251240626
118.000000000023    0.000209304358759164    0.758134382190507    0.75781708694035
118.500000000024    0.000219674594141639    0.762815280386574    0.7624802117184
119.000000000024    0.000203844565306083    0.76714040544256    0.766827714377982
119.500000000024    0.000170003180830261    0.766922398270593    0.76666168409852
120.000000000024    0.000156582027625601    0.763741546667956    0.7635024077129
120.500000000025    0.000159971307486147    0.760111132370962    0.759867979325113
121.000000000025    0.000191035826194175    0.757844180468162    0.757554684993884
121.500000000025    0.000217371837004501    0.759399490117447    0.759069417741512
122.000000000026    0.000234014260728909    0.764122401106761    0.76376485370035
122.500000000026    0.000209920100834199    0.767111453879549    0.766789457245616
123.000000000026    0.000175868411057293    0.765958032114792    0.765688663844073
123.500000000026    0.000168311532665126    0.762752535903434    0.762495819015122
124.000000000027    0.000174963928816504    0.759692389908762    0.759426598882143
124.500000000027    0.000201514069872857    0.758298062064575    0.757992508180655
125.000000000027    0.000247257569951167    0.760670504890194    0.760294434795226
125.500000000027    0.000240525956765299    0.764930438441627    0.764562555675851
126.000000000028    0.000213290426977787    0.766717331031942    0.766390333843497
126.500000000028    0.00018588964497108    0.765062785800521    0.764778404164857
127.000000000028    0.000182046234374538    0.762030267879903    0.761752868897849
127.500000000028    0.000195545348816828    0.759439773788403    0.759142822024997
128.000000000029    0.000226148083384857    0.758953018728223    0.758609824799743
128.500000000028    0.000262642262177538    0.761652812768366    0.761252833384378
129.000000000028    0.000245883656417354    0.765361609967316    0.764985322667933
129.500000000027    0.000216672953349423    0.766256298141345    0.765924316042605
130.000000000027    0.000195089618862664    0.764327854406632    0.764029687716253
130.500000000026    0.000196572123717665    0.761527527534734    0.761228196208215
131.000000000026    0.000215679239719613    0.759325102701037    0.758997632007966
131.500000000025    0.000248738656752223    0.759444501779516    0.759066789320704
132.000000000025    0.00026326653296881    0.762455107641481    0.762053755478607
132.500000000024    0.00025533489752143    0.765610854736727    0.765219980202365
133.000000000024    0.000224043979984511    0.765834085052651    0.765491000885747
133.500000000024    0.00020683659529055    0.763815305241725    0.763499400668018
134.000000000023    0.000210344570801431    0.761135779567109    0.760815645347855
134.500000000023    0.000232812585227848    0.759364657442029    0.75901116044252
135.000000000022    0.000264999080857901    0.759937097713138    0.759534439152478
135.500000000022    0.000277012326112725    0.763003338789957    0.762580733197495
136.000000000021    0.000261728314620752    0.765651299145002    0.765250618766178
136.500000000021    0.00023198500504512    0.765473251393795    0.765118177133526
137.00000000002    0.000218565520557216    0.763445579749784    0.76311192691368
137.50000000002    0.000222605683167483    0.760976335867627    0.760637615954365
138.000000000019    0.000248828273356662    0.759502684314736    0.759124806858236
138.500000000019    0.000277267405474906    0.760332639681175    0.759911125636676
139.000000000019    0.000286465879866325    0.763334278542433    0.762897065337629
139.500000000018    0.000274345690552136    0.765559406888128    0.76513946624875
140.000000000018    0.000243463742716687    0.765201984110157    0.764829476924179
140.500000000017    0.00023332996238921    0.763199939769409    0.762843868025132
141.000000000017    0.0002382281862365    0.760926402008027    0.760563940123444
141.500000000016    0.000263177155620042    0.759665811396114    0.75926606322577
142.000000000016    0.000292102237337559    0.760584974208165    0.760140766816835
142.500000000015    0.000302056217015491    0.763469964540063    0.763008882114289
143.000000000015    0.000279869021560499    0.76548778931041    0.765059436555855
143.500000000014    0.000253833466117906    0.765017519360113    0.764629243820279
144.000000000014    0.000245752323317925    0.763097418138997    0.762722444362822
144.500000000014    0.000252307899111581    0.760962611135044    0.760578714239827
145.000000000013    0.000274547547377107    0.759830529329259    0.759413424627833
145.500000000013    0.000301894843715256    0.760829820441964    0.760370577885451
146.000000000012    0.000317813825576032    0.763547626890055    0.763062449101641
146.500000000012    0.000292512397920571    0.765354097565166    0.764906477374947
147.000000000011    0.00026691979416187    0.764859910031545    0.764451706489654
147.500000000011    0.000257431600210005    0.762988870123596    0.762596136334127
148.00000000001    0.000263555265868627    0.761034447885565    0.760633404310216
148.50000000001    0.000289429151685081    0.759974616762339    0.759534826433217
149.000000000009    0.00031701389184373    0.760997513365359    0.760515172707258
149.500000000009    0.00032705812961565    0.76355375781106    0.763054468180012
150.000000000009    0.000305072107378472    0.765219762812238    0.764753010793962
150.500000000008    0.000280089357930848    0.7647442144236    0.764315940946445
151.000000000008    0.00027004311943172    0.762966375747675    0.762554419353408
151.500000000007    0.000277517927547754    0.761120734128212    0.760698402035442
152.000000000007    0.000301706282001227    0.76013535625541    0.75967681937456
152.500000000006    0.000327162526415215    0.76108359372866    0.760585760538349
153.000000000006    0.000336224817250721    0.763508774616845    0.762995525987342
153.500000000005    0.000315799079111962    0.765101441087078    0.764618356983548
154.000000000005    0.000292283117355081    0.764669416259074    0.764222546949968
154.500000000004    0.000283801105433319    0.762996633671415    0.762563677968567
155.000000000004    0.000290277851862797    0.761251875892341    0.760810055024633
155.500000000004    0.000313544515295717    0.760293130367098    0.759816508327237
156.000000000003    0.000340910284881759    0.761159933544764    0.760641135908643
156.500000000003    0.000352047435157807    0.763400344744353    0.76286302763873
157.000000000002    0.000330162481389237    0.76495167586457    0.764446725893213
157.500000000002    0.000306179667541955    0.764612059661126    0.764143985643422
158.000000000001    0.000296721902717757    0.763043956890184    0.762591267503549
158.500000000001    0.000301612140415849    0.761399898617901    0.760940742198782
159    0.000323199424165341    0.760467790576864    0.759976383895199
159.5    0.000351583481065843    0.761169287591219    0.760634246607167
159.999999999999    0.000361535444454081    0.76328401518137    0.762732306192378
160.499999999999    0.000341369091992831    0.764800066744951    0.764278086724116
160.999999999999    0.000318329627630114    0.764567676669168    0.764081062485256
161.499999999998    0.000309418652297882    0.763161916402801    0.762689789424378
161.999999999998    0.00031329808989304    0.761546806734822    0.76106977386848
162.499999999997    0.000336780687112889    0.760608778681841    0.760096634467904
162.999999999997    0.000358753279896343    0.76115490490006    0.760608967119746
163.499999999996    0.000372804982531933    0.763116121691315    0.762547346748613
163.999999999996    0.000358400185647917    0.76470245241767    0.764154509798583
164.499999999995    0.000332689933811143    0.764570803652547    0.764062242825493
164.999999999995    0.000322481207107447    0.763256850017228    0.76276473673386
165.499999999994    0.000326549051880438    0.761724421957172    0.761227103580448
165.999999999994    0.000347878649976558    0.760750438541041    0.76022132493731
166.499999999994    0.000371319594872613    0.761137128937865    0.760572088487737
166.999999999993    0.000384148925489268    0.763005377427192    0.762419387142968
167.499999999993    0.000368341569121205    0.764582804491324    0.764019756625399
167.999999999992    0.000345938024565542    0.764568200958685    0.764039397465751
168.499999999992    0.00033504252052718    0.763333303192499    0.762821976280948
168.999999999991    0.000336920661203701    0.761844356362249    0.761331167057769
169.499999999991    0.000358117331359131    0.760828538347045    0.760283801655146
169.99999999999    0.000381811963329414    0.761121865422951    0.760540876383977
170.49999999999    0.000390298002201529    0.762920050568917    0.762324750570164
170.999999999989    0.000381377496976847    0.764523269518796    0.763940347890169
171.499999999989    0.000360239371267819    0.764550902370719    0.764000258061734
171.999999999989    0.000347109588411357    0.76340610195052    0.762876314689081
172.499999999988    0.000349317918260281    0.761936572749971    0.761404442437745
172.999999999988    0.000368307148171936    0.760925153427604    0.760364851444367
173.499999999987    0.00039010180453385    0.761180465818679    0.760586821653755
173.999999999987    0.000408708172323885    0.762858622515128    0.762235304163733
174.499999999986    0.000394294298243992    0.764408069129295    0.763805503231214
174.999999999986    0.000373796842238555    0.764507851471488    0.763936523790478
175.499999999985    0.000360068694330467    0.763456835379716    0.762907239460215
175.999999999985    0.000361858543332044    0.762059620062786    0.76150830399312
176.499999999984    0.000378782958389442    0.761044099125159    0.76046777635574
176.999999999984    0.000402190048332983    0.76118763059951    0.76057559257523
177.499999999984    0.000421106668416077    0.762721627904426    0.762079523971362
177.999999999983    0.000409470269980154    0.764269938132851    0.76364430267616
178.499999999983    0.00038973093126155    0.764496687972661    0.763901024108993
178.999999999982    0.000371800624531598    0.76358911142666    0.763021516641728
179.499999999982    0.000373139974207085    0.762236728579761    0.761668098771789
179.999999999981    0.00039084210999515    0.761214492585336    0.760619695700124
180.499999999981    0.00041764548087245    0.761203779500344    0.760568218302543
180.99999999998    0.000431979527059252    0.762484755133111    0.761826283971347
181.49999999998    0.000426966756812945    0.764069733352591    0.763417547062399
181.999999999979    0.000404170113650448    0.764498362417719    0.7638806373037
182.499999999979    0.000386994676019573    0.763743473318941    0.763152572678305
182.999999999979    0.000384902115730264    0.762471450296546    0.761884722380556
183.499999999978    0.000396501849306823    0.761413580239951    0.760810015769075
183.999999999978    0.000422785761467007    0.761233538588775    0.760590133208875
184.499999999977    0.000443718098022958    0.762309077689123    0.761632877063463
184.999999999977    0.000435751564909935    0.763833839482853    0.763168445847399
185.499999999976    0.000419658582269168    0.76445023992132    0.763808892860317
185.999999999976    0.000399396183974323    0.763860347866348    0.763250425650899
186.499999999975    0.000395488460020309    0.762670420055939    0.762067403842031
186.999999999975    0.00040461286200328    0.761601607358906    0.760985549011918
187.499999999974    0.000429789339515552    0.761284834468588    0.760630731382742
187.999999999974    0.000454019421722166    0.762159640443754    0.761467883956206
188.499999999974    0.000456106490443511    0.763629718959152    0.76293344359264
188.999999999973    0.00043161550021808    0.764392808776681    0.763733245885202
189.499999999973    0.000412673618854833    0.763957632581465    0.763327362355581
189.999999999972    0.000406815931008931    0.762822969204062    0.762202564521747
190.499999999972    0.000414331483783678    0.76175790967911    0.761126930543629
190.999999999971    0.00043934098485844    0.761325147253035    0.760656478346708
191.499999999971    0.000462277416096863    0.762048444544519    0.761344214522385
191.99999999997    0.000465444625419345    0.76348805518115    0.762777663005659
192.49999999997    0.000446257162872126    0.764316281716196    0.763634422769804
192.999999999969    0.000425926268877667    0.764009884607527    0.763359337933372
193.499999999969    0.000417801794873727    0.762967314613796    0.762330042640219
193.999999999969    0.000425706902081686    0.761911416788458    0.761262990930018
194.499999999968    0.0004473123430475    0.761396471879266    0.760715612356485
194.999999999968    0.000470718818074357    0.761957958794555    0.76124096039962
195.499999999967    0.000481235085966316    0.763316653539087    0.762582337407003
195.999999999967    0.000463188539753609    0.764220319941363    0.763512691518652
196.499999999966    0.000441977510419842    0.76406634985197    0.763391247945624
196.999999999966    0.000430675339870586    0.763159321449615    0.762502256630948
197.499999999965    0.000434542593794889    0.762090536587916    0.761428502672899
197.999999999965    0.000456575685657771    0.761487454447886    0.760792418471145
198.499999999964    0.000480435903618021    0.76184458231065    0.761112898857013
198.999999999964    0.000492486992617459    0.763071638868691    0.762320403129365
199.499999999964    0.000479851363508584    0.764095824808071    0.763362871669863
199.999999999963    0.000457617809109782    0.764138881721792    0.763439834496434
200.499999999963    0.000444910896447604    0.763372892212331    0.762693928455109
200.999999999962    0.000446524519109446    0.762327805233614    0.76164731297682
201.499999999962    0.000462864253336741    0.761631203132675    0.760926465614168
201.999999999961    0.000489027026174661    0.761744014385112    0.760999351725156
202.499999999961    0.000502288199691829    0.762797748818968    0.762031844907498
202.99999999996    0.000493104292752495    0.763922193487894    0.7631691781771
203.49999999996    0.000472493215169693    0.764188152774949    0.763466346388971
203.999999999959    0.000457117789998759    0.76356468488647    0.76286692584199
204.499999999959    0.000456544817584136    0.762577646015072    0.761881662018372
204.999999999959    0.000469847500479626    0.761809649041034    0.761094116513317
205.499999999958    0.000494797465971388    0.761697392427375    0.76094399332812
205.999999999958    0.000513650010855651    0.76253071331697    0.761747767658669
206.499999999957    0.000508678986933291    0.763691945265035    0.762915392191173
206.999999999957    0.00048781605825587    0.764177478268419    0.763432285694809
207.499999999956    0.000472271976558043    0.763742643623712    0.763021595658688
207.999999999956    0.000467677044673915    0.762829058959641    0.762115877218599
208.499999999955    0.000475986584367556    0.762000079174786    0.761275020662962
208.999999999955    0.000499674385704619    0.761707782010568    0.760946950442489
209.499999999954    0.000519953229452019    0.762329184117827    0.761536845054707
209.999999999954    0.000522511554009461    0.763469275104478    0.762671848734224
210.499999999954    0.000503397252238214    0.764130103131744    0.763361168222926
210.999999999953    0.000485772116237658    0.763856626436787    0.763114866263343
211.499999999953    0.000479023127560112    0.763010240682715    0.762279591576831
211.999999999952    0.000485971472519883    0.762167259470538    0.76142683620434
212.499999999952    0.00050720948563414    0.761756177551213    0.760983829375545
212.999999999951    0.000526386805352939    0.762222044945914    0.761420019866916
213.499999999951    0.00053330090171808    0.763299946371747    0.762486243221008
213.99999999995    0.000516859369142427    0.764043783963367    0.763254385594957
214.49999999995    0.00049945580366303    0.763907636071702    0.763144940799685
214.999999999949    0.000489402568246676    0.763164947973804    0.76241832360262
215.499999999949    0.000494766292338464    0.762310717480999    0.761556759219537
215.999999999949    0.000514067867592907    0.761834827244987    0.761051960081641
216.499999999948    0.000537186711636099    0.762144030097242    0.761325642433578
216.999999999948    0.000542430590864763    0.763123778041184    0.762296343503338
217.499999999947    0.000531513656342012    0.763939193043738    0.763127536222987
217.999999999947    0.000513695728885526    0.763954198018083    0.763169720983413
218.499999999946    0.0005027973251642    0.763328990422332    0.762561776626167
218.999999999946    0.000504279913335443    0.762490111189118    0.761721481899051
219.499999999945    0.000518917214478248    0.76194384498567    0.761153483562561
219.999999999945    0.00054242065372581    0.762062356042399    0.761236087504831
220.499999999944    0.000554028341563776    0.762915456560508    0.762070571080706
220.999999999944    0.000546969788882499    0.76379508281991    0.762959993917912
221.499999999944    0.000528274016926672    0.76398865109322    0.763181886578752
221.999999999943    0.000515634039540433    0.763509163375233    0.762722186539003
222.499999999943    0.000514921625712915    0.76270822009627    0.761923154430286
222.999999999942    0.000525575413546612    0.762094619909464    0.761293964324313
223.499999999942    0.000548389902852066    0.762010252162713    0.761174952776151
223.999999999941    0.000564774835222508    0.762672922121758    0.761811931439788
224.499999999941    0.000561403232197012    0.76359788827129    0.762740996687846
224.99999999994    0.000544763943999214    0.763990455194351    0.763158519495824
225.49999999994    0.000529304807763468    0.763681490587845    0.762873477703813
225.999999999939    0.000525240749110742    0.762953603489499    0.762152555588032
226.499999999939    0.000532124231548483    0.762278968444259    0.76146814568208
226.999999999939    0.000553918903161278    0.762009059624181    0.761165344528909
227.499999999938    0.000570427679709867    0.762458137084513    0.761588778538665
227.999999999938    0.000572247956694249    0.763359349426246    0.762486187435546
228.499999999937    0.000559225674287545    0.763946417164095    0.763092457819569
228.999999999937    0.000544472588613236    0.763809891231198    0.762978596750882
229.499999999936    0.000536481465086325    0.763173691929681    0.762355273915053
229.999999999936    0.000542302306573499    0.762453367368021    0.761626855147947
230.499999999935    0.000558048427517408    0.762065439396275    0.761215374933171
230.999999999935    0.000578480163725453    0.762319111585707    0.76143764852564
231.499999999934    0.000582706029581367    0.763161776345618    0.762272896364097
231.999999999934    0.000574540954248695    0.763861328748497    0.762984093522595
232.499999999934    0.000558429977266213    0.763883760055937    0.763031085033706
232.999999999933    0.000548475377123789    0.763336682764655    0.762499799024876
233.499999999933    0.000549823418407207    0.762615311633112    0.761777164950643
233.999999999932    0.000564268870968781    0.76213908811784    0.761279470447785
234.499999999932    0.000586134930672733    0.762248316355788    0.761355279068011
234.999999999931    0.000596070354034268    0.762976650286234    0.762067616610147
235.499999999931    0.000589145263934561    0.76375056495497    0.762851174770096
235.99999999993    0.00057212369698961    0.763916285879724    0.763042676473032
236.49999999993    0.000560339904080802    0.763495050307059    0.762639895997632
236.999999999929    0.000560717874849315    0.762796551932058    0.761941603993565
237.499999999929    0.000571144949242063    0.762272706348494    0.761402466968969
237.999999999929    0.000589674870326998    0.762214429845364    0.761316042211814
238.499999999928    0.000606730659660949    0.762797416972655    0.761872353077308
238.999999999928    0.000606520423396492    0.763583125432064    0.762657429364564
239.499999999927    0.000588687903442417    0.763913713712464    0.763014829349742
239.999999999927    0.000573968311336762    0.763636468715309    0.762760365302058
240.499999999926    0.000568987781967638    0.762997228894801    0.762129450448302
240.999999999926    0.000577571979728007    0.762417817620267    0.76153762365903
241.499999999925    0.000595875663526213    0.762210235576238    0.761302411466791
241.999999999925    0.000614115861502435    0.762613345129454    0.761677254094932
242.499999999924    0.000616159797963489    0.763375862875926    0.762435719119833
242.999999999924    0.000603789349539938    0.763870785687661    0.762948908217813
243.499999999924    0.000589367387027201    0.763754147707416    0.762854414408149
243.999999999923    0.000582171677540804    0.76320542215731    0.762317306031514
244.499999999923    0.000584967196155188    0.762594612733233    0.761702948662637
244.999999999922    0.000602249383575015    0.762261909542388    0.76134431863066
245.499999999922    0.000619881720012628    0.762465246040409    0.761520555100723
245.999999999921    0.000627232861743419    0.763154326746175    0.762197575907108
246.499999999921    0.000618800081145781    0.763770781281203    0.762826122992961
246.99999999992    0.000602970496224274    0.76383892534787    0.762918335764523
247.49999999992    0.000591713574227774    0.7634070732047    0.76250417080855
247.999999999919    0.000593518647095911    0.76278960279598    0.761884680178288
248.499999999919    0.000606389716045115    0.762366284823061    0.761442262990445
248.999999999919    0.000626697020183551    0.762376816917914    0.761421856829717
249.499999999918    0.000639777696476506    0.762940898179891    0.761965297206864
249.999999999918    0.000633647989949383    0.763613364294573    0.762646252955961
250.499999999917    0.000618532591592524    0.763864531953197    0.762920165857256
250.999999999917    0.00060439072296566    0.763575790440638    0.762653351706005
251.499999999916    0.000603103016041702    0.762994249811491    0.762074476263124
251.999999999916    0.000610085069721368    0.762502547256559    0.761572731683746
252.499999999915    0.000629775370323879    0.762352383417252    0.76139276625134
252.999999999915    0.000645576082361111    0.762757788486327    0.761773587493186
253.499999999914    0.000646446941599212    0.763447367770009    0.762460949005468
253.999999999914    0.000632504886229456    0.763830922478779    0.762865279671131
254.499999999914    0.000618211566889907    0.763690701731827    0.762747040263588
254.999999999913    0.000613656731952929    0.76318292439727    0.762246834156812
255.499999999913    0.000618493619337305    0.762652329975431    0.761709521896487
255.999999999912    0.000634654642456144    0.762379305690028    0.761412224321371
256.499999999912    0.000652894555379971    0.762613955885396    0.761618792622763
256.999999999911    0.000656143701453576    0.763252387453024    0.762251437726589
257.499999999911    0.000646517771742501    0.763769705558406    0.762782762258465
257.99999999991    0.000632079649617416    0.763783659918016    0.762818725617062
258.49999999991    0.00062477071611818    0.763369767665254    0.762416501085483
258.999999999909    0.000626796143008178    0.76282009724919    0.761864430867662
259.499999999909    0.00063844850868525    0.762456704201247    0.761483746693048
259.999999999909    0.000658689716260827    0.762525520984485    0.761521646787976
260.499999999908    0.000664722301530703    0.763056025516529    0.762042258675
260.999999999908    0.000662138258097401    0.763648311408559    0.762637699048237
261.499999999907    0.000646469654807585    0.763827324328294    0.762840379984481
261.999999999907    0.000636231222460963    0.763527127862496    0.762556186010134
262.499999999906    0.000635395848234949    0.763008369447058    0.762039360451121
262.999999999906    0.000646316890531302    0.762572165839458    0.761587075977612
263.499999999905    0.000662209746940676    0.762471709796627    0.761462545678954
263.999999999905    0.000674247633543489    0.7628607702959    0.761832749298434
264.499999999904    0.000674413300564549    0.763488327665274    0.762459208351021
264.999999999904    0.000663740698199254    0.763820315065029    0.762807030364883
265.499999999904    0.000650613766925012    0.763666279081879    0.762673221589741
265.999999999903    0.000646085191155084    0.763213705278214    0.762228139892081
266.499999999903    0.000650795255983733    0.762725970477173    0.761733859252048
266.999999999902    0.000666685841919208    0.762490321395977    0.761474315748807
267.499999999902    0.000682339002396095    0.762698694429451    0.761658566017063
267.999999999901    0.000686607270412444    0.763270270265476    0.762222855594297
268.499999999901    0.000679803965278724    0.763746352736857    0.762708662564636
268.9999999999    0.00066511106159288    0.763772432948969    0.762757121256619
269.4999999999    0.000656091721662729    0.76341375710622    0.762412675015411
269.999999999899    0.000657599807962758    0.76291431397956    0.761911588758743
270.499999999899    0.000669062698092858    0.762572921111165    0.761553185186252
270.999999999899    0.000684294288629436    0.762593245534383    0.761550282822877
271.499999999898    0.000697259120373927    0.763054494055787    0.761991142077007
271.999999999898    0.000694543880019859    0.763606283365335    0.762546303426202
272.499999999897    0.000679177857068161    0.763813598756874    0.762776772379985
272.999999999897    0.000669542897017048    0.763587739778778    0.762565914439839
273.499999999896    0.000665233980963395    0.76312160841338    0.762106974531269
273.999999999896    0.000673208972966418    0.762694745177984    0.761668530142978
274.499999999895    0.000688505730068781    0.762567251113916    0.76151790974755
274.999999999895    0.000704239408137378    0.762865059344456    0.761791336226826
275.499999999894    0.000704789002706747    0.763424886844207    0.762349537809101
275.999999999894    0.000695782336349749    0.763780309236656    0.762718198538482
276.499999999894    0.000682607803936529    0.763710684885263    0.762668766360074
276.999999999893    0.000676887247997461    0.763319332447809    0.762286669199826
277.499999999893    0.000680526384469236    0.762867170688957    0.76182957432566
277.999999999892    0.000694912725660339    0.762602989668282    0.761543840640126
278.499999999892    0.000710403278624223    0.762728283348213    0.761645363311777
278.999999999891    0.000717794517393943    0.763207660038507    0.762112793379774
279.499999999891    0.000708250495565173    0.763684855707633    0.762603860967672
279.99999999989    0.000698020087042039    0.76378629930102    0.762720766705935
280.49999999989    0.000687984583723506    0.763506438586572    0.762456599541009
280.999999999889    0.000688291478106875    0.763055713310977    0.762006026312008
281.499999999889    0.000698709349448721    0.762707203923837    0.761642126794638
281.999999999889    0.000712518981316584    0.762657450161809    0.761571408168378
282.499999999888    0.000725082343255746    0.76300917407622    0.761903486830789
282.999999999888    0.000726902849471813    0.763528021395334    0.762418806298142
283.499999999887    0.000711986165688456    0.763792577074315    0.762705731396737
283.999999999887    0.000701119717501217    0.763659534034385    0.762589450777318
284.499999999886    0.000696903920520043    0.763261426284952    0.762198327402012
284.999999999886    0.000702501210060894    0.762847311565885    0.761776261660805
285.499999999885    0.000715968027117994    0.762655330326819    0.761564037992788
285.999999999885    0.000731986842080822    0.762855635165762    0.761739651476442
286.499999999884    0.000737889081514805    0.763345111970643    0.762219414563367
286.999999999884    0.000730254939404592    0.763720679538758    0.762606071889383
287.499999999884    0.000716898390287607    0.763744520691924    0.762650250737343
287.999999999883    0.000707070469830468    0.763446463530148    0.762367605459514
288.499999999883    0.000708570685253511    0.763017035925325    0.761936498554419
288.999999999882    0.000718907651920532    0.762729380957088    0.761633504814203
289.499999999882    0.000736111023101169    0.762770973092461    0.761648830870929
289.999999999881    0.000748377114632922    0.763158532385234    0.762017125826833
290.499999999881    0.000743137189757495    0.763595735223239    0.762461665215269
290.99999999988    0.000731371309110015    0.763773818507085    0.762657430486242
291.49999999988    0.000719590739119988    0.763590778845732    0.762492623362379
291.999999999879    0.000716749373123376    0.763205421172552    0.762112150759056
292.499999999879    0.000725244456553341    0.762853036869313    0.761747328905576
292.999999999879    0.000740016876329395    0.762731560638983    0.761603526948987
293.499999999878    0.000752319555910617    0.762975308237628    0.76182816876296
293.999999999878    0.000757357420489054    0.763427038984748    0.762271539844642
294.499999999877    0.000746838948025789    0.763747247911093    0.762607306881077
294.999999999877    0.000734031460003632    0.763718578353283    0.762598213809903
295.499999999876    0.000727396133073876    0.763407699747297    0.762297907388458
295.999999999876    0.00073001899925434    0.763018014602859    0.761904791981656
296.499999999875    0.000743011209489958    0.762778817865068    0.761646153023671
296.999999999875    0.000757145043783666    0.762837801161393    0.761683517400901
297.499999999874    0.000767579623582696    0.763209056571112    0.762038307773318
297.999999999874    0.000763726392345918    0.763634281105712    0.762468755938882
298.499999999874    0.00074841294939447    0.763774009025469    0.762631627281229
298.999999999873    0.000739784873375128    0.763592197418736    0.762463244686735
299.499999999873    0.00073666854882927    0.763223706346856    0.762100048310019
