1:binCentralValue 2:valuesAverage 3:multiplicity
0.5 0 18
1 0 62
1.5 0 98
2 0 210
2.5 0 350
3 0 450
3.5 0 602
4 0 762
4.5 0 1142
5 0 1250
5.5 0 1458
6 0 1814
6.5 0 2178
7 0 2498
7.5 0 2622
8 0 3338
8.5 0 3722
9 0 4170
9.5 0 4358
10 0 5034
10.5 0 5714
11 0 5982
11.5 0 6602
12 0 7130
12.5 0 8034
13 0 8606
13.5 0 9066
14 0 9962
14.5 0 10550
15 0 11226
15.5 0 12146
16 0 12303
16.5 0 12584
17 0 12120
17.5 0 11180
18 0 11096
18.5 0 10056
19 0 9716
19.5 0 8604
20 0 8060
20.5 0 7320
21 0 6356
21.5 0 5348
22 0 4308
22.5 0 3563
23 0 2448
23.5 0 1868
24 0 1358
24.5 0 1062
25 0 776
25.5 0 432
26 0 200
26.5 0 168
27 0 56
27.5 0 7

0.5 1.505801029588501e-28 18
1 5.110941187412877e-28 62
1.5 8.480197571940818e-28 98
2 1.322676141036446e-27 210
2.5 1.728112143974679e-27 350
3 1.224331696929969e-27 450
3.5 2.066221541869234e-27 602
4 1.634802832781568e-27 762
4.5 1.279088710184707e-27 1142
5 7.339524613206512e-28 1250
5.5 4.996804189028329e-28 1458
6 3.227298330401759e-28 1814
6.5 1.666543224528603e-28 2178
7 5.600325110592269e-29 2498
7.5 9.958059005267442e-30 2622
8 3.610917833728439e-31 3338
8.5 4.517294525326687e-41 3722
9 2.536386545160554e-41 4170
9.5 1.082533353152674e-41 4358
10 4.215564871159131e-42 5034
10.5 1.322158409097806e-42 5714
11 3.08166463756368e-43 5982
11.5 1.152656459445419e-43 6602
12 1.178262902110627e-43 7130
12.5 1.47673864697173e-43 8034
13 1.912641358376531e-43 8606
13.5 2.331084545437664e-43 9066
14 2.951030594840103e-43 9962
14.5 3.582132697541835e-43 10550
15 4.217445055573887e-43 11226
15.5 5.203391764012455e-43 12146
16 5.684257046590712e-43 12303
16.5 6.015247108828602e-43 12584
17 6.194497275518953e-43 12120
17.5 6.095799037877413e-43 11180
18 6.458305721733187e-43 11096
18.5 6.405756606454902e-43 10056
19 6.439818390553755e-43 9716
19.5 5.936883908952155e-43 8604
20 5.993086485075873e-43 8060
20.5 6.051130996963962e-43 7320
21 5.799405699609629e-43 6356
21.5 5.317363788537329e-43 5348
22 4.360661681085713e-43 4308
22.5 3.720242586223945e-43 3563
23 2.711773337639388e-43 2448
23.5 2.14263907076713e-43 1868
24 1.619620471062919e-43 1358
24.5 1.153810618060453e-43 1062
25 8.638109585058834e-44 776
25.5 6.121325668015737e-44 432
26 3.178427284268707e-44 200
26.5 2.472752371933659e-44 168
27 8.121928766312573e-45 56
27.5 1.182008967357084e-45 7

0.5 2.383713194761487e-28 18
1 7.34713617709357e-28 62
1.5 1.037461301473e-27 98
2 1.706920944136324e-27 210
2.5 2.798354779174405e-27 350
3 2.485750017840908e-27 450
3.5 2.733971030856147e-27 602
4 1.988552041430708e-27 762
4.5 1.841477723511944e-27 1142
5 1.110970162390392e-27 1250
5.5 8.224223172369777e-28 1458
6 5.990333144391272e-28 1814
6.5 2.772329967849629e-28 2178
7 8.255040869447063e-29 2498
7.5 1.280130967664333e-29 2622
8 3.825777995136241e-31 3338
8.5 6.555226782233768e-41 3722
9 4.214577044270486e-41 4170
9.5 2.300008146386768e-41 4358
10 1.074483280592407e-41 5034
10.5 4.091949579761118e-42 5714
11 9.133089919842641e-43 5982
11.5 2.100948496656409e-43 6602
12 1.669078076588051e-43 7130
12.5 2.191428052806349e-43 8034
13 2.745066933755395e-43 8606
13.5 3.243407164756104e-43 9066
14 4.105753723624359e-43 9962
14.5 5.243504282202936e-43 10550
15 6.128755712510446e-43 11226
15.5 7.538763692814672e-43 12146
16 8.034031918664687e-43 12303
16.5 8.513357885658082e-43 12584
17 8.66846354638928e-43 12120
17.5 8.644919481828447e-43 11180
18 9.208604212679441e-43 11096
18.5 8.953946290893987e-43 10056
19 9.075895562285636e-43 9716
19.5 8.620423986385997e-43 8604
20 8.853026155987006e-43 8060
20.5 8.490853864464282e-43 7320
21 7.973475944416912e-43 6356
21.5 7.472803950732016e-43 5348
22 6.210250937453639e-43 4308
22.5 5.467761853478329e-43 3563
23 3.844115119657668e-43 2448
23.5 2.859904907136811e-43 1868
24 2.274681493607702e-43 1358
24.5 1.822602551622152e-43 1062
25 1.327932152518237e-43 776
25.5 7.522084999075959e-44 432
26 4.001777737479888e-44 200
26.5 3.218388828870903e-44 168
27 1.116754992341468e-44 56
27.5 1.249464279270854e-45 7

0.5 2.28619852330568e-28 18
1 7.00077961001246e-28 62
1.5 9.839437303100117e-28 98
2 1.503070559379253e-27 210
2.5 2.064349791854728e-27 350
3 2.080722965165414e-27 450
3.5 1.954517847318497e-27 602
4 1.897738344404873e-27 762
4.5 1.580489117203946e-27 1142
5 1.034181662353579e-27 1250
5.5 7.739621434774583e-28 1458
6 5.113226563938671e-28 1814
6.5 2.25930290520798e-28 2178
7 7.013515603457908e-29 2498
7.5 9.527954428047566e-30 2622
8 2.329240096938482e-31 3338
8.5 6.210303818051387e-41 3722
9 3.903195162193013e-41 4170
9.5 2.126544347966084e-41 4358
10 9.97449048453674e-42 5034
10.5 3.73216563794157e-42 5714
11 8.287955044276061e-43 5982
11.5 1.848299858248402e-43 6602
12 1.537290447987481e-43 7130
12.5 1.939760591144512e-43 8034
13 2.500397389066464e-43 8606
13.5 2.96645666301897e-43 9066
14 3.867969255072733e-43 9962
14.5 4.709918720375602e-43 10550
15 5.779173115709938e-43 11226
15.5 7.078940457529825e-43 12146
16 7.449175268014043e-43 12303
16.5 7.812500413761812e-43 12584
17 8.155744690218764e-43 12120
17.5 8.129636906099582e-43 11180
18 8.61395555289709e-43 11096
18.5 8.352057706502068e-43 10056
19 8.643193955176263e-43 9716
19.5 7.937655704497925e-43 8604
20 8.213530017078233e-43 8060
20.5 7.889579329544136e-43 7320
21 7.483561230549957e-43 6356
21.5 6.974510204729572e-43 5348
22 5.823394369251742e-43 4308
22.5 5.019303836633109e-43 3563
23 3.605753585320101e-43 2448
23.5 2.852216602617764e-43 1868
24 2.124471506747158e-43 1358
24.5 1.722840385914603e-43 1062
25 1.331214688377551e-43 776
25.5 6.839622266768492e-44 432
26 3.593870420252171e-44 200
26.5 2.956910449323863e-44 168
27 1.048087576769918e-44 56
27.5 8.509623206465482e-46 7

0.5 1.357479792147724e-27 18
1 2.839363428466813e-27 62
1.5 2.024882104489411e-27 98
2 1.322330742352994e-26 210
2.5 7.7296094829735e-27 350
3 3.454701625337566e-27 450
3.5 2.509336585430145e-27 602
4 2.010708374464665e-27 762
4.5 1.859554736015903e-27 1142
5 1.245489205852223e-27 1250
5.5 8.845176022860735e-28 1458
6 6.002267996291152e-28 1814
6.5 2.454304056911936e-28 2178
7 7.792671320516959e-29 2498
7.5 1.06321779944035e-29 2622
8 3.907581986733225e-31 3338
8.5 8.845554185185003e-41 3722
9 4.857625007442241e-41 4170
9.5 2.630868603964424e-41 4358
10 1.22465330518929e-41 5034
10.5 4.291381693784913e-42 5714
11 9.194449321275893e-43 5982
11.5 1.976597748870736e-43 6602
12 1.73744483121055e-43 7130
12.5 2.22351375031672e-43 8034
13 2.77988188486797e-43 8606
13.5 3.376302978980671e-43 9066
14 4.1674065324804e-43 9962
14.5 5.36568861411044e-43 10550
15 6.281614547582628e-43 11226
15.5 7.819796059246691e-43 12146
16 8.312568993030705e-43 12303
16.5 8.735803211583434e-43 12584
17 9.142638366302476e-43 12120
17.5 9.033952597813566e-43 11180
18 9.813856207977711e-43 11096
18.5 9.188832517796514e-43 10056
19 9.393963003300077e-43 9716
19.5 8.813003215554704e-43 8604
20 9.159030430631864e-43 8060
20.5 8.86265555123172e-43 7320
21 8.332069808690153e-43 6356
21.5 7.774115334752842e-43 5348
22 6.481727294411962e-43 4308
22.5 5.538102733860712e-43 3563
23 3.983695141886047e-43 2448
23.5 3.060676746220287e-43 1868
24 2.353762582580117e-43 1358
24.5 1.830839745105607e-43 1062
25 1.453474244532417e-43 776
25.5 7.771657991108912e-44 432
26 4.008599134999661e-44 200
26.5 3.535225665159398e-44 168
27 1.130627275152489e-44 56
27.5 8.173857265500617e-46 7

0.5 1.521956933521753e-27 18
1 4.05230786097149e-26 62
1.5 4.137178645168925e-26 98
2 1.401045317474823e-25 210
2.5 2.232189477451553e-26 350
3 4.059608278799907e-27 450
3.5 2.442579257773033e-27 602
4 2.137719968390867e-27 762
4.5 2.475555125036679e-27 1142
5 1.343028857485381e-27 1250
5.5 8.551915375935214e-28 1458
6 5.759249570231444e-28 1814
6.5 2.363008643952188e-28 2178
7 7.175907398299119e-29 2498
7.5 1.040216772730207e-29 2622
8 3.526711682308615e-31 3338
8.5 1.539998114708294e-40 3722
9 4.877388483958102e-41 4170
9.5 2.659601936217682e-41 4358
10 1.218217440064794e-41 5034
10.5 4.226652312787554e-42 5714
11 9.406152826985063e-43 5982
11.5 1.997899817396174e-43 6602
12 1.731609068429575e-43 7130
12.5 2.271375913807286e-43 8034
13 2.791516975167799e-43 8606
13.5 3.389636529604149e-43 9066
14 4.357338499122256e-43 9962
14.5 5.33891470583099e-43 10550
15 6.459407894296723e-43 11226
15.5 7.93369320001202e-43 12146
16 8.470326512599954e-43 12303
16.5 8.978033245933347e-43 12584
17 9.268206533483889e-43 12120
17.5 9.321753767262781e-43 11180
18 9.866992283990121e-43 11096
18.5 9.492277888277377e-43 10056
19 1.003492673679564e-42 9716
19.5 9.060447820123844e-43 8604
20 9.532309455474741e-43 8060
20.5 9.097158560941116e-43 7320
21 8.537164148791556e-43 6356
21.5 8.138082324974754e-43 5348
22 6.739733061023222e-43 4308
22.5 5.757445507478994e-43 3563
23 4.219735955169228e-43 2448
23.5 3.189602886944693e-43 1868
24 2.487944490780756e-43 1358
24.5 2.005831309537183e-43 1062
25 1.44623384999722e-43 776
25.5 8.339590839638323e-44 432
26 3.932538580931617e-44 200
26.5 3.378934774010433e-44 168
27 1.199099011696768e-44 56
27.5 1.120696061658954e-45 7

0.5 9.396524195669869e-25 18
1 7.389840959153682e-25 62
1.5 8.252053475377648e-25 98
2 1.35662411436526e-23 210
2.5 2.493637697886774e-24 350
3 5.313288970356933e-26 450
3.5 5.446147510386988e-27 602
4 4.322099611858108e-27 762
4.5 7.536450604615016e-27 1142
5 3.264728266216986e-27 1250
5.5 8.861085658138649e-28 1458
6 5.645486996745723e-28 1814
6.5 2.365048563433433e-28 2178
7 7.373132334856765e-29 2498
7.5 9.999035383913462e-30 2622
8 3.550979183755476e-31 3338
8.5 5.167128784976526e-40 3722
9 6.15564314379684e-41 4170
9.5 2.946051190188144e-41 4358
10 1.30523855037897e-41 5034
10.5 4.488427182185687e-42 5714
11 9.692924962900833e-43 5982
11.5 2.092232765231813e-43 6602
12 1.761082781752955e-43 7130
12.5 2.352450312089904e-43 8034
13 2.880044652337022e-43 8606
13.5 3.458653493179941e-43 9066
14 4.431965750356409e-43 9962
14.5 5.46427337480335e-43 10550
15 6.570304448798691e-43 11226
15.5 8.046257812800035e-43 12146
16 9.005595124632905e-43 12303
16.5 9.108673862326614e-43 12584
17 9.36409678389106e-43 12120
17.5 9.558398946166174e-43 11180
18 9.922997389968918e-43 11096
18.5 9.878662479552973e-43 10056
19 1.024276637459645e-42 9716
19.5 9.552605342674167e-43 8604
20 9.779892503472269e-43 8060
20.5 9.433206035516447e-43 7320
21 8.887976224900276e-43 6356
21.5 8.339895838085586e-43 5348
22 6.903928509239623e-43 4308
22.5 6.005473153135933e-43 3563
23 4.298948324763627e-43 2448
23.5 3.344429657632713e-43 1868
24 2.480215726588264e-43 1358
24.5 2.049110993106067e-43 1062
25 1.548937886574823e-43 776
25.5 9.570850729312741e-44 432
26 4.250799944861613e-44 200
26.5 3.795069132843336e-44 168
27 1.322902056019415e-44 56
27.5 9.176222349702776e-46 7

0.5 7.91432541074281e-24 18
1 3.258697199243366e-24 62
1.5 3.456418613473293e-23 98
2 3.34312363224328e-22 210
2.5 2.799660907873962e-23 350
3 1.009270378317663e-25 450
3.5 1.038704567098724e-26 602
4 9.661031545697962e-27 762
4.5 1.854497161645145e-26 1142
5 1.550837902923917e-26 1250
5.5 9.507834777282149e-28 1458
6 6.05722314164947e-28 1814
6.5 2.403534997417746e-28 2178
7 7.281461164297472e-29 2498
7.5 9.803722895450694e-30 2622
8 3.486985949705231e-31 3338
8.5 2.699840805817941e-39 3722
9 1.462878699346091e-40 4170
9.5 3.260921989482515e-41 4358
10 1.344362824298866e-41 5034
10.5 4.522898365422611e-42 5714
11 9.321747169835614e-43 5982
11.5 2.149483501783175e-43 6602
12 1.84847976606733e-43 7130
12.5 2.422566872429622e-43 8034
13 3.066597052524285e-43 8606
13.5 3.596177328096324e-43 9066
14 4.747849620594018e-43 9962
14.5 5.840313610189353e-43 10550
15 6.80794972462497e-43 11226
15.5 8.318074408615275e-43 12146
16 9.22788131778639e-43 12303
16.5 9.549362645933497e-43 12584
17 1.028336584834896e-42 12120
17.5 9.977030265333997e-43 11180
18 1.101733481113057e-42 11096
18.5 1.062083062338004e-42 10056
19 1.084423487089568e-42 9716
19.5 1.028845182799577e-42 8604
20 1.062986532259716e-42 8060
20.5 1.00495344368515e-42 7320
21 9.503798247132376e-43 6356
21.5 8.805825307403326e-43 5348
22 7.496043457769859e-43 4308
22.5 6.452051405876262e-43 3563
23 4.647002808907978e-43 2448
23.5 3.549900094423589e-43 1868
24 2.84338091629611e-43 1358
24.5 2.180946837239136e-43 1062
25 1.674910459391242e-43 776
25.5 1.062311149597393e-43 432
26 4.481222189660848e-44 200
26.5 3.863302713132687e-44 168
27 1.350440466987719e-44 56
27.5 9.083968591198687e-46 7

0.5 9.166413797044634e-22 18
1 2.046399242911692e-22 62
1.5 4.213559583137077e-21 98
2 1.808925423116765e-20 210
2.5 1.406947257447702e-21 350
3 2.660958790905313e-24 450
3.5 2.293836890996693e-25 602
4 9.799995894564342e-26 762
4.5 1.418648045553729e-25 1142
5 5.181618829631038e-26 1250
5.5 2.325824935644569e-27 1458
6 6.154331167124963e-28 1814
6.5 2.310221364401613e-28 2178
7 7.102185293508672e-29 2498
7.5 9.572801778475855e-30 2622
8 3.238584884154591e-31 3338
8.5 1.607754521623577e-38 3722
9 4.304412999201876e-40 4170
9.5 3.570140323566429e-41 4358
10 1.36897629074104e-41 5034
10.5 4.597253804400465e-42 5714
11 9.895564888249966e-43 5982
11.5 2.088999530301124e-43 6602
12 1.905080134624007e-43 7130
12.5 2.405523372073193e-43 8034
13 3.068194718272974e-43 8606
13.5 3.589320910307453e-43 9066
14 4.684130805100249e-43 9962
14.5 5.807810207334639e-43 10550
15 6.840095336013216e-43 11226
15.5 8.349127800910728e-43 12146
16 9.237056423455698e-43 12303
16.5 9.615074640717913e-43 12584
17 1.02321093692011e-42 12120
17.5 1.016659485413734e-42 11180
18 1.107440140180162e-42 11096
18.5 1.031862072165642e-42 10056
19 1.07539519171491e-42 9716
19.5 1.004481247875884e-42 8604
20 1.058574820627739e-42 8060
20.5 1.015572026325629e-42 7320
21 9.471325581941984e-43 6356
21.5 8.629294878643223e-43 5348
22 7.372401099621938e-43 4308
22.5 6.323948174846032e-43 3563
23 4.656498815970595e-43 2448
23.5 3.462850790888358e-43 1868
24 2.706793646875108e-43 1358
24.5 2.23433702496103e-43 1062
25 1.639366448307434e-43 776
25.5 9.89157460717861e-44 432
26 4.185948351451526e-44 200
26.5 4.073649117076719e-44 168
27 1.528071762214051e-44 56
27.5 1.756904736175032e-45 7

0.5 8.949822335873536e-20 18
1 1.979743513687636e-19 62
1.5 6.994199794731525e-19 98
2 1.228519280211738e-18 210
2.5 1.163858978371257e-19 350
3 2.423061174911044e-21 450
3.5 2.196686889196932e-23 602
4 5.366717886303809e-25 762
4.5 1.676906233207361e-24 1142
5 6.004861391202888e-25 1250
5.5 1.737070364271477e-27 1458
6 6.359819616121314e-28 1814
6.5 2.466071841732787e-28 2178
7 7.443425334222915e-29 2498
7.5 1.061775876569207e-29 2622
8 3.396921247361429e-31 3338
8.5 1.072730948282241e-37 3722
9 3.55683791446903e-39 4170
9.5 5.263067692935382e-41 4358
10 1.462687123955344e-41 5034
10.5 4.826499565282439e-42 5714
11 1.034762721829576e-42 5982
11.5 2.393727758417318e-43 6602
12 2.153382140948001e-43 7130
12.5 2.896792562814282e-43 8034
13 3.548243051673358e-43 8606
13.5 4.42159615314209e-43 9066
14 5.523417277418973e-43 9962
14.5 6.815180769837223e-43 10550
15 8.145270816754183e-43 11226
15.5 1.012282947721808e-42 12146
16 1.104301693043079e-42 12303
16.5 1.158197555295359e-42 12584
17 1.219524264061121e-42 12120
17.5 1.22423250583141e-42 11180
18 1.287915944554485e-42 11096
18.5 1.281271687724519e-42 10056
19 1.29314870873797e-42 9716
19.5 1.240287996271527e-42 8604
20 1.261454101984797e-42 8060
20.5 1.255771165744886e-42 7320
21 1.158493758416696e-42 6356
21.5 1.084840214059093e-42 5348
22 9.446717283131016e-43 4308
22.5 7.853657439818877e-43 3563
23 5.691363102337832e-43 2448
23.5 4.228515831433744e-43 1868
24 3.327537880988687e-43 1358
24.5 2.626488865772799e-43 1062
25 1.998982222120298e-43 776
25.5 1.222804259456437e-43 432
26 5.322849499636852e-44 200
26.5 5.151996409665306e-44 168
27 1.867271543699226e-44 56
27.5 2.371342398831327e-45 7

0.5 1.030754136325659e-18 18
1 3.05197072443521e-19 62
1.5 1.146879687115919e-17 98
2 2.130859418740496e-17 210
2.5 3.533481810313673e-19 350
3 1.728393258965967e-20 450
3.5 2.666572253555475e-22 602
4 1.860225029251473e-24 762
4.5 2.656692522362868e-24 1142
5 3.639096965775872e-24 1250
5.5 1.570965045038472e-26 1458
6 6.28189848176182e-28 1814
6.5 2.305006762822908e-28 2178
7 6.963425221947176e-29 2498
7.5 1.008730377002253e-29 2622
8 3.233367496593951e-31 3338
8.5 5.309458011903141e-37 3722
9 1.649752885150931e-38 4170
9.5 1.430443233431299e-40 4358
10 1.544470047348045e-41 5034
10.5 5.599342459803991e-42 5714
11 1.914664245813209e-42 5982
11.5 1.489722632478527e-42 6602
12 1.778109371641609e-42 7130
12.5 2.308693424462382e-42 8034
13 2.922157155141374e-42 8606
13.5 3.659366897019581e-42 9066
14 4.579779280254898e-42 9962
14.5 5.586798673527559e-42 10550
15 6.829249040260528e-42 11226
15.5 8.367581739345234e-42 12146
16 9.297950583081408e-42 12303
16.5 1.027301655316915e-41 12584
17 1.060150357914776e-41 12120
17.5 1.051314366451424e-41 11180
18 1.124316489914816e-41 11096
18.5 1.06014183262769e-41 10056
19 1.130679206986006e-41 9716
19.5 1.015820766286738e-41 8604
20 1.037974739239867e-41 8060
20.5 1.038639766897259e-41 7320
21 9.614514591302762e-42 6356
21.5 8.823459467004064e-42 5348
22 7.38898067719263e-42 4308
22.5 6.245215173991917e-42 3563
23 4.498025377040831e-42 2448
23.5 3.342835441706477e-42 1868
24 2.609339252791222e-42 1358
24.5 2.088056039526804e-42 1062
25 1.538792113518669e-42 776
25.5 8.743546068528622e-43 432
26 4.081464362534736e-43 200
26.5 3.859072616199209e-43 168
27 1.187440655022613e-43 56
27.5 1.70881250429221e-44 7

0.5 3.328525144211058e-16 18
1 1.073472481163602e-15 62
1.5 2.636102760488903e-15 98
2 2.607744826480129e-15 210
2.5 2.029439357772769e-16 350
3 4.424262831757924e-18 450
3.5 1.329539441449643e-20 602
4 1.818229609718445e-23 762
4.5 4.269279283552861e-23 1142
5 1.864523247840838e-23 1250
5.5 4.777940209412257e-25 1458
6 7.11820876392786e-28 1814
6.5 2.456064891114698e-28 2178
7 7.446643308407835e-29 2498
7.5 1.031868814938369e-29 2622
8 3.697126081295669e-31 3338
8.5 8.774931931492673e-36 3722
9 1.846106957828111e-37 4170
9.5 1.066424571416756e-39 4358
10 7.432561523816767e-41 5034
10.5 2.115889141979629e-41 5714
11 1.433255123656313e-41 5982
11.5 1.763338868269507e-41 6602
12 2.363310523623521e-41 7130
12.5 3.237929495476924e-41 8034
13 4.126692431814718e-41 8606
13.5 5.270717666172372e-41 9066
14 6.829342474833062e-41 9962
14.5 8.452006816417181e-41 10550
15 1.049286324012213e-40 11226
15.5 1.327328758284947e-40 12146
16 1.509728482270261e-40 12303
16.5 1.65408308939989e-40 12584
17 1.747025442900678e-40 12120
17.5 1.705605924365074e-40 11180
18 1.858039251440297e-40 11096
18.5 1.776614830822367e-40 10056
19 1.835167659696079e-40 9716
19.5 1.792660295682419e-40 8604
20 1.780510616426274e-40 8060
20.5 1.770422312856634e-40 7320
21 1.637666670212329e-40 6356
21.5 1.487564625737344e-40 5348
22 1.300862343406989e-40 4308
22.5 1.142116369184364e-40 3563
23 7.980283279314956e-41 2448
23.5 6.456836042951072e-41 1868
24 4.886642321780247e-41 1358
24.5 3.628779686490838e-41 1062
25 2.800647348805085e-41 776
25.5 1.598888934001353e-41 432
26 8.040241455446419e-42 200
26.5 7.215175436629839e-42 168
27 2.085903962541621e-42 56
27.5 2.682434855959807e-43 7

0.5 1.189207415670539e-15 18
1 1.713513416656648e-15 62
1.5 2.435275614302772e-14 98
2 2.177245361541307e-14 210
2.5 6.975709660693948e-16 350
3 8.50393098304201e-17 450
3.5 2.465008071226113e-19 602
4 4.120297256101561e-21 762
4.5 1.265265094694476e-21 1142
5 3.317870242671457e-22 1250
5.5 7.835510955593255e-24 1458
6 2.315608633268647e-26 1814
6.5 1.189970374199091e-27 2178
7 8.540505102710899e-29 2498
7.5 1.093886837270132e-29 2622
8 4.709539691662917e-31 3338
8.5 1.938537479622089e-33 3722
9 8.406725566304825e-36 4170
9.5 3.092256142441089e-37 4358
10 1.167019207410528e-38 5034
10.5 3.414153572647124e-39 5714
11 1.793382029081031e-39 5982
11.5 2.090483622186541e-39 6602
12 2.603389754139017e-39 7130
12.5 3.647643024115874e-39 8034
13 4.300570256597498e-39 8606
13.5 5.511047382874051e-39 9066
14 7.051504892664613e-39 9962
14.5 8.675136144629617e-39 10550
15 1.039351043918699e-38 11226
15.5 1.241596799003476e-38 12146
16 1.400589092207674e-38 12303
16.5 1.55110199142078e-38 12584
17 1.614499326441397e-38 12120
17.5 1.552159124443626e-38 11180
18 1.658653939539215e-38 11096
18.5 1.581348812866482e-38 10056
19 1.646159914708837e-38 9716
19.5 1.556849035829851e-38 8604
20 1.547492939755015e-38 8060
20.5 1.538114470920544e-38 7320
21 1.395788033336685e-38 6356
21.5 1.292387647963531e-38 5348
22 1.099872711559389e-38 4308
22.5 9.462178121351909e-39 3563
23 6.385764865830406e-39 2448
23.5 5.10631090155433e-39 1868
24 3.693588844234926e-39 1358
24.5 3.118599320463099e-39 1062
25 2.286476386664318e-39 776
25.5 1.317082976721249e-39 432
26 7.078268134025071e-40 200
26.5 5.004377567484498e-40 168
27 1.696295881368272e-40 56
27.5 2.003137604718791e-41 7

0.5 4.68987042533145e-13 18
1 1.380766044324276e-12 62
1.5 3.175569066989423e-12 98
2 1.930025458156501e-12 210
2.5 1.618692686359106e-14 350
3 5.783020691488534e-17 450
3.5 6.123128601968953e-18 602
4 2.585464729389156e-18 762
4.5 5.498823497766642e-19 1142
5 6.652582259184253e-20 1250
5.5 7.69606800643316e-21 1458
6 4.20814277387959e-22 1814
6.5 5.20771751945951e-24 2178
7 5.272172131503854e-25 2498
7.5 2.643655498792787e-26 2622
8 5.028589351604745e-27 3338
8.5 7.067178434049218e-28 3722
9 1.58448064705175e-29 4170
9.5 3.036634574724687e-30 4358
10 4.072417196272164e-31 5034
10.5 2.369322654170915e-32 5714
11 3.565027511235537e-34 5982
11.5 8.436348699552245e-35 6602
12 9.429771916083292e-36 7130
12.5 1.387919868641439e-36 8034
13 2.567031326580986e-37 8606
13.5 9.218017494690635e-38 9066
14 9.171970095757458e-38 9962
14.5 1.110310984782716e-37 10550
15 1.392696805944567e-37 11226
15.5 1.699821452882303e-37 12146
16 1.937388839300949e-37 12303
16.5 2.193533875034533e-37 12584
17 2.263033682948881e-37 12120
17.5 2.226071875221287e-37 11180
18 2.367460576066066e-37 11096
18.5 2.279868076278361e-37 10056
19 2.316529496100287e-37 9716
19.5 2.255040742622849e-37 8604
20 2.164006936524226e-37 8060
20.5 2.09267726728496e-37 7320
21 1.959049973874045e-37 6356
21.5 1.7867425594068e-37 5348
22 1.487198022044607e-37 4308
22.5 1.307300343659971e-37 3563
23 9.104717561945479e-38 2448
23.5 7.143307507342432e-38 1868
24 5.100324462108225e-38 1358
24.5 4.212638058405435e-38 1062
25 2.74778004924741e-38 776
25.5 1.456336107538304e-38 432
26 8.073495259093054e-39 200
26.5 5.810572018357402e-39 168
27 2.184419691359906e-39 56
27.5 2.289247175474421e-40 7

0.5 1.508410378642213e-12 18
1 5.941819927257007e-12 62
1.5 4.45038179772414e-11 98
2 2.142915892626413e-11 210
2.5 3.238093317373875e-12 350
3 1.944508596880573e-13 450
3.5 2.241633984677859e-14 602
4 1.471767934882242e-14 762
4.5 8.509760500371702e-15 1142
5 3.877051331598998e-16 1250
5.5 2.5344648050996e-18 1458
6 6.877868892400165e-19 1814
6.5 4.53341596738784e-19 2178
7 1.322488715583199e-19 2498
7.5 8.229683570042542e-21 2622
8 3.371487551751198e-22 3338
8.5 1.037905271690186e-22 3722
9 4.985408826685272e-23 4170
9.5 1.594865840475339e-23 4358
10 2.657899891558476e-24 5034
10.5 4.648699919108538e-25 5714
11 1.029576833144019e-25 5982
11.5 2.737010173410095e-26 6602
12 6.424049738651708e-27 7130
12.5 1.472922045185684e-27 8034
13 3.447057531914573e-28 8606
13.5 7.794758409145889e-29 9066
14 1.574950610466509e-29 9962
14.5 3.206157059085427e-30 10550
15 7.10872490169505e-31 11226
15.5 1.594047453781709e-31 12146
16 3.165516547943177e-32 12303
16.5 5.781615492921786e-33 12584
17 1.076519553668107e-33 12120
17.5 2.172067947559476e-34 11180
18 6.399792858538299e-35 11096
18.5 3.149806675942551e-35 10056
19 2.632336496544316e-35 9716
19.5 2.450227899537334e-35 8604
20 2.333434444514458e-35 8060
20.5 2.283644761798177e-35 7320
21 2.140113222890571e-35 6356
21.5 1.950110652775955e-35 5348
22 1.616449328453025e-35 4308
22.5 1.445861905889303e-35 3563
23 1.001518429602333e-35 2448
23.5 7.810698681972998e-36 1868
24 5.940453258278794e-36 1358
24.5 5.068879734363751e-36 1062
25 3.61601803841871e-36 776
25.5 1.752498068989023e-36 432
26 7.325573935091037e-37 200
26.5 7.233807650820689e-37 168
27 2.48207064804991e-37 56
27.5 1.208121214061129e-38 7

0.5 2.745591727046341e-10 18
1 5.002812155135009e-10 62
1.5 1.659328963423358e-09 98
2 8.480662604959708e-10 210
2.5 3.828844125047289e-11 350
3 2.332172893387661e-11 450
3.5 2.392348158047682e-11 602
4 2.087101142143538e-11 762
4.5 1.007816022140766e-11 1142
5 2.068688652293034e-12 1250
5.5 5.235428391591925e-13 1458
6 1.524344543207518e-13 1814
6.5 2.269668331609833e-14 2178
7 4.960604522819869e-15 2498
7.5 2.776826406609687e-15 2622
8 1.944147576084576e-15 3338
8.5 8.108907157066453e-16 3722
9 2.086972333753868e-16 4170
9.5 3.231086462540082e-17 4358
10 4.451500156416322e-18 5034
10.5 3.078023389995106e-18 5714
11 2.3279951112907e-18 5982
11.5 1.126731074543137e-18 6602
12 4.201291463696809e-19 7130
12.5 1.366169257571884e-19 8034
13 3.80050251526828e-20 8606
13.5 1.380297319236659e-20 9066
14 5.603472583989435e-21 9962
14.5 2.381882809177893e-21 10550
15 9.598515602502485e-22 11226
15.5 3.725215295713276e-22 12146
16 1.318387931150624e-22 12303
16.5 4.739043152011509e-23 12584
17 1.33299831510376e-23 12120
17.5 3.346323343508301e-24 11180
18 1.131973377180769e-24 11096
18.5 3.6918384515402e-25 10056
19 9.738065746633888e-26 9716
19.5 1.73573741693793e-26 8604
20 3.994529436335683e-27 8060
20.5 1.656627257924248e-27 7320
21 6.106251621954133e-28 6356
21.5 1.898809925501068e-28 5348
22 4.524038369632204e-29 4308
22.5 8.285945328775707e-30 3563
23 9.116551683939959e-31 2448
23.5 1.348965245179818e-31 1868
24 4.311094202012362e-32 1358
24.5 1.30661546137209e-32 1062
25 2.854168580855972e-33 776
25.5 4.081971872007748e-34 432
26 7.71391498162429e-35 200
26.5 2.594710470476504e-35 168
27 6.192388570350795e-36 56
27.5 3.05900983313716e-37 7

0.5 2.197263288907786e-10 18
1 3.87275854247473e-10 62
1.5 2.126495082152917e-09 98
2 3.491662717266339e-09 210
2.5 1.076607307358732e-09 350
3 6.580845610776423e-10 450
3.5 7.411358692728161e-10 602
4 6.633737753504707e-10 762
4.5 2.38482533814087e-10 1142
5 2.426440232216349e-11 1250
5.5 2.89081215734327e-11 1458
6 6.047032815207026e-12 1814
6.5 5.586542848029963e-12 2178
7 1.531502820429184e-12 2498
7.5 3.709424868025716e-13 2622
8 4.4122966082914e-13 3338
8.5 7.293943403569994e-14 3722
9 6.167953207889112e-14 4170
9.5 1.766837568717237e-14 4358
10 7.590696076475827e-15 5034
10.5 5.010091705525324e-15 5714
11 1.862438568764966e-15 5982
11.5 1.098499638222375e-15 6602
12 4.56319922851776e-16 7130
12.5 2.41729732802519e-16 8034
13 1.200608443393867e-16 8606
13.5 5.894537400618536e-17 9066
14 2.883051950507034e-17 9962
14.5 1.360064288735082e-17 10550
15 6.348870917428479e-18 11226
15.5 3.060931669817788e-18 12146
16 1.447326354412352e-18 12303
16.5 6.095215629229522e-19 12584
17 1.952650764375939e-19 12120
17.5 6.294269170668871e-20 11180
18 2.149064788825526e-20 11096
18.5 6.374658564044974e-21 10056
19 2.161415806011749e-21 9716
19.5 7.175252499906365e-22 8604
20 3.005431717724275e-22 8060
20.5 1.071584128660142e-22 7320
21 3.1734978246875e-23 6356
21.5 1.089465068526283e-23 5348
22 4.256434261261605e-24 4308
22.5 1.6336638034092e-24 3563
23 3.624019764007135e-25 2448
23.5 8.970191173367651e-26 1868
24 2.934641693273132e-26 1358
24.5 7.674637516004166e-27 1062
25 1.35594251932406e-27 776
25.5 1.602940151007847e-28 432
26 6.16405640841459e-29 200
26.5 3.03008054504601e-29 168
27 5.019755968605343e-30 56
27.5 4.219665924596869e-31 7

0.5 5.889493681363006e-10 18
1 6.636748492641587e-10 62
1.5 2.229595199611574e-09 98
2 8.326176517150726e-09 210
2.5 2.784569401335944e-09 350
3 2.100002350331875e-09 450
3.5 4.405802286239815e-09 602
4 3.373416216042857e-09 762
4.5 7.565063890842938e-10 1142
5 2.05573269199482e-10 1250
5.5 8.859533675793158e-11 1458
6 5.549169223448658e-11 1814
6.5 2.748562861015256e-11 2178
7 1.135293975799376e-11 2498
7.5 4.007943915864374e-12 2622
8 1.862772097863536e-12 3338
8.5 1.47642077779435e-12 3722
9 1.022284436880102e-12 4170
9.5 4.76489941283782e-13 4358
10 1.624741764220553e-13 5034
10.5 7.888722922272472e-14 5714
11 5.93202514148891e-14 5982
11.5 4.382689201316604e-14 6602
12 2.633406467452855e-14 7130
12.5 1.686499627447049e-14 8034
13 9.532753551709305e-15 8606
13.5 6.209415649276435e-15 9066
14 4.003644065674049e-15 9962
14.5 2.389024966900518e-15 10550
15 1.41090018839876e-15 11226
15.5 9.119216824297343e-16 12146
16 5.860065154396854e-16 12303
16.5 3.338620704290559e-16 12584
17 1.568790526348499e-16 12120
17.5 4.01662726646318e-17 11180
18 1.029579079291945e-17 11096
18.5 4.87006585875502e-18 10056
19 2.024104540518787e-18 9716
19.5 6.25889233765509e-19 8604
20 1.973981874608271e-19 8060
20.5 7.117992575879362e-20 7320
21 2.785424915412136e-20 6356
21.5 1.338173544866529e-20 5348
22 5.315824205485937e-21 4308
22.5 1.970235154902739e-21 3563
23 4.449059007091255e-22 2448
23.5 1.086962491229297e-22 1868
24 2.870706194172806e-23 1358
24.5 1.15439462016758e-23 1062
25 5.577001266345592e-24 776
25.5 1.65687319667011e-24 432
26 5.09399205052118e-25 200
26.5 1.807264328247477e-25 168
27 2.736473778560333e-26 56
27.5 2.080351534369639e-27 7

0.5 8.168157545685545e-10 18
1 1.01700732340372e-09 62
1.5 4.447730111550338e-09 98
2 1.895043389832613e-08 210
2.5 9.369361994678622e-09 350
3 6.132980866144596e-09 450
3.5 1.109570149157095e-08 602
4 7.342446936726721e-09 762
4.5 1.613457221893996e-09 1142
5 6.131836187687126e-10 1250
5.5 3.593024509893568e-10 1458
6 3.042589561217969e-10 1814
6.5 1.58469872511625e-10 2178
7 1.010256202037348e-10 2498
7.5 7.02774487929312e-11 2622
8 4.530240602154497e-11 3338
8.5 5.541846484866022e-11 3722
9 5.229326252492266e-11 4170
9.5 4.527756077135404e-11 4358
10 3.821196536961058e-11 5034
10.5 3.747463211613329e-11 5714
11 3.449251489407273e-11 5982
11.5 3.483917910255473e-11 6602
12 3.050317486723554e-11 7130
12.5 2.892937418189427e-11 8034
13 2.54777499793867e-11 8606
13.5 2.377919548561357e-11 9066
14 2.321611255082579e-11 9962
14.5 2.25139022799754e-11 10550
15 2.248821421757128e-11 11226
15.5 2.301448861092236e-11 12146
16 2.104071387251737e-11 12303
16.5 1.622921059377551e-11 12584
17 1.047944362035793e-11 12120
17.5 6.324675358162248e-12 11180
18 3.913394368736969e-12 11096
18.5 2.242938080630107e-12 10056
19 1.299490324057492e-12 9716
19.5 7.162545480352374e-13 8604
20 4.036510832708027e-13 8060
20.5 2.245060022598896e-13 7320
21 1.137573658340558e-13 6356
21.5 6.111469990414936e-14 5348
22 2.905587286855176e-14 4308
22.5 1.366623027043487e-14 3563
23 3.856710273666546e-15 2448
23.5 1.241861610755644e-15 1868
24 3.946931365432407e-16 1358
24.5 1.162464311046756e-16 1062
25 3.95736002047224e-17 776
25.5 1.107534018458748e-17 432
26 3.720209356295941e-18 200
26.5 2.162858060257853e-18 168
27 5.83066445987548e-19 56
27.5 6.96064712912881e-20 7

0.5 8.00952985191405e-09 18
1 1.686754764553464e-08 62
1.5 2.324785210358697e-08 98
2 6.572733140341831e-08 210
2.5 3.540496843486663e-08 350
3 2.147452992678586e-08 450
3.5 3.302541493717305e-08 602
4 2.561309753473603e-08 762
4.5 9.92498715270315e-09 1142
5 3.547698619975565e-09 1250
5.5 2.727093826861025e-09 1458
6 2.426319484638939e-09 1814
6.5 1.798073897512802e-09 2178
7 1.092381687604372e-09 2498
7.5 7.514091536736012e-10 2622
8 6.575185412949794e-10 3338
8.5 5.680362835334405e-10 3722
9 3.618349770073302e-10 4170
9.5 2.782510517240686e-10 4358
10 2.68794761599797e-10 5034
10.5 1.829890315620111e-10 5714
11 1.623214898205877e-10 5982
11.5 1.393630134426855e-10 6602
12 1.096131110378512e-10 7130
12.5 9.844088408685626e-11 8034
13 8.460109277423786e-11 8606
13.5 7.558886775843008e-11 9066
14 7.034235518298264e-11 9962
14.5 6.254926063655175e-11 10550
15 5.548553860504398e-11 11226
15.5 4.462615848680659e-11 12146
16 3.523463884382499e-11 12303
16.5 2.465872945387625e-11 12584
17 1.554087459852605e-11 12120
17.5 9.009041726594407e-12 11180
18 5.943971647830648e-12 11096
18.5 3.535944707575401e-12 10056
19 2.32107773921656e-12 9716
19.5 1.397451891298179e-12 8604
20 8.899709524126045e-13 8060
20.5 5.862198569907605e-13 7320
21 3.756802308988137e-13 6356
21.5 2.388264063326924e-13 5348
22 1.457602159383237e-13 4308
22.5 9.083988599864917e-14 3563
23 3.739149918498676e-14 2448
23.5 1.850528916984317e-14 1868
24 9.827473802191572e-15 1358
24.5 3.527608327287992e-15 1062
25 2.292585053396752e-15 776
25.5 1.20139299014451e-15 432
26 5.27553950935127e-16 200
26.5 1.319932615078355e-16 168
27 1.709982144194063e-17 56
27.5 1.103237634936933e-18 7

0.5 2.783599752031695e-08 18
1 9.582463124796385e-08 62
1.5 9.29180426625926e-08 98
2 2.098281641669915e-07 210
2.5 1.399781711966781e-07 350
3 1.313922186913467e-07 450
3.5 1.24977028571462e-07 602
4 1.298206108517808e-07 762
4.5 1.146861978358572e-07 1142
5 6.232400781235283e-08 1250
5.5 6.948065914905569e-08 1458
6 8.256142562608541e-08 1814
6.5 6.904611014966667e-08 2178
7 5.752954380645302e-08 2498
7.5 5.390311534653147e-08 2622
8 7.127119075485495e-08 3338
8.5 6.728742690247001e-08 3722
9 5.590130077589786e-08 4170
9.5 5.195318494622038e-08 4358
10 5.560148694468209e-08 5034
10.5 5.927678600130601e-08 5714
11 5.047304646172475e-08 5982
11.5 4.886771194695776e-08 6602
12 4.690408815553003e-08 7130
12.5 4.898164258082025e-08 8034
13 4.991362413687796e-08 8606
13.5 4.864343919537547e-08 9066
14 5.079339008786718e-08 9962
14.5 5.275486634188726e-08 10550
15 5.840699210399821e-08 11226
15.5 6.340798733424256e-08 12146
16 6.533919764373316e-08 12303
16.5 5.845985944103736e-08 12584
17 4.385261439877891e-08 12120
17.5 3.240926037787247e-08 11180
18 2.529542865340767e-08 11096
18.5 2.08069726072136e-08 10056
19 1.941975290523063e-08 9716
19.5 1.711448111741517e-08 8604
20 1.512677017556861e-08 8060
20.5 1.340215375998233e-08 7320
21 1.121895061069627e-08 6356
21.5 9.210134309824369e-09 5348
22 7.275532037216229e-09 4308
22.5 5.231611280976446e-09 3563
23 2.694867318141007e-09 2448
23.5 1.778946204366905e-09 1868
24 9.947083079966884e-10 1358
24.5 5.424724809988145e-10 1062
25 3.320634368609041e-10 776
25.5 1.693317822129853e-10 432
26 7.032133961619434e-11 200
26.5 7.464502118094589e-11 168
27 3.214527721734027e-11 56
27.5 3.295439144255333e-12 7

0.5 4.005107802396816e-08 18
1 1.30705402589424e-07 62
1.5 2.073002659437002e-07 98
2 4.065459934959889e-07 210
2.5 3.31832300114926e-07 350
3 2.49272082597041e-07 450
3.5 2.726854715177765e-07 602
4 2.692566547170897e-07 762
4.5 1.964966325015988e-07 1142
5 1.518652227394472e-07 1250
5.5 1.260020936022368e-07 1458
6 1.167066815529444e-07 1814
6.5 1.012827007263679e-07 2178
7 1.14454840295482e-07 2498
7.5 9.547111724418731e-08 2622
8 9.98780068749716e-08 3338
8.5 9.810501005114823e-08 3722
9 9.890879985384274e-08 4170
9.5 9.573696786816338e-08 4358
10 9.22128403338563e-08 5034
10.5 8.657039597939932e-08 5714
11 8.331893660925407e-08 5982
11.5 8.865453632504058e-08 6602
12 7.647026863371429e-08 7130
12.5 7.643783262352769e-08 8034
13 7.226593013303248e-08 8606
13.5 7.395142940632348e-08 9066
14 7.43306070331519e-08 9962
14.5 7.169449275784835e-08 10550
15 7.042613912155013e-08 11226
15.5 7.231373952028927e-08 12146
16 7.029697201542527e-08 12303
16.5 6.155230234452933e-08 12584
17 4.773481131435014e-08 12120
17.5 3.740370437888198e-08 11180
18 3.140414641688423e-08 11096
18.5 2.527262382035747e-08 10056
19 2.118695447450579e-08 9716
19.5 1.893267725455295e-08 8604
20 1.893165411879563e-08 8060
20.5 1.698520124287175e-08 7320
21 1.361691129017426e-08 6356
21.5 1.149560853028624e-08 5348
22 8.375848459876057e-09 4308
22.5 6.419221227908337e-09 3563
23 3.326339375904893e-09 2448
23.5 2.164464904776548e-09 1868
24 1.15084165716258e-09 1358
24.5 7.151870586331019e-10 1062
25 4.487115765082751e-10 776
25.5 2.2232330401915e-10 432
26 1.153931429347782e-10 200
26.5 1.298521107329212e-10 168
27 4.744949261350129e-11 56
27.5 5.0558716818252e-12 7

0.5 5.419584030762273e-08 18
1 3.071344374242847e-07 62
1.5 3.451516229208867e-07 98
2 7.524275947832419e-07 210
2.5 7.04622288121421e-07 350
3 5.74225824117952e-07 450
3.5 5.272388373428326e-07 602
4 5.383250413489622e-07 762
4.5 4.480822300659045e-07 1142
5 3.239167432661631e-07 1250
5.5 2.892113132652966e-07 1458
6 2.908075003560989e-07 1814
6.5 2.975876891255798e-07 2178
7 2.954221692602845e-07 2498
7.5 2.602624084080969e-07 2622
8 2.974409941141822e-07 3338
8.5 2.792514903230584e-07 3722
9 2.618933851847786e-07 4170
9.5 2.594039290582033e-07 4358
10 2.349264615321072e-07 5034
10.5 2.367177687244813e-07 5714
11 2.21566871758543e-07 5982
11.5 2.141364383406732e-07 6602
12 1.975345223081278e-07 7130
12.5 1.890748750269613e-07 8034
13 1.771892556049737e-07 8606
13.5 1.7009990232279e-07 9066
14 1.682058079057045e-07 9962
14.5 1.581873421534275e-07 10550
15 1.561370891271495e-07 11226
15.5 1.601244809946625e-07 12146
16 1.478835250415402e-07 12303
16.5 1.214312480536516e-07 12584
17 9.221728021935139e-08 12120
17.5 6.581532851063655e-08 11180
18 5.318657892359877e-08 11096
18.5 4.120126265285363e-08 10056
19 3.433260153203491e-08 9716
19.5 2.909748979672567e-08 8604
20 2.548553187809375e-08 8060
20.5 2.32499420102827e-08 7320
21 1.913598125881619e-08 6356
21.5 1.532251735705076e-08 5348
22 1.075213136401958e-08 4308
22.5 7.889826813232404e-09 3563
23 4.332083435751711e-09 2448
23.5 2.809399958839076e-09 1868
24 1.533806841102195e-09 1358
24.5 9.344130857072091e-10 1062
25 7.313559551575067e-10 776
25.5 3.37771447597728e-10 432
26 1.499967110160302e-10 200
26.5 1.292349043378537e-10 168
27 3.359827670646099e-11 56
27.5 3.057796794917925e-12 7

0.5 1.016200414864024e-07 18
1 3.823062494612312e-07 62
1.5 6.975157437300605e-07 98
2 1.352029264697886e-06 210
2.5 1.053231911854983e-06 350
3 7.86556125141269e-07 450
3.5 8.726258282455911e-07 602
4 9.105220528224575e-07 762
4.5 7.331474531856704e-07 1142
5 5.38620317101432e-07 1250
5.5 4.613249026827642e-07 1458
6 4.876690239564729e-07 1814
6.5 4.617982507837091e-07 2178
7 4.673785445340536e-07 2498
7.5 4.148072863832798e-07 2622
8 4.777527004037271e-07 3338
8.5 4.578171387515068e-07 3722
9 4.454385371573764e-07 4170
9.5 3.859734743258098e-07 4358
10 3.904334042167767e-07 5034
10.5 3.713402511607699e-07 5714
11 3.353253468738638e-07 5982
11.5 3.227541535030581e-07 6602
12 2.99525460267261e-07 7130
12.5 2.888882892076004e-07 8034
13 2.668918662848623e-07 8606
13.5 2.442542511532344e-07 9066
14 2.313984028866007e-07 9962
14.5 2.141042559693662e-07 10550
15 2.057271511906392e-07 11226
15.5 2.076600111204404e-07 12146
16 1.837913552274082e-07 12303
16.5 1.501929498602057e-07 12584
17 1.108711393287457e-07 12120
17.5 8.133719122744322e-08 11180
18 6.75678594443611e-08 11096
18.5 5.185336780011097e-08 10056
19 4.271204626462694e-08 9716
19.5 3.426615338962881e-08 8604
20 3.061755268714865e-08 8060
20.5 2.651802843706929e-08 7320
21 2.123689806987668e-08 6356
21.5 1.802564893837929e-08 5348
22 1.296360939547034e-08 4308
22.5 9.450908712268052e-09 3563
23 4.898689674792963e-09 2448
23.5 3.036638452149782e-09 1868
24 1.811604239848016e-09 1358
24.5 1.114235664999391e-09 1062
25 8.00666947931211e-10 776
25.5 4.522934727247767e-10 432
26 2.167026834953465e-10 200
26.5 2.190291695647109e-10 168
27 6.363196126513349e-11 56
27.5 3.451090976343043e-12 7

0.5 2.003881722970696e-07 18
1 6.29591096974318e-07 62
1.5 8.890071749092316e-07 98
2 1.686171151317431e-06 210
2.5 1.701645550801732e-06 350
3 1.30312423368811e-06 450
3.5 1.250960316760181e-06 602
4 1.280316596475155e-06 762
4.5 1.152191456077137e-06 1142
5 8.513196182505927e-07 1250
5.5 8.146346200541576e-07 1458
6 7.718702250805112e-07 1814
6.5 7.591116021561385e-07 2178
7 7.635803418400634e-07 2498
7.5 6.961958999297525e-07 2622
8 7.808921638247869e-07 3338
8.5 7.401120165357751e-07 3722
9 7.197573995293174e-07 4170
9.5 6.379700596593684e-07 4358
10 6.661235485790976e-07 5034
10.5 6.103790152981128e-07 5714
11 5.393124049859989e-07 5982
11.5 5.175089789252082e-07 6602
12 4.812440224603701e-07 7130
12.5 4.499829033599484e-07 8034
13 4.137680438925649e-07 8606
13.5 3.817361518372581e-07 9066
14 3.485244263306536e-07 9962
14.5 3.174753183296451e-07 10550
15 3.124307066157473e-07 11226
15.5 3.14336676034953e-07 12146
16 2.75807578353877e-07 12303
16.5 2.252205000193485e-07 12584
17 1.642355595215915e-07 12120
17.5 1.191428295930058e-07 11180
18 9.182530707563155e-08 11096
18.5 6.854524366555424e-08 10056
19 5.52194152688254e-08 9716
19.5 4.439143071853489e-08 8604
20 3.73598588778643e-08 8060
20.5 3.066880103214692e-08 7320
21 2.587511516536844e-08 6356
21.5 2.051045797782218e-08 5348
22 1.50167023407965e-08 4308
22.5 1.074246105371495e-08 3563
23 5.628898611961529e-09 2448
23.5 3.786555207642871e-09 1868
24 2.093833796993988e-09 1358
24.5 1.304427018599302e-09 1062
25 8.67763244383137e-10 776
25.5 4.826431050275639e-10 432
26 2.262543174921416e-10 200
26.5 2.542752550852546e-10 168
27 7.030095632740262e-11 56
27.5 6.338919515787855e-12 7

0.5 2.751947713292362e-07 18
1 7.617203476347225e-07 62
1.5 1.002946435347947e-06 98
2 2.21222892634483e-06 210
2.5 1.869489847271668e-06 350
3 1.668290373172236e-06 450
3.5 1.586335758437202e-06 602
4 1.537641563117143e-06 762
4.5 1.460421733814852e-06 1142
5 1.035776155435806e-06 1250
5.5 9.523186421199683e-07 1458
6 9.903579997241645e-07 1814
6.5 9.651410348972009e-07 2178
7 9.29734014977861e-07 2498
7.5 8.509965083278297e-07 2622
8 9.185453210933635e-07 3338
8.5 9.433226468389268e-07 3722
9 8.841829093570428e-07 4170
9.5 7.868927560994526e-07 4358
10 7.991388545422257e-07 5034
10.5 7.501086341704212e-07 5714
11 6.422184266766283e-07 5982
11.5 6.158338462337958e-07 6602
12 5.602752137789279e-07 7130
12.5 5.511759606345724e-07 8034
13 4.789925337203768e-07 8606
13.5 4.346208385586454e-07 9066
14 3.970524212854549e-07 9962
14.5 3.534210104557684e-07 10550
15 3.404341224006521e-07 11226
15.5 3.389300372674869e-07 12146
16 2.955263306102061e-07 12303
16.5 2.388089878002236e-07 12584
17 1.788396558351848e-07 12120
17.5 1.304653396762708e-07 11180
18 1.003171203475208e-07 11096
18.5 7.328761010552945e-08 10056
19 6.100528333296224e-08 9716
19.5 4.659839923500066e-08 8604
20 3.962102575725651e-08 8060
20.5 3.340321359048769e-08 7320
21 2.712939138390526e-08 6356
21.5 2.227661624938256e-08 5348
22 1.568506595932967e-08 4308
22.5 1.165150050716676e-08 3563
23 6.031346836839204e-09 2448
23.5 3.774986493774524e-09 1868
24 2.178017686722508e-09 1358
24.5 1.393734734808522e-09 1062
25 9.383336406620004e-10 776
25.5 5.213510162514897e-10 432
26 2.311959862017981e-10 200
26.5 2.661501561471126e-10 168
27 6.834990401545509e-11 56
27.5 3.80205860776563e-12 7

0.5 3.659358530759194e-07 18
1 7.984160264174577e-07 62
1.5 1.258029830519556e-06 98
2 2.419308774580543e-06 210
2.5 2.376287549372091e-06 350
3 1.961224688314724e-06 450
3.5 2.116220631252141e-06 602
4 1.971376904853809e-06 762
4.5 1.927784535366041e-06 1142
5 1.386309477094879e-06 1250
5.5 1.282000713177033e-06 1458
6 1.314791289605787e-06 1814
6.5 1.280967255392886e-06 2178
7 1.268040226166545e-06 2498
7.5 1.15907427441277e-06 2622
8 1.279392408738595e-06 3338
8.5 1.209983620696241e-06 3722
9 1.150619427606576e-06 4170
9.5 1.03104902176585e-06 4358
10 1.045956706371587e-06 5034
10.5 1.002608120210752e-06 5714
11 8.706941123672481e-07 5982
11.5 8.251263849527081e-07 6602
12 7.269611529191435e-07 7130
12.5 7.048600640273095e-07 8034
13 6.261492892992586e-07 8606
13.5 5.542875469692838e-07 9066
14 5.205070265432971e-07 9962
14.5 4.672281279585553e-07 10550
15 4.395840965909405e-07 11226
15.5 4.313823354530078e-07 12146
16 3.784581622410991e-07 12303
16.5 3.067678050004077e-07 12584
17 2.236447224404763e-07 12120
17.5 1.620145841676394e-07 11180
18 1.268995055014765e-07 11096
18.5 8.999033376754933e-08 10056
19 7.237606544227138e-08 9716
19.5 5.652577949134367e-08 8604
20 4.732094663456666e-08 8060
20.5 3.904647027931683e-08 7320
21 3.141834995328777e-08 6356
21.5 2.473991639571231e-08 5348
22 1.786070522166862e-08 4308
22.5 1.311965953207985e-08 3563
23 6.675140382938116e-09 2448
23.5 4.110309976355141e-09 1868
24 2.350723182375879e-09 1358
24.5 1.400338257802259e-09 1062
25 9.819652502208442e-10 776
25.5 5.536638587336817e-10 432
26 2.460478999107257e-10 200
26.5 2.866206136645967e-10 168
27 6.191662607713398e-11 56
27.5 5.141213537931981e-12 7

0.5 4.278633745723703e-07 18
1 9.749251495230916e-07 62
1.5 1.336493454694379e-06 98
2 2.839230531866993e-06 210
2.5 2.483282143943605e-06 350
3 2.242688091255121e-06 450
3.5 2.187369803624615e-06 602
4 2.076253038917026e-06 762
4.5 2.127061698566218e-06 1142
5 1.58109235754836e-06 1250
5.5 1.510583184329689e-06 1458
6 1.49077001104569e-06 1814
6.5 1.502624486790844e-06 2178
7 1.47222011674689e-06 2498
7.5 1.303022387990537e-06 2622
8 1.498165793728439e-06 3338
8.5 1.4163948207035e-06 3722
9 1.361285154129815e-06 4170
9.5 1.182422191124623e-06 4358
10 1.203808280694161e-06 5034
10.5 1.135694042260422e-06 5714
11 9.964631290495858e-07 5982
11.5 9.143173244029242e-07 6602
12 8.495335072029915e-07 7130
12.5 7.894193242290952e-07 8034
13 6.855207827211909e-07 8606
13.5 6.226228312493201e-07 9066
14 5.675164330817267e-07 9962
14.5 5.136339791223763e-07 10550
15 4.895382233929357e-07 11226
15.5 4.841351204244059e-07 12146
16 4.165086641061152e-07 12303
16.5 3.339589228145321e-07 12584
17 2.441584740897236e-07 12120
17.5 1.788131571349764e-07 11180
18 1.353489763784396e-07 11096
18.5 9.871242018846964e-08 10056
19 7.838312917144193e-08 9716
19.5 6.213991310494339e-08 8604
20 5.038849923691359e-08 8060
20.5 4.105884008772544e-08 7320
21 3.368224888297656e-08 6356
21.5 2.617215773865798e-08 5348
22 1.876082203731023e-08 4308
22.5 1.400304176060495e-08 3563
23 7.075377281835858e-09 2448
23.5 4.300577053253688e-09 1868
24 2.501117344339379e-09 1358
24.5 1.537637519460798e-09 1062
25 1.072451293734344e-09 776
25.5 5.8692564877407e-10 432
26 2.547727905374696e-10 200
26.5 2.864114365686514e-10 168
27 6.446502053522677e-11 56
27.5 7.378095736043653e-12 7

0.5 4.018132565071886e-07 18
1 8.738097850127915e-07 62
1.5 1.557757004949515e-06 98
2 3.197584216082145e-06 210
2.5 2.658654876196241e-06 350
3 2.373436185181017e-06 450
3.5 2.77842607742329e-06 602
4 2.391510678613757e-06 762
4.5 2.421842565293072e-06 1142
5 1.860089192965594e-06 1250
5.5 1.739460144372814e-06 1458
6 1.774202845717825e-06 1814
6.5 1.771979190351075e-06 2178
7 1.780693219509744e-06 2498
7.5 1.550325834623546e-06 2622
8 1.795180345331134e-06 3338
8.5 1.669301061489614e-06 3722
9 1.612234064816918e-06 4170
9.5 1.440217677428427e-06 4358
10 1.449004715744693e-06 5034
10.5 1.336322290172194e-06 5714
11 1.154571651419035e-06 5982
11.5 1.08651614194831e-06 6602
12 9.826985672686906e-07 7130
12.5 9.340476473510601e-07 8034
13 8.035973313668123e-07 8606
13.5 7.316790141917881e-07 9066
14 6.705494318016704e-07 9962
14.5 6.139547992331091e-07 10550
15 5.668243210544625e-07 11226
15.5 5.612418949860164e-07 12146
16 5.034211763071124e-07 12303
16.5 3.974917299142294e-07 12584
17 2.931247044290751e-07 12120
17.5 2.080011627569175e-07 11180
18 1.582163523271644e-07 11096
18.5 1.156620927856963e-07 10056
19 9.030630613005025e-08 9716
19.5 6.927373298484262e-08 8604
20 5.718384140052361e-08 8060
20.5 4.537771343073923e-08 7320
21 3.621933791650969e-08 6356
21.5 2.882682594478939e-08 5348
22 2.087949898479787e-08 4308
22.5 1.555645175251868e-08 3563
23 8.042905432488355e-09 2448
23.5 4.842620483425026e-09 1868
24 2.717516836329516e-09 1358
24.5 1.67029993737359e-09 1062
25 1.121052404518765e-09 776
25.5 6.012187409114387e-10 432
26 2.862194189823075e-10 200
26.5 2.842522985840685e-10 168
27 6.47511466638918e-11 56
27.5 5.497697894197083e-12 7

0.5 2.974103540489231e-07 18
1 9.585063558055657e-07 62
1.5 1.617214070305258e-06 98
2 3.29557661487516e-06 210
2.5 2.811451587828755e-06 350
3 2.472348847725987e-06 450
3.5 2.808407315279517e-06 602
4 2.576461956203228e-06 762
4.5 2.715008455948293e-06 1142
5 2.113147653240497e-06 1250
5.5 2.025600768324221e-06 1458
6 1.932320817600732e-06 1814
6.5 1.999054279846264e-06 2178
7 1.978494195828682e-06 2498
7.5 1.762774801084281e-06 2622
8 1.966356309658342e-06 3338
8.5 1.971887170033815e-06 3722
9 1.835978304784823e-06 4170
9.5 1.653419457823154e-06 4358
10 1.636556228958364e-06 5034
10.5 1.544057244728206e-06 5714
11 1.289378511447137e-06 5982
11.5 1.236560555283389e-06 6602
12 1.108367252329705e-06 7130
12.5 1.051932613140671e-06 8034
13 9.339863076322106e-07 8606
13.5 8.212202897009428e-07 9066
14 7.523465486579026e-07 9962
14.5 6.853473168628312e-07 10550
15 6.3514838025323e-07 11226
15.5 6.262505649556671e-07 12146
16 5.557272898413166e-07 12303
16.5 4.459584569988469e-07 12584
17 3.1884668237366e-07 12120
17.5 2.311119222429312e-07 11180
18 1.729375289970208e-07 11096
18.5 1.255708245537324e-07 10056
19 9.935708562781609e-08 9716
19.5 7.341585741626695e-08 8604
20 6.154173544670535e-08 8060
20.5 5.052488700531383e-08 7320
21 3.865997446276948e-08 6356
21.5 3.163252158881048e-08 5348
22 2.281208185122158e-08 4308
22.5 1.643681823909759e-08 3563
23 8.280816263926692e-09 2448
23.5 4.993116053261618e-09 1868
24 2.890008797645116e-09 1358
24.5 1.770266106390293e-09 1062
25 1.178012845693707e-09 776
25.5 5.907998160567004e-10 432
26 2.623808032463082e-10 200
26.5 2.867409738107469e-10 168
27 7.559823507541001e-11 56
27.5 5.850088789431139e-12 7

0.5 2.587506529704033e-07 18
1 1.136531578281736e-06 62
1.5 1.706763221797607e-06 98
2 3.109789041539974e-06 210
2.5 2.724920767149961e-06 350
3 2.589414036051564e-06 450
3.5 3.038259925482716e-06 602
4 2.626057179702192e-06 762
4.5 2.787180647303853e-06 1142
5 2.17519190887462e-06 1250
5.5 2.044027792802409e-06 1458
6 2.09770379451736e-06 1814
6.5 2.160590957688248e-06 2178
7 2.126734677128294e-06 2498
7.5 1.883411066213929e-06 2622
8 2.127267311408576e-06 3338
8.5 2.03554523127278e-06 3722
9 1.976186626878024e-06 4170
9.5 1.708603000062849e-06 4358
10 1.68384897150666e-06 5034
10.5 1.633094924160879e-06 5714
11 1.407480743840572e-06 5982
11.5 1.297880044051822e-06 6602
12 1.181187504091021e-06 7130
12.5 1.11396604081061e-06 8034
13 9.701385756189336e-07 8606
13.5 8.778831798303381e-07 9066
14 7.873231390437279e-07 9962
14.5 7.330547528686135e-07 10550
15 6.899914423596921e-07 11226
15.5 6.787089704149188e-07 12146
16 6.042127907470385e-07 12303
16.5 4.852514137949998e-07 12584
17 3.512792207069817e-07 12120
17.5 2.503835538268548e-07 11180
18 1.883715035213167e-07 11096
18.5 1.35711412017836e-07 10056
19 1.0696033146902e-07 9716
19.5 7.985653248468514e-08 8604
20 6.551490902026041e-08 8060
20.5 5.390147136846761e-08 7320
21 4.150193151137502e-08 6356
21.5 3.334505657009398e-08 5348
22 2.305815725422043e-08 4308
22.5 1.666447672878778e-08 3563
23 8.712060463108219e-09 2448
23.5 5.072181175653525e-09 1868
24 3.130303581125365e-09 1358
24.5 1.862255538358805e-09 1062
25 1.250910566329223e-09 776
25.5 6.106002873263687e-10 432
26 2.728485303194489e-10 200
26.5 2.847462141454151e-10 168
27 8.658997316414391e-11 56
27.5 5.304323005589737e-12 7

0.5 2.719836832897094e-07 18
1 9.996774646350567e-07 62
1.5 1.641711628091561e-06 98
2 3.243828286574748e-06 210
2.5 2.922353277939912e-06 350
3 2.446165089464145e-06 450
3.5 2.9488022538935e-06 602
4 2.885118355246993e-06 762
4.5 2.957128725207491e-06 1142
5 2.276248488256587e-06 1250
5.5 2.288485270500105e-06 1458
6 2.300182781579329e-06 1814
6.5 2.380403573319607e-06 2178
7 2.342993140077109e-06 2498
7.5 2.054958022154266e-06 2622
8 2.403252881943596e-06 3338
8.5 2.307275114714958e-06 3722
9 2.236350426032667e-06 4170
9.5 1.948724642662883e-06 4358
10 1.921361131462503e-06 5034
10.5 1.816122959489097e-06 5714
11 1.612808276090035e-06 5982
11.5 1.509004480580728e-06 6602
12 1.384989451361296e-06 7130
12.5 1.272917684817693e-06 8034
13 1.112432713153012e-06 8606
13.5 1.0238486458112e-06 9066
14 9.273052319176117e-07 9962
14.5 8.462586657285829e-07 10550
15 7.838067897529607e-07 11226
15.5 7.74809375513957e-07 12146
16 6.932871816961491e-07 12303
16.5 5.569448310707904e-07 12584
17 4.071857858126564e-07 12120
17.5 2.85976408899479e-07 11180
18 2.165672484559437e-07 11096
18.5 1.59153843136501e-07 10056
19 1.226003483419118e-07 9716
19.5 9.068118976735469e-08 8604
20 7.48712162831363e-08 8060
20.5 6.039243576841366e-08 7320
21 4.562826509751264e-08 6356
21.5 3.613151609295453e-08 5348
22 2.559111918425418e-08 4308
22.5 1.827032258761452e-08 3563
23 9.023920600468655e-09 2448
23.5 5.742257876535091e-09 1868
24 3.306504083013226e-09 1358
24.5 2.054853188246859e-09 1062
25 1.286729710721144e-09 776
25.5 6.946325959791401e-10 432
26 2.788846066723698e-10 200
26.5 3.035980794800659e-10 168
27 8.857166890232115e-11 56
27.5 6.973994489396452e-12 7

0.5 3.310233348011661e-07 18
1 9.907051217999595e-07 62
1.5 1.69760964182584e-06 98
2 3.393648135305472e-06 210
2.5 3.067624666863463e-06 350
3 2.835828881866408e-06 450
3.5 3.092673240321929e-06 602
4 2.872579506420458e-06 762
4.5 2.903237665492282e-06 1142
5 2.454738472966877e-06 1250
5.5 2.287393353904781e-06 1458
6 2.44919747537005e-06 1814
6.5 2.467212657294931e-06 2178
7 2.45552578565263e-06 2498
7.5 2.190332382288154e-06 2622
8 2.409089644778608e-06 3338
8.5 2.350880567154358e-06 3722
9 2.278890590837042e-06 4170
9.5 1.965655299185566e-06 4358
10 2.007926217876353e-06 5034
10.5 1.836045503634809e-06 5714
11 1.622779599008286e-06 5982
11.5 1.512924519754502e-06 6602
12 1.369292266398046e-06 7130
12.5 1.287554763240699e-06 8034
13 1.156852544468065e-06 8606
13.5 1.019378370501925e-06 9066
14 9.235875272435586e-07 9962
14.5 8.496538286094909e-07 10550
15 8.103205690426452e-07 11226
15.5 8.166715463867564e-07 12146
16 7.133852519640427e-07 12303
16.5 5.683921625382068e-07 12584
17 4.250750078296731e-07 12120
17.5 3.002687683561887e-07 11180
18 2.249130552865173e-07 11096
18.5 1.621159909468081e-07 10056
19 1.264374935734997e-07 9716
19.5 9.5351840947989e-08 8604
20 7.768022899237809e-08 8060
20.5 6.304680199227247e-08 7320
21 4.793615191918193e-08 6356
21.5 3.72097159350352e-08 5348
22 2.687457891952895e-08 4308
22.5 1.945395156341851e-08 3563
23 9.992649261537054e-09 2448
23.5 6.091273842805613e-09 1868
24 3.348304847925446e-09 1358
24.5 2.061714671840384e-09 1062
25 1.373286758598695e-09 776
25.5 6.685242610216636e-10 432
26 2.948112566225111e-10 200
26.5 3.071628554805041e-10 168
27 8.605554213439049e-11 56
27.5 6.505145594523182e-12 7

0.5 2.955510398318394e-07 18
1 1.213472671443163e-06 62
1.5 1.694032531478263e-06 98
2 3.216581569011674e-06 210
2.5 2.996710371676664e-06 350
3 2.832609461071868e-06 450
3.5 3.084892025214723e-06 602
4 3.033621029548918e-06 762
4.5 3.188288378608954e-06 1142
5 2.577056806862502e-06 1250
5.5 2.463460331876541e-06 1458
6 2.661800630753194e-06 1814
6.5 2.517518203959873e-06 2178
7 2.615953116116236e-06 2498
7.5 2.35720082804583e-06 2622
8 2.630230378854526e-06 3338
8.5 2.546133659232247e-06 3722
9 2.484116188842268e-06 4170
9.5 2.142143238447392e-06 4358
10 2.2293575901796e-06 5034
10.5 2.033780604316149e-06 5714
11 1.763412614173694e-06 5982
11.5 1.690784532730191e-06 6602
12 1.510171109752279e-06 7130
12.5 1.427323427811343e-06 8034
13 1.296272765881886e-06 8606
13.5 1.156905619189e-06 9066
14 1.052386742532419e-06 9962
14.5 9.482067301042883e-07 10550
15 9.231404527676043e-07 11226
15.5 8.845830824151371e-07 12146
16 8.06736884464188e-07 12303
16.5 6.525047528466541e-07 12584
17 4.700089645260237e-07 12120
17.5 3.405632841867491e-07 11180
18 2.515680254338105e-07 11096
18.5 1.806015004995342e-07 10056
19 1.451980197681992e-07 9716
19.5 1.088135228637671e-07 8604
20 8.700504349568e-08 8060
20.5 6.861010011516638e-08 7320
21 5.19002446644678e-08 6356
21.5 4.106348760812897e-08 5348
22 3.059406380786361e-08 4308
22.5 2.098148201050767e-08 3563
23 1.079724023795956e-08 2448
23.5 6.393791850121648e-09 1868
24 3.85021845712515e-09 1358
24.5 2.153982701613355e-09 1062
25 1.510261584379776e-09 776
25.5 6.953498781551698e-10 432
26 3.013035535320832e-10 200
26.5 3.020562270350392e-10 168
27 9.641065093130268e-11 56
27.5 6.260809768599702e-12 7

0.5 2.90864792174255e-07 18
1 1.188106126587914e-06 62
1.5 1.741407797626851e-06 98
2 3.285515573792366e-06 210
2.5 3.09306333164807e-06 350
3 2.917336717393949e-06 450
3.5 3.260688830687917e-06 602
4 3.098627543654271e-06 762
4.5 3.314309731666723e-06 1142
5 2.649239466229091e-06 1250
5.5 2.629637370145851e-06 1458
6 2.573563750492414e-06 1814
6.5 2.66009249666577e-06 2178
7 2.7475094660433e-06 2498
7.5 2.395635968886153e-06 2622
8 2.753932348921309e-06 3338
8.5 2.626457640982645e-06 3722
9 2.525897829366763e-06 4170
9.5 2.23819610157399e-06 4358
10 2.207653331137526e-06 5034
10.5 2.071320656265551e-06 5714
11 1.837999365789564e-06 5982
11.5 1.708506761250277e-06 6602
12 1.584347496801416e-06 7130
12.5 1.496710488173371e-06 8034
13 1.305920612378113e-06 8606
13.5 1.196905129186013e-06 9066
14 1.063848964031116e-06 9962
14.5 9.845753541404269e-07 10550
15 9.319319132756097e-07 11226
15.5 9.244372080926822e-07 12146
16 8.312755827933552e-07 12303
16.5 6.739413447914954e-07 12584
17 4.880050675424935e-07 12120
17.5 3.462912656435008e-07 11180
18 2.580866401599491e-07 11096
18.5 1.921839710490569e-07 10056
19 1.499230352289955e-07 9716
19.5 1.115765905667989e-07 8604
20 8.736040845344177e-08 8060
20.5 7.066252470856288e-08 7320
21 5.49067736695498e-08 6356
21.5 4.365662095496115e-08 5348
22 3.134006037403839e-08 4308
22.5 2.131763021516274e-08 3563
23 1.145125956236589e-08 2448
23.5 6.745826842403517e-09 1868
24 3.750462679873366e-09 1358
24.5 2.350829968029038e-09 1062
25 1.571587231030905e-09 776
25.5 7.127527332725926e-10 432
26 3.095310215672462e-10 200
26.5 3.204921857839848e-10 168
27 1.007309191316424e-10 56
27.5 7.278454895097875e-12 7

0.5 3.931582204923627e-07 18
1 1.177572929042435e-06 62
1.5 1.748238447804591e-06 98
2 3.321655542823694e-06 210
2.5 3.13513184886113e-06 350
3 2.869365269019605e-06 450
3.5 3.316780929242181e-06 602
4 3.12043030691117e-06 762
4.5 3.277706518277351e-06 1142
5 2.700709929345539e-06 1250
5.5 2.674142848501469e-06 1458
6 2.711177162287048e-06 1814
6.5 2.841179176233974e-06 2178
7 2.838514963875208e-06 2498
7.5 2.465745302494903e-06 2622
8 2.878307576612024e-06 3338
8.5 2.698514321539172e-06 3722
9 2.672254205334915e-06 4170
9.5 2.257943108447265e-06 4358
10 2.374910737489401e-06 5034
10.5 2.147156374140397e-06 5714
11 1.928786228841261e-06 5982
11.5 1.81812663812608e-06 6602
12 1.654310235829747e-06 7130
12.5 1.543265334876121e-06 8034
13 1.383578530554333e-06 8606
13.5 1.250129487224103e-06 9066
14 1.132275210293308e-06 9962
14.5 1.053152830907678e-06 10550
15 9.989592056880972e-07 11226
15.5 9.949923170587004e-07 12146
16 8.993394027627091e-07 12303
16.5 7.239107130567287e-07 12584
17 5.189829368989694e-07 12120
17.5 3.756606871079193e-07 11180
18 2.791440615639102e-07 11096
18.5 2.055453869309894e-07 10056
19 1.577894131915907e-07 9716
19.5 1.19644430119344e-07 8604
20 9.447225421413967e-08 8060
20.5 7.528997549874975e-08 7320
21 5.837687263603672e-08 6356
21.5 4.562830112908602e-08 5348
22 3.30824120659121e-08 4308
22.5 2.345563310729437e-08 3563
23 1.214282009687015e-08 2448
23.5 7.179495364489281e-09 1868
24 4.256096513706448e-09 1358
24.5 2.522935518420729e-09 1062
25 1.525454162903393e-09 776
25.5 7.579269727405065e-10 432
26 3.516324247023207e-10 200
26.5 3.462658291999325e-10 168
27 8.630582014390354e-11 56
27.5 5.511822771181644e-12 7

0.5 5.784353695387795e-07 18
1 1.167934893763149e-06 62
1.5 1.799259886620677e-06 98
2 3.361929697498627e-06 210
2.5 3.101777560997497e-06 350
3 2.959856639846854e-06 450
3.5 3.291540544982992e-06 602
4 3.069848224731763e-06 762
4.5 3.560723379118317e-06 1142
5 2.760834538994155e-06 1250
5.5 2.797112400184789e-06 1458
6 2.834687559800731e-06 1814
6.5 2.836976099035469e-06 2178
7 2.96030975576206e-06 2498
7.5 2.574737590590651e-06 2622
8 3.020917520685176e-06 3338
8.5 2.878264211011126e-06 3722
9 2.766001138273763e-06 4170
9.5 2.371184124915e-06 4358
10 2.428202112984846e-06 5034
10.5 2.329481399358811e-06 5714
11 2.05814270426921e-06 5982
11.5 1.934468536519534e-06 6602
12 1.759290309003262e-06 7130
12.5 1.673193052637584e-06 8034
13 1.501325511306447e-06 8606
13.5 1.335190417741015e-06 9066
14 1.232543318897529e-06 9962
14.5 1.128774940064306e-06 10550
15 1.08068169302355e-06 11226
15.5 1.064881593667992e-06 12146
16 9.554359905055297e-07 12303
16.5 7.867276655251625e-07 12584
17 5.638329536765613e-07 12120
17.5 4.035494629516342e-07 11180
18 3.005346329001603e-07 11096
18.5 2.194891264909205e-07 10056
19 1.673124212952551e-07 9716
19.5 1.252141681057217e-07 8604
20 1.02720487015455e-07 8060
20.5 8.059789853763629e-08 7320
21 6.223786557212805e-08 6356
21.5 4.798039445051203e-08 5348
22 3.579815973975745e-08 4308
22.5 2.406080207911866e-08 3563
23 1.259801289998094e-08 2448
23.5 7.807944784327149e-09 1868
24 4.366905839136071e-09 1358
24.5 2.589019413460149e-09 1062
25 1.76285036206524e-09 776
25.5 8.288160478058513e-10 432
26 3.645227123761115e-10 200
26.5 3.630310453434502e-10 168
27 8.902658771670693e-11 56
27.5 6.957622444513298e-12 7

0.5 4.999710788451533e-07 18
1 1.086310696766525e-06 62
1.5 1.617313512992647e-06 98
2 3.47706276969086e-06 210
2.5 3.0909241795752e-06 350
3 2.993116365120164e-06 450
3.5 3.356977280165269e-06 602
4 3.135779077281548e-06 762
4.5 3.549656566508677e-06 1142
5 2.850375068956269e-06 1250
5.5 2.8311448249193e-06 1458
6 2.800528334651787e-06 1814
6.5 2.865542292964884e-06 2178
7 2.831547658752116e-06 2498
7.5 2.647986745169665e-06 2622
8 2.95033748663481e-06 3338
8.5 2.918971972454388e-06 3722
9 2.792244269656938e-06 4170
9.5 2.438072879073494e-06 4358
10 2.443053283669717e-06 5034
10.5 2.356047258093396e-06 5714
11 2.040810160912014e-06 5982
11.5 1.935534276433057e-06 6602
12 1.764894781184849e-06 7130
12.5 1.659979851769343e-06 8034
13 1.48571214612078e-06 8606
13.5 1.358111239968316e-06 9066
14 1.232525182445999e-06 9962
14.5 1.158556125352267e-06 10550
15 1.09118863536639e-06 11226
15.5 1.083636445156375e-06 12146
16 9.694937992699552e-07 12303
16.5 7.924351989001242e-07 12584
17 5.740938911132775e-07 12120
17.5 4.111849646200112e-07 11180
18 3.071501579552895e-07 11096
18.5 2.222051160636378e-07 10056
19 1.703853744405264e-07 9716
19.5 1.280487572717777e-07 8604
20 1.051670248084991e-07 8060
20.5 8.331198258653119e-08 7320
21 6.382249706679505e-08 6356
21.5 4.897856341931397e-08 5348
22 3.636159720572092e-08 4308
22.5 2.474971314015794e-08 3563
23 1.365198176825373e-08 2448
23.5 7.750039003178052e-09 1868
24 4.679650842555247e-09 1358
24.5 2.724554425545612e-09 1062
25 1.849468299732801e-09 776
25.5 8.68738789803439e-10 432
26 4.038740178848497e-10 200
26.5 3.709718292872562e-10 168
27 8.840169931846015e-11 56
27.5 8.245103729444074e-12 7

0.5 3.681279867606961e-07 18
1 1.253939190409087e-06 62
1.5 1.873324654499476e-06 98
2 3.283126405219262e-06 210
2.5 3.13547019996956e-06 350
3 2.91456235351301e-06 450
3.5 3.484643653074181e-06 602
4 3.313158177251564e-06 762
4.5 3.710300053775882e-06 1142
5 2.92757410034869e-06 1250
5.5 2.859289009883289e-06 1458
6 2.879215604669847e-06 1814
6.5 3.031122697958488e-06 2178
7 3.093551123429113e-06 2498
7.5 2.72342726010338e-06 2622
8 3.171059463746297e-06 3338
8.5 3.076260928682858e-06 3722
9 2.968552369237456e-06 4170
9.5 2.600790872719713e-06 4358
10 2.654187146435281e-06 5034
10.5 2.507981657664314e-06 5714
11 2.234002083414303e-06 5982
11.5 2.019699316206196e-06 6602
12 1.903142348443624e-06 7130
12.5 1.799667340797737e-06 8034
13 1.592707497465802e-06 8606
13.5 1.451126973828471e-06 9066
14 1.343545539213499e-06 9962
14.5 1.238493101474337e-06 10550
15 1.182788622635334e-06 11226
15.5 1.14065891352219e-06 12146
16 1.05104375652184e-06 12303
16.5 8.481690047270255e-07 12584
17 6.314326240416961e-07 12120
17.5 4.482110917814697e-07 11180
18 3.321326982880063e-07 11096
18.5 2.456744594598793e-07 10056
19 1.909035608677426e-07 9716
19.5 1.395395743996158e-07 8604
20 1.130569789594298e-07 8060
20.5 8.800301595937658e-08 7320
21 6.886288121067535e-08 6356
21.5 5.445138978162142e-08 5348
22 3.917813660920376e-08 4308
22.5 2.683977961911184e-08 3563
23 1.45102042996024e-08 2448
23.5 8.10261975703999e-09 1868
24 5.078124169757784e-09 1358
24.5 2.914905866672741e-09 1062
25 1.911513717853374e-09 776
25.5 8.789336987293282e-10 432
26 4.525755388603836e-10 200
26.5 3.837604359600642e-10 168
27 8.875697658764463e-11 56
27.5 1.161652698280632e-11 7

0.5 2.417692334915865e-07 18
1 1.138533189716257e-06 62
1.5 1.681795267904728e-06 98
2 3.607040383594113e-06 210
2.5 3.245721671607004e-06 350
3 2.965367185848623e-06 450
3.5 3.596471358276812e-06 602
4 3.302729049066641e-06 762
4.5 3.633391288453161e-06 1142
5 2.909680503642664e-06 1250
5.5 2.859748350564446e-06 1458
6 2.925600862837254e-06 1814
6.5 3.030797328246503e-06 2178
7 3.152483088009352e-06 2498
7.5 2.761079954766645e-06 2622
8 3.234940446660308e-06 3338
8.5 3.097432101779864e-06 3722
9 2.905879509118957e-06 4170
9.5 2.604036684452804e-06 4358
10 2.690741831201444e-06 5034
10.5 2.501751527298866e-06 5714
11 2.248447837600605e-06 5982
11.5 2.116982480505644e-06 6602
12 1.932746263510068e-06 7130
12.5 1.829045322520116e-06 8034
13 1.635357997175732e-06 8606
13.5 1.466811850210392e-06 9066
14 1.376230627821386e-06 9962
14.5 1.252676666904351e-06 10550
15 1.188243566807188e-06 11226
15.5 1.186095568968967e-06 12146
16 1.078155571626763e-06 12303
16.5 8.784483273178747e-07 12584
17 6.36796275329604e-07 12120
17.5 4.593975680344719e-07 11180
18 3.396229144611933e-07 11096
18.5 2.498127229132099e-07 10056
19 1.926832275444568e-07 9716
19.5 1.439617879013626e-07 8604
20 1.148498490571602e-07 8060
20.5 9.010934114462722e-08 7320
21 7.058839987749875e-08 6356
21.5 5.565743424736672e-08 5348
22 3.940534140896106e-08 4308
22.5 2.752886546168471e-08 3563
23 1.426715690502401e-08 2448
23.5 8.531566487361799e-09 1868
24 5.045886538386395e-09 1358
24.5 2.963893872429081e-09 1062
25 1.960159395998219e-09 776
25.5 8.549299606908916e-10 432
26 4.286665849405639e-10 200
26.5 4.137158164724861e-10 168
27 1.079695091016398e-10 56
27.5 1.043503343454404e-11 7

0.5 2.734250302904627e-07 18
1 1.028016457868977e-06 62
1.5 1.789668967872833e-06 98
2 3.308214877104376e-06 210
2.5 3.21051444550306e-06 350
3 2.968221143612168e-06 450
3.5 3.618009747284177e-06 602
4 3.382426645452262e-06 762
4.5 3.678018917728899e-06 1142
5 3.001327664858199e-06 1250
5.5 2.959046550538992e-06 1458
6 2.979520293285466e-06 1814
6.5 3.174190452544123e-06 2178
7 3.145314543217018e-06 2498
7.5 2.872299260744425e-06 2622
8 3.295890363322408e-06 3338
8.5 3.143576742415677e-06 3722
9 3.105033833645067e-06 4170
9.5 2.681607745945639e-06 4358
10 2.733104335928694e-06 5034
10.5 2.636735597310183e-06 5714
11 2.294956177951548e-06 5982
11.5 2.114041959957514e-06 6602
12 2.015726006096654e-06 7130
12.5 1.903748138570243e-06 8034
13 1.71758775879987e-06 8606
13.5 1.557460366420665e-06 9066
14 1.418481670235842e-06 9962
14.5 1.334448185914134e-06 10550
15 1.236355549549919e-06 11226
15.5 1.24233923045517e-06 12146
16 1.11662951574751e-06 12303
16.5 9.275524860769461e-07 12584
17 6.734845480746679e-07 12120
17.5 4.811283608722188e-07 11180
18 3.72864997485207e-07 11096
18.5 2.706125859946198e-07 10056
19 2.053412274124931e-07 9716
19.5 1.537529271561779e-07 8604
20 1.242771667078839e-07 8060
20.5 9.796287459241694e-08 7320
21 7.652969765273322e-08 6356
21.5 5.95703303672992e-08 5348
22 4.192129188488607e-08 4308
22.5 3.045122526855786e-08 3563
23 1.538837069659672e-08 2448
23.5 9.20574134749206e-09 1868
24 5.565217388948163e-09 1358
24.5 3.326293543465453e-09 1062
25 1.982417780620214e-09 776
25.5 9.765830997307971e-10 432
26 4.65273119750835e-10 200
26.5 4.164946630792085e-10 168
27 1.220663012223478e-10 56
27.5 1.06092475953539e-11 7

0.5 3.845807504257045e-07 18
1 1.130315324643703e-06 62
1.5 1.936695034084557e-06 98
2 3.304926426148584e-06 210
2.5 3.292933099694256e-06 350
3 3.237238412050314e-06 450
3.5 3.642269846420226e-06 602
4 3.422068794191366e-06 762
4.5 3.793538611712019e-06 1142
5 3.136128571083932e-06 1250
5.5 3.048641264000246e-06 1458
6 3.062027484485256e-06 1814
6.5 3.334844208773954e-06 2178
7 3.2901988631385e-06 2498
7.5 2.992366636930995e-06 2622
8 3.393243095983255e-06 3338
8.5 3.290098016350391e-06 3722
9 3.200761548934752e-06 4170
9.5 2.799208698826576e-06 4358
10 2.823235170768683e-06 5034
10.5 2.763952879147942e-06 5714
11 2.412093312302312e-06 5982
11.5 2.272046853390871e-06 6602
12 2.098679637390284e-06 7130
12.5 1.99499401725742e-06 8034
13 1.777199150042168e-06 8606
13.5 1.61560518823067e-06 9066
14 1.49162219728888e-06 9962
14.5 1.3934027011877e-06 10550
15 1.345238990601247e-06 11226
15.5 1.330145651861239e-06 12146
16 1.181332309547502e-06 12303
16.5 9.812841372567382e-07 12584
17 7.220209651654075e-07 12120
17.5 5.181799164656037e-07 11180
18 3.919441451693432e-07 11096
18.5 2.832783567750466e-07 10056
19 2.188878939222376e-07 9716
19.5 1.634771049416105e-07 8604
20 1.316539388049307e-07 8060
20.5 1.022375360486187e-07 7320
21 8.072233889320117e-08 6356
21.5 6.154050688518073e-08 5348
22 4.340662574129056e-08 4308
22.5 3.131480128074194e-08 3563
23 1.561211201630007e-08 2448
23.5 9.305663387743042e-09 1868
24 5.407205020138891e-09 1358
24.5 3.397964919156948e-09 1062
25 2.116436058547061e-09 776
25.5 9.924874758412294e-10 432
26 4.903402791759081e-10 200
26.5 4.282340776708804e-10 168
27 1.281342344989234e-10 56
27.5 1.247294294376066e-11 7

0.5 4.507297047215559e-07 18
1 1.087931120317979e-06 62
1.5 1.692700654393254e-06 98
2 3.387762807178053e-06 210
2.5 3.401707887623723e-06 350
3 3.240206024921569e-06 450
3.5 3.664110026594467e-06 602
4 3.336186626251098e-06 762
4.5 3.816679557846431e-06 1142
5 3.286281597459682e-06 1250
5.5 3.120173168326586e-06 1458
6 3.173983368360042e-06 1814
6.5 3.251521604112668e-06 2178
7 3.281903081755088e-06 2498
7.5 2.941051892710956e-06 2622
8 3.416772093224565e-06 3338
8.5 3.281637661769075e-06 3722
9 3.15646205138942e-06 4170
9.5 2.816585176256192e-06 4358
10 2.770855552877355e-06 5034
10.5 2.805211122487222e-06 5714
11 2.406068198752158e-06 5982
11.5 2.263137277316941e-06 6602
12 2.102564317663991e-06 7130
12.5 2.065831677246899e-06 8034
13 1.814916888768923e-06 8606
13.5 1.639855058938321e-06 9066
14 1.508302768028472e-06 9962
14.5 1.402063855514369e-06 10550
15 1.342924653316358e-06 11226
15.5 1.334559139089094e-06 12146
16 1.21113309770407e-06 12303
16.5 1.001570886018345e-06 12584
17 7.303945246225992e-07 12120
17.5 5.178058373894973e-07 11180
18 3.991736088802137e-07 11096
18.5 2.899239040088437e-07 10056
19 2.219054923588061e-07 9716
19.5 1.704051838708757e-07 8604
20 1.362308452729785e-07 8060
20.5 1.042462794049729e-07 7320
21 8.232993706251423e-08 6356
21.5 6.320410408961126e-08 5348
22 4.52183121491285e-08 4308
22.5 3.295176373999645e-08 3563
23 1.689303633911131e-08 2448
23.5 9.409592831613161e-09 1868
24 5.870131273108597e-09 1358
24.5 3.507536391568903e-09 1062
25 2.324317891908937e-09 776
25.5 1.039420238121694e-09 432
26 5.199416814047324e-10 200
26.5 4.401590864226611e-10 168
27 1.418492116742113e-10 56
27.5 1.016920441134796e-11 7

0.5 4.171368585038397e-07 18
1 1.255213291586711e-06 62
1.5 1.867635099171349e-06 98
2 3.659402844937483e-06 210
2.5 3.347780097417254e-06 350
3 3.296865476919301e-06 450
3.5 3.71865270981237e-06 602
4 3.507277879998788e-06 762
4.5 3.949790498861573e-06 1142
5 3.199379513898982e-06 1250
5.5 3.169252657014965e-06 1458
6 3.295599235418378e-06 1814
6.5 3.368922580429305e-06 2178
7 3.469050029156403e-06 2498
7.5 3.063683220686985e-06 2622
8 3.535434581870497e-06 3338
8.5 3.41832843616493e-06 3722
9 3.288559805671646e-06 4170
9.5 2.934216846305884e-06 4358
10 2.990478339407539e-06 5034
10.5 2.89019767306849e-06 5714
11 2.566243283599344e-06 5982
11.5 2.376144641106386e-06 6602
12 2.222734885242692e-06 7130
12.5 2.06990736073023e-06 8034
13 1.898998195591869e-06 8606
13.5 1.71646221512588e-06 9066
14 1.602648322258252e-06 9962
14.5 1.490596682942215e-06 10550
15 1.378429399481721e-06 11226
15.5 1.436174144260194e-06 12146
16 1.280909748812493e-06 12303
16.5 1.055045812909669e-06 12584
17 7.706495982770336e-07 12120
17.5 5.60348551032236e-07 11180
18 4.210783216330343e-07 11096
18.5 3.0779612603846e-07 10056
19 2.430729995250842e-07 9716
19.5 1.82061030564674e-07 8604
20 1.420976476857495e-07 8060
20.5 1.125280402468984e-07 7320
21 8.743184646885012e-08 6356
21.5 6.778378632422677e-08 5348
22 4.784022978383622e-08 4308
22.5 3.365503557630446e-08 3563
23 1.795480961353468e-08 2448
23.5 1.036675994029633e-08 1868
24 6.45813596951653e-09 1358
24.5 3.74424822091961e-09 1062
25 2.397618415059444e-09 776
25.5 1.246079404158756e-09 432
26 4.963942725944431e-10 200
26.5 4.707447956680405e-10 168
27 1.635707881127682e-10 56
27.5 7.21775040215802e-12 7

0.5 4.286722023747939e-07 18
1 1.188474340121764e-06 62
1.5 1.856677025934022e-06 98
2 3.565855383174834e-06 210
2.5 3.370469079615426e-06 350
3 3.304831653282745e-06 450
3.5 3.72158656902698e-06 602
4 3.453760254456058e-06 762
4.5 3.886015679909745e-06 1142
5 3.201198333222662e-06 1250
5.5 3.188928446320484e-06 1458
6 3.123055357497374e-06 1814
6.5 3.356792863923279e-06 2178
7 3.47952784688354e-06 2498
7.5 3.083356852747977e-06 2622
8 3.626213915651574e-06 3338
8.5 3.392290567684427e-06 3722
9 3.299477832806286e-06 4170
9.5 2.991118993348689e-06 4358
10 3.029179884438817e-06 5034
10.5 2.906343444068846e-06 5714
11 2.500459860692996e-06 5982
11.5 2.436425656914206e-06 6602
12 2.252086602441225e-06 7130
12.5 2.168408315656493e-06 8034
13 1.898358875637302e-06 8606
13.5 1.747520490031493e-06 9066
14 1.629088050724017e-06 9962
14.5 1.519205275153549e-06 10550
15 1.450849256099345e-06 11226
15.5 1.441698722259779e-06 12146
16 1.28879616624311e-06 12303
16.5 1.085676531714432e-06 12584
17 7.939663379648677e-07 12120
17.5 5.67615953080744e-07 11180
18 4.357884668672272e-07 11096
18.5 3.083098951419809e-07 10056
19 2.426335720813454e-07 9716
19.5 1.821060648277119e-07 8604
20 1.481932746391693e-07 8060
20.5 1.16243195203394e-07 7320
21 8.903944005324014e-08 6356
21.5 6.782929770446252e-08 5348
22 4.886879122001899e-08 4308
22.5 3.429277471010919e-08 3563
23 1.825942954458663e-08 2448
23.5 1.04870010298654e-08 1868
24 6.413077360375053e-09 1358
24.5 3.78962562360198e-09 1062
25 2.299214702100286e-09 776
25.5 1.217216803288316e-09 432
26 5.186867136228173e-10 200
26.5 5.27790989079255e-10 168
27 1.569614077050596e-10 56
27.5 5.711787173325073e-12 7

0.5 5.305778607553774e-07 18
1 1.059028841244142e-06 62
1.5 1.75582593684613e-06 98
2 3.612631875470476e-06 210
2.5 3.43932186958942e-06 350
3 3.329137362490622e-06 450
3.5 3.695248870054542e-06 602
4 3.537573040041916e-06 762
4.5 3.897314442872305e-06 1142
5 3.201318099166305e-06 1250
5.5 3.056121068865979e-06 1458
6 3.375474095220579e-06 1814
6.5 3.398865573975912e-06 2178
7 3.452485910921754e-06 2498
7.5 3.127635241122486e-06 2622
8 3.573625460713777e-06 3338
8.5 3.475386150040329e-06 3722
9 3.366784558557367e-06 4170
9.5 3.082271149110561e-06 4358
10 3.055131944642295e-06 5034
10.5 3.00188476214895e-06 5714
11 2.61983750410967e-06 5982
11.5 2.43434158956345e-06 6602
12 2.287902839655253e-06 7130
12.5 2.249507662969573e-06 8034
13 1.987840882345271e-06 8606
13.5 1.785768161071332e-06 9066
14 1.686846055784502e-06 9962
14.5 1.569933431027491e-06 10550
15 1.492210663179791e-06 11226
15.5 1.48476192082846e-06 12146
16 1.358193746118835e-06 12303
16.5 1.116087925243272e-06 12584
17 8.277564176044459e-07 12120
17.5 5.901774688944273e-07 11180
18 4.504349796763778e-07 11096
18.5 3.239966947375359e-07 10056
19 2.574407553096428e-07 9716
19.5 1.867255305789043e-07 8604
20 1.525900451972132e-07 8060
20.5 1.21804386054348e-07 7320
21 9.584594638301751e-08 6356
21.5 7.396743587340502e-08 5348
22 5.140089676377937e-08 4308
22.5 3.716353985726083e-08 3563
23 1.85922520411836e-08 2448
23.5 1.154783646705701e-08 1868
24 6.586041029471903e-09 1358
24.5 4.041100867586098e-09 1062
25 2.722069884301687e-09 776
25.5 1.248713497328088e-09 432
26 4.985524846318587e-10 200
26.5 5.261142536940103e-10 168
27 1.781864675003799e-10 56
27.5 5.35418763759302e-12 7

0.5 5.418911564257444e-07 18
1 1.203717001345719e-06 62
1.5 1.913553622055177e-06 98
2 3.592512100503821e-06 210
2.5 3.406825573991487e-06 350
3 3.194007324048591e-06 450
3.5 3.653815792377591e-06 602
4 3.411646358229605e-06 762
4.5 3.961715487870599e-06 1142
5 3.282598407782232e-06 1250
5.5 3.280951016551767e-06 1458
6 3.40992235749861e-06 1814
6.5 3.516061244321209e-06 2178
7 3.513627361281005e-06 2498
7.5 3.263694583736176e-06 2622
8 3.637320389781595e-06 3338
8.5 3.634793644206066e-06 3722
9 3.569343202342203e-06 4170
9.5 3.102361078500305e-06 4358
10 3.150808653984215e-06 5034
10.5 3.08618070783708e-06 5714
11 2.732484252204409e-06 5982
11.5 2.582641902590067e-06 6602
12 2.365469254817522e-06 7130
12.5 2.28500260906164e-06 8034
13 2.034022179868916e-06 8606
13.5 1.895414956003743e-06 9066
14 1.750161020100853e-06 9962
14.5 1.652880294179098e-06 10550
15 1.563393725947922e-06 11226
15.5 1.560344683779686e-06 12146
16 1.40779725130551e-06 12303
16.5 1.174651619567472e-06 12584
17 8.596446652752813e-07 12120
17.5 6.218181157852976e-07 11180
18 4.7141059198945e-07 11096
18.5 3.452253778257863e-07 10056
19 2.696193084048463e-07 9716
19.5 2.068062213215751e-07 8604
20 1.616854523233531e-07 8060
20.5 1.278779695748093e-07 7320
21 1.01726492012468e-07 6356
21.5 7.443544974236292e-08 5348
22 5.441572159257452e-08 4308
22.5 3.879416945217816e-08 3563
23 1.971667022108817e-08 2448
23.5 1.19657338182973e-08 1868
24 7.186588864281792e-09 1358
24.5 3.999792332852704e-09 1062
25 2.735178886958534e-09 776
25.5 1.294299085246134e-09 432
26 5.743643838113232e-10 200
26.5 5.049517137939891e-10 168
27 1.678140604943295e-10 56
27.5 1.151697389331242e-11 7

0.5 4.304520910181069e-07 18
1 1.133084484345677e-06 62
1.5 1.789865464914469e-06 98
2 3.516483335961386e-06 210
2.5 3.450941263829536e-06 350
3 3.285286930666656e-06 450
3.5 3.800319182789598e-06 602
4 3.333762737116127e-06 762
4.5 4.013073235896696e-06 1142
5 3.295188150764552e-06 1250
5.5 3.253256984109848e-06 1458
6 3.365430995022505e-06 1814
6.5 3.573351084863574e-06 2178
7 3.560124889948927e-06 2498
7.5 3.295137771239883e-06 2622
8 3.668721592986316e-06 3338
8.5 3.648696348482893e-06 3722
9 3.518279888069334e-06 4170
9.5 3.077110377760874e-06 4358
10 3.25751899061446e-06 5034
10.5 3.107759308794149e-06 5714
11 2.676715079067832e-06 5982
11.5 2.564837285719681e-06 6602
12 2.372214366102917e-06 7130
12.5 2.308735255837742e-06 8034
13 2.038632917494988e-06 8606
13.5 1.86627192161255e-06 9066
14 1.720486432433292e-06 9962
14.5 1.635724908676538e-06 10550
15 1.565812530312385e-06 11226
15.5 1.557993028000138e-06 12146
16 1.398010261455768e-06 12303
16.5 1.178681354379441e-06 12584
17 8.736465416845693e-07 12120
17.5 6.186218498215666e-07 11180
18 4.784137851462962e-07 11096
18.5 3.451692460567138e-07 10056
19 2.705938415332086e-07 9716
19.5 2.022143441799976e-07 8604
20 1.607315725320094e-07 8060
20.5 1.300187186608616e-07 7320
21 1.043287414966937e-07 6356
21.5 7.689980485192754e-08 5348
22 5.663170311614023e-08 4308
22.5 3.962489929607222e-08 3563
23 2.014124059602234e-08 2448
23.5 1.226228606988878e-08 1868
24 7.408794952324002e-09 1358
24.5 4.575792176629381e-09 1062
25 2.804441574211143e-09 776
25.5 1.320645554008321e-09 432
26 5.979324267792099e-10 200
26.5 5.213155884959076e-10 168
27 1.493968493345158e-10 56
27.5 1.27405075807058e-11 7

0.5 2.877229268357457e-07 18
1 1.344853777576534e-06 62
1.5 1.726340791997254e-06 98
2 3.575188442657383e-06 210
2.5 3.430556328985241e-06 350
3 3.261803231665838e-06 450
3.5 3.872546949511453e-06 602
4 3.598109865032741e-06 762
4.5 4.041871197901563e-06 1142
5 3.373152456611234e-06 1250
5.5 3.105631999010415e-06 1458
6 3.493027619999527e-06 1814
6.5 3.523456982761178e-06 2178
7 3.774971983067952e-06 2498
7.5 3.234570951862987e-06 2622
8 3.777180699811093e-06 3338
8.5 3.767245313405496e-06 3722
9 3.578687724777205e-06 4170
9.5 3.219154702221676e-06 4358
10 3.232902133693087e-06 5034
10.5 3.197475564867819e-06 5714
11 2.7805015320277e-06 5982
11.5 2.622735155085791e-06 6602
12 2.434731563607444e-06 7130
12.5 2.371212581088478e-06 8034
13 2.072928200833997e-06 8606
13.5 1.95941069311493e-06 9066
14 1.816495068292994e-06 9962
14.5 1.714507291707734e-06 10550
15 1.628464332930533e-06 11226
15.5 1.624388321751618e-06 12146
16 1.476512675415018e-06 12303
16.5 1.232379633297688e-06 12584
17 9.232761124633786e-07 12120
17.5 6.521107831148869e-07 11180
18 5.041074406936157e-07 11096
18.5 3.65051728661797e-07 10056
19 2.82722207983664e-07 9716
19.5 2.142613405925349e-07 8604
20 1.719073621932728e-07 8060
20.5 1.359702211320525e-07 7320
21 1.101436522114108e-07 6356
21.5 8.048064585777796e-08 5348
22 6.023258073805418e-08 4308
22.5 4.035716982256322e-08 3563
23 2.123355049580637e-08 2448
23.5 1.280121435133203e-08 1868
24 7.683915782457364e-09 1358
24.5 4.747613138913344e-09 1062
25 3.030271432053653e-09 776
25.5 1.366536419741144e-09 432
26 6.301875549151783e-10 200
26.5 5.52600570261156e-10 168
27 1.626958979421478e-10 56
27.5 1.612627589126267e-11 7

0.5 2.698333199304313e-07 18
1 1.278963410894776e-06 62
1.5 2.089557321004684e-06 98
2 3.48856074430387e-06 210
2.5 3.446039198878705e-06 350
3 3.417529991425468e-06 450
3.5 3.929854628730208e-06 602
4 3.487313013648248e-06 762
4.5 4.261764438562719e-06 1142
5 3.382587676717234e-06 1250
5.5 3.379528748617527e-06 1458
6 3.442801444703867e-06 1814
6.5 3.575641277581764e-06 2178
7 3.846053436704277e-06 2498
7.5 3.397479795577849e-06 2622
8 3.842977761340436e-06 3338
8.5 3.724586667756129e-06 3722
9 3.631915133588829e-06 4170
9.5 3.217354988896394e-06 4358
10 3.337056731965163e-06 5034
10.5 3.218813420694327e-06 5714
11 2.861938784700817e-06 5982
11.5 2.750184234979519e-06 6602
12 2.555201446950031e-06 7130
12.5 2.452225622297438e-06 8034
13 2.137180060364521e-06 8606
13.5 1.937364674930183e-06 9066
14 1.850250995537017e-06 9962
14.5 1.734099267856677e-06 10550
15 1.670517312973441e-06 11226
15.5 1.643673392765612e-06 12146
16 1.500654704522191e-06 12303
16.5 1.275448896055926e-06 12584
17 9.342165289280189e-07 12120
17.5 6.720155457674141e-07 11180
18 5.227120238970298e-07 11096
18.5 3.78206479624442e-07 10056
19 2.866337921981825e-07 9716
19.5 2.192327287232143e-07 8604
20 1.773502614076604e-07 8060
20.5 1.403560225590898e-07 7320
21 1.102302845125491e-07 6356
21.5 8.345488618989499e-08 5348
22 6.119314760430045e-08 4308
22.5 4.253218964765112e-08 3563
23 2.221683670178121e-08 2448
23.5 1.282082222748971e-08 1868
24 7.696001126546079e-09 1358
24.5 4.622924804070248e-09 1062
25 2.915380984092023e-09 776
25.5 1.474071745554214e-09 432
26 6.863284428761605e-10 200
26.5 5.334115072871455e-10 168
27 1.798364180223923e-10 56
27.5 1.59957087426497e-11 7

0.5 4.027340699150103e-07 18
1 1.118561658204284e-06 62
1.5 1.603262457043935e-06 98
2 3.914920592382827e-06 210
2.5 3.703833279094499e-06 350
3 3.420375082255426e-06 450
3.5 3.824801709284134e-06 602
4 3.716846045966997e-06 762
4.5 4.201826818451071e-06 1142
5 3.374402733821318e-06 1250
5.5 3.249790999006788e-06 1458
6 3.419568067106101e-06 1814
6.5 3.671246436638401e-06 2178
7 3.743554130886233e-06 2498
7.5 3.492764183736543e-06 2622
8 3.830187412112507e-06 3338
8.5 3.70247038813055e-06 3722
9 3.6824663376808e-06 4170
9.5 3.236925130173306e-06 4358
10 3.351950689568774e-06 5034
10.5 3.268453314667189e-06 5714
11 2.828890583661783e-06 5982
11.5 2.689924027164404e-06 6602
12 2.53231253488161e-06 7130
12.5 2.449710898126652e-06 8034
13 2.195283874476254e-06 8606
13.5 1.973140821173533e-06 9066
14 1.862178230330332e-06 9962
14.5 1.739972307350877e-06 10550
15 1.684075662079992e-06 11226
15.5 1.697585519960006e-06 12146
16 1.520248067564429e-06 12303
16.5 1.280179961651684e-06 12584
17 9.645302782011002e-07 12120
17.5 6.805249796026414e-07 11180
18 5.192693752241435e-07 11096
18.5 3.8015332480668e-07 10056
19 2.894819227223885e-07 9716
19.5 2.238245519243179e-07 8604
20 1.810213256624088e-07 8060
20.5 1.445472612347301e-07 7320
21 1.130751201717255e-07 6356
21.5 8.45837274222466e-08 5348
22 6.192357426373232e-08 4308
22.5 4.325359437195528e-08 3563
23 2.230443934178199e-08 2448
23.5 1.408485193190427e-08 1868
24 7.81813205684251e-09 1358
24.5 4.93617422540405e-09 1062
25 3.170457963052767e-09 776
25.5 1.450188986132901e-09 432
26 6.920953042931731e-10 200
26.5 5.60782548833483e-10 168
27 1.987915245032118e-10 56
27.5 1.039477749479968e-11 7

0.5 5.49551836139413e-07 18
1 1.281998976655371e-06 62
1.5 1.945894021961047e-06 98
2 3.876879905073303e-06 210
2.5 3.605097403678686e-06 350
3 3.464590795608494e-06 450
3.5 3.953351344046656e-06 602
4 3.736886607830238e-06 762
4.5 4.000455749499064e-06 1142
5 3.339098869010736e-06 1250
5.5 3.338001006616649e-06 1458
6 3.545461476597336e-06 1814
6.5 3.699509166819385e-06 2178
7 3.718533375060138e-06 2498
7.5 3.406525219351906e-06 2622
8 3.907793585424434e-06 3338
8.5 3.867430605276616e-06 3722
9 3.715494048464848e-06 4170
9.5 3.323660294660884e-06 4358
10 3.431663292698329e-06 5034
10.5 3.313446716463234e-06 5714
11 2.96004454597659e-06 5982
11.5 2.738820437791736e-06 6602
12 2.60238153011644e-06 7130
12.5 2.504259308188356e-06 8034
13 2.242355443208936e-06 8606
13.5 2.071654041874302e-06 9066
14 1.946461827344784e-06 9962
14.5 1.803355388785775e-06 10550
15 1.717621298187817e-06 11226
15.5 1.752596763752788e-06 12146
16 1.58626610823382e-06 12303
16.5 1.331426321173746e-06 12584
17 9.915809655983575e-07 12120
17.5 7.220057161889878e-07 11180
18 5.609692424143768e-07 11096
18.5 4.063049353311944e-07 10056
19 3.088455639874767e-07 9716
19.5 2.348282124953039e-07 8604
20 1.898369119828903e-07 8060
20.5 1.517030582479463e-07 7320
21 1.208042121925691e-07 6356
21.5 9.131628084588886e-08 5348
22 6.528019812764005e-08 4308
22.5 4.522019865859963e-08 3563
23 2.348506104590189e-08 2448
23.5 1.436918752940245e-08 1868
24 8.878632681723944e-09 1358
24.5 5.094143877901385e-09 1062
25 3.280185051710725e-09 776
25.5 1.406469182661887e-09 432
26 7.456247226937619e-10 200
26.5 6.021167271935111e-10 168
27 2.168683636090376e-10 56
27.5 9.356762016199321e-12 7

0.5 5.436130737173337e-07 18
1 1.29133211181867e-06 62
1.5 1.73526698308998e-06 98
2 3.631258138035844e-06 210
2.5 3.497821620458235e-06 350
3 3.46868952960099e-06 450
3.5 4.035980927104055e-06 602
4 3.60555952265991e-06 762
4.5 4.104011146391298e-06 1142
5 3.510916745721375e-06 1250
5.5 3.465109606575246e-06 1458
6 3.464962257786982e-06 1814
6.5 3.819255318043829e-06 2178
7 3.695643613689326e-06 2498
7.5 3.542992489461759e-06 2622
8 3.966348129867505e-06 3338
8.5 3.866811427717982e-06 3722
9 3.838236742997019e-06 4170
9.5 3.427688316275137e-06 4358
10 3.4239783777826e-06 5034
10.5 3.350075561330055e-06 5714
11 2.946012874820436e-06 5982
11.5 2.791270678451583e-06 6602
12 2.669387327471897e-06 7130
12.5 2.515359217884489e-06 8034
13 2.251190086713743e-06 8606
13.5 2.07640808183771e-06 9066
14 1.959426393404086e-06 9962
14.5 1.843846134113143e-06 10550
15 1.756964192585188e-06 11226
15.5 1.784333596441378e-06 12146
16 1.609275676895051e-06 12303
16.5 1.345305827084035e-06 12584
17 1.011404321012655e-06 12120
17.5 7.298687219071482e-07 11180
18 5.612603810271514e-07 11096
18.5 3.977196148249458e-07 10056
19 3.1547685616306e-07 9716
19.5 2.349010367168029e-07 8604
20 1.904602108530051e-07 8060
20.5 1.521127629397566e-07 7320
21 1.240540587798717e-07 6356
21.5 9.294317320844746e-08 5348
22 6.545823553715283e-08 4308
22.5 4.580887579386675e-08 3563
23 2.377914046479548e-08 2448
23.5 1.432000661185147e-08 1868
24 8.52437033108843e-09 1358
24.5 5.114258586185856e-09 1062
25 3.319274520317003e-09 776
25.5 1.650414455389577e-09 432
26 7.433360100625085e-10 200
26.5 5.817874620588227e-10 168
27 2.240464707365876e-10 56
27.5 9.057347248674481e-12 7

0.5 4.815186042973004e-07 18
1 1.265957449566e-06 62
1.5 1.872320400184273e-06 98
2 3.545729737879517e-06 210
2.5 3.66149689741926e-06 350
3 3.30334571323474e-06 450
3.5 3.771264865438601e-06 602
4 3.625349352757385e-06 762
4.5 4.1918759290232e-06 1142
5 3.44463694222867e-06 1250
5.5 3.306660295080824e-06 1458
6 3.658700167308844e-06 1814
6.5 3.754288174625726e-06 2178
7 3.875510372860445e-06 2498
7.5 3.424586364243734e-06 2622
8 4.008068304818515e-06 3338
8.5 3.854494738531496e-06 3722
9 3.786667512173529e-06 4170
9.5 3.46933178547986e-06 4358
10 3.423845054385983e-06 5034
10.5 3.43813931707846e-06 5714
11 3.07468577694954e-06 5982
11.5 2.848846088128029e-06 6602
12 2.646080753713563e-06 7130
12.5 2.566864752860229e-06 8034
13 2.309506240519454e-06 8606
13.5 2.083494895839801e-06 9066
14 1.986522903098227e-06 9962
14.5 1.877631085122944e-06 10550
15 1.773429482436967e-06 11226
15.5 1.825862853110059e-06 12146
16 1.648448731412488e-06 12303
16.5 1.388130276817358e-06 12584
17 1.03492658494933e-06 12120
17.5 7.450328220973895e-07 11180
18 5.716565456941794e-07 11096
18.5 4.149910963579296e-07 10056
19 3.225574630367454e-07 9716
19.5 2.432102421492657e-07 8604
20 2.008315838271485e-07 8060
20.5 1.592794128903077e-07 7320
21 1.255695214492649e-07 6356
21.5 9.423065592742202e-08 5348
22 7.066130700722747e-08 4308
22.5 4.857761939591188e-08 3563
23 2.490418443063006e-08 2448
23.5 1.491679649006963e-08 1868
24 8.659230525184926e-09 1358
24.5 5.50544798848779e-09 1062
25 3.438213752726345e-09 776
25.5 1.562582378676114e-09 432
26 7.205009808126249e-10 200
26.5 6.163220707335249e-10 168
27 2.353649493082822e-10 56
27.5 9.147515577512516e-12 7

0.5 4.381190318449152e-07 18
1 1.250350312013717e-06 62
1.5 1.847686286659198e-06 98
2 3.613956236216522e-06 210
2.5 3.636852722215279e-06 350
3 3.493956807449435e-06 450
3.5 3.86899766917925e-06 602
4 3.760794135946653e-06 762
4.5 4.114956257322554e-06 1142
5 3.467152157951361e-06 1250
5.5 3.569281899820918e-06 1458
6 3.628227284441972e-06 1814
6.5 3.775719236607625e-06 2178
7 3.912157856424143e-06 2498
7.5 3.551386642984258e-06 2622
8 4.044885783139714e-06 3338
8.5 3.890058806680735e-06 3722
9 3.822683563870924e-06 4170
9.5 3.569433764693026e-06 4358
10 3.455750471348106e-06 5034
10.5 3.492400634855332e-06 5714
11 3.101929583753776e-06 5982
11.5 2.939090272458704e-06 6602
12 2.703453202869896e-06 7130
12.5 2.60462216525053e-06 8034
13 2.382871616554269e-06 8606
13.5 2.172269058315199e-06 9066
14 2.037323716472677e-06 9962
14.5 1.922762372844443e-06 10550
15 1.85495656796084e-06 11226
15.5 1.874506521472552e-06 12146
16 1.665514579722278e-06 12303
16.5 1.439110544899581e-06 12584
17 1.075636365206753e-06 12120
17.5 7.831334417417692e-07 11180
18 5.874088493734976e-07 11096
18.5 4.330406337439058e-07 10056
19 3.440582748942798e-07 9716
19.5 2.571507602418147e-07 8604
20 2.059735341637679e-07 8060
20.5 1.631720405012395e-07 7320
21 1.266514059839798e-07 6356
21.5 9.936241790078229e-08 5348
22 7.023172516924036e-08 4308
22.5 5.150458373931592e-08 3563
23 2.656368866511466e-08 2448
23.5 1.583097723754512e-08 1868
24 9.536428406498309e-09 1358
24.5 5.357093930878777e-09 1062
25 3.696140090340644e-09 776
25.5 1.644731494930694e-09 432
26 7.350357936104439e-10 200
26.5 6.226011952432603e-10 168
27 2.25450929676684e-10 56
27.5 1.802343472874685e-11 7

0.5 4.652370087943788e-07 18
1 1.096995844784659e-06 62
1.5 1.874866122315214e-06 98
2 3.404393562557713e-06 210
2.5 3.490178237139745e-06 350
3 3.398521298425907e-06 450
3.5 3.993644652380797e-06 602
4 3.626842694090766e-06 762
4.5 3.950491991077094e-06 1142
5 3.535019567042049e-06 1250
5.5 3.389369750994767e-06 1458
6 3.648716987042548e-06 1814
6.5 3.834576852215568e-06 2178
7 3.909495270076937e-06 2498
7.5 3.63742123247631e-06 2622
8 4.088549359684031e-06 3338
8.5 3.946031684818054e-06 3722
9 3.89295363787201e-06 4170
9.5 3.5976884875806e-06 4358
10 3.575449430913351e-06 5034
10.5 3.435645108496176e-06 5714
11 3.026625325179589e-06 5982
11.5 2.925915524590761e-06 6602
12 2.706246085511992e-06 7130
12.5 2.668063962771043e-06 8034
13 2.385956367398125e-06 8606
13.5 2.194452284394304e-06 9066
14 2.043730205899357e-06 9962
14.5 1.943442536799944e-06 10550
15 1.847321107519809e-06 11226
15.5 1.879801246580011e-06 12146
16 1.695417217256669e-06 12303
16.5 1.424813978113781e-06 12584
17 1.071969043230095e-06 12120
17.5 7.763127944579249e-07 11180
18 5.903850751508763e-07 11096
18.5 4.336400454708402e-07 10056
19 3.438970754516827e-07 9716
19.5 2.602829376921011e-07 8604
20 2.102814555741187e-07 8060
20.5 1.664795853730455e-07 7320
21 1.316154026860388e-07 6356
21.5 1.010498780699288e-07 5348
22 7.040195355852947e-08 4308
22.5 5.152020590399174e-08 3563
23 2.624279941071643e-08 2448
23.5 1.564716767138147e-08 1868
24 9.113189071264287e-09 1358
24.5 5.655197888590803e-09 1062
25 3.659762699675646e-09 776
25.5 1.592243515249886e-09 432
26 7.526460191557882e-10 200
26.5 7.058091958655962e-10 168
27 2.219658213231796e-10 56
27.5 1.89048308069304e-11 7

0.5 4.308974665801766e-07 18
1 1.253647931392604e-06 62
1.5 1.64035802140629e-06 98
2 3.642084199558735e-06 210
2.5 3.494984290166393e-06 350
3 3.503367575196823e-06 450
3.5 3.821960635569492e-06 602
4 3.669253244493814e-06 762
4.5 4.156012938567534e-06 1142
5 3.747441952661711e-06 1250
5.5 3.381298063324989e-06 1458
6 3.646052422626706e-06 1814
6.5 3.824671031284735e-06 2178
7 3.980499663030699e-06 2498
7.5 3.594502950700842e-06 2622
8 4.043387071404542e-06 3338
8.5 3.984396875310306e-06 3722
9 3.933840146564094e-06 4170
9.5 3.591240753865433e-06 4358
10 3.559248296917929e-06 5034
10.5 3.517237887685075e-06 5714
11 3.107171569955394e-06 5982
11.5 2.949984554518763e-06 6602
12 2.737133072459839e-06 7130
12.5 2.666518998528723e-06 8034
13 2.416973019008843e-06 8606
13.5 2.22393930388762e-06 9066
14 2.114716403617108e-06 9962
14.5 1.968796702806971e-06 10550
15 1.907828886784071e-06 11226
15.5 1.925484266840558e-06 12146
16 1.744967331176107e-06 12303
16.5 1.485042341589433e-06 12584
17 1.097672165549774e-06 12120
17.5 8.067652325436576e-07 11180
18 6.141245286796767e-07 11096
18.5 4.446938929567725e-07 10056
19 3.420020464917786e-07 9716
19.5 2.662924142859103e-07 8604
20 2.101338966987865e-07 8060
20.5 1.681259434297231e-07 7320
21 1.356606030028499e-07 6356
21.5 1.045544795102041e-07 5348
22 7.521157374681648e-08 4308
22.5 5.152636775392357e-08 3563
23 2.755350240895566e-08 2448
23.5 1.633380984395442e-08 1868
24 9.79488191223811e-09 1358
24.5 6.075219620970295e-09 1062
25 3.800811642603824e-09 776
25.5 1.781554781892099e-09 432
26 7.195375926085166e-10 200
26.5 7.26364545226698e-10 168
27 2.17813578458281e-10 56
27.5 2.326900917585649e-11 7

0.5 3.635228423559021e-07 18
1 1.275109892223665e-06 62
1.5 2.0851541912703e-06 98
2 3.684114281570036e-06 210
2.5 3.564468576196983e-06 350
3 3.472748531159239e-06 450
3.5 4.068897695292793e-06 602
4 3.758878157484054e-06 762
4.5 4.390749945834893e-06 1142
5 3.5343688647298e-06 1250
5.5 3.543683684876639e-06 1458
6 3.724252578210845e-06 1814
6.5 3.879306486903923e-06 2178
7 3.955303029521067e-06 2498
7.5 3.671282907889185e-06 2622
8 4.166690734081615e-06 3338
8.5 4.175232413647966e-06 3722
9 4.014724709568078e-06 4170
9.5 3.556944597042694e-06 4358
10 3.669235515047447e-06 5034
10.5 3.587612993254438e-06 5714
11 3.166444093392745e-06 5982
11.5 3.005527935216198e-06 6602
12 2.845571600585826e-06 7130
12.5 2.735003033668594e-06 8034
13 2.476114147377719e-06 8606
13.5 2.260544846906762e-06 9066
14 2.145008268423716e-06 9962
14.5 2.023976033471688e-06 10550
15 1.926765702494152e-06 11226
15.5 1.945970535449392e-06 12146
16 1.759786903026934e-06 12303
16.5 1.496172721513252e-06 12584
17 1.12223872347101e-06 12120
17.5 8.244823109599289e-07 11180
18 6.208164233920487e-07 11096
18.5 4.588773929898538e-07 10056
19 3.585030610171827e-07 9716
19.5 2.718743536736503e-07 8604
20 2.216890653133862e-07 8060
20.5 1.759302759731682e-07 7320
21 1.388852846578877e-07 6356
21.5 1.062338736415883e-07 5348
22 7.647977200195628e-08 4308
22.5 5.446130366849397e-08 3563
23 2.788646148446584e-08 2448
23.5 1.738803024695098e-08 1868
24 9.858329460343893e-09 1358
24.5 6.093059585473458e-09 1062
25 3.836788369121594e-09 776
25.5 1.999104789193555e-09 432
26 7.253862958980733e-10 200
26.5 7.766943823747679e-10 168
27 2.228663015114591e-10 56
27.5 2.442742302280372e-11 7

0.5 3.288123085491386e-07 18
1 1.117150923809762e-06 62
1.5 1.611965826264488e-06 98
2 3.690772078957734e-06 210
2.5 3.53776001912352e-06 350
3 3.436984205906215e-06 450
3.5 4.010273760485746e-06 602
4 3.612908190953297e-06 762
4.5 4.214456889627138e-06 1142
5 3.560075259202692e-06 1250
5.5 3.365652043415681e-06 1458
6 3.652172047640167e-06 1814
6.5 3.920568720076143e-06 2178
7 3.948494075789872e-06 2498
7.5 3.569501769355098e-06 2622
8 4.157555231031679e-06 3338
8.5 4.081983840676459e-06 3722
9 3.980181549036198e-06 4170
9.5 3.577692052300364e-06 4358
10 3.638182049243109e-06 5034
10.5 3.553183657142778e-06 5714
11 3.152257291931433e-06 5982
11.5 3.007882048349338e-06 6602
12 2.826008531649868e-06 7130
12.5 2.716479867360796e-06 8034
13 2.461331253831315e-06 8606
13.5 2.243839400942443e-06 9066
14 2.138833727794205e-06 9962
14.5 2.022775643525333e-06 10550
15 1.95537245399196e-06 11226
15.5 1.964403631451969e-06 12146
16 1.788892654782219e-06 12303
16.5 1.511626287407238e-06 12584
17 1.122971966679119e-06 12120
17.5 8.112314674464213e-07 11180
18 6.329570663163246e-07 11096
18.5 4.556621665001523e-07 10056
19 3.654074978340384e-07 9716
19.5 2.782624201045834e-07 8604
20 2.2015269580684e-07 8060
20.5 1.765064887173617e-07 7320
21 1.389803717314734e-07 6356
21.5 1.085398861381887e-07 5348
22 7.62990148491549e-08 4308
22.5 5.407143573043062e-08 3563
23 2.846649444341151e-08 2448
23.5 1.743789099343587e-08 1868
24 1.044473326574988e-08 1358
24.5 6.460534836860347e-09 1062
25 3.892959779453983e-09 776
25.5 1.929207323942982e-09 432
26 8.12819259306772e-10 200
26.5 8.04533299090195e-10 168
27 2.150083397007203e-10 56
27.5 2.161383765788194e-11 7

0.5 4.272395904478142e-07 18
1 1.187183087690186e-06 62
1.5 1.926036729519291e-06 98
2 3.662090352151411e-06 210
2.5 3.49048983513138e-06 350
3 3.521410331444368e-06 450
3.5 3.980501901762804e-06 602
4 3.717786915865827e-06 762
4.5 4.103053449259922e-06 1142
5 3.590122931077202e-06 1250
5.5 3.597447845427084e-06 1458
6 3.76990818026658e-06 1814
6.5 3.852860237264525e-06 2178
7 4.084439512016105e-06 2498
7.5 3.528501976179413e-06 2622
8 4.15467229706628e-06 3338
8.5 4.064658341976805e-06 3722
9 3.983678986762267e-06 4170
9.5 3.63148251003586e-06 4358
10 3.710607585218787e-06 5034
10.5 3.604282430811784e-06 5714
11 3.219172537193526e-06 5982
11.5 3.119999845320177e-06 6602
12 2.860434252290688e-06 7130
12.5 2.775655301829067e-06 8034
13 2.54733071352647e-06 8606
13.5 2.337293370591548e-06 9066
14 2.162971744720554e-06 9962
14.5 2.068249714201344e-06 10550
15 1.962139178110439e-06 11226
15.5 2.023730107514389e-06 12146
16 1.85610004363779e-06 12303
16.5 1.568215813229688e-06 12584
17 1.164991858328665e-06 12120
17.5 8.353062980728524e-07 11180
18 6.46690468218417e-07 11096
18.5 4.796616390375913e-07 10056
19 3.680086177127629e-07 9716
19.5 2.856170491770069e-07 8604
20 2.265921141693071e-07 8060
20.5 1.81639661390733e-07 7320
21 1.475356029040789e-07 6356
21.5 1.116038028244499e-07 5348
22 7.803978593519538e-08 4308
22.5 5.649007651688267e-08 3563
23 2.951562403973844e-08 2448
23.5 1.812321433368096e-08 1868
24 1.046009002944858e-08 1358
24.5 6.238322946329879e-09 1062
25 3.896947851328481e-09 776
25.5 2.053242622465048e-09 432
26 8.430088171031397e-10 200
26.5 8.172976068242817e-10 168
27 2.221518662893241e-10 56
27.5 2.218032868659618e-11 7

