#t    <phi>    <pi>    <phi^2>    <pi^2>    rms(phi)    rms(pi)
0    1    -0.707107175689872    1.00000000000003    0.500000557912827    1.47513969788129e-07    8.48198247577399e-07
0.3535535    0.732695145025097    -0.788437961799588    0.53684217554336    0.621634419606982    1.07180003201274e-07    5.41614104122324e-07
0.707106999999999    0.458970306500082    -0.73474774795086    0.210653742248785    0.539854253119006    7.55305834448696e-08    3.81380201436732e-07
1.0606605    0.226071779146877    -0.57506629025347    0.0511084493266379    0.330701238185947    5.81678482885914e-08    2.43474539395663e-07
1.414214    0.0507680235035931    -0.425263183309263    0.00257739221046447    0.180848775078401    5.55927039119756e-08    2.71258370188684e-07
1.76776750000001    -0.0813883693963786    -0.329647805889071    0.00662406667300632    0.108667675927508    7.02949514270737e-08    1.72955178224808e-07
2.121321    -0.183404371138478    -0.241558920471077    0.033637163352722    0.0583507120592586    1.45959184145536e-07    3.26563823355563e-07
2.4748745    -0.243146212822324    -0.0802711212569085    0.0591200808098716    0.00644345290789321    1.80371754289497e-07    2.27830303472387e-07
2.82842799999999    -0.233717919249335    0.129286304975694    0.0546240657782692    0.0167149486542879    1.74714091847081e-07    1.3988563302278e-07
3.18198149999998    -0.16414565322636    0.240378297853459    0.0269437954731226    0.0577817260789572    1.19357861990197e-07    1.76013791860933e-07
3.53553499999997    -0.0774253654146008    0.238690816942656    0.00599468720958803    0.0569733060928414    5.97316682692653e-08    2.9857661074458e-07
3.88908849999997    0.00145803398817136    0.207572043883258    2.12586311160305e-06    0.0430861534019019    3.06620801630581e-08    1.69700100351737e-07
4.24264199999997    0.0699407160016449    0.179361815135122    0.00489170375482941    0.0321706607286547    8.15938758063264e-08    2.98190124293645e-07
4.59619549999999    0.125370437724099    0.125717505560086    0.0157177466551593    0.0158048912042655    1.6479712426648e-07    1.23834831859655e-07
4.949749    0.15118925907531    0.0110115086245265    0.0228581920597806    0.00012125332219789    1.98128327203887e-07    9.93423172702125e-08
5.30330250000002    0.132245890690999    -0.109908234277543    0.0174889756046858    0.0120798199620494    1.73962490390479e-07    2.05104768083145e-07
5.65685600000003    0.082858762153331    -0.15620038769227    0.0068655744655952    0.0243985611152536    1.13714502575977e-07    1.95208894048035e-07
6.01040950000005    0.0279721807524069    -0.150303813588576    0.000782442896046252    0.0225912363793308    3.05079607812611e-08    2.4763209208819e-07
6.36396300000006    -0.0226845803777704    -0.136506929189228    0.000514590186917581    0.018634141716712    4.53489520377213e-08    1.97570332988359e-07
6.71751650000007    -0.0680720821982144    -0.117386754525108    0.00463380837481986    0.0137796501380438    1.39309120176966e-07    3.25242382419098e-07
7.07107000000009    -0.101472709729198    -0.0630964530822008    0.0102967108198266    0.00398116239158515    2.01250442431548e-07    1.75463125231349e-07
7.4246235000001    -0.107574510933904    0.0311261709760636    0.0115722754027145    0.000968838519637183    2.14428683389701e-07    7.77218022807202e-08
7.77817700000012    -0.0825924712701634    0.100656701880594    0.0068215163105394    0.0101317716335233    1.63219824154072e-07    2.11230319207885e-07
8.13173050000013    -0.0431031877118634    0.115831563486058    0.0018578847909323    0.0134169510997172    9.03605432160866e-08    3.04210947877882e-07
8.48528400000015    -0.00316242350538169    0.109171736867581    1.00009224276622e-05    0.0119184681307405    1.64799983353595e-08    2.36927734344066e-07
8.83883750000016    0.0340161286045916    0.100711904582997    0.00115709700525337    0.0101428877248425    9.6226717603662e-08    3.2847024381651e-07
9.19239100000018    0.0664855245135735    0.0783417380492889    0.0044203249698911    0.00613742792062532    2.14756898315799e-07    2.04739710635751e-07
9.54594450000019    0.0848554690684724    0.0191345054680615    0.00720045063090423    0.000366129299513716    2.71575490151791e-07    8.02508581123736e-08
9.89949800000021    0.0782309307690939    -0.0536663171113614    0.00612007852906166    0.00288007359232989    2.5080098170991e-07    1.80799245255105e-07
10.2530515000002    0.0516836070324326    -0.0887529839679455    0.00267119523591076    0.00787709216326349    1.66863651378931e-07    2.21590556496246e-07
10.6066050000002    0.0194384988981117    -0.090717568754124    0.000377855239414773    0.00822967728079347    5.36975482397137e-08    3.66406784676736e-07
10.9601585000002    -0.0117391803787751    -0.0856061061347826    0.000137808355969012    0.00732840540764885    5.99494509102494e-08    2.98642859436905e-07
11.3137120000003    -0.0407813756417106    -0.0770117795106413    0.00166312059926988    0.00593081418363546    1.98935796906402e-07    4.89716987267673e-07
11.6672655000003    -0.0636009755584524    -0.0465852851140762    0.00404508409208234    0.00217018878921166    3.08995055775504e-07    2.27800961486272e-07
12.0208190000003    -0.0700325750705795    0.012893867912987    0.00490456157113299    0.000166251829766392    3.41509864357343e-07    9.40054299138099e-08
12.3743725000003    -0.0557925941132706    0.0620470189221358    0.00311281355796144    0.00384983255724858    2.70720487134166e-07    3.53128269449699e-07
12.7279260000003    -0.0305112652523406    0.0761276089832276    0.000930937307323654    0.00579541284968709    1.58006348094922e-07    4.28830795391673e-07
13.0814795000003    -0.0038294230837338    0.0739468624171707    1.4664481154346e-05    0.00546813846151768    1.06154434676398e-08    4.16788069025052e-07
13.4350330000004    0.0216531382567762    0.0699360819257147    0.000468858396389681    0.00489105555537463    1.50380133563199e-07    5.04335765061791e-07
13.7885865000004    0.0446291942904022    0.0569919494450316    0.00199176498313337    0.00324808230171302    3.50580075448908e-07    4.09851801754136e-07
14.1421400000004    0.0587797530175673    0.018239794603365    0.00345505936501373    0.000332690107208807    4.55536796751648e-07    1.89383016144066e-07
14.4956935000004    0.0558215867745418    -0.0336497865841602    0.00311604955021513    0.00113230813720636    4.32936124387335e-07    2.16401643714976e-07
14.8492470000004    0.038045768775463    -0.0614639601050591    0.00144748052180197    0.00377781839192907    2.93212914365073e-07    3.64377566014482e-07
15.2028005000004    0.0152980797706419    -0.0648895069127658    0.000234031244680843    0.00421064810777741    1.09173171017271e-07    6.28907204788542e-07
15.5563540000004    -0.00720596367456256    -0.0623162514248662    5.19259124876515e-05    0.00388331519192729    9.23921675774852e-08    5.29296843099105e-07
15.9099075000005    -0.028560495418039    -0.0573785073421461    0.000815701898630766    0.0032922931055031    3.27017811858941e-07    8.30895295672378e-07
16.2634610000004    -0.0459682944183829    -0.037104468569864    0.00211308409201937    0.00137674158799362    5.33139179057061e-07    3.76289643305963e-07
16.6170145000003    -0.0519317361446964    0.00584195983625144    0.00269690521936866    3.41284947502593e-05    6.05221733286462e-07    1.47933584768335e-07
16.9705680000003    -0.0424359616785259    0.0440505168154968    0.00180081084382512    0.00194044803210221    4.93758377930101e-07    6.24375597487763e-07
17.3241215000002    -0.0239883702467423    0.0565415913321963    0.000575441907182232    0.00319695155087322    2.95703000045104e-07    7.04358548581328e-07
17.6776750000001    -0.00397611616386641    0.0558897352748036    1.58094997488125e-05    0.0031236625096741    1.58971389455303e-08    7.65815223288665e-07
18.0312285    0.0154042054538944    0.0535698103413758    0.00023728954572904    0.0028697245807464    2.51497032917844e-07    8.57569281425938e-07
18.384782    0.0332136544807465    0.044977321713842    0.00110314684433258    0.00202295946920406    6.05123575673441e-07    8.08462937496789e-07
18.7383354999999    0.0448105834426559    0.0167932143126897    0.00200798838911592    0.000282012047128843    8.02927276020472e-07    4.20614453455959e-07
19.0918889999998    0.0435297432557105    -0.0234609073707253    0.00189483854851668    0.000550414174746839    7.80137335428512e-07    2.98472220856904e-07
19.4454424999997    0.0303901262553475    -0.0466945233531879    0.00092355977410639    0.00218037851161657    5.38916072401537e-07    6.59671108361526e-07
19.7989959999997    0.0128662158004074    -0.0504756989810256    0.000165539509071549    0.00254779618886947    2.21126605581347e-07    1.11640384495444e-06
20.1525494999996    -0.00473552740552902    -0.0489799789656001    2.24252198298047e-05    0.00239903834039874    1.45905037364217e-07    9.63386318129505e-07
20.5061029999995    -0.0216255684657325    -0.0457825169009641    0.000467665211775708    0.00209603885589659    5.5643955541827e-07    1.45242332233176e-06
20.8596564999994    -0.0357562828654072    -0.031064758518789    0.00127851176524043    0.000965019222276946    9.43089016824665e-07    6.68036795051378e-07
21.2132099999994    -0.041254804692771    0.00221097689223005    0.00170195891143284    4.88841887362156e-06    1.09277378074967e-06    2.35894695110101e-07
21.5667634999993    -0.0344244410430315    0.033628966047084    0.00118504214195625    0.00113090735860871    9.1164549050538e-07    1.10126461312575e-06
21.9203169999992    -0.0199988737893724    0.0448685020344482    0.000399954953152581    0.00201318247626534    5.56178113926427e-07    1.2041843017129e-06
22.2738704999991    -0.00400107308758455    0.0449149316031357    1.60085858551492e-05    0.00201735108288354    5.43682144833593e-08    1.40327616878041e-06
22.6274239999991    0.011634007933964    0.0434160947844128    0.000135350140787852    0.00188495728856835    4.24634908878157e-07    1.49640854387315e-06
22.980977499999    0.0261942824648522    0.0372758431889153    0.000686140434963314    0.00138948848788754    1.05586556844943e-06    1.56299113455228e-06
23.3345309999989    0.0360905695013305    0.0155335598643871    0.00130252920897262    0.000241291482813931    1.42907355009218e-06    8.68004899603728e-07
23.6880844999988    0.035751896285521    -0.0172920318331343    0.00127819809001689    0.000299014365106529    1.41641701102657e-06    4.34047294196582e-07
24.0416379999988    0.0254842731923576    -0.0374222127898228    0.00064944818113747    0.00140042201156157    9.97374294627399e-07    1.2144140083366e-06
24.3951914999987    0.0112681879127764    -0.0412779277222235    0.000126972059029985    0.00170386732103254    4.38571764973588e-07    1.99785806916255e-06
24.7487449999986    -0.00318272735639408    -0.0403426905410732    1.01297534782963e-05    0.00162753268316918    2.30558110838702e-07    1.75396156808234e-06
25.1022984999985    -0.0171555475350948    -0.0381233084780336    0.000294312812142896    0.00145338665587611    9.5603299580063e-07    2.56218754888899e-06
25.4558519999985    -0.0290870458094815    -0.0268866354289875    0.000846056236740444    0.000722891166177908    1.67856197909214e-06    1.21927170252666e-06
25.8094054999984    -0.0341992938124854    2.98266905013037e-05    0.00116959170119679    8.89754544401027e-10    1.98093199752337e-06    3.50824942766958e-07
26.1629589999983    -0.0290769979052572    0.0268162960725966    0.000845471810024468    0.00071911373876102    1.68586411622769e-06    1.92558086175405e-06
26.5165124999982    -0.0173057968489354    0.0371108246914181    0.000299490605670108    0.00137721331363459    1.04569774236031e-06    2.08744280894561e-06
26.8700659999982    -0.0039906276528849    0.0375399151505468    1.59251090853746e-05    0.0014092452361232    1.46304187260794e-07    2.57156474904709e-06
27.2236194999981    0.00911195776635793    0.0365011890569257    8.30277748557828e-05    0.00133233680955704    7.21035463741437e-07    2.64340798818423e-06
27.577172999998    0.0214384678749795    0.0319109227154134    0.000459607908266026    0.00101830699747762    1.85458834472378e-06    2.98806596409894e-06
27.9307264999979    0.0301200835619598    0.0145018093745491    0.000907219440317949    0.000210302478069558    2.55705130537762e-06    1.71283279507186e-06
28.2842799999979    0.030378123194243    -0.0131509307431593    0.000922830375462313    0.000172946979840482    2.5802538861047e-06    6.55064833768478e-07
28.6378334999978    0.0220688572477626    -0.031046442116396    0.000487034463647118    0.000963881573131974    1.85067431767264e-06    2.24616197745692e-06
28.9913869999977    0.0101381898637281    -0.0348959799500735    0.000102782894453885    0.00121772942956175    8.60746580658752e-07    3.58968225773787e-06
29.3449404999977    -0.00211692186113558    -0.034293691216982    4.48135829666185e-06    0.00117605726752669    3.61259099775605e-07    3.20015408330636e-06
29.6984939999976    -0.0140337473917381    -0.0326826961615896    0.00019694606859    0.00106815864914661    1.6537481468672e-06    4.55585614270612e-06
30.0520474999975    -0.0243845798862521    -0.0238182219805637    0.000594607745269804    0.000567307703480857    3.00679158120409e-06    2.27276212902981e-06
30.4056009999974    -0.02918134319434    -0.00141181685964089    0.000851550803654517    1.99322706264069e-06    3.60952390968197e-06    4.66341534780801e-07
30.7591544999974    -0.0252486556352697    0.0220018549022035    0.000637494621173554    0.000484081630363451    3.12811688166976e-06    3.35049774519601e-06
31.1127079999973    -0.0153644074915222    0.0315742236682576    0.000236065021442355    0.000996931613590184    1.96896184434494e-06    3.6519893545389e-06
31.4662614999972    -0.00396962301471308    0.0322430255321206    1.57579070004258e-05    0.00103961271784559    3.48548414327805e-07    4.73081520746417e-06
31.8198149999971    0.00730627685739789    0.0314876586014035    5.33816830350733e-05    0.000991472666427243    1.23212225907836e-06    4.71473278890949e-06
32.1733684999971    0.0180012942668384    0.0279520997369698    0.000324046606042913    0.000781319912125883    3.28048840465075e-06    5.69388909106629e-06
32.5269219999972    0.0257696122568422    0.013654407251442    0.000664072937096177    0.000186442848296015    4.60740538671346e-06    3.30269318560604e-06
32.8804754999974    0.0264361872487457    -0.010173772527604    0.000698872018624973    0.000103505648498686    4.73014048425791e-06    1.02725655823773e-06
33.2340289999975    0.0195514474210816    -0.0263825338457741    0.000382259108196898    0.000696038109687929    3.45508039471224e-06    4.19100406637251e-06
33.5875824999976    0.00929677480731368    -0.0302056735989829    8.64300246585359e-05    0.000912382759739398    1.68541791448289e-06    6.49392824540971e-06
33.9411359999977    -0.00134026735271294    -0.0298214629260646    1.79631689179652e-06    0.000889319685638673    5.61291686830847e-07    5.88115883222165e-06
34.2946894999978    -0.0117295747673973    -0.0286150895010284    0.000137582932554179    0.000818823413889105    2.88621147126567e-06    8.16928637620179e-06
34.6482429999979    -0.0208872056016567    -0.0214618840250599    0.000436275387361989    0.000460612484573268    5.43287302682562e-06    4.32066495597607e-06
35.001796499998    -0.0254232480501707    -0.00242773085091595    0.000646341585337267    5.89387733476213e-06    6.62697192149646e-06    5.00272963848098e-07
35.3553499999981    -0.0223680800343729    0.0184087495742921    0.000500331038549388    0.000338882094591934    5.84168445752467e-06    5.80542286285065e-06
35.7089034999982    -0.0138974568271167    0.0274178644176383    0.000193139320150267    0.000751739330856245    3.72675393386525e-06    6.45230573639899e-06
36.0624569999983    -0.00394634128795362    0.0282538833462622    1.55736101779878e-05    0.00079828200105968    7.85480968717955e-07    8.77014741245182e-06
36.4160104999984    0.00594965110031642    0.0276851609114648    3.53983527201135e-05    0.000766468206995328    2.12240833848579e-06    8.50303640009378e-06
36.7695639999985    0.0153995370387398    0.0249043581639765    0.000237145775276696    0.000620227173771851    5.8539879790282e-06    1.08725447316458e-05
37.1231174999986    0.0224536803104492    0.0129467221210112    0.000504167829763618    0.00016761765329611    8.38330253781857e-06    6.29423768485716e-06
37.4766709999987    0.0234153744720842    -0.00792612907873167    0.000548279838297125    6.28235252668419e-05    8.75381021925561e-06    1.75901283913497e-06
37.8302244999988    0.0176164675242681    -0.0228132843205623    0.000310339970394329    0.000520446004490019    6.50851256000357e-06    7.93720390706988e-06
38.1837779999989    0.00864567411632114    -0.0266102248354609    7.47476918559907e-05    0.000708104206469127    3.30611029438863e-06    1.18606637625531e-05
38.537331499999    -0.000749173141478225    -0.0263804964745654    5.61261159211712e-07    0.00069593071342161    8.73670051349061e-07    1.09168242011262e-05
38.8908849999991    -0.00995831545732187    -0.0254547215031832    9.91680726873128e-05    0.000647943067306583    5.09311075840662e-06    1.48493085780022e-05
39.2444384999992    -0.0181808428159258    -0.0195871015897219    0.000330543144276441    0.000383654621119395    9.93876454621803e-06    8.51077612775972e-06
39.5979919999993    -0.0224971084389414    -0.00317619721641832    0.000506120039829985    1.00882300601804e-05    1.23173250039846e-05    1.14131369859249e-06
39.9515454999994    -0.0201172903151002    0.0156148804819941    0.000404705491224279    0.000243824595368906    1.10273411602571e-05    1.01440596456097e-05
40.3050989999995    -0.0127486112124723    0.0241753821487018    0.000162527138424245    0.000584449238108613    7.11178399520379e-06    1.16650265461922e-05
40.6586524999996    -0.00392375063428014    0.0251399041629687    1.53958220717969e-05    0.000632015053047224    1.74120163723216e-06    1.64840520345284e-05
41.0122059999997    0.00489265594800349    0.0246996478293149    2.39380961122817e-05    0.000610072846538351    3.72649268420117e-06    1.56091694932297e-05
41.3657594999998    0.0133584877800633    0.0224752059826237    0.000178449309362851    0.000505135339303964    1.06579899777038e-05    2.13387581984663e-05
41.7193129999999    0.0198346236388075    0.0123394669488741    0.000393412541720305    0.000152262599208748    1.57107340600922e-05    1.24348860871189e-05
42.0728665    0.021017471971232    -0.00616352003923942    0.000441734404028968    3.79890144532739e-05    1.66122679280428e-05    5.93120291533933e-06
42.4264200000001    0.0160780676825432    -0.0199792656303091    0.000258504415807349    0.000399171319890218    1.24660702695205e-05    1.62715631787221e-05
42.7799735000002    0.00812619671893683    -0.0237600954958517    6.60351160074548e-05    0.000564542641850612    6.54924386008739e-06    2.24472407739236e-05
43.1335270000003    -0.000283584341423527    -0.0236482811329224    8.04239552036732e-08    0.000559241631873594    1.96888370856425e-06    2.07685305043447e-05
43.4870805000005    -0.00855044717343143    -0.0229081126399029    7.3110234908987e-05    0.000524782668975781    9.3831415591317e-06    3.23149083730956e-05
43.8406340000006    -0.0160114193074326    -0.0180306371365132    0.000256365950689073    0.000325104463215471    2.00611726074487e-05    2.42418411332829e-05
44.1941875000007    -0.0201334695288132    -0.00373974164833451    0.000405357240312169    1.39858023685434e-05    2.53977266249203e-05    1.16091453457935e-05
44.5477410000008    -0.0182935931485446    0.0133537195897885    0.000334656038344108    0.000178322496061688    2.209207162953e-05    2.58684940912765e-05
44.9012945000009    -0.0118186590659143    0.0215466287211416    0.000139680895670239    0.000464257955637715    1.39123657542791e-05    2.73201572278377e-05
45.254848000001    -0.0039032082701594    0.0226300961465624    1.52350630640141e-05    0.000512122408116352    5.31636843606375e-06    3.40075535131368e-05
45.6084015000011    0.00404148667372263    0.022272806429652    1.63336816275472e-05    0.000496079082280186    8.1910725524472e-06    3.42932564277765e-05
45.9619550000012    0.0116907398417367    0.0204243564962742    0.000136674051771583    0.000417159024963223    2.55680349783817e-05    6.8459304166624e-05
46.3155085000013    0.0176623546418731    0.0117466403859761    0.00031196074542336    0.000137985776859407    4.44289102352257e-05    4.70797404592842e-05
46.6690620000014    0.0190095943851199    -0.00471414129239753    0.000361366596874295    2.22262786213116e-05    4.37971176388891e-05    5.61292849064478e-05
47.0226155000015    0.0147924695394643    -0.0175841491797592    0.000218817924281806    0.000309207464122862    2.77345601644236e-05    7.18452979361211e-05
47.3761690000016    0.00769583748080557    -0.0213969701871998    5.9226164247482e-05    0.000457834710644505    1.58024210206132e-05    6.61623200107493e-05
47.7297225000017    9.90625096333156e-05    -0.0213956584642523    1.00697923817995e-08    0.000457777169920961    1.60128563020078e-05    5.44867142680062e-05
48.0832760000018    -0.00737073495867877    -0.0206304328545194    5.43284376741043e-05    0.000425649022368881    2.65300398604223e-05    0.000185101604661361
48.4368295000019    -0.0141209152209469    -0.0164570374822913    0.000199407910547063    0.000270871588939776    8.75435314252292e-05    0.000193665294349812
48.790383000002    -0.0180068191667153    -0.00409846423700418    0.000324259011428182    1.68126004037378e-05    0.000116081546326681    0.000123252998890804
49.1439365000021    -0.0166374105390568    0.0112720368903923    0.000276810092231241    0.000127102856673218    8.16258912471297e-05    0.000209859512179841
49.4974900000022    -0.0109885793428194    0.0191300415572468    0.000120750348441424    0.000365987890323383    3.83727505774712e-05    0.000171465277521118
49.8510435000023    -0.0038815428922857    0.02047263317161    1.5068251805183e-05    0.000419155545847924    4.33195167263143e-05    0.000163819622198957
50.2045970000024    0.00331180108380086    0.0201316586934411    1.09707837710878e-05    0.000405313118348816    5.25104982194365e-05    0.000171570975435374
50.5581505000025    0.0101447036000405    0.0181811701787757    0.00010292675111401    0.000330751625308825    0.000108351194433338    0.00044348194915165
50.9117040000026    0.0154872466534966    0.0107121271595995    0.000239902139358505    0.000114853978506857    0.000217555630272092    0.000322970932790443
51.2652575000027    0.0168924633777156    -0.0033240781757556    0.000285397579634756    1.12493598562433e-05    0.000205573994694492    0.000447061671035013
51.6188110000028    0.0134359067899603    -0.014922085119891    0.000180537538000306    0.00022286377510981    0.000118096281923233    0.00044175874019284
51.9723645000029    0.00725602208257899    -0.0189497572044438    5.26575730804699e-05    0.000359260614782687    8.78442803822372e-05    0.000409043610532299
52.325918000003    0.000411680199285473    -0.0194092757652434    1.90796246318284e-07    0.000376873786578156    0.000145998835045205    0.000392174510759252
52.6794715000031    -0.00635929647831891    -0.0185871419889068    4.04667373181462e-05    0.00034594868852149    0.000161510429963256    0.000683257788619577
53.0330250000032    -0.0124232083111749    -0.0148240818418424    0.000154424037257025    0.000220177739309405    0.000296534170342045    0.00065141143355351
53.3865785000033    -0.0160160114215505    -0.00428765771612806    0.000256643737576831    1.88332917351309e-05    0.000362099049423294    0.000670285793119967
53.7401320000034    -0.0150505815326192    0.00927908728334317    0.000226632080254875    8.6513963739664e-05    0.000334777216752826    0.000642263908189624
54.0936855000036    -0.0101937485440312    0.0168902110658895    0.000103969466674394    0.000285715981842572    0.000238657276142346    0.000660872145180099
54.4472390000037    -0.00384881172916764    0.0185900195067185    1.48512572437925e-05    0.000346286806402405    0.000194693392836393    0.000835452657084878
54.8007925000038    0.00272476944190613    0.0184661327225695    7.4835566600203e-06    0.00034164309454752    0.000243286145258708    0.00080314184299407
55.1543460000039    0.00905218858613757    0.0169188719436321    8.21224737430071e-05    0.000287634340387211    0.000424682874634583    0.00117733280859288
55.507899500004    0.0141201037013323    0.0105169248978088    0.000199759718676882    0.000111185175432084    0.000618377021326152    0.000761226724395333
55.8614530000041    0.0156639111837692    -0.00236650782145152    0.000245794531547814    6.25660297412972e-06    0.00066061938724535    0.00081008870201881
56.2150065000042    0.0126573357572172    -0.0134820576559236    0.000160509064445289    0.000182731212576422    0.00054855808658612    0.000982514090877855
56.5685600000043    0.00700636168793922    -0.0174319556676473    4.92268899767781e-05    0.000304819834441377    0.000371195197376747    0.000973013896383801
56.9221135000044    0.000716734812190035    -0.0178641104013832    5.60476327085671e-07    0.000320516614827456    0.000216258031251064    0.0011790565697399
57.2756670000045    -0.00552540604037283    -0.0172049405692804    3.068598883205e-05    0.000297624590962814    0.000394812513810617    0.00127067343182477
57.6292205000046    -0.011185304453268    -0.0140519910066372    0.000125733391773429    0.000198915781366241    0.00078889546907826    0.00120719928579625
57.9827740000047    -0.0146998719552094    -0.00466695308173295    0.000217087874712901    2.2571803047354e-05    0.00100081927107273    0.000889579664930229
58.3363275000048    -0.0140573326881227    0.00799956333692896    0.000198500898939542    6.4756403217115e-05    0.00094461454307062    0.000873721715179956
58.6898810000049    -0.00971011139122758    0.0153880034753084    9.47137328373576e-05    0.000238111495778404    0.000653811599247135    0.00114928013221339
59.043434500005    -0.00388496926529907    0.0170796521042855    1.52071344028512e-05    0.000293929227978459    0.000337858269889643    0.00148819083958859
59.3969880000051    0.00215728053906461    0.0169834425805478    4.74446938010897e-06    0.000290464910896306    0.000301015042617576    0.00142393434172439
59.7505415000052    0.0079534866799104    0.0154895767815334    6.37544415955293e-05    0.000243018685268302    0.000704621336617929    0.00175832204026543
60.1040950000053    0.0126453494301399    0.0100001917159913    0.000161159951965337    0.000101140420935685    0.00112030788402041    0.0010661081460636
60.4576485000054    0.0142647062261926    -0.00137843104578213    0.000205046246517308    2.72754539210285e-06    0.00125076088751163    0.000909655563456212
60.8112020000055    0.0117720970048855    -0.0117390506693125    0.000139656345564854    0.000139880164185856    0.00103637718636604    0.00144043520130862
61.1647555000056    0.00673591744789384    -0.0157628922437481    4.57836422069451e-05    0.00025053538408037    0.000641138317451343    0.0014375716303396
61.5183090000057    0.000993031837481599    -0.0164121023378167    1.04442447632523e-06    0.000272740832315043    0.000241479287047871    0.00183949155150943
61.8718625000058    -0.00474698156408509    -0.0158066344493147    2.2830035639925e-05    0.000252698647530178    0.000544244127355736    0.00168788474604078
62.2254160000059    -0.0099520637581039    -0.0130196835923359    0.000100243981866403    0.000172496436817014    0.00109563169954043    0.00172750570837675
62.578969500006    -0.0132976202756628    -0.00485919864172093    0.000178867209332314    2.4773328414018e-05    0.0014284622279209    0.00107773696898431
62.9325230000061    -0.0129599940355429    0.00661146574222349    0.000169849990373956    4.48744047852396e-05    0.00137424341826679    0.00107839024691662
63.2860765000062    -0.00917935648507399    0.0137378227381379    8.52108431537997e-05    0.000191388903082348    0.000974811609353181    0.00163129687606192
63.6396300000063    -0.00390339180595252    0.0156264117829705    1.54826485242632e-05    0.000247919431542255    0.000496166235737487    0.00193253365592825
63.9931835000064    0.00165108142530551    0.0156415394437007    2.83966488686011e-06    0.00024849678985629    0.000337038594038192    0.00195934521905809
64.3467370000062    0.0069742859822601    0.0141894061106418    4.93915167496031e-05    0.000205548468532134    0.000866517043833176    0.00205163904218415
64.7002905000059    0.0113130240313527    0.00948200009658477    0.00012997618479774    9.18129625342969e-05    0.00141126612082072    0.00138008575916981
65.0538440000057    0.0129810561245462    -0.000553373665446413    0.000171080881084333    1.30991162407165e-06    0.00160407698559483    0.00100184290707778
65.4073975000054    0.0109527487741586    -0.0101714491691521    0.000121785967958691    0.000106181241534959    0.00135028228487903    0.00165011009763408
65.7609510000052    0.0064841615976745    -0.014235476506033    4.27264873314658e-05    0.000205852709434034    0.000825915072334406    0.00178994918369666
66.1145045000049    0.00124284504562773    -0.015118485936877    1.64712575033304e-06    0.000233401351971285    0.000320096771135927    0.00219834823168168
66.4680580000047    -0.00404802065787684    -0.0145501530038842    1.67353445348412e-05    0.000215589516734756    0.0005906549654778    0.00197042236546283
66.8216115000044    -0.00883881928494779    -0.0120658152635058    7.95391377348959e-05    0.000149809531008315    0.00118929028539335    0.00205563446051689
67.1751650000042    -0.0120115584074709    -0.00496450965326529    0.000146856167332587    2.65180788630368e-05    0.00160581193061386    0.00136810919362182
67.5287185000039    -0.0119385832251418    0.00536214244415284    0.000145087153366685    3.04556170537805e-05    0.00159918227324131    0.00130500783997457
67.8822720000037    -0.00867739687219985    0.0121797447621426    7.66490764416302e-05    0.000152420125017229    0.00116269512941548    0.00201840098748725
68.2358255000034    -0.0039103523798034    0.0142810172366784    1.5645715654297e-05    0.000208678496079384    0.000595701200320155    0.00217509603582909
68.5893790000032    0.00120864202262825    0.0144545951436157    1.60921565878763e-06    0.00021399573216695    0.000385227361339652    0.00224953581903279
68.9429325000029    0.00612728389966789    0.0130937482661262    3.83847679095573e-05    0.000176752474912201    0.000917147710256088    0.0023035258313112
69.2964860000027    0.0101705008923172    0.0090337619238162    0.000105769840019648    8.47797110490313e-05    0.00152667993339257    0.00178068990923179
69.6500395000024    0.0118887788535701    0.000120362933062863    0.00014452954482505    1.56271807620655e-06    0.00178507204223084    0.00124427924540718
70.0035930000022    0.0102563399357604    -0.0088140193424531    0.0001075913669366    8.11851527815668e-05    0.00154882473467013    0.0018703517884156
70.3571465000019    0.00627621245970023    -0.0129258544512091    4.03116614936815e-05    0.00017238148173606    0.000959592962867645    0.00230299119455956
70.7107000000017    0.00148136098814002    -0.013942289450682    2.3666903803282e-06    0.000200520063122094    0.00041504217032133    0.00247641434245048
71.0642535000014    -0.0034078963727141    -0.0134257895117098    1.20117604797827e-05    0.000185946490740751    0.000630874625123532    0.00238635008496518
71.4178070000012    -0.00781853232930118    -0.0111840566298421    6.27993084481601e-05    0.000131243776534699    0.0012922308864256    0.00248206644455476
71.7713605000009    -0.0108236087853016    -0.0049911348402475    0.000120281868784673    2.80485669142625e-05    0.00176956538376387    0.00177119731276051
72.1249140000007    -0.01097652685099    0.00421058676584721    0.000123739921959166    2.05579454568477e-05    0.00180437807808162    0.00168193476214745
72.4784675000004    -0.00819569138883047    0.0106982428239127    6.89743458379803e-05    0.000120306615308767    0.00134349860328559    0.00241954867472594
72.8320210000002    -0.00391408396025198    0.012974774846037    1.58651004754008e-05    0.000174681543485664    0.000738273138817166    0.00251729243043179
73.1855744999999    0.000775949442287735    0.0133167928353583    7.98165827283141e-07    0.000184291762965625    0.0004427959917349    0.00263719387716865
73.5391279999996    0.00527044187635622    0.011821028319204    2.86793714081177e-05    0.000148714726889954    0.000949638792419767    0.00299633382094373
73.8926814999994    0.00893696398464812    0.00826582513726497    8.28446795796497e-05    7.48397264697337e-05    0.00172492153930319    0.00255261851240884
74.2462349999991    0.0106128811572667    0.000621596203069496    0.000117029712317731    4.21323477200688e-06    0.00209677510941555    0.00195623437561466
74.5997884999989    0.00935881701556129    -0.00733084329204235    9.1050184239428e-05    6.00005576747527e-05    0.00186084075317271    0.002501858169895
74.9533419999986    0.00592700984123639    -0.011415727743303    3.65121187051744e-05    0.000139758730882292    0.00117587118642366    0.0030724405564753
75.3068954999984    0.00164416600850355    -0.0125402830052042    3.04323850939954e-06    0.000167066396570665    0.000583058012449063    0.00313172456005505
75.6604489999981    -0.00276293345869116    -0.0120490357823187    8.13314548084125e-06    0.000155003256580115    0.000706642896862462    0.0031343250144998
76.0140024999979    -0.00667354122315992    -0.00990241485570239    4.66481694431882e-05    0.000110242263636615    0.00145327801399919    0.00349062224570057
76.3675559999976    -0.00938086516338702    -0.00476801922307313    9.24116144448421e-05    2.99566261753638e-05    0.0021002340896181    0.00268749304441313
76.7211094999974    -0.00970355820943549    0.00301561908430271    9.91025707341816e-05    1.52100311142081e-05    0.00222340477877479    0.00247306947993732
77.0746629999971    -0.00747053455280054    0.00894112473786131    5.86701509919622e-05    9.11108893345079e-05    0.00169152726474492    0.00334173274761948
77.4282164999969    -0.0038027062337059    0.0113468804518047    1.53621514651092e-05    0.000140024975768216    0.000949513962637467    0.00335757051760172
77.7817699999966    0.0003413401097716    0.011850216552461    4.61383535194581e-07    0.000151864497601284    0.000587256728063369    0.00338184347081045
78.1353234999964    0.00432124007042977    0.0102816237514378    1.97876213637005e-05    0.000119826739697775    0.00105570148120224    0.00375698718811292
78.4888769999961    0.00751134300218028    0.00728303860530232    6.00806411611254e-05    6.35819707565026e-05    0.00191320868300423    0.0032464317997116
78.8424304999959    0.00909807723287621    0.00115949446616922    8.82057151927138e-05    9.08584797832288e-06    0.00233038749081208    0.00278234084203317
79.1959839999956    0.0082698056010995    -0.00561184694468741    7.29661208877938e-05    4.12995178966397e-05    0.00213926066850608    0.0031315637892341
79.5495374999954    0.00549060294507715    -0.00954757553305948    3.22669738981179e-05    0.000105304293785411    0.00145610892368255    0.0037613953828247
79.9030909999951    0.00180447340860741    -0.0110140776323919    3.88593451847008e-06    0.000135258252101398    0.000793605844294777    0.00373474845324861
80.2566444999949    -0.00209484377736172    -0.0106535183713703    4.97063311862712e-06    0.00012838967723282    0.000763061378315018    0.00385904438218776
80.6101979999946    -0.00547275824028252    -0.00841100060914782    3.23339962016814e-05    8.85551263559186e-05    0.00154366882623871    0.0042202126852605
80.9637514999944    -0.00781146962412385    -0.00436709384256578    6.6246949352978e-05    3.087416506903e-05    0.00228645832333947    0.00343549944538695
81.3173049999941    -0.00825274636608836    0.00188712631447285    7.43891074416603e-05    1.3209066424666e-05    0.00250624916133165    0.00310609412250982
81.6708584999939    -0.00659220392003527    0.00709066076645757    4.75384219104487e-05    6.51286093133752e-05    0.0020202151833704    0.00385371758285354
82.0244119999936    -0.00358271005023498    0.00955543148948642    1.44364168653684e-05    0.000108743697452511    0.00126515041054956    0.00417581447172195
82.3779654999934    -4.08182169854632e-05    0.0102399008736365    5.37449399838514e-07    0.000123200863035962    0.00073197218048273    0.00428314056902881
82.7315189999931    0.00341169081572517    0.00886688755481207    1.29099461606289e-05    9.80893675593873e-05    0.00112708115880156    0.00441221856322941
83.0850724999928    0.00612159137400643    0.00621999125617368    4.16043773368859e-05    5.54424225610659e-05    0.0020323622675537    0.0040931810776203
83.4386259999926    0.00755587867580118    0.00148574676164414    6.34363059589611e-05    1.45900954137623e-05    0.00251892901756562    0.00351889925602116
83.7921794999923    0.00709324443262798    -0.00398027496890754    5.60241696360643e-05    2.97754388021308e-05    0.00238957173046897    0.00373267330127067
84.1457329999921    0.00495458355513434    -0.0076814012142646    2.75343529098488e-05    7.76320434687838e-05    0.0017281361940082    0.00431603045103693
84.4992864999918    0.00191001692744175    -0.00929323457724928    4.57451625408825e-06    0.000107408627367894    0.000962471605282055    0.00458741958622843
84.8528399999916    -0.00143038625454622    -0.00926640524331205    2.79465581292604e-06    0.000106435083313931    0.000865246193710948    0.00453528578820013
85.2063934999913    -0.00438396849290724    -0.00728104257629336    2.1783356416232e-05    7.52207898151714e-05    0.00160130467726434    0.00471245252680329
85.5599469999911    -0.006453481756517    -0.00410771395446276    4.73520779798381e-05    3.267793447042e-05    0.00238844116488986    0.00397550255171995
85.9135004999908    -0.00703724222417417    0.000918350795690153    5.64776242911695e-05    1.41352048013873e-05    0.00263720423355297    0.00364579711687891
86.2670539999906    -0.00587777319986241    0.00542357025308736    3.9466402459229e-05    4.67064547337454e-05    0.00221769805659115    0.00415828575780589
86.6206074999903    -0.00347063375819742    0.00785898977956987    1.41784375672938e-05    8.36298638575917e-05    0.00146052691990059    0.00467612483817615
86.9741609999901    -0.000489803969425743    0.00878814483396351    9.30274604257571e-07    0.000100230492740712    0.000830883069867449    0.00479572759005263
87.3277144999898    0.00253883384962411    0.00796895501590447    7.70783028503191e-06    8.705345227173e-05    0.001123455815346    0.0048527526442444
87.6812679999896    0.00499205020648668    0.00577484506909784    2.90456835707618e-05    5.47424906097977e-05    0.00203103872604097    0.00462532756004524
88.0348214999893    0.00643297231368237    0.00202363528497499    4.82393365926012e-05    1.97541859017327e-05    0.0026184353732711    0.0039571563192698
88.3883749999891    0.00630650769607428    -0.00266904525030269    4.65345294950752e-05    2.31511010766327e-05    0.00260047883560529    0.00400341086181138
88.7419284999888    0.00469389940762337    -0.00610322296948458    2.60419304819415e-05    5.86244301297157e-05    0.00200230837611356    0.00462332126446687
89.0954819999886    0.00220028091768448    -0.00777170241293021    6.34389012979061e-06    8.41330933329289e-05    0.00122582788884255    0.00487172812642328
89.4490354999883    -0.000651819391334639    -0.00812981829501776    1.17269240281874e-06    9.04181722794627e-05    0.000864768109899341    0.0049319597290993
89.8025889999881    -0.00332338685514542    -0.00670697765855509    1.31231028363779e-05    6.90668404430873e-05    0.00144159725562465    0.0049074729882833
90.1561424999878    -0.00529731517671436    -0.00424260470961758    3.33429862842031e-05    3.82444133032382e-05    0.00229813798601277    0.00449941313741792
90.5096959999876    -0.00612501166166611    -0.000217634576955169    4.49207330387393e-05    1.52603277591902e-05    0.00272120656753462    0.00390037984690002
90.8632494999873    -0.00545846038877166    0.00383162081861509    3.60044000340239e-05    3.34628001997038e-05    0.00249190895063094    0.00433376073428831
91.2168029999871    -0.0035957848175159    0.00640682710314149    1.61421990219647e-05    6.38183048743622e-05    0.00179235336027439    0.00477188341693443
91.5703564999868    -0.0010973531647765    0.0075123043720603    2.25240360484259e-06    8.22868507733648e-05    0.00102382597964575    0.00508449936521666
91.9239099999865    0.00155218665695382    0.00720082085085282    3.37660367968737e-06    7.80054588746555e-05    0.000983524408269508    0.00511406276345712
92.2774634999863    0.00382471077241618    0.00554245920797996    1.78643628706416e-05    5.53998238603594e-05    0.00179887475328473    0.00496799454390175
92.631016999986    0.00535037800795088    0.00283448094083764    3.51253023717793e-05    2.65683731051024e-05    0.00254926607944617    0.00430512379626075
92.9845704999858    0.00565453857516895    -0.00115685273949904    3.96587259409106e-05    1.7715439278939e-05    0.00277216872553546    0.00404686681496347
93.3381239999855    0.00460061580229089    -0.00461201095797066    2.66800391017422e-05    4.19244716442599e-05    0.00234827028713765    0.00454464812365253
93.6916774999853    0.00258667220845643    -0.00653511557393182    9.10461360429094e-06    6.78978494761343e-05    0.00155362173333475    0.00501897538462663
94.045230999985    0.000126656173145886    -0.00716238099016682    8.54635131760261e-07    7.82063405939939e-05    0.000915747424546911    0.00518716099091698
94.3987844999848    -0.00230337193015378    -0.00631644354520353    6.84952348752031e-06    6.62610942241198e-05    0.00124257846388063    0.00513455306374143
94.7523379999845    -0.00421834361197563    -0.00439056011884261    2.22779596080756e-05    4.3055632705995e-05    0.00211743636961774    0.00487633207942442
95.1058914999843    -0.00527383558570688    -0.00134604972393411    3.53071997674368e-05    1.93315997985073e-05    0.00273749118398006    0.00418566003626718
95.459444999984    -0.00508856146177783    0.00232479177819641    3.34799774284529e-05    2.32929333392257e-05    0.00275436375196931    0.00422945345491071
95.8129984999838    -0.00373371703416927    0.00508828843482072    1.87088847956944e-05    4.82723156155889e-05    0.00218363044136333    0.00473092342145364
96.1665519999835    -0.00166394474902776    0.00642221409690199    4.60453692352314e-06    6.74429299536222e-05    0.00135492612186277    0.00511840756946686
96.5201054999833    0.000662244125361192    0.00652889576118926    1.21982680922346e-06    7.12790005892826e-05    0.00088388886611839    0.00535280494029136
96.873658999983    0.00279521322222381    0.0053457567321709    1.01872201040877e-05    5.6398668812884e-05    0.0015407800447802    0.00527461408762134
97.2272124999828    0.00435840790909206    0.00334193351137055    2.50413717668121e-05    3.3507068516986e-05    0.00245879081354553    0.00472636741298901
97.5807659999825    0.00501100635440509    0.000160860978358489    3.37430733868988e-05    1.71458011993651e-05    0.0029381777861475    0.00413762310330541
97.9343194999823    0.00446818835111827    -0.00313380371376702    2.74066831031203e-05    2.92798718491298e-05    0.00272799852676855    0.00441125221821535
98.287872999982    0.00294919702102248    -0.00520473788066137    1.25745529172288e-05    5.25529221682451e-05    0.00196895653797156    0.00504614959764905
98.6414264999818    0.000929408315975929    -0.00605519569498976    2.05523797255551e-06    6.55118211455997e-05    0.00109153018957347    0.00537088691381387
98.9949799999815    -0.00122101331351045    -0.00591023860667214    2.54737278821963e-06    6.36552709985667e-05    0.00102786150645399    0.00535951029579838
99.3485334999813    -0.00310556805399695    -0.00462082258328867    1.31819957840337e-05    4.80462530478428e-05    0.00188080909345615    0.00516664801410085
99.702086999981    -0.00438810920419021    -0.00243832309235046    2.64898957250041e-05    2.58797298125581e-05    0.00268968275770681    0.00446478558386275
100.055640499981    -0.00470228155772552    0.000705799011637654    3.08807452988419e-05    1.74251168236087e-05    0.00296129928421906    0.00411423924666274
100.409193999981    -0.00392941524792297    0.00350315021820347    2.18837720268243e-05    3.35479030476423e-05    0.0025383986755856    0.00461257429168824
100.76274749998    -0.00236769358146875    0.00515227612043105    8.3820832937361e-06    5.31570135449987e-05    0.00166616637764894    0.00515859131196053
101.11630099998    -0.000403477439919385    0.00579689611953737    9.62824969006545e-07    6.17319811438257e-05    0.000894444478144197    0.00530358148076545
101.46985449998    0.00161618917523921    0.00542044429355737    3.99643350190752e-06    5.70852107887988e-05    0.00117659085996242    0.00526345841146676
101.823407999979    0.00329857277001757    0.00397431807306562    1.52813642107796e-05    4.02622385189778e-05    0.00209780406417717    0.00494641631619112
102.176961499979    0.00432450742190341    0.00165065394226967    2.65420865809243e-05    2.09107488750046e-05    0.00280012895039259    0.00426451526411551
102.530514999979    0.00438623988248387    -0.00129191043940627    2.76203418510018e-05    1.87830337091103e-05    0.00289503739946647    0.00413690719326206
102.884068499979    0.00346788661077173    -0.00372542579171948    1.75968598590303e-05    3.60747384111571e-05    0.00236021658198151    0.00471125684733367
103.237621999978    0.00188541587133643    -0.00506761613707941    5.68319374145172e-06    5.24745595537076e-05    0.00145890394939639    0.00517627532506918
103.591175499978    -1.43810026792089e-05    -0.00553412580159502    6.27668094444966e-07    5.8944454547685e-05    0.000792124536425243    0.00532145714629041
103.944728999978    -0.00189673444726497    -0.00490210533070086    5.37806960755495e-06    5.07383192554536e-05    0.00133434180183093    0.00516794761797832
104.298282499978    -0.00338259417527812    -0.00340088790541449    1.65138643308976e-05    3.40335675781821e-05    0.00225209257719841    0.00473999251402231
104.651835999977    -0.00420181371165597    -0.00105011124713185    2.57373727698426e-05    1.8339785794491e-05    0.00284290947840104    0.00415175290246641
105.005389499977    -0.00407267929966186    0.00173820573373115    2.45129320401657e-05    2.01172332606644e-05    0.00281535350573804    0.0041347157203233
105.358942999977    -0.00304675679947331    0.00387742927764693    1.39910931918036e-05    3.76453873279626e-05    0.00216987700035434    0.00475509511206757
105.712496499977    -0.00146280356312493    0.00493782934642924    3.65406492193168e-06    5.15536989996676e-05    0.0012305570517618    0.00521263276523579
106.066049999976    0.000353283522177167    0.00519646057404163    6.76204418799381e-07    5.49080973417028e-05    0.000742559877557006    0.00528250838561887
106.419603499976    0.00209167828296861    0.00447224046227362    6.59763857985013e-06    4.56552069897338e-05    0.00149081204060325    0.00506500466311103
106.773156999976    0.00343143491112164    0.00294808549429494    1.74707302585249e-05    2.92915761896462e-05    0.00238662621900885    0.00453876283892141
107.126710499976    0.00406694885827215    0.000511394378287986    2.47222512435627e-05    1.60819569262355e-05    0.00286045070360626    0.00397749075625462
107.480263999975    0.00377727318039188    -0.00209263560742911    2.14026761678649e-05    2.21767109542019e-05    0.00267112026845613    0.00421871866432471
107.833817499975    0.00267945707921643    -0.00393411755150301    1.09321887843057e-05    3.86025149181874e-05    0.00193718830910748    0.00480887034646843
108.187370999975    0.00110814059215216    -0.00483633010378695    2.24674514998868e-06    4.96441844245508e-05    0.00100934116036816    0.00512387505231683
108.540924499975    -0.000653247784087038    -0.00497988775060924    1.02418370512798e-06    5.12864242922466e-05    0.000772949569967764    0.00514656606715377
108.894477999974    -0.00227813912619268    -0.0040558926835073    7.82946698762565e-06    4.01429574053675e-05    0.00162466892299191    0.00486751393888497
109.248031499974    -0.00345335349653551    -0.00247004742723305    1.78842654879961e-05    2.46614126898043e-05    0.00244102747136571    0.00430816415622985
109.601584999974    -0.00391142822992384    -2.26028905646888e-05    2.30619262898799e-05    1.50471047259514e-05    0.00278615424771041    0.00387899392050175
109.955138499974    -0.00347797492319075    0.00241624092265076    1.84491622756455e-05    2.34330089270578e-05    0.00252048660169058    0.00419461425291595
110.308691999973    -0.0023221123432251    0.00393746030980216    8.55992730730264e-06    3.83401593098726e-05    0.00177980942034373    0.00477876193366077
110.662245499973    -0.000777151892005486    0.00469159751037809    1.36579357419224e-06    4.81801014271153e-05    0.000872827881626459    0.00511556587561233
111.015798999973    0.000899524644088917    0.00462995672165121    1.51604744431519e-06    4.73963376841767e-05    0.000840775153648049    0.00509507982663799
111.369352499973    0.002384729651563    0.00366807123425354    8.74350845884844e-06    3.61527015599693e-05    0.00174830573636439    0.00476423708272489
111.722905999972    0.00341368884109457    0.00201227470907451    1.79265114984659e-05    2.10854382863695e-05    0.00250464368616623    0.004127491826956
112.076459499972    0.0037101919640515    -0.000396662916180461    2.13298604527759e-05    1.4843112396154e-05    0.00275033380567952    0.00383220183798834
112.430012999972    0.00316572846796917    -0.00258767628729266    1.56324065202972e-05    2.49409329335346e-05    0.00236866413562302    0.00427140074983815
112.783566499972    0.00197798630872417    -0.00396327304195682    6.31374921447015e-06    3.88825098944492e-05    0.00154961910706144    0.00481403953965352
113.137119999971    0.000455613934399706    -0.00454272684748675    6.85107941555285e-07    4.60987843842957e-05    0.000691031029937228    0.00504602984269997
113.490673499971    -0.00114277664302501    -0.00432167687844612    2.27076849438191e-06    4.30551779263066e-05    0.000982257623303788    0.00493743727905589
113.844226999971    -0.00249131967989036    -0.00322788128457505    9.75519108345896e-06    3.1414559533384e-05    0.00188375086889162    0.00458206743141937
114.197780499971    -0.00335804863608267    -0.00154067288958396    1.77212553520408e-05    1.79726602236279e-05    0.0025386541138454    0.00394955532572072
114.55133399997    -0.00350036467625263    0.000734655168270646    1.93084061541792e-05    1.49477059951618e-05    0.00265628561857005    0.00379578552856916
114.90488749997    -0.00286460453372087    0.00275924283979438    1.2996234096625e-05    2.61432933314861e-05    0.00218866967859722    0.00430463381514962
115.25844099997    -0.00165696713308212    0.00393647812448177    4.57463692096117e-06    3.84502205324303e-05    0.00135244106742097    0.0047910709145145
115.61199449997    -0.000159678685400684    0.00440896781432786    3.62249372186203e-07    4.43771197920129e-05    0.00058030344615116    0.0049938084268656
115.965547999969    0.00134915193830944    0.00395331791770153    3.06323858025957e-06    3.85365769937734e-05    0.00111491148869113    0.00478621504274028
116.319101499969    0.00256105836966522    0.00283653538253213    1.04948574893013e-05    2.73675036043982e-05    0.00198389453259719    0.00439563085666227
116.672654999969    0.00327633142475819    0.00107478243508483    1.71958782727805e-05    1.55102742391454e-05    0.00254195410421244    0.00378881471655431
117.026208499969    0.00327820518468414    -0.00105419813474084    1.71793173029449e-05    1.56055469658294e-05    0.00253627444691123    0.00380712664072767
117.379761999968    0.00256007517391164    -0.00288667569773371    1.05433782963864e-05    2.70323056021893e-05    0.00199734658993067    0.00432428132968969
117.733315499968    0.00134386557678559    -0.00387207635593598    3.16727673091721e-06    3.76226470694177e-05    0.00116674849151304    0.00475706545710895
118.086868999968    -0.00010498517456    -0.00420379005110818    3.64984664699496e-07    4.17721435460368e-05    0.000594947710157878    0.00490920490020947
118.440422499968    -0.00152311218539721    -0.00365875088140762    3.90595689721067e-06    3.51149905070017e-05    0.00125939912970638    0.00466138740020615
118.793975999967    -0.00262222118510933    -0.00245864621366978    1.11975958776651e-05    2.39386204294181e-05    0.00207883427286277    0.00423009210602149
119.147529499967    -0.00318468909642749    -0.000608631191459082    1.6628881607347e-05    1.43437791578053e-05    0.00254688770196938    0.00373809406390321
119.501082999967    -0.00303483630462681    0.00141612264804322    1.52170404528382e-05    1.69060180684613e-05    0.00245087924161051    0.00386013143742028
119.854636499967    -0.00223388378692802    0.00300183943558472    8.40187260731797e-06    2.8215550115588e-05    0.00184706140499392    0.00438229507433678
120.208189999966    -0.00100938550766759    0.00380667765340944    2.04753001025182e-06    3.69543393593518e-05    0.00101423414809523    0.00473957219613596
120.561743499966    0.000383380626439009    0.00395155771041395    6.01533355588208e-07    3.87823741316233e-05    0.000674205199371408    0.00481326976107628
120.915296999966    0.00168098685199758    0.00325094487826387    4.79074852501583e-06    3.13278845433063e-05    0.00140179589399709    0.00455623111154342
121.268850499966    0.00262310235912796    0.0019999428517541    1.15302301736118e-05    2.0611890693568e-05    0.00215628481123186    0.0040757967666808
121.622403999965    0.00303087938753308    0.000204961085352934    1.55409242192098e-05    1.3478631079528e-05    0.0025208519110485    0.00366559981899537
121.975957499965    0.00276002258092927    -0.00168198936501369    1.31177790208662e-05    1.78182395067393e-05    0.00234521947237923    0.00387158252949877
122.329510999965    0.00190121348831234    -0.0030479751928573    6.53270894633703e-06    2.84569045381578e-05    0.00170824360622138    0.0043779848974025
122.683064499965    0.000695931691130603    -0.00366989619453566    1.25164640204628e-06    3.62711918547906e-05    0.000875971165807629    0.00477525431533476
123.036617999964    -0.000619385940074295    -0.00363521035895678    9.32516890402002e-07    3.60416936461632e-05    0.000740862974942252    0.00477775462872431
123.390171499964    -0.00177581727841257    -0.00281265678296689    5.54123675735489e-06    2.80848373061235e-05    0.00154522158639021    0.00449152525623021
123.743724999964    -0.0025638272179275    -0.00158783918470781    1.17002539691023e-05    1.81022564539983e-05    0.00226429767603918    0.00394728047869729
124.097278499964    -0.00282851075336603    0.000167164197540944    1.44499645159855e-05    1.30151723048036e-05    0.00253958489404828    0.00360377974297321
124.450831999963    -0.0024610782887525    0.001850227387063    1.11060984265261e-05    1.89862659972219e-05    0.00224704073909603    0.00394498727670749
124.804385499963    -0.00158962855521138    0.00296896346727265    4.8238530761859e-06    2.88745249794456e-05    0.00151556396520981    0.00447881467683649
125.157938999963    -0.000426131745817993    0.00351607754078567    6.87285905775854e-07    3.46427608155844e-05    0.00071112420925037    0.00472016520291049
125.511492499963    0.000813178253195625    0.00335825425334763    1.40782968867917e-06    3.28771198087396e-05    0.000864043295911079    0.00464749913164188
125.865045999962    0.00186022812274371    0.00249427611135622    6.24884547585433e-06    2.48596425803063e-05    0.00166984933667914    0.00431720155432011
126.218599499962    0.00252689225432432    0.00119133284886367    1.16777523963055e-05    1.58682797005601e-05    0.00230055817821268    0.0038011847815883
126.572152999962    0.00264901873488993    -0.000519353011635284    1.3103807547105e-05    1.31752200447649e-05    0.00246708477546012    0.00359242153624408
126.925706499962    0.00218440619472277    -0.00204209441242374    9.1096353395142e-06    2.04128270274599e-05    0.00208278777506759    0.00403022051979884
127.279259999961    0.00127226499659537    -0.00299851688786065    3.41878546698093e-06    2.88695046900283e-05    0.00134168820722965    0.00445852006424136
127.632813499961    0.000142191633334454    -0.00330694193418128    4.00559865182393e-07    3.30737366085478e-05    0.000616718253817798    0.00470508997283805
127.986366999961    -0.000996268996285445    -0.00301128115082472    1.99361968980188e-06    2.96682959456953e-05    0.00100053374597875    0.00453877536086366
128.339920499961    -0.00191837794525508    -0.00214532709395082    6.93542160042519e-06    2.21730228280411e-05    0.00180423048959497    0.00419172929564894
128.69347399996    -0.00245621593985379    -0.00080774049564589    1.15754274594192e-05    1.38951059393178e-05    0.00235423675874525    0.00363904674757161
129.04702749996    -0.0024518885092487    0.00081214343500957    1.17729397842527e-05    1.35493109227966e-05    0.00240024634620427    0.00359022756434289
129.40058099996    -0.00191376958142764    0.00215473107449977    7.38352096982993e-06    2.11672628532153e-05    0.00192899117650449    0.00406502113768187
129.75413449996    -0.000994289623470574    0.00294792447615365    2.32606835954163e-06    2.87037777699769e-05    0.00115648454559513    0.00447364717572487
130.107687999959    9.81692522173391e-05    0.00313228391883631    3.33697825435386e-07    3.10937984999352e-05    0.00056926322852831    0.00461330640124137
130.461241499959    0.00114609282300929    0.00269048975966423    2.58574269160305e-06    2.70853288876769e-05    0.00112792461301704    0.00445495159803322
130.814794999959    0.00195153153743134    0.00180484245667813    7.4485620004351e-06    1.95607193322962e-05    0.00190790111348727    0.00403772993634645
131.168348499959    0.00237335648167407    0.000493813524825927    1.12202149603186e-05    1.27961204443404e-05    0.00236376690289341    0.00354291809770412
131.521901999958    0.00226905492099312    -0.00105488092507254    1.04794847991231e-05    1.4118033049553e-05    0.00230886867635211    0.00360628053310764
131.875455499958    0.00167065620372281    -0.00225189418394302    5.91921639644918e-06    2.16925858490242e-05    0.00176865040225921    0.0040769545537506
132.229008999958    0.000751531783624928    -0.00284684489399559    1.53951685828389e-06    2.79905682745045e-05    0.000987277487075152    0.00445937690984242
132.582562499958    -0.00028340955190563    -0.00292109705572954    4.17349205170724e-07    2.94190752424229e-05    0.00058054132588419    0.00457014958545463
132.936115999957    -0.00124589447583206    -0.00243276832899023    3.17596687451505e-06    2.4619692301314e-05    0.00127425030100299    0.00432450350430846
133.289669499957    -0.00195327893385164    -0.00150130409463314    7.83412875452426e-06    1.72875678168332e-05    0.00200470201304226    0.0038773256030763
133.643222999957    -0.00226535077814049    -0.00019430679622663    1.06965581732773e-05    1.19146148738213e-05    0.00235897096744652    0.00344628201729944
133.996776499957    -0.00207895331671876    0.00120500643336528    9.10822698875338e-06    1.48187942278915e-05    0.0021877340093479    0.00365605712803285
134.350329999956    -0.00145277710078578    0.00224903482025977    4.59185678893351e-06    2.22685475131142e-05    0.00157521283779875    0.00414854069407222
134.703883499956    -0.000559947737885265    0.00273344164607627    9.10270550638573e-07    2.73093349986443e-05    0.000772482414994508    0.00445394564023183
135.057436999956    0.000435973109139817    0.00280691543543764    6.32171392779306e-07    2.76958800891264e-05    0.000664905136757318    0.00445164080170765
135.410990499956    0.00133875754799812    0.00219784918076528    3.82580437275434e-06    2.24338556936748e-05    0.00142601984573582    0.00419563042608429
135.764543999955    0.00195600878047241    0.00125946689382618    8.17643755146335e-06    1.51649515228448e-05    0.00208577736160363    0.0036849280408443
136.118097499955    0.00217769083727011    -6.96796848022342e-05    1.01191356668973e-05    1.15483171658084e-05    0.00231879241937849    0.00339756705707691
136.471650999955    0.00190564200476824    -0.00140326479549343    7.80435801203549e-06    1.57046673626542e-05    0.0020427644410696    0.00370614560917174
136.825204499955    0.0012445040268774    -0.00225822626723583    3.42634236957723e-06    2.25580169501414e-05    0.00137023797081498    0.00417832874198615
137.178757999954    0.00035730015744444    -0.00268337398392079    4.87594923902377e-07    2.66248379451479e-05    0.000599942931779811    0.0044073055269138
137.532311499954    -0.000592629142728248    -0.00260147630360813    9.43481481902495e-07    2.56253955772765e-05    0.000769592217405865    0.0043425472500644
137.885864999954    -0.00141903660939808    -0.00200201578940988    4.42747551747152e-06    2.02111156687905e-05    0.00155364430248996    0.00402530103815156
138.239418499954    -0.00196474130362606    -0.00101210897106339    8.38206667294642e-06    1.35244811845687e-05    0.00212646614898338    0.00353555039778274
138.592971999953    -0.00208382198449454    0.000342976624501365    9.44636807882237e-06    1.1364730018463e-05    0.00225921535400227    0.00335366919261705
138.946525499953    -0.00174517759298024    0.00152414144837823    6.62923783376547e-06    1.64806223878811e-05    0.00189303803520298    0.00376266065879142
139.300078999953    -0.00105568693880456    0.00230473401233963    2.52244378224188e-06    2.26027009413017e-05    0.00118657864024233    0.00415823304706057
139.653632499953    -0.000165739715534228    0.00265033923763463    2.70929841164845e-07    2.58738841452245e-05    0.000493416849995496    0.00434161099946538
140.007185999952    0.000755793548492718    0.00245432863075271    1.32821999895154e-06    2.38879057243429e-05    0.000870055234458323    0.00422660344681287
140.360739499952    0.00151266529303299    0.00177231137709812    4.88500194997055e-06    1.82334372084748e-05    0.00161147313388215    0.00388488733312606
140.714292999952    0.00196460317068933    0.000715507907745409    8.31257154781396e-06    1.22294524967864e-05    0.00211019096991988    0.0034230835413031
141.067846499952    0.00198660265570619    -0.000589652715680996    8.63894136553978e-06    1.15942157263937e-05    0.00216618356883273    0.00335358396365496
141.421399999951    0.00157926624126967    -0.0016444459875288    5.58306549994104e-06    1.68685337492503e-05    0.00175755046559893    0.00376355299462498
141.774953499951    0.000871874607922867    -0.00229939922797103    1.8573370251725e-06    2.23626035767654e-05    0.00104745963799654    0.00413223508130547
142.128506999951    -1.16808737834057e-06    -0.00256050306692634    2.04810958057181e-07    2.47963169242679e-05    0.000452558939398016    0.00427084780442112
142.482060499951    -0.000868231503842637    -0.00223890366625745    1.68821621773832e-06    2.21710841726569e-05    0.000966638646792832    0.00414226925077014
142.83561399995    -0.00153941706388051    -0.00152501941993915    5.19638707899438e-06    1.65029494978581e-05    0.00168124423639991    0.0037652709419996
143.18916749995    -0.00190971092602486    -0.00050595698390904    8.12018541018677e-06    1.12943712047475e-05    0.00211499162863781    0.00332240556452418
143.54272099995    -0.00187517897947898    0.000697679212379956    7.90265163916711e-06    1.17172185988802e-05    0.00209436277518659    0.00335118819458011
143.89627449995    -0.00143715941709861    0.00171008081334378    4.7194657497723e-06    1.71975733325813e-05    0.00162912202109513    0.00377798847859741
144.249827999949    -0.000719104094467341    0.00229016753102182    1.33556164634158e-06    2.21775623078528e-05    0.000904682788419168    0.00411493559946036
144.603381499949    0.000135178030273046    0.00245578912459881    2.16859741882275e-07    2.3811521521275e-05    0.000445630611621076    0.00421670739994812
144.956934999949    0.000951958355518072    0.00208037607431044    2.06200208676207e-06    2.04539326612849e-05    0.00107507087027851    0.00401571513565412
145.310488499949    0.00156443202931898    0.00133412602456625    5.49009271378433e-06    1.48968949362982e-05    0.00174431795823618    0.00362174028429335
145.664041999948    0.00185505733685014    0.000256109273392793    7.85448125836414e-06    1.06446841190871e-05    0.00210077212837628    0.00325255163820182
146.017595499948    0.00174444698960229    -0.000855220076450604    7.0857532410739e-06    1.19855002579972e-05    0.00201063620318083    0.00335471293538404
146.371148999948    0.001275594053614    -0.00173535960036462    3.86641545125969e-06    1.74052711078489e-05    0.00149642081703119    0.00379391594072289
146.724702499948    0.000566597026992569    -0.00221276880015414    8.99035591343442e-07    2.17926868110453e-05    0.00076026534864258    0.00411051591021246
147.078255999947    -0.000245243226832665    -0.00230566849269899    3.0039165697534e-07    2.2518988775063e-05    0.000490150402089034    0.00414763566105295
147.431809499947    -0.00100579838071998    -0.00191968562212295    2.39895167397998e-06    1.88905519277659e-05    0.00117784603888668    0.00389940495973171
147.785362999947    -0.0015606552834376    -0.00117185793220883    5.65070008604708e-06    1.36486787225182e-05    0.00179305749275515    0.00350363064680589
148.138916499947    -0.00179464748801739    -0.000110458364437649    7.51351625402709e-06    1.017964685366e-05    0.00207189687189782    0.00318864325433025
148.492469999946    -0.00163620453158257    0.000988267048823378    6.2572356437505e-06    1.24172214778058e-05    0.00189210738981147    0.0033823881678506
148.846023499946    -0.00113979362150436    0.00175256652146044    3.08428816779924e-06    1.74230260047497e-05    0.00133609830034216    0.00378834219581676
149.199576999946    -0.000434098542593522    0.00217765489092566    5.77576049034979e-07    2.11154035123414e-05    0.000623806463859713    0.00404638390274192
149.553130499945    0.000355119139094496    0.00221073116450794    4.51207230897069e-07    2.12091598270726e-05    0.000570173331493024    0.00404002816145456
149.906683999945    0.0010712210625837    0.00177880529154816    2.74817593249514e-06    1.74809199930453e-05    0.00126517246554459    0.00378375101292428
150.260237499945    0.00157064210615162    0.000992939841045882    5.80450903992618e-06    1.23848985663134e-05    0.00182690788336735    0.00337623592753486
150.613790999945    0.00173985911826072    -7.87779341747987e-05    7.09545322375483e-06    9.9248767134964e-06    0.00201701350326661    0.00314939212397941
150.967344499944    0.00152225357873584    -0.00109896219512842    5.4538816665708e-06    1.27870619314316e-05    0.00177105214733974    0.00340284352051489
151.320897999944    0.00100042541089666    -0.00179622942417102    2.4152144685129e-06    1.75104392868329e-05    0.00118927013993674    0.00377941783117124
151.674451499944    0.000299362844016484    -0.00211759847443392    3.51811935983744e-07    2.04923001447004e-05    0.000512048653553651    0.00400100947834113
152.028004999944    -0.000462342696963332    -0.00210981454796909    6.51475241001674e-07    1.99358043555659e-05    0.000661599933166824    0.0039350332817835
152.381558499943    -0.00113122443523073    -0.0016171115845185    3.06512024198739e-06    1.59236928073737e-05    0.00133620788768975    0.00364810127745787
152.735111999943    -0.0015647529859171    -0.000783029829577105    5.81877389164324e-06    1.13949302500065e-05    0.00183584367109696    0.0032835643036187
153.088665499943    -0.00166206824316194    0.000233685797535343    6.63370343955293e-06    9.80322243296673e-06    0.00196754481387985    0.00312227695456329
153.442218999943    -0.00140323360474353    0.00120332955534193    4.74329743713318e-06    1.31586405544786e-05    0.00166560286012352    0.00342208102413126
153.795772499942    -0.00085896875655057    0.00178813783057348    1.87488162340518e-06    1.7467709882897e-05    0.00106632748190935    0.00377760148530373
154.149325999942    -0.000173107772421063    0.00206174799346764    2.23940154784266e-07    2.00161522695422e-05    0.000440424629092973    0.00397056009663302
154.502879499942    0.000557252333813715    0.00197720774693537    8.89865371400029e-07    1.86558366210133e-05    0.000761140728025506    0.00384011538192175
154.856432999942    0.00116465412153445    0.0014234304612281    3.32644147732923e-06    1.46892543726452e-05    0.00140357481258466    0.00355852498862846
155.209986499941    0.00153635704083904    0.000619625556338986    5.77656258542971e-06    1.05263045005702e-05    0.00184828829690988    0.00318470856916325
155.563539999941    0.00157834201689715    -0.000377802053446398    6.17883962234614e-06    9.70134357616859e-06    0.00192033228896542    0.0030917000476405
155.917093499941    0.00128520711837938    -0.00123564058153834    4.14484258872079e-06    1.31885712321799e-05    0.00157895068054318    0.00341493244229451
156.270646999941    0.000744779488408675    -0.00177518665023066    1.47948075918839e-06    1.72259616686453e-05    0.000961657045330665    0.00375162285224517
156.62420049994    6.3948952715161e-05    -0.0020108110689187    1.70769175729885e-07    1.92812358584956e-05    0.000408264261449026    0.00390357204411673
156.97775399994    -0.000621706641021405    -0.00179863875770111    1.06709648827032e-06    1.7574841082828e-05    0.000824971115118706    0.00378678487666297
157.33130749994    -0.00117271462246949    -0.00128487233610569    3.48022178064075e-06    1.35926554641633e-05    0.00145084878429386    0.00345568496018859
157.68486099994    -0.00149815378677103    -0.000495164992474565    5.63530228109254e-06    9.91808105504684e-06    0.00184142268702115    0.00311012743875143
158.038414499939    -0.00149973333998476    0.000472310159286869    5.68134640640722e-06    9.75615593713614e-06    0.0018526052778035    0.00308756846896883
158.391967999939    -0.00118275182998501    0.00127877431341336    3.58627962605004e-06    1.33427854461308e-05    0.00147897861198773    0.00342162559341097
158.745521499939    -0.000632324294931024    0.00177224113929545    1.15357189343647e-06    1.70255375924127e-05    0.00086818078732281    0.00372621777900882
159.099074999939    2.86183831425155e-05    0.00191375116860316    1.63188722992454e-07    1.85180002902593e-05    0.000402951251566194    0.00385429069413937
159.452628499938    0.000679287996150416    0.00169360943341296    1.24665838162312e-06    1.65150976013701e-05    0.000886129900132633    0.00369415547702377
159.806181999938    0.00118778745869283    0.00114603441722607    3.60429274147089e-06    1.2759656082538e-05    0.00148103129421459    0.00338323235930837
160.159735499938    0.00145828514853475    0.00033660666262754    5.46640763028722e-06    9.42367529888031e-06    0.00182751526829469    0.00305129009659112
160.513288999938    0.00141670273842275    -0.000563082607269183    5.1855942469776e-06    9.87716388547565e-06    0.0017828481701825    0.00309194143910692
160.866842499937    0.00107366760778481    -0.00133107150371192    3.05343546814481e-06    1.35233248441634e-05    0.00137864909826194    0.00342805681052247
161.220395999937    0.000523629871023702    -0.00173612697274958    8.5571246629549e-07    1.67333581642939e-05    0.000762577356382414    0.00370394671921523
161.573949499937    -0.00012701671542291    -0.00187811901335809    1.87066318437524e-07    1.77632318011126e-05    0.000413440530718385    0.00377304926720755
161.927502999937    -0.000745220150757599    -0.00155051499112916    1.46125664555929e-06    1.54361783801562e-05    0.000951789668185208    0.00360999745740076
162.281056499936    -0.00119944741261673    -0.00098839140896163    3.75613755571986e-06    1.18258392875566e-05    0.00152232173343446    0.00329377013621889
162.634609999936    -0.00141661165958015    -0.000201513542969423    5.26871661919031e-06    9.04381628059969e-06    0.00180608084678728    0.00300053471444668
162.988163499936    -0.00132784353106675    0.000698652360533132    4.67502296489233e-06    1.00767300864937e-05    0.00170641569434195    0.00309654887990085
163.341716999936    -0.000954771446852565    0.00135203316813374    2.52878219069365e-06    1.35557637397533e-05    0.00127168929969891    0.00342458319391127
163.695270499935    -0.000407135056035041    0.00169777957531691    5.98635979705579e-07    1.6396885874215e-05    0.000657933906903211    0.0036761978167465
164.048823999935    0.000211985689029274    0.00175311164006978    2.42715153176329e-07    1.70242631202616e-05    0.000444721509287681    0.00373508536685756
164.402377499935    0.000788614556158509    0.00144985904034763    1.68856471568698e-06    1.44288315383973e-05    0.00103278836046012    0.00351094578447453
164.755930999935    0.00120607461602208    0.000868161251506192    3.86157950051691e-06    1.0813001268391e-05    0.00155143917737825    0.00317163953023893
165.109484499934    0.0013744151005797    5.42682492942353e-05    5.07109658486423e-06    8.65086195118979e-06    0.00178383847815959    0.00294073407643539
165.463037999934    0.00124505211801405    -0.000759958854227969    4.2279573850724e-06    1.0156567035479e-05    0.00163639928150227    0.00309500073915331
165.816591499934    0.000861987902858872    -0.00136166041513095    2.10071473873294e-06    1.36231617895571e-05    0.00116520023775225    0.00343060383947528
166.170144999934    0.000320823126806704    -0.00165364458977099    4.22194985005434e-07    1.60875945997141e-05    0.000565037614952671    0.00365418310576184
166.523698499933    -0.000278092430853816    -0.00167697206499572    3.34640497903533e-07    1.62548913230367e-05    0.000507252499062695    0.00366642278198528
166.877251999933    -0.000818088790642039    -0.00132593631082537    1.8653909812868e-06    1.35409367350122e-05    0.00109367349419863    0.00343261265432717
167.230805499933    -0.0011923494462982    -0.000752401163817583    3.90893264603978e-06    1.01807581809113e-05    0.00157709715742315    0.00310075001726958
167.584358999933    -0.00132322112707036    2.73289838084405e-05    4.82826677644737e-06    8.49227687822152e-06    0.00175423847447319    0.00291402299319438
167.937912499932    -0.00117307066343322    0.000804387296700651    3.81579986433261e-06    1.02505086933728e-05    0.00156195553167334    0.00309894655815156
168.291465999932    -0.000781467618685881    0.00135855085249898    1.7847548411836e-06    1.351852751461e-05    0.00108354197063566    0.00341655778464002
168.645019499932    -0.000247956004769558    0.00162136521079923    3.0950563351671e-07    1.57707302756249e-05    0.000498019530957802    0.00362517656519443
168.998572999932    0.000328943548789925    0.0015727650365551    4.15605743066128e-07    1.53647529211234e-05    0.000554438350743903    0.00359042658481039
169.352126499931    0.000829109757896813    0.00123696599971682    1.97790362862319e-06    1.27632952674316e-05    0.00113599323852894    0.00335159818340089
169.705679999931    0.00117541851684404    0.000661188074209647    3.87152386828299e-06    9.68023293442067e-06    0.00157794650686997    0.00304024065905047
170.059233499931    0.00126963691577221    -0.000128559633448165    4.55175108775627e-06    8.31634470947921e-06    0.00171457667949401    0.00288094032047297
170.412786999931    0.00109863279847269    -0.000818140198780557    3.42260777383771e-06    1.03377970330073e-05    0.00148849378499132    0.00310941210651573
170.76634049993    0.000713326992897862    -0.00132343676665441    1.48398719720065e-06    1.3305673925765e-05    0.000987497746024743    0.00339914534117509
171.11989399993    0.000187782311539812    -0.00160489087358482    2.29347642394714e-07    1.51958257886815e-05    0.00044055129765724    0.00355248519667087
171.47344749993    -0.000377415740672547    -0.00152427413706952    5.03624593057248e-07    1.46608613844399e-05    0.00060098415266115    0.00351247060336466
171.82700099993    -0.000854613520743112    -0.00114074688588188    2.08896884100323e-06    1.19996752711717e-05    0.00116559194024594    0.00327083656172583
172.180554499929    -0.00115950851776417    -0.000554652962747693    3.81924245645828e-06    9.1230941841224e-06    0.00157314412998003    0.00296908306974352
172.534107999929    -0.00122819042630327    0.000180397183740413    4.29443849530591e-06    8.19792445865768e-06    0.00166912754816488    0.00285751313466031
172.887661499929    -0.00103468611462285    0.000884892649775476    3.08678748680876e-06    1.03294793056786e-05    0.00141993384740819    0.00308973207641892
173.241214999929    -0.000633352139939468    0.00133728340393853    1.2490675160751e-06    1.3206476531384e-05    0.000920832548788975    0.00337907526239569
173.594768499928    -0.000117806608346925    0.00153982957968375    1.76008299320857e-07    1.48155610296556e-05    0.000402653576105629    0.00352767428983836
173.948321999928    0.000421359990113533    0.00145704014005678    5.92118579141401e-07    1.4001227958056e-05    0.000643874473692601    0.00344648545453471
174.301875499928    0.000874972050081709    0.00106029941416702    2.17747159160687e-06    1.14734199483435e-05    0.00118823209146306    0.00321701493634403
174.655428999928    0.00114690193502234    0.000447283698771297    3.77829699608471e-06    8.66358743473987e-06    0.00156936705315446    0.0029092137644995
175.008982499927    0.00117557825843852    -0.000289123292729893    4.05023064338743e-06    8.13961785430902e-06    0.00163347678332876    0.00283831386141668
175.362535999927    0.000955094827073681    -0.000930612011221803    2.76673694226861e-06    1.04043224123599e-05    0.0013618115925361    0.00308841119298088
175.716089499927    0.000547529466628099    -0.00132535473979265    1.01164111063065e-06    1.30758481074875e-05    0.000843713573320117    0.00336441420178858
176.069642999927    4.62297138857498e-05    -0.00147662569203667    1.30039063245212e-07    1.43880914571744e-05    0.000357633718767196    0.00349394734115895
176.423196499926    -0.00046408708876145    -0.00135141967147365    7.03277718086002e-07    1.32067558125861e-05    0.000698499028010006    0.00337348791077427
176.776749999926    -0.000875924188559388    -0.000946605973468879    2.28122541583202e-06    1.07586069375707e-05    0.0012304398529504    0.00314046876573605
177.130303499926    -0.00111032284346826    -0.000352027445467269    3.71614193643729e-06    8.31254309227246e-06    0.00157585694773029    0.00286157644837775
177.483856999926    -0.00111474910758725    0.000325739962485607    3.78382074177717e-06    8.05751862745821e-06    0.00159410011257468    0.00281982483574744
177.837410499925    -0.000885980825736379    0.000937066762868998    2.42616973615448e-06    1.04635452823182e-05    0.0012810962932512    0.0030960379784887
178.190963999925    -0.000480943087011856    0.00130890193109915    7.97377479192641e-07    1.30038633428437e-05    0.000752377050585773    0.00336015462108645
178.544517499925    9.5041677403368e-06    0.00143430123274484    1.17689686546284e-07    1.3953107596643e-05    0.00034292762697375    0.00344904154373206
178.898070999925    0.000500725932126464    0.00128346212132533    8.23352177100284e-07    1.2644989727364e-05    0.000756720369751183    0.00331628025210281
179.251624499924    0.000885966940291785    0.00086477286977952    2.38854920449144e-06    1.00924434964743e-05    0.0012663379427315    0.00305689570973031
179.605177999924    0.00109434533682404    0.000278032672789632    3.63496158095777e-06    7.90756627499989e-06    0.00156120782240201    0.00279826090775348
179.958731499924    0.00107040701081691    -0.000406287536692772    3.50744961109466e-06    8.09978019692913e-06    0.00153677533891219    0.00281686184156363
180.312284999924    0.000822767097749458    -0.000955980786768468    2.1059760690635e-06    1.04445521931581e-05    0.00119542058369614    0.00308717555841705
180.665838499923    0.000419329684083071    -0.00129352600229437    6.17795341113735e-07    1.27554626180447e-05    0.000664799185589548    0.00332900181727692
181.019391999923    -6.53817362019394e-05    -0.00140071411677655    1.21428846631043e-07    1.35140687988795e-05    0.000342277774917191    0.00339883344133578
181.372945499923    -0.000535952169023534    -0.00121879804270528    9.41193386462323e-07    1.20501874535911e-05    0.00080867092131552    0.00325034133356619
181.726498999923    -0.000894910797558717    -0.000769414508789673    2.46871757748306e-06    9.48151833886466e-06    0.00129145353841936    0.0029815297504014
182.080052499922    -0.00106318672578634    -0.00015872781904697    3.53355343450043e-06    7.55089675412758e-06    0.00155022173272476    0.00274330133845849
182.433605999922    -0.00100746170759066    0.000459778403104416    3.21665587813768e-06    8.1317979881901e-06    0.00148380483415987    0.00281432084315716
182.787159499922    -0.000747606553050636    0.000978754852400822    1.79915335685115e-06    1.04579719018403e-05    0.00111365964220982    0.00308220876008458
183.140712999922    -0.000341721808184246    0.00127869598354583    4.57035291375545e-07    1.26071556274508e-05    0.000583319378374175    0.00331241486065899
183.494266499921    0.00013068071800951    0.00134759333876486    1.51915714853295e-07    1.3021202924141e-05    0.000367203301719652    0.00334741618527747
183.847819999921    0.000571014762022827    0.00109849117078764    1.06755084251945e-06    1.12710201226755e-05    0.000861099868813987    0.00317243396627528
184.201373499921    0.000888161997087398    0.000667024848394264    2.51316079423727e-06    8.89277798850987e-06    0.00131313710676646    0.00290651954064212
184.554926999921    0.00102863610091498    0.000109628614573938    3.37525875031693e-06    7.30662967722848e-06    0.00152222420234713    0.0027008537990967
184.90848049992    0.000958204368700047    -0.000512838016745412    2.89591447170407e-06    8.18381962321502e-06    0.00140632814787596    0.00281439456931605
185.26203399992    0.000680959476216276    -0.00100801793969451    1.50173398270264e-06    1.05294776321945e-05    0.00101883667702625    0.00308437634951517
185.61558749992    0.00027377062396907    -0.00125995923397274    3.30835622099907e-07    1.22631411482925e-05    0.000505851032964739    0.0032673603837072
185.96914099992    -0.000183549453600937    -0.00127809893135371    2.08475232034583e-07    1.24188741970341e-05    0.000418072756966273    0.00328410373141693
186.322694499919    -0.000597554769750794    -0.0010301140614054    1.187464865623e-06    1.06009745522202e-05    0.000911259108470843    0.00308866307206128
186.676247999919    -0.000886177950579265    -0.000570793149776189    2.52690642926312e-06    8.39662945179269e-06    0.0013196950667371    0.00284091968065999
187.029801499919    -0.000990024699265564    -1.0532475294759e-05    3.18505696556865e-06    7.17141439331345e-06    0.00148489328249971    0.0026779289498188
187.383354999919    -0.000891130309770318    0.000552383021500813    2.59220949357964e-06    8.26965016212561e-06    0.00134093111850993    0.00282214867781328
187.736908499918    -0.000614612699793202    0.000993925206107535    1.24495393313064e-06    1.04983659785353e-05    0.000931238509933708    0.00308390639663389
188.090461999918    -0.000213973688815053    0.00123993641576142    2.38549854956773e-07    1.19617059148162e-05    0.000439050242514057    0.00322866281913812
188.444015499918    0.000233600208944264    0.0012369183349355    2.69570064661164e-07    1.18597144164772e-05    0.000463682010695217    0.00321399244696959
188.797568999918    0.000623356767505326    0.000932737397024186    1.29284900471982e-06    1.01002546570373e-05    0.000950933933102153    0.00303813357264453
189.151122499917    0.000877147316763149    0.000478183025353748    2.5513966348986e-06    7.93453680967416e-06    0.00133491918092213    0.00277594628981501
189.504675999917    0.000949527802112369    -8.41549886802126e-05    3.03544087164628e-06    7.03926769195225e-06    0.00146076617727203    0.002651826847634
189.858229499917    0.000823026220741436    -0.000609002707529188    2.31968829481608e-06    8.30158652747428e-06    0.00128152882713896    0.002816150249844
190.211782999917    0.000533897758425304    -0.00100252217085785    1.02437524835092e-06    1.04014008781666e-05    0.000859842097073268    0.00306534666475181
190.565336499916    0.000139425109958511    -0.00118610556236211    1.68577051156257e-07    1.16635838817009e-05    0.000386183492486815    0.00320261416293542
190.918889999916    -0.000279279404975296    -0.00114946667098151    3.44677670501132e-07    1.13876273709643e-05    0.000516411351983839    0.00317275176199888
191.272443499916    -0.000640083332651939    -0.000846561594298709    1.40279429308687e-06    9.53157627778538e-06    0.000996537816817833    0.00296899136826698
191.625996999916    -0.000858718049761012    -0.000388785407116395    2.55056375477342e-06    7.59611967468083e-06    0.00134653892100751    0.0027285464228952
191.979550499915    -0.000905480258135177    0.000146660654945053    2.85929061521645e-06    6.96628770033147e-06    0.00142807426884735    0.00263529473733443
192.333103999915    -0.000761526884562814    0.000640986952440338    2.04759699181727e-06    8.38268940162254e-06    0.00121147587508185    0.0028234420710232
192.686657499915    -0.000469493177692727    0.000989768405741431    8.22551436786305e-07    1.03044208291754e-05    0.000775968809222568    0.00305365016532206
193.040210999915    -8.0610812329133e-05    0.00116764709393568    1.21582015970579e-07    1.15056999980073e-05    0.000339240199425446    0.00318469782899899
193.393764499914    0.000322078427982727    0.00107003883731189    4.34659902442188e-07    1.07653313670405e-05    0.000575261148236489    0.00310166862409329
193.747317999914    0.000652655937290551    0.000765953179331436    1.49872956323453e-06    8.9354990648943e-06    0.00103574600687327    0.00288943156900563
194.100871499914    0.000845010044969819    0.000303354713083346    2.52704996553003e-06    7.17005613749103e-06    0.0013464798511044    0.00266045711402029
194.454424999913    0.000859489253026792    -0.00022283498022853    2.65885903259048e-06    6.96468832393684e-06    0.00138569017335115    0.0026296450132144
194.807978499913    0.000695827878119048    -0.000681262940969281    1.76997054011258e-06    8.50870084345235e-06    0.00113392861510102    0.00283629717214438
195.161531999913    0.000394248348592145    -0.000998817505494969    6.26226103899477e-07    1.02995809581152e-05    0.000686144550027065    0.00304990894107218
195.515085499913    1.18960391306077e-05    -0.00112755816845405    9.52720237672716e-08    1.11860966591727e-05    0.000308432339452715    0.00314876312794807
195.868638999912    -0.000374186621302394    -0.00100239073736153    5.51016163612867e-07    1.02256189508057e-05    0.000641093235068945    0.00303658224990819
196.222192499912    -0.000673817174763577    -0.00068242211480103    1.63366295413893e-06    8.44531599256753e-06    0.00108610928047437    0.00282482141909856
196.575745999912    -0.00083839474004934    -0.000218062035884458    2.51823038153217e-06    6.86020976624531e-06    0.00134733983886389    0.00261010703128267
196.929299499912    -0.000821575578993716    0.000301732293261348    2.44194652543328e-06    7.01092232709565e-06    0.0013292705117599    0.00263056646946982
197.282852999911    -0.000631181251629898    0.00075127015770274    1.47928450745177e-06    8.69232757425702e-06    0.00103966087501776    0.00285095084566576
197.636406499911    -0.000316709922238686    0.000996345902703775    4.48800415301385e-07    1.02307314881778e-05    0.000590334854516444    0.0030394121685522
197.989959999911    5.6480642873794e-05    0.00108754697285495    1.05814160444396e-07    1.08009675456887e-05    0.000320349960863051    0.00310132377018632
198.343513499911    0.000419136032183905    0.000909891804357186    6.78741980762418e-07    9.60970567634331e-06    0.000709272139088763    0.00296341063315682
198.69706699991    0.000680395895401775    0.000558162099877322    1.71274053273543e-06    7.88642977924033e-06    0.00111794541828117    0.00275225086965212
199.05062049991    0.000803443092146725    0.000112935496260851    2.40694836648747e-06    6.58484202605395e-06    0.00132718784057464    0.00256360831636548
199.40417399991    0.000757899147358615    -0.000352898773674038    2.17189577787773e-06    7.01890672618406e-06    0.00126391639767463    0.00262571308061704
199.75772749991    0.000562761783690063    -0.000740722740747354    1.21042724544808e-06    8.63452632735661e-06    0.000945371048988734    0.00284356398709372
200.111280999909    0.000250534181213747    -0.000985598529932328    3.07477867850969e-07    1.01451826354843e-05    0.000494682213036335    0.00302882455306998
200.464834499909    -0.000110236897340783    -0.00102574080310306    1.4040138412005e-07    1.03443752706275e-05    0.000358118989422129    0.00304831610491383
200.818387999909    -0.000448164382892724    -0.000835262594173189    8.06768010671021e-07    9.10342641637053e-06    0.000778406511135027    0.0028992693588464
201.171941499909    -0.000683620452057677    -0.000487157532236862    1.7851439938385e-06    7.37564998839704e-06    0.00114795778292015    0.0026717648712381
201.525494999908    -0.000779417754546571    -3.55949154349277e-05    2.29209743627424e-06    6.41752509151728e-06    0.00129792349550034    0.00253303337789151
201.879048499908    -0.000709280226331158    0.000425980435473551    1.8972420146558e-06    7.14835651563387e-06    0.00118074704115294    0.00263948805343529
202.232601999908    -0.000489012286318425    0.000795255969077022    9.35638405318715e-07    8.71432526947403e-06    0.000834568984056047    0.00284286707623156
202.586155499908    -0.000170333637731725    0.000985289790115882    1.90950998964429e-07    9.88613029385881e-06    0.000402414526106484    0.00298585571040401
202.939708999907    0.000187984733177172    0.000989854065385392    2.05928389074095e-07    9.90830641931494e-06    0.000413025579312472    0.00298805879268714
203.293262499907    0.000494732848883567    0.000728873861754423    9.50375019297163e-07    8.44628307729329e-06    0.000840008587773192    0.00281336559496708
203.646815999907    0.000694023094669956    0.000372626710638906    1.84043747210301e-06    6.91136998179745e-06    0.00116566265109926    0.00260240644717843
204.000369499907    0.000748294701977462    -6.35163621865805e-05    2.15429899169735e-06    6.28386338720618e-06    0.00126267732643372    0.00250595871054189
204.353922999906    0.000647579810239385    -0.00049717439769371    1.61813885405468e-06    7.27902265108783e-06    0.00109488777663512    0.00265176172937271
204.707476499906    0.00041284620601379    -0.000807992150127211    6.96483591514493e-07    8.83450333723973e-06    0.000725287254606416    0.00286035872270814
205.061029999906    9.6744197469823e-05    -0.000950564762972489    1.21079577686786e-07    9.73338003471984e-06    0.000334245625166144    0.00297149906042639
205.414583499906    -0.000237889214230255    -0.000909086156241411    3.00372301486011e-07    9.41299796080503e-06    0.000493741858909008    0.00293028331758812
205.768136999905    -0.00051896489909695    -0.000649853395168184    1.07572432621081e-06    7.83286539939703e-06    0.000897997639037041    0.00272223363512124
206.121690499905    -0.000681334117641009    -0.000258489453441674    1.83660976716858e-06    6.48419147785998e-06    0.00117149203467498    0.00253325377337514
206.475243999905    -0.000701825719271787    0.000146228553601852    1.94781668134344e-06    6.30047077897272e-06    0.00120634047478814    0.00250581084463377
206.828797499905    -0.000577326824698018    0.00055460530489678    1.32111358213584e-06    7.37874005636407e-06    0.00099388496297104    0.00265916396864586
207.182350999904    -0.00032505447199689    0.00084417109844959    4.87842428213052e-07    8.79534116024572e-06    0.000618208717544387    0.00284301183901653
207.535904499904    -4.88683222966206e-06    0.000927060210254162    9.10124821487456e-08    9.4243381948811e-06    0.000301643168362064    0.00292658462400195
207.889457999904    0.000305741115337186    0.000796073679856486    4.13976683332319e-07    8.76702648830463e-06    0.000566126358443672    0.00285189291253097
208.243011499904    0.000539720165330805    0.00051763167176664    1.18809903563195e-06    7.30563791743263e-06    0.000946995870512244    0.00265286550164472
208.596564999903    0.000666049879287292    0.000180866219402443    1.81481324517429e-06    6.24365517908579e-06    0.00117097856661669    0.00249217627582097
208.950118499903    0.000654780951732949    -0.000239431480994213    1.76367383062459e-06    6.28330830093496e-06    0.00115539419068657    0.00249519154912882
209.303671999903    0.000505141110580578    -0.000584982610710596    1.07928549607416e-06    7.54295429244222e-06    0.000907809426298043    0.00268342125608493
209.657225499903    0.000254925705926875    -0.000814765985199701    3.41823156891005e-07    8.71033697256257e-06    0.00052615210856623    0.00283663416074829
210.010778999902    -5.15192882699988e-05    -0.000882169272035104    9.59715641707255e-08    9.11182864192183e-06    0.000305478848869898    0.00288679857582736
210.364332499902    -0.000344645921067672    -0.000752243489905203    5.20074092821004e-07    8.32752009196095e-06    0.000633477136061295    0.00278597376582339
210.717885999902    -0.000563938792813808    -0.000458915542938246    1.28782943851742e-06    6.98175462226324e-06    0.00098478549769842    0.00260214356765974
211.071439499902    -0.000664529608475087    -0.00010238979812476    1.79800714582224e-06    6.04262525241575e-06    0.00116464910822195    0.00245604185258634
211.424992999901    -0.000624726550321557    0.000325148976294461    1.61030702220839e-06    6.35909532432774e-06    0.00110454685710101    0.00250067460249078
211.778546499901    -0.000451465699176104    0.000624250337773706    8.90931163428887e-07    7.5762098776422e-06    0.000828920916551343    0.002680768806412
