#t    <|E|>    <|B|>    <|E|^2>    <|B|^2>    rms(|E|)    rms(|B|)
0    12.1806791969251    1.70979021526758    174.607969853816    3.42753615337627    5.12240413823534    0.710037726569164
0.3535535    12.2614110092045    1.62705170817413    177.078556944346    3.10726936886525    5.17072113033624    0.678212435592934
0.707106999999999    9.95379097585362    1.70044129859314    116.866475992706    3.40016546303544    4.21764403449612    0.713207440422705
1.0606605    8.21286106069476    2.04324264193113    79.2250903433365    4.92799796978355    3.43132679018777    0.867846458757445
1.414214    5.39171449892125    2.942399802154    34.2162111017936    10.1927831045103    2.26839720153149    1.23897800981066
1.76776750000001    4.87782024646245    3.18047885090719    28.0191470223098    11.8985823617668    2.05572777028252    1.33534139481215
2.121321    7.91661890577524    2.26365111986117    73.7600692917919    6.02326304725738    3.32974689616402    0.948233438984655
2.4748745    12.0587046183046    1.68196183555218    171.764923100193    3.33392101863782    5.1334750441267    0.710581031539526
2.82842799999999    12.1250764580036    1.64941575430636    173.769890258799    3.20443650995843    5.1722733054593    0.695603464198115
3.18198149999998    9.46112088316083    1.69672927509912    106.067456008261    3.39814384225084    4.06874030167561    0.72059254039468
3.53553499999997    7.33321155711967    2.50499306568992    63.6201657351772    7.38605411990229    3.13754266802918    1.05407014033589
3.88908849999997    4.76487506107266    3.47855761146514    26.822983610924    14.2467230980199    2.02951946610318    1.46504608860533
4.24264199999997    8.56516529548933    2.22994628013786    86.5658816968079    5.85477911627071    3.63370680679566    0.939211746077548
4.59619549999999    13.919618193091    1.76492041993821    228.253858471339    3.66609287780598    5.87350728525205    0.742393958145619
4.949749    13.0599369570693    1.52356117042567    201.003391644161    2.73109018732766    5.51737603590109    0.640196491164098
5.30330250000002    11.8313907258293    1.63974590318316    165.050207475365    3.16386959362598    5.00683542450976    0.689277133394125
5.65685600000003    10.3660940559967    2.28224469260699    127.397926267696    6.13775189126002    4.46564892148133    0.963904069047982
6.01040950000005    7.83314837797963    3.06932426159063    72.5806293003791    11.1035642808851    3.34998743116062    1.2972327694351
6.36396300000006    5.50053528706438    4.46715949706757    35.8094623337156    23.4720908508403    2.3566021916045    1.87525381711365
6.71751650000007    16.5755826767016    2.64585513455834    327.606257273445    8.23628389585155    7.27023494814824    1.11163595784898
7.07107000000009    13.9339838504262    2.01540906482008    228.247972371273    4.80997700510715    5.83884118874075    0.864929654103842
7.4246235000001    12.8123226501119    2.02771803332421    193.245943984423    4.87190375621723    5.39354542892273    0.871930807776071
7.77817700000012    11.2879732664248    2.43064557841112    149.873510900369    6.97703993112765    4.7386886832592    1.0339255308184
8.13173050000013    10.4290515255408    2.90223411137809    128.064527849813    9.96489415624555    4.39310961932739    1.24174527138177
8.48528400000015    9.94891141957117    4.6778443783165    118.376120479998    25.9169092178199    4.40400749835017    2.00865158503725
8.83883750000016    11.7260506346963    4.98101345378168    162.925776869208    29.3284820836035    5.04237180122074    2.12555570542138
9.19239100000018    24.3027825303445    2.81499471361034    701.920069303079    9.36405960246877    10.5496365143952    1.19994348400855
9.54594450000019    12.9819655923121    3.30288159732778    199.557374857748    12.9014628835216    5.57009373509756    1.41153676450708
9.89949800000021    14.0407269151742    3.38523642431912    233.70634296937    13.5560466481273    6.0468446865181    1.44783320848447
10.2530515000002    29.8210275555167    2.73863951946153    1063.45129954328    8.84016763144287    13.1968789899882    1.15759285324608
10.6066050000002    19.9279996729768    3.44663338150065    473.634248282615    13.9809736416691    8.7469467425182    1.44972134398114
10.9601585000002    13.9999906673542    9.6583572137769    235.020604071745    110.461047951221    6.24666834286407    4.14453663059026
11.3137120000003    48.9074097494302    2.946159025909    2852.54705233474    10.2447965902129    21.4618807175906    1.25097705185499
11.6672655000003    15.1365951509114    6.07384086693517    270.553984778596    43.738518578587    6.43719442117471    2.61667263939058
12.0208190000003    23.6761932491318    5.66924846632593    672.916069304332    38.1061753840855    10.5997142666252    2.44249814967108
12.3743725000003    41.0493174888987    5.4205395652464    2023.05950642343    34.8161080805408    18.3851309519138    2.33106389919694
12.7279260000003    15.3073452249353    7.66670228935827    276.648716247312    69.6553661436065    6.50645052328554    3.29803610501086
13.0814795000003    29.7592461377248    10.0190495238325    1057.97405661783    118.897012855667    13.1286452435941    4.30298262774302
13.4350330000004    21.826870740894    16.9325909851563    565.15121608132    340.085450159763    9.42013427407618    7.30566990009582
13.7885865000004    45.374029051659    10.8261902421858    2442.15979190316    138.949080152325    19.5795117283954    4.66290520945096
14.1421400000004    51.1918778699832    10.0506063356974    3145.93832902796    119.759404918694    22.9200778614009    4.32951697115668
14.4956935000004    60.9506110303932    9.82554793324939    4454.55909072908    114.418278757583    27.1952588836878    4.22810673576268
14.8492470000004    92.1271505937861    3.56971934909505    10110.717701185    15.0494545518471    40.2902696026583    1.51873576389823
15.2028005000004    59.6985548349854    5.36010449126491    4241.91801855924    34.0523878361801    26.0384440620687    2.30687400585768
15.5563540000004    44.1913214176065    29.7119697990393    2330.47849459834    1045.73851420471    19.4320767280321    12.7646921179357
15.9099075000005    151.431908546973    4.6413198496396    27296.0200187346    25.4256615135019    66.063583709605    1.97073883780762
16.2634610000004    70.7430987065475    20.0537978843929    6008.9060366752    476.61638234325    31.6910085366635    8.62911193316948
16.6170145000003    124.613715908007    16.7241884284324    18554.9786230151    331.245595360721    55.0127297142541    7.17963207769086
16.9705680000003    161.976233261084    13.2864991825668    31278.3940135218    208.592933847482    71.0077029066044    5.66232048891024
17.3241215000002    32.9338447081828    26.8617666172499    1292.44172471928    855.964001995709    14.4153944606653    11.5935109520846
17.6776750000001    96.7166567769597    28.9462685088184    11137.6005682247    990.023617574469    42.2313730550225    12.3343892021395
18.0312285    48.6807243409045    61.0521824541993    2814.88844286417    4424.30373289654    21.0968130415245    26.3995217849813
18.384782    81.4690762797947    41.9670064980588    7884.25454075053    2091.08501661468    35.3135122986588    18.1619212146338
18.7383354999999    250.796206542316    28.9270586871962    74906.7356455959    991.659985216223    109.581013088855    12.4452907127045
19.0918889999998    276.519899147452    27.0827990909631    91041.6249866625    868.779950318042    120.740922483412    11.6319363700362
19.4454424999997    286.52771064512    12.7840635268151    97664.2469415126    193.001671283871    124.764249582878    5.43777445525533
19.7989959999997    191.217153867571    17.1351764960953    43495.3823095701    346.736743526417    83.2549240366938    7.28851630814389
20.1525494999996    148.504754118832    98.5085665577144    26229.5335749957    11514.4777773518    64.6209840462133    42.550441737967
20.5061029999995    485.635977203088    25.4383564180036    280549.183835437    765.661090374654    211.44001863753    10.8881179790297
20.8596564999994    365.373960100097    62.1947870427428    158843.062088577    4591.94480959218    159.200915102113    26.9026629592695
21.2132099999994    553.452290391596    44.1277124170008    364340.200994649    2308.30375625112    240.895751840804    19.0012829328337
21.5667634999993    603.037476098138    28.721570992249    432525.831877948    974.428881916436    262.434057048882    12.2270291425856
21.9203169999992    128.192277663711    93.9397724425793    19865.2220819463    10486.9898496769    58.5829499883404    40.7714238543778
22.2738704999991    329.481429915583    89.1404489779856    129124.987508733    9406.12871627626    143.411906233465    38.211373598438
22.6274239999991    108.544942484487    219.375073294629    13994.4475443268    57202.6448393329    47.0366134555429    95.2744564734387
22.980977499999    140.689753672287    153.675821110074    23548.8065713687    28072.4282833959    61.279684912701    66.7545525753903
23.3345309999989    1059.53950007626    73.0162496605929    1334891.62087889    6320.76707061184    460.725155224943    31.4546396595767
23.6880844999988    1122.83563536686    64.2291474251837    1499208.96227373    4886.15305651356    488.312500581371    27.5820535411631
24.0416379999988    887.900628129668    70.357146733786    937698.068257209    5865.79913525892    386.433102650575    30.2600568198313
24.3951914999987    633.555004306663    73.1427782081403    477422.658090624    6321.72477075633    275.736676212302    31.1746494246709
24.7487449999986    518.84373313284    331.056773651003    320007.516326487    130201.901942597    225.407845726953    143.538547304846
25.1022984999985    1579.68937241928    138.105398981614    2967583.74894552    22635.9336622284    687.142805835219    59.689466695202
25.4558519999985    1624.59664563727    177.208093314325    3137668.88817115    37291.5657092718    705.942368154277    76.7388908779189
25.8094054999984    2205.31441544929    94.2035407598336    5782473.2209182    10507.9582892896    958.676978929676    40.4184512023899
26.1629589999983    2159.40881434344    46.7609173129948    5544549.41071334    2561.80012546041    938.883902966277    19.3705120610601
26.5165124999982    621.636460084965    321.941666736848    460411.555161358    123245.526030024    271.992034174517    139.996747279087
26.8700659999982    1154.75476310803    277.067285499352    1585415.0603063    90958.2682803937    501.952684409202    119.130128793744
27.2236194999981    247.414498349987    783.928061877331    72675.2334406581    730930.499821443    107.057458623312    341.155820150696
27.577172999998    790.653945204182    539.157179164241    743678.054392707    345739.496984123    344.30276404027    234.625303707381
27.9307264999979    4102.79155818401    143.040392940621    20008478.529105    24216.2395338915    1782.01570116511    61.2836480742137
28.2842799999979    4233.264217331    110.878033910137    21301243.6861546    14524.4272245431    1838.6728236474    47.2280512065193
28.6378334999978    2660.00384451957    336.95044684343    8411733.89545416    134917.854234481    1155.90373413847    146.22670962069
28.9913869999977    2120.26703930487    315.004657938615    5344136.86076848    117499.211027177    921.197341944617    135.171285797515
29.3449404999977    1847.40075289568    1117.47721495257    4055212.64263081    1484446.97707925    801.450622827945    485.480845287526
29.6984939999976    5129.95076062251    653.624606578318    31271777.966916    507937.353295855    2226.06899275484    284.098973900282
30.0520474999975    6608.12081173988    444.994400732422    51883599.3443238    235058.303821804    2866.4156505598    192.453337561595
30.4056009999974    8115.74130404537    130.750862794291    78260195.7371806    20023.7960637699    3520.64466014289    54.1110704229601
30.7591544999974    7385.43418800775    199.688046304126    64809303.4786793    47020.1474600447    3203.85164033629    84.5271058494594
31.1127079999973    2929.62073255029    1078.88634491593    10196785.612126    1384531.07135763    1270.47549190747    469.611888809869
31.4662614999972    4109.18713892139    856.516455365246    20059636.5253108    869722.333517847    1781.63340298555    368.919903510778
31.8198149999971    848.791058055315    2789.03158931984    859672.121416706    9254779.33804284    373.129818135786    1214.94120508726
32.1733684999971    4749.70662715449    1822.19474281731    26787515.0608454    3949959.59809723    2056.16196268923    793.451899831492
32.5269219999972    14808.9973177144    205.89597424377    260471574.704952    49549.6007438426    6416.00912942607    84.5957950140039
32.8804754999974    14899.9395702506    264.622973979453    263676256.482174    82448.1190575071    6455.0799596174    111.457618401691
33.2340289999975    7434.96782378677    1459.76053238812    65670996.5727813    2535106.80162205    3223.70129386032    635.771963603314
33.5875824999976    7062.89038352848    1322.09216648098    59252702.1333426    2074713.39141694    3060.76486578169    571.651725044689
33.9411359999977    6627.54715076743    3778.48499601147    52154362.7575435    16974951.210157    2868.79443702368    1642.55969300151
34.2946894999978    16497.2625102384    2860.50438441482    323130034.382887    9735006.02993405    7139.3531955752    1246.00188470068
34.6482429999979    25191.8302751038    877.026969258618    753445218.155442    911245.272045632    10900.3167635535    376.920372543956
35.001796499998    27706.261515003    759.286738776506    911333404.428681    681307.174832912    11987.3465492136    323.714107123941
35.3553499999981    23818.9802645221    1392.5562827669    673547160.25104    2301976.56699031    10305.5004443912    602.29856908077
35.7089034999982    13098.0659460557    3521.98058703464    203691531.551395    14753465.3577757    5668.52714769639    1532.68330137926
36.0624569999983    14736.2697374761    2611.76233844454    257766851.270521    8086208.18528463    6372.53524861704    1124.6802535687
36.4160104999984    4111.03714199507    9886.28520234463    20066806.9305932    116289332.9037    1779.37644913328    4307.0521011014
36.7695639999985    23357.3457953106    5929.35926292875    647513082.449363    41818298.2810944    10096.904468581    2580.89074007705
37.1231174999986    49984.8119465992    1736.33323447101    2964961424.64989    3571446.74987332    21598.1480528541    746.052041579386
37.4766709999987    48693.1841167952    2247.86549793728    2813624963.99253    5996901.67781334    21038.0318604286    971.597849419472
37.8302244999988    18322.0713058596    5905.66387241846    398466698.206714    41506038.1911214    7922.6511515849    2574.71792962508
38.1837779999989    23184.6683566374    5411.59596482159    637950022.112328    34813022.3821125    10021.0366382458    2351.09580741389
38.537331499999    23847.2625982715    12774.2283579063    674763804.601976    193999046.144287    10299.1199221611    5551.4084703208
38.8908849999991    52312.5034150479    11921.7168788559    3246524596.15799    169129458.70846    22581.5540344013    5196.35693239618
39.2444384999992    91034.7406383406    1326.61717867452    9830804303.16799    2053222.63007203    39287.1518448213    541.580549242378
39.5979919999993    87085.8534846325    5416.6993094231    8994968634.22795    34888717.2275548    37563.5828573508    2355.43750051876
39.9515454999994    70943.6302150954    7335.59207716909    5968639913.64956    64027900.7106869    30588.2533916756    3196.40260105967
40.3050989999995    56003.6887818368    11107.3693603315    3722875676.19496    146655292.579884    24216.9882318616    4825.10502197128
40.6586524999996    53039.7436252749    7761.27895844247    3336848890.1116    71341961.6108972    22883.0611212028    3332.34310060284
41.0122059999997    19413.1667663105    34903.0422614797    447238493.918876    1449131989.33796    8388.53086197425    15195.7109156276
41.3657594999998    102798.395172909    18453.0117706079    12533986193.6603    404828711.275536    44344.9675108097    8019.6675660119
41.7193129999999    156617.920622867    11212.0329373375    29070551080.3204    149587254.41101    67389.7471436855    4886.46823616704
42.0728665    144710.151099963    12910.4732334979    24802158019.1083    198463851.514636    62137.9931099651    5637.68856906541
42.4264200000001    34893.8898498505    22654.751630076    1435543915.48447    610858928.06126    14763.4808439937    9880.34192934791
42.7799735000002    73790.2489298395    21775.1811568504    6446164084.4919    564645104.37143    31641.1638117851    9512.44395293749
43.1335270000003    85943.7032826259    42912.4518017024    8761931276.17204    2187125529.33635    37089.2321602914    18591.5843785011
43.4870805000005    162363.614247474    48008.3851779994    31228395914.1928    2743020269.82984    69759.964755512    20933.5907677276
43.8406340000006    312158.624482051    10973.7357805973    115402650946.23    143119990.032553    134013.596726991    4764.14872250971
44.1941875000007    242860.273423285    28221.5459322751    69595964142.3326    949451163.494576    103028.40256502    12369.1353249555
44.5477410000008    182345.603921513    33439.7553549749    39086160025.0069    1333596465.39945    76395.2927575101    14675.804141473
44.9012945000009    232555.946564754    32648.1041318859    64407437519.4777    1261047082.37374    101612.839921188    13969.5518527716
45.254848000001    190078.626468519    20973.6721306504    42817066054.6828    517314277.957892    81775.190703074    8798.82692828261
45.6084015000011    86384.7761915991    121463.256989819    8884844532.34849    17520881219.0766    37716.242849412    52607.589001035
45.9619550000012    420860.496285837    53156.9234405608    209866129342.76    3347371054.50834    180949.086786307    22841.0276660815
46.3155085000013    430910.83163061    56776.5935118724    217441693605.769    3851625610.43164    178206.477966389    25060.806842942
46.6690620000014    344320.432374777    61854.3890497592    136859378905.624    4579158952.3757    135287.910601321    27444.3711470445
47.0226155000015    109507.845038379    81827.3209174931    15580926090.6727    7950721629.30027    59907.9123799439    35426.1369720982
47.3761690000016    197438.756218342    89697.2437677769    44892551052.9582    9670645630.86069    76879.7021060323    40311.9100431212
47.7297225000017    308569.418374265    132805.359618778    113297097421.263    20701954166.6486    134469.369989717    55359.6479683141
48.0832760000018    459511.651066203    184829.11926823    247168303537.034    40636729913.5734    189782.365017003    80466.9285116813
48.4368295000019    950285.527345019    76617.3137376901    1051805254020.74    7110349233.40021    385697.64134531    35215.5713998874
48.790383000002    413431.612520414    127264.652528961    189999263063.676    19365018870.9286    138107.077416206    56291.4477306394
49.1439365000021    203252.019478089    137836.768348781    51674260833.9566    22591895453.568    101798.219100509    59940.9771753221
49.4974900000022    941532.067491751    53871.1947319139    1059248804959.72    3371454186.002    415651.501674698    21664.4539316876
49.8510435000023    597011.330205554    53646.3066900828    412112601839.414    4520835779.17569    235987.443406655    40532.8207467636
50.2045970000024    380585.621009284    345348.049390767    175031380359.403    138022563134.508    173741.087369626    136957.248499307
50.5581505000025    1442552.97122838    96109.610647347    2397655519297.54    10662889908.4823    562757.891546378    37760.1992804288
50.9117040000026    490967.789141372    231494.756451685    267789937680.706    62990502751.4417    163525.434432506    96957.1064276198
51.2652575000027    480987.442121611    219846.128602776    399617871324.139    56172514879.6971    410205.987091179    88544.8734714154
51.6188110000028    1400786.57608947    159650.578061425    2504394839237.85    29283972495.3939    736336.748699528    61608.9719119449
51.9723645000029    499512.951307037    319213.203679133    419478020796.472    117433009490.508    412267.913222707    124643.251271027
52.325918000003    746159.432995014    151020.508169067    634893254170.949    33202354965.1934    279534.174518087    101956.662742315
52.6794715000031    415794.247124174    371885.831314627    215695071616.881    158521259531.272    206906.296847926    142204.739719533
53.0330250000032    979515.521359731    242932.498791898    1096779483154.19    67855545752.993    370579.04226975    94017.8003556633
53.3865785000033    897898.046163765    223933.277619366    1034166756593.21    57745188981.795    477436.75527603    87172.6801035916
53.7401320000034    1413044.24234471    185692.860211676    2443504670531.55    39542716161.2534    668438.957353634    71139.8469752377
54.0936855000036    1278122.97687704    180060.46100709    1824965520741.64    41849894238.7807    437455.34254438    97098.5304764949
54.4472390000037    483064.458871233    353780.759893604    269301150142.789    152372480021.313    189604.532430614    164959.552467922
54.8007925000038    635534.399245809    248008.766843906    470230815888.544    76706947387.2295    257539.983815742    123282.597943888
55.1543460000039    1228767.7085957    116619.613342614    1731556554336.91    19342657965.5049    470835.929650002    75779.4414688058
55.507899500004    781737.66487405    202618.065899923    768555499550.217    47726599818.9676    396789.267581023    81685.4894699312
55.8614530000041    1144936.08775951    167259.791491532    1575903149565.78    33131309163.0523    514805.307384953    71801.6107985156
56.2150065000042    1399896.83511255    121283.454038248    2285861209626.63    18713334845.6827    571095.491724889    63274.4705409292
56.5685600000043    732359.760359309    266875.457617889    661802081716.91    82501452077.7879    354190.998083471    106202.364375894
56.9221135000044    621464.813949022    234021.697872296    454985136698.245    74086012181.0008    262233.906506295    138995.888809593
57.2756670000045    502392.88845732    359188.844534403    323907881222.57    154425125388.112    267412.166608179    159400.437107783
57.6292205000046    877466.100086689    240578.980240034    945309047008.132    68938649232.6567    418762.80900623    105168.452966286
57.9827740000047    1088163.86010849    204931.636793332    1493721254825.3    50921522908.449    556435.682158414    94469.8213698673
58.3363275000048    1402205.80463438    175474.148059192    2495288642582.32    36777687630.2343    727397.775657842    77372.5467665057
58.6898810000049    1189623.73555875    183918.246614243    1622330014035.65    45465061205.884    455110.296335832    107884.84494231
59.043434500005    634487.669762803    302549.367317022    476830648130.151    119249010736.609    272499.623943079    166471.892740722
59.3969880000051    623113.028787211    396139.142663797    465295098713.725    190664007208.339    277534.23585092    183678.487738577
59.7505415000052    1523692.73616031    142095.478456946    2707667897383.87    27093180132.0556    621311.792223671    83078.6081620727
60.1040950000053    991798.048764927    271103.556841608    1213934642345.49    88064977694.1382    479865.890443961    120697.303871989
60.4576485000054    1628563.78602518    203598.480034327    3232724179558.7    49330835238.7792    761908.245398381    88760.8819609785
60.8112020000055    1782940.33941025    146213.101247303    3758169582090.78    27142402808.3549    761113.216410304    75921.8797975978
61.1647555000056    1031680.24887152    328140.76253677    1363159053586.72    126148708514.847    546621.365915307    135913.01805432
61.5183090000057    755739.256479753    315112.296541746    679967315699.386    126887089146.188    329887.089645558    166106.380715414
61.8718625000058    597520.693867817    497794.554303789    444130240351.766    293328468926.581    295125.838840804    213375.374943015
62.2254160000059    897829.205741423    347047.118715094    977345404742.012    143897641355.529    413821.364914547    153153.317780191
62.578969500006    1658482.14320125    238992.38512892    3368232866760.11    67562139876.537    785919.74618449    102199.705121526
62.9325230000061    1923350.3308711    187614.177506342    4488881661606.08    42359625390.7859    888597.302687851    84620.0082096697
63.2860765000062    1181495.83144282    287785.109209644    1621666303837.81    105947266955.208    475114.622087196    152075.632079572
63.6396300000063    744932.519581013    415753.360245092    665294760111.9    220521794949.298    332220.260343322    218336.754565539
63.9931835000064    737549.82926275    514196.749550627    656915267772.644    316682142999.658    336058.80010369    228656.610993926
64.3467370000062    1760242.07995272    204873.146854497    3617176786842.61    56922615650.121    720225.386116281    122268.595101346
64.7002905000059    1520912.66990169    324243.216824315    2829784126841.07    125020584429.086    718755.019024976    141020.994084237
65.0538440000057    2243560.36250814    198134.432374367    6045710512721.17    47929073823.8371    1006055.37248381    93122.6102057101
65.4073975000054    1956432.54581245    212222.418532104    4421738722093.12    62249988427.6998    770785.583530804    131193.115292245
65.7609510000052    1477752.54999955    354042.20522674    2767100221073.24    148478288003.924    763771.969924973    152093.408542616
66.1145045000049    849566.794629897    439591.949297351    859028029257.609    266585343624.921    370491.957699343    270821.457306979
66.4680580000047    705248.3671562    599716.45206232    679163095604.191    426401060808.28    426365.847867421    258343.256025899
66.8216115000044    975581.666948276    433946.559707604    1219665877853.68    224498197825.485    517596.646983058    190232.965448737
67.1751650000042    2204311.13186256    228208.186849998    5836622343908.99    66522404291.7448    988754.154406337    120180.812721421
67.5287185000039    2226625.41485837    211168.375709433    5892260358377.39    63038970776.3792    966643.481478132    135819.320704452
67.8822720000037    1098028.04761543    416604.511232082    1595723815810.86    213449524734.377    624546.413375904    199725.3262745
68.2358255000034    815536.40127314    561060.956201674    896867249628.848    394441113208.778    481422.504487798    282226.357087429
68.5893790000032    834456.552653388    566350.062999628    864191895760.157    436591465865.472    409724.489741558    340351.394893261
68.9429325000029    1735765.65382815    331407.288202147    3622850310836.94    155043287618.483    781004.421131838    212632.304565845
69.2964860000027    1983468.25447879    308377.794461047    4853525488101.66    129069357168.352    958842.620859402    184316.28536755
69.6500395000024    2315033.65467434    245392.614744346    6336996694624.88    111037610849.334    988744.594093973    225433.084258427
70.0035930000022    1689169.84732187    339110.071587414    3501861583864.52    197269029171.623    805336.458111223    286833.381111059
70.3571465000019    1662258.53237163    360865.561311567    3485239067467.73    223550199989.402    849785.642986179    305493.447799932
70.7107000000017    879341.432031575    574594.421172254    1031420439306.09    498023699700.815    508113.260227231    409713.254433557
71.0642535000014    818638.850664667    658293.044933137    971207659895.55    596031744353.366    548669.383215414    403338.581524287
71.4178070000012    1259072.85826772    473658.06991754    2134092936136.16    319449328470.803    740829.584796478    308378.600542894
71.7713605000009    2320173.49498659    299744.522859889    6424973733294.48    158378350427.488    1020670.70422159    261785.353759499
72.1249140000007    2023372.8918709    331893.775774639    5093466980991.94    189101474127.281    999714.519967538    280976.85977556
72.4784675000004    1491092.33372439    450633.672408239    3260160388242.15    306629493740.085    1018235.74900438    321805.511189522
72.8320210000002    1112314.64354108    591660.755670677    1828147560322.62    542658863868.086    768702.604449023    438858.079642257
73.1855744999999    866914.186006508    721652.874845427    1102962661532.3    800916548628.92    592808.953738872    529276.559896856
73.5391279999996    1828266.01499402    441137.514779694    4340867395739.37    352902356181.07    999155.030091563    397869.387154963
73.8926814999994    2311422.47234939    379242.063244005    6674292975165.77    276330168550.619    1153958.02760933    364013.222310741
74.2462349999991    2116908.15793775    379553.712222253    5764430814832.59    310400945601.993    1132753.57677174    407847.919131997
74.5997884999989    1772780.44837698    459725.288530606    4504719937726.22    423080830611.116    1167034.45518053    460145.07461948
74.9533419999986    1665949.61395721    512397.542004066    3832898114093.84    623248983196.479    1028353.05116952    600581.170321439
75.3068954999984    1040656.79919962    712104.242132908    1715367120823.46    1083444586526.5    795236.158070712    759178.592205294
75.6604489999981    930667.267829455    822608.755750583    1624799882951.76    1207373396569.47    871009.942275414    728483.514934926
76.0140024999979    1672733.91538687    600966.541092299    4077471813798.11    735005519586.522    1131120.2686331    611428.439045878
76.3675559999976    2159533.46003653    467375.572386925    6040066028202.43    537781992292.725    1173235.38268545    565103.589290246
76.7211094999974    2037213.48021352    497979.37367042    6095541182699.45    601297351466.453    1394740.98625364    594402.132285265
77.0746629999971    1910398.30673853    588078.137751329    5198221764831.03    857819294092.85    1244427.60916077    715530.151699968
77.4282164999969    1409544.87790049    732212.314135631    3089943020768.27    1244292819775.5    1050298.17573523    841521.209954713
77.7817699999966    1071264.51259838    883749.578812012    2030543380608.04    1562802655758.81    939646.595617411    884188.519326279
78.1353234999964    1817775.10191577    698298.165521898    4555759776250.37    1101346812146.13    1118683.8047927    783406.972253174
78.4888769999961    2345994.29561069    589783.471199773    6898547237726.65    859863177656.4    1181041.06731677    715554.774113028
78.8424304999959    2265676.24147121    586957.881513832    7425353121518.47    777492036566.266    1513956.50213319    658006.445177447
79.1959839999956    2273178.94378957    641861.926647169    7238722084548.74    903114255832.746    1439228.81226734    700804.91076585
79.5495374999954    1857537.84106115    719753.516972977    5167945873820.58    1184404504620.05    1310533.87703121    816308.385002311
79.9030909999951    1329142.93175664    929316.860814364    2887343873237.17    1758798868939.21    1058642.02646529    946133.73322451
80.2566444999949    1180816.90923667    1041683.6307634    2567948628750.49    1942732978301.4    1083337.4615563    926082.173298338
80.6101979999946    2336800.73119302    786899.544818912    7200060837664.09    1287022753892.31    1318871.93478361    817197.565008671
80.9637514999944    2216360.35781099    724485.323276233    7118414702641.01    1090462794473.72    1485315.2752749    752053.063839945
81.3173049999941    2559804.48639233    732302.301218946    8804985377682.78    1148192426524.64    1500795.24557099    782256.841551465
81.6708584999939    2183496.73586953    803619.799004724    6682367413126.07    1465263834393.7    1383730.25462811    905239.776546143
82.0244119999936    1717426.24165347    950969.553064082    4487182159433.54    1948410620849.66    1240011.79990901    1021796.22723651
82.3779654999934    1313446.250142    1167478.53003286    2944351057961.18    2580005951354.39    1104178.43030423    1103177.15407214
82.7315189999931    1786874.46879646    1023294.70925337    4697405886027.51    2015048288730.89    1226574.7098285    983827.33583945
83.0850724999928    2175086.20704001    889970.977137677    6396384148768.84    1575866130111.19    1290497.63297464    885334.846238303
83.4386259999926    2747476.05093929    829500.064753076    9839865403373.34    1365100041883.22    1513684.49582083    822818.135712785
83.7921794999923    2486509.10882731    850897.383661041    8502899057003.28    1448933212646.66    1523210.92062856    851414.619985738
84.1457329999921    2175418.57196293    976686.09654891    6652616805960.02    1917867802472.5    1385702.29223986    981810.608661645
84.4992864999918    1584499.13875369    1178139.30493443    3926685935188.46    2598837552949.33    1189978.32521323    1100375.08655819
84.8528399999916    1450076.41534069    1296000.57359722    3469247871552.95    2822778126465.32    1168985.14157607    1069186.905878
85.2063934999913    2427141.71029828    1047405.73253226    7682913765274.9    1983729480025.79    1338617.5269304    941631.940560834
85.5599469999911    2619476.14059703    973869.120173273    9060773871150.02    1723938010455.61    1482942.55451549    880634.400434449
85.9135004999908    2633867.89727224    948354.848830707    9096090241519.77    1660251426148.41    1469295.79773389    872281.208583387
86.2670539999906    2399698.76175695    1026823.24387236    7923521096637.84    1972906990570.7    1471382.66588267    958405.455125412
86.6206074999903    1950557.93008224    1171511.93074979    5495564775989.28    2524358390272.63    1300341.70023981    1073274.51585489
86.9741609999901    1521290.19288654    1373797.66309059    3711981197922.28    3173036724135.43    1182225.59054924    1133894.48584173
87.3277144999898    1772268.58974055    1307255.53259478    4645951996891.1    2848540881308.48    1226790.95314163    1067531.66407785
87.6812679999896    2293063.15427357    1130677.71372526    7068547776582.47    2210243341897.98    1345514.4544357    965303.708468478
88.0348214999893    2654471.05178076    1043936.64009974    9136385851781.53    1901359650132.4    1445741.77744143    900863.997276879
88.3883749999891    2571738.28861702    1068856.43618418    8754158082141.14    2023678404067.15    1462983.34132769    938735.491443042
88.7419284999888    2315562.84032729    1164835.38036465    7303200274339.48    2389077487239.18    1393330.18586223    1015990.1691896
89.0954819999886    1836153.71053327    1330599.00236562    4952270357488.77    2978616258343.48    1257302.63213901    1099146.28382536
89.4490354999883    1567619.67711779    1509442.86008863    3789790292920.3    3590587338886.33    1154278.49361989    1145499.71235867
89.8025889999881    2234334.59605038    1287053.48483183    6651279900541.18    2688350644747.26    1288032.92404874    1015797.2100422
90.1561424999878    2566341.75451553    1164210.30029154    8427901097720.61    2236021803162.11    1357126.04305966    938422.175706223
90.5096959999876    2688710.63996104    1130040.81209692    9440026139358.12    2136987294737.36    1486896.51083    927359.184853799
90.8632494999873    2560263.97467937    1179749.56066327    8596726399815.85    2357062864412.17    1428906.84782979    982473.327132595
91.2168029999871    2173634.32063763    1316193.83507593    6447457420812.3    2826190534492.37    1312543.8129672    1045860.56575458
91.5703564999868    1738772.50855306    1495449.69101578    4369704778286.06    3527451363256.02    1160333.97855366    1136257.7105995
91.9239099999865    1735839.33540068    1537024.03576802    4398994159519.91    3540707808590.14    1177223.83648805    1085479.12096988
92.2774634999863    2443554.13610281    1319670.36453489    7688554736006.82    2736070650962.76    1310571.60046358    997266.654376414
92.631016999986    2693421.32674486    1220495.76482162    9278643319464.81    2365240596649.08    1422717.42665253    935751.401121876
92.9845704999858    2696880.82878123    1208277.76836869    9310649548478.26    2338546287325.02    1427404.40794841    937342.585072824
93.3381239999855    2471506.12817932    1295307.12429883    7945593668559.76    2663053726414.16    1355452.36984994    992589.12957721
93.6916774999853    2050227.23903765    1437798.64630279    5695151938410.28    3178418919250.99    1221359.98244511    1054112.88387007
94.045230999985    1718710.32824438    1610583.08189287    4234426520571.02    3787120221440.68    1131574.7116992    1092310.55920977
94.3987844999848    2021491.89865313    1498252.07264414    5554607595157.7    3324007340249.3    1211683.99297733    1038868.64764842
94.7523379999845    2449950.19668176    1347160.69358911    7697312686663.66    2795061940041.71    1301943.43980169    990060.607079294
95.1058914999843    2711829.61997034    1274888.02511961    9180024593008.84    2556071658719.16    1351297.41554565    964744.620159022
95.459444999984    2646410.39966147    1294612.32461031    8854774462125.88    2625615986760.73    1360619.88030806    974471.608477033
95.8129984999838    2370874.5229168    1391729.93458143    7212387408826.56    2983931775243.88    1261483.81099822    1023239.73947157
96.1665519999835    1947346.95777595    1553340.98638727    5098542945763.44    3580905974469.22    1142971.02841856    1080757.95369668
96.5201054999833    1765977.74529142    1659438.13021096    4398405260369.55    3911654265325.09    1131250.57502968    1076066.6137963
96.873658999983    2283265.65862253    1464205.63671322    6684559331863.04    3184761046572.37    1212953.94142484    1020226.88652554
97.2272124999828    2575792.49944455    1366687.9111587    8245680763949.51    2868236667326.34    1269241.41271656    1000200.39033137
97.5807659999825    2668245.64838008    1341796.37321182    8914833195886.84    2811932541866.12    1339887.441462    1005741.03759453
97.9343194999823    2570868.76724696    1389728.24211103    8289016433119.82    3027933186844.32    1296013.20005389    1047181.26411969
98.287872999982    2235192.0149929    1512214.20973489    6453626826721.18    3483519078260.36    1207287.6553801    1093950.30149283
98.6414264999818    1886961.77038688    1646233.0321457    4901839044397.97    3945347081622.11    1158108.07850406    1111424.2599001
98.9949799999815    1861093.53492768    1678510.85096466    4862183438805.63    4015994390571.61    1182587.96419379    1094803.96133989
99.3485334999813    2393860.01371486    1499916.92333577    7252147472122.4    3410114465382.42    1233524.10063991    1077201.78633039
99.702086999981    2605813.75277044    1419575.37951239    8513572361260.64    3159373208550.34    1312747.89930629    1069663.00788266
100.055640499981    2681970.58316544    1401322.30782444    8910355324411.6    3112341960092.87    1310491.93642953    1071745.18878625
100.409193999981    2474606.44932607    1467323.34515752    7773750142162.26    3375247312765.73    1284551.69733105    1105535.84904402
100.76274749998    2137412.79581612    1589748.43385116    6028598352117.76    3828563402698.87    1208331.44972696    1140729.29293792
101.11630099998    1855104.64652268    1714764.61868201    4842125205596.35    4239159749573.83    1183516.77472114    1139623.64493291
101.46985449998    1977577.44675464    1672103.2302163    5315050258867.17    4078114780096.53    1185005.35904045    1132336.33148317
101.823407999979    2408203.95755964    1522909.25300074    7345819499894.97    3536934563119.15    1243532.54830305    1103486.28004333
102.176961499979    2639002.92720372    1451202.85120559    8622291358517.78    3290478488909.84    1287615.97874831    1088342.21344327
102.530514999979    2653075.49889632    1449476.415102    8761128602083.21    3281807083048.61    1312371.51723103    1086657.81417687
102.884068499979    2437336.55683762    1528920.64046481    7510170066334.74    3585987859620.04    1252821.04669328    1117313.53468072
103.237621999978    2091197.60221594    1659177.43717879    5783677865073.69    4069467671265.43    1187674.38869413    1147431.00150826
103.591175499978    1856341.59114435    1774999.20245152    4806472640395.42    4463143290462.42    1166391.24541599    1145653.1419932
103.944728999978    2116644.69188446    1679765.06356031    5855699457896.46    4127657909210.37    1172823.39088791    1142824.2386529
104.298282499978    2466742.75615278    1550989.49406448    7615764814130.77    3661005863009.41    1237313.61792334    1120463.05263092
104.651835999977    2693949.39868474    1495942.41095327    8928292424046.31    3497946535987.99    1292644.21298842    1122543.0232732
105.005389499977    2646440.60699513    1501273.84292198    8677769022128.72    3494477112394.46    1293878.33113317    1113846.47099711
105.358942999977    2429103.57637462    1580189.96377777    7425695941461.32    3753649094570.46    1234970.34648828    1121003.46696452
105.712496499977    2058633.28390502    1718461.06883305    5609855632868.74    4297102756621.26    1171274.79067346    1159307.68630525
106.066049999976    1893971.42563922    1811249.15097374    4955733155357.55    4596666388756.68    1169874.09331931    1147189.13081216
106.419603499976    2276269.20766354    1667687.00827325    6582232625687.17    4061118477095.5    1183567.11678297    1131343.67878736
106.773156999976    2572922.39167686    1567815.85867365    8138464497794.25    3734911311167.2    1232288.46631057    1129984.40009525
107.126710499976    2744101.27792571    1529617.41614805    9229287769162.9    3584950495682.48    1303532.10380466    1115894.73334138
107.480263999975    2638703.00483146    1556919.88921226    8565086700267.13    3689585102224.84    1265832.98762536    1124982.47133017
107.833817499975    2413479.7904016    1641970.40384419    7291845147177.44    4011988598276.61    1211181.42674847    1147136.34376057
108.187370999975    2037348.05246528    1784945.80556906    5493429230292.09    4542353834045.78    1158724.3604102    1164612.51291028
108.540924499975    1936292.82321692    1844605.43064747    5117640305963.91    4715388111114.14    1169790.75424733    1145783.10178672
108.894477999974    2410564.61846529    1683485.70188471    7217818542274.45    4129790153746.4    1186168.94348055    1138273.27355786
109.248031499974    2682759.00944869    1586454.44288201    8783974370706.44    3756329455391.58    1259673.95302448    1113324.64090737
109.601584999974    2722996.29221742    1561283.73738968    9115747870896.4    3663127596385.67    1304238.88282268    1107032.37881653
109.955138499974    2665464.62756925    1593638.03136849    8716283480042.88    3805749836636.33    1269480.9172335    1125196.72129467
110.308691999973    2365611.18291727    1703401.47404665    7038444140928.46    4225867815236.58    1200969.55506175    1150778.53362507
110.662245499973    2025655.27722199    1840559.12753791    5453271298329.15    4725164327942.88    1161891.55956649    1156506.12881203
111.015798999973    2006956.01880058    1863185.86357548    5397852976804.02    4757381515138.44    1170461.66763553    1133984.10611038
111.369352499973    2509903.12631062    1702433.50398359    7760899438344.27    4170544411137.65    1208836.52115597    1127947.06243326
111.722905999972    2715545.90263834    1632151.95543313    8984059223635.79    3925750691187.5    1268806.39748541    1123312.37221145
112.076459499972    2749880.37210677    1610196.58691305    9219219491681.3    3853789734576.49    1287391.71613897    1122967.80277533
112.430012999972    2640113.23775961    1660783.01883438    8554523897197.22    4038154406001.52    1258700.11877479    1131350.59568326
112.783566499972    2333666.90067804    1767789.96421072    6848198756616.18    4412302502331.49    1184144.22824921    1134557.68683982
113.137119999971    2015425.87111651    1908219.87453429    5391324213060.18    4932594501592.78    1152988.62574373    1136350.03939152
113.490673499971    2088758.22307517    1881875.49268166    5688018250072.99    4811100077011.91    1151133.0659871    1126785.12017867
113.844226999971    2531816.28181303    1724513.04965175    7886690301704.52    4194482104583.23    1215152.91912211    1104779.09383009
114.197780499971    2713025.22554823    1653839.54841989    8977834664310.68    3944946168189.29    1271742.42276086    1099891.32020921
114.55133399997    2794233.60038436    1648105.18758095    9439977580994.71    3935127828414.59    1277589.98410201    1104027.68039726
114.90488749997    2601385.27464408    1701131.38283557    8315207218013.35    4112973980920.07    1244187.23304747    1104140.38928572
115.25844099997    2284527.91646318    1824966.73769078    6586579823493.27    4585625985482.34    1169406.69674569    1120322.4499244
115.61199449997    2013342.01372809    1955790.13394007    5349871122799.91    5093169814401.98    1138562.7161282    1126079.37836755
115.965547999969    2192299.67635022    1886451.73268569    6090782581294.42    4809805244462.33    1133404.03668293    1118528.09741618
116.319101499969    2543157.78159886    1749861.2886893    7902876685039.78    4267311124434.18    1198008.84092438    1097860.00691382
116.672654999969    2776861.59696901    1678005.52378824    9266985872312.87    3999232076673.47    1247407.52907443    1087901.43800328
117.026208499969    2777121.57156721    1679569.72951628    9335638856274.01    3995403694484.69    1274062.25633212    1083720.08294453
117.379761999968    2565294.14099634    1749852.00260584    8050917875701.74    4243802281592.34    1212511.37968747    1087115.56449564
117.733315499968    2242118.05637831    1881914.82897886    6332814211397.39    4759519065226.05    1142681.42220819    1103592.15369425
118.086868999968    2041503.20874273    1986159.56775854    5414150438270.31    5173635799694.97    1116429.61576781    1108515.21013299
118.440422499968    2315236.81264592    1879792.36768426    6641979194895.39    4749773412586.02    1132103.21802587    1102793.75541486
118.793975999967    2613399.13820142    1766659.89870365    8284493425164.32    4297807265597.59    1206083.89824772    1084767.28744464
119.147529499967    2828103.73527431    1703805.49421449    9601319250840.29    4060060230206.36    1266155.01158737    1075689.11312279
119.501082999967    2756909.96656562    1720515.06714058    9191426986428.3    4113753792251.91    1261298.70477989    1074049.20557401
119.854636499967    2529232.65692997    1803077.08776318    7820906543802.67    4434249975753.43    1193268.08007323    1087732.9595709
120.208189999966    2199389.78538237    1939865.9455197    6115634986675.16    4976730568598.92    1130627.94881025    1101658.15115755
120.561743499966    2074163.87874563    2009654.40941986    5559320743893.12    5256814429675.72    1121233.67234488    1103677.30083345
120.915296999966    2442155.32713367    1867975.41265845    7316460841489.23    4686042961648.54    1162900.76947342    1093942.78614195
121.268850499966    2702553.16651982    1776410.92134451    8813091008960.41    4328680522569.79    1228534.65197126    1083071.90947681
121.622403999965    2841443.37352103    1732178.76374345    9709448052454.32    4162103344244.41    1278924.39476607    1077803.35622071
121.975957499965    2719754.75715688    1763446.75825215    8948769288798    4301904950341.86    1245673.85367138    1091861.01732402
122.329510999965    2484466.88663916    1859063.27128969    7559409051341.94    4679501625521.25    1177638.88375658    1106067.52906996
122.683064499965    2165704.81570597    1994627.24973783    5941373425310.62    5256684592467.8    1118524.06167172    1130551.51455876
123.036617999964    2122159.18818396    2025019.63825696    5789425372570.91    5342656422822.66    1133960.20766926    1114428.95130031
123.390171499964    2527871.53325797    1879017.95939021    7769809892989.23    4744081015337.16    1174595.84723139    1101531.89859678
123.743724999964    2759807.66070407    1794691.58281872    9129597013538.6    4426993939770.81    1230064.50621816    1098214.94359276
124.097278499964    2791408.09059072    1774151.47307841    9363863593182.4    4366866963988.9    1253756.14254411    1104198.13193222
124.450831999963    2691849.1693653    1811883.57935242    8723286370655.3    4511492611056.97    1215415.32820788    1108408.9975862
124.804385499963    2425331.78560952    1912944.71339088    7245620277037.2    4893190378055.94    1167641.21490694    1110780.31201755
125.157938999963    2161664.25713972    2028760.4384327    5953795540854.76    5366898564092.21    1131814.11029345    1118494.36634369
125.511492499963    2192934.16909398    2023113.56628897    6145729357805.56    5312178046531.38    1156187.30654927    1104169.16477002
125.865045999962    2586034.33023903    1893463.90714386    8092093994834.89    4814724141364.06    1185124.65068451    1108836.58566426
126.218599499962    2759166.0029957    1822576.13448498    9168368268055.54    4538561645777.14    1247145.23451291    1103076.55209551
126.572152999962    2792766.27359732    1814700.49098381    9340618779816.65    4528779710564.39    1241400.54812054    1111594.27786738
126.925706499962    2635634.45683835    1871706.45088184    8395222124200.99    4752386597015.57    1203600.07233607    1117632.12138112
127.279259999961    2369570.83774733    1972860.58484494    6943339238368.12    5160031517962.85    1152594.15375297    1125989.62283324
127.632813499961    2148174.90569375    2081258.39492629    5901267510984.01    5602516214348.7    1134289.2424473    1127333.00665667
127.986366999961    2271107.18213336    2024790.73668116    6481444715994.21    5357928802830.06    1150442.03819943    1121673.42639479
128.339920499961    2606822.96871198    1897423.53428014    8234443220123.98    4827157483091.31    1199548.76095956    1107673.87558394
128.69347399996    2773286.61763226    1832509.5420259    9230290155109.47    4572739025581.61    1240633.50413057    1102110.61330778
129.04702749996    2791151.74045039    1839887.95418668    9328612938937.83    4616043049763.3    1240195.50907047    1109439.21230595
129.40058099996    2597156.07044106    1909661.76263661    8153242374388.98    4912475971798.4    1186601.3316022    1125019.07722583
129.75413449996    2331256.93245401    2015156.15724622    6743548495281.84    5335291173784.14    1144023.43077707    1128909.57817568
130.107687999959    2157686.93911068    2103438.90259689    5971069032885.08    5705562949069.16    1146933.34840184    1131860.29708227
130.461241499959    2361216.10922355    2011426.09669843    6917399467530.46    5313758926180.34    1158472.24959153    1126021.30694798
130.814794999959    2606422.76321835    1912843.79762602    8225124966992.2    4923506739762.06    1196530.54552293    1124515.60489204
131.168348499959    2788582.48467714    1858519.4761057    9306267098404.98    4708924705761.2    1236961.93334995    1120191.97582244
131.521901999958    2730979.43375363    1881009.70804704    8970142424167.04    4802253953577.2    1229590.88992305    1124302.64244553
131.875455499958    2546843.72417488    1956727.87340736    7850397301001.47    5139604129169.97    1167897.4037271    1144910.54611297
132.229008999958    2277969.30920914    2065221.4938054    6490058087619.53    5572827060250.83    1140576.1324527    1143541.53478351
132.582562499958    2175225.96871077    2121583.04063185    6050009449234.95    5782047361711.38    1148216.63212185    1131783.00191101
132.936115999957    2455227.90423201    2008636.12643283    7356477487343.61    5326371624686.27    1152533.48134625    1136552.91837872
133.289669499957    2682191.43041341    1924030.29072089    8619867786584.1    4988595336585.31    1194033.88444422    1134329.21895445
133.643222999957    2773547.06646078    1888600.01286376    9217486588208.13    4848418705375.17    1234877.83133997    1132081.57691316
133.996776499957    2717543.10439673    1913274.5281438    8866979670352.42    4958794295750.86    1217349.22930859    1139374.77403486
134.350329999956    2505902.73518983    1988479.74480494    7651497708171.8    5238401155573.85    1171302.34779066    1133291.42768942
134.703883499956    2250571.72489011    2100892.4446208    6369263057268.88    5707806039287.16    1142011.36964307    1137566.2510036
135.057436999956    2205302.45152838    2126947.7752799    6176119915013.21    5801503251004.35    1145757.83318122    1130308.10500334
135.410990499956    2523512.27286629    2003124.58080887    7707237574448.46    5294717296894.3    1157204.98752022    1132346.7713795
135.764543999955    2710674.8830675    1936177.24809225    8789267645556.86    5032291484522.58    1200628.72023946    1132920.62762246
136.118097499955    2775188.44662581    1908229.75745978    9211080862756.32    4912049462780.37    1228580.46072324    1127257.13815676
136.471650999955    2692038.78693073    1937618.49436771    8723677465404.93    5004407243348.22    1215156.21837912    1118052.68821842
136.825204499955    2472976.18571015    2017595.07146482    7490959665445.93    5328294257797.66    1172752.51027503    1121429.6167832
137.178757999954    2232272.93712803    2131528.83718756    6293470612254.96    5816722617394.52    1144739.33557852    1128409.24917886
137.532311499954    2246658.62050348    2135443.68587816    6350659491855.19    5835954557458.62    1141571.0817871    1129528.58392415
137.885864999954    2563362.82482343    2014051.86837337    7936632380407.57    5330380698949.23    1168675.92116927    1128705.35147617
138.239418499954    2738112.61500567    1945711.19251306    8995339944820.2    5035707865031.06    1223960.47827004    1117996.3418368
138.592971999953    2779235.80691615    1934511.97138461    9236976242332.07    5003455566768.61    1229969.33778336    1122995.54733679
138.946525499953    2635907.69930008    1987315.83324806    8397714355826.97    5213866439642.45    1204036.94154188    1124474.19648653
139.300078999953    2412202.21604573    2079272.59079446    7155139746821.82    5602544705815.79    1156036.42491312    1131004.06674187
139.653632499953    2224931.72755339    2163771.31183268    6263497997791.79    5950035167504.47    1145939.26781399    1126112.2846299
140.007185999952    2316603.60133105    2120943.85742053    6675993866798.75    5762128783503.44    1144264.66392123    1124155.65522464
140.360739499952    2595038.85830324    2018363.27544751    8138462461752.33    5319324826790.08    1185004.55089782    1116035.17646841
140.714292999952    2758576.4333599    1955222.96220852    9104072946182.62    5063050863614.08    1222427.50602807    1113622.03267833
141.067846499952    2782595.51904126    1948630.30149803    9257337815506.35    5018551814432.56    1230650.23175468    1105165.94342943
141.421399999951    2630944.72403794    2005290.12075549    8336372065931.97    5267469510995.9    1189328.35036793    1116369.58154383
141.774953499951    2386543.40249733    2106656.5273264    7016202235519.43    5695355932108.61    1149179.19556347    1121318.06726802
142.128506999951    2219991.38256771    2191433.98794129    6224112794723.31    6076376292060.52    1138310.61492389    1128713.14715311
142.482060499951    2377973.15050677    2118464.85590293    6953787010458.24    5747632428045.31    1139750.28226676    1122380.98805597
142.83561399995    2636005.7918576    2011987.19181851    8359721775592.36    5269978599273.27    1187937.38929523    1105389.587083
143.18916749995    2785938.62354243    1963636.41366051    9236548857871.2    5092020846902.56    1214534.82606539    1111824.12361356
143.54272099995    2748439.42856022    1977863.47261829    8992707851721.62    5171938994869.73    1199495.12681678    1122495.02384289
143.89627449995    2592735.3600599    2036696.13134626    8088518489053.54    5418706443463.6    1168863.48293912    1127197.99149164
144.249827999949    2353212.15981705    2137423.57627941    6814163627012.37    5842338994693.94    1129847.84723498    1128609.52071957
144.603381499949    2234816.14266728    2197513.30887756    6276318222403.61    6093104553753.39    1132216.86565664    1124295.25083911
144.956934999949    2441101.72915375    2104498.78001555    7260194375132.22    5681214504955.39    1140708.86866667    1119061.83469388
145.310488499949    2656248.08443997    2018496.01904369    8470285389132.65    5318667758212.43    1189382.82442687    1115500.59583901
145.664041999948    2801814.0775691    1978651.3221831    9339163396944.13    5157559654079.04    1220246.39793763    1114674.21218135
146.017595499948    2731358.41267934    2000110.70500758    8899399738121.6    5267269559960.94    1199617.00538439    1125533.97446502
146.371148999948    2556100.51206262    2070231.95200248    7877266309226.43    5563459363903.96    1159144.71980839    1130309.26246402
146.724702499948    2328677.71834527    2163830.29126247    6707253773939.38    5959729520893.84    1133363.95655661    1130295.53281822
147.078255999947    2243385.04129207    2214296.76415661    6330875808409.62    6164087904325.78    1139341.63661152    1122932.65362236
147.431809499947    2505842.68962878    2105935.37882366    7567021678933.62    5711797803048.48    1134801.34550838    1129970.78867877
147.785362999947    2706226.72320741    2029704.00740861    8717044776272.67    5388933086928.8    1180415.90080393    1126603.18179838
148.138916499947    2771295.25166784    2001755.20483004    9150637972725.17    5254303467896.35    1212666.7311378    1116816.71183421
148.492469999946    2721013.77898959    2019811.42845569    8827604428549.63    5347905116358.9    1193184.16143462    1126173.57003202
148.846023499946    2525382.04003561    2096839.75231514    7702751935751.22    5669721304885.45    1151172.22326496    1128266.0847497
149.199576999946    2304827.35577628    2191401.79916484    6590721982659.58    6102994704236.44    1130704.57800652    1140505.52776106
149.553130499945    2264778.75201535    2218959.03919463    6429058217411.33    6184627266096.46    1140103.25051336    1122874.90330531
149.906683999945    2567665.80276791    2096527.25707436    7917359142500.4    5643894895045.24    1150848.15149377    1117348.80650113
150.260237499945    2731703.93817454    2034769.22034131    8889652812484.43    5407654177593.88    1194757.88620379    1125774.57670065
150.613790999945    2778575.4419288    2010586.14782197    9193959451436.5    5303730351298.02    1213869.00650222    1123064.42089687
150.967344499944    2703861.9613539    2040360.22051735    8735247791448.31    5422609082994.14    1193473.20262826    1122291.96447472
151.320897999944    2499225.46431406    2121152.1733288    7581220614154.37    5771917966872.38    1155462.11217786    1128109.66862929
151.674451499944    2295916.01428877    2208289.13665197    6573669006813.28    6152459254264.38    1141244.34813305    1129565.55507384
152.028004999944    2311935.85629821    2205249.64726759    6649422709187.58    6125514339219.81    1142092.51181778    1123560.56020402
152.381558499943    2598099.26335066    2102538.33639629    8096806511871.98    5698925327954.39    1160468.32341462    1130600.66864403
152.735111999943    2752466.46213678    2031807.76114348    9055246829293.71    5365765859516.04    1216213.46979302    1112440.14727678
153.088665499943    2798384.50473657    2015908.69987724    9328993031485.86    5305244518786.04    1223943.29735332    1114161.85204183
153.442218999943    2680534.73302464    2062786.50626405    8617935126486.74    5516334764708.88    1196941.38182923    1123052.35598517
153.795772499942    2471866.83464816    2148301.48532914    7445541932378.86    5883155136617.44    1155602.13055591    1126035.46336252
154.149325999942    2280119.76828307    2238961.65972141    6485185372684.87    6318330792951    1134124.8674505    1142532.92261035
154.502879499942    2363075.58340705    2200607.46638344    6890985312871.61    6102244413582.32    1143179.38223931    1122306.1937278
154.856432999942    2609853.23347668    2108018.0842721    8181349070573.47    5705026806587.42    1170476.47147851    1123070.15051118
155.209986499941    2749723.97930474    2052541.11644738    9006596418882.31    5469556838058.3    1202337.08107119    1120995.89800822
155.563539999941    2795282.64859709    2033915.32081064    9292159007709.72    5395331693879.07    1215958.02648025    1121837.84998136
155.917093499941    2656815.55076891    2092856.65004373    8465416752710.69    5648761705314.87    1186064.02942809    1126371.49630245
156.270646999941    2450587.06976364    2172372.28126369    7319838022164.94    6002819370161.66    1146499.4704195    1132968.68525076
156.62420049994    2303976.37108312    2242482.94251312    6618703196027.23    6277536223780    1144725.32841633    1117500.10126071
156.97775399994    2390286.25656766    2211399.91859004    6990491482922.12    6169919069035.2    1130054.46531832    1131207.08497391
157.33130749994    2632830.35640353    2115042.91287101    8305504063329.03    5726963542958.07    1172053.06096998    1119623.60624998
157.68486099994    2766475.20393826    2060745.65677979    9108502816809.26    5492343597606.85    1206282.62144658    1116096.29318894
158.038414499939    2789382.95747006    2051449.83963136    9242497765906.53    5438930878907.1    1209065.95456249    1109272.02902785
158.391967999939    2639825.65545636    2108388.76927041    8359814137369.85    5692081678438.47    1179463.71125366    1116592.34998852
158.745521499939    2423850.71349917    2201844.57182702    7182778633412.18    6100845198533.09    1143558.63517432    1119252.28614866
159.099074999939    2289031.2760434    2269751.69550231    6525894364655.31    6414499051990.8    1134120.88506934    1123710.94715465
159.452628499938    2437278.01716564    2205271.23907515    7204118937332.24    6129897706923.33    1124186.28544089    1125467.22254862
159.806181999938    2659225.21259424    2108726.78671608    8451600869663.8    5672637050763.85    1174785.9968381    1107207.47366966
160.159735499938    2784950.6829627    2062379.16515606    9207061509216.24    5486476613205.09    1204620.77131429    1110436.30719429
160.513288999938    2755075.33087254    2077051.85407069    9028062484168.69    5539521262889.46    1199008.92631634    1106967.41523451
160.866842499937    2619745.9024687    2123298.11021271    8200338989181.07    5738157906267.1    1156404.0797574    1108946.8163236
161.220395999937    2396769.85815814    2218780.82583584    7005859305941.34    6165039107135.4    1123099.97460865    1114473.30790765
161.573949499937    2309850.92767984    2263739.53106539    6594968497196.42    6350092770373.94    1122299.95504455    1107057.40856823
161.927502999937    2488395.43157308    2188577.52360269    7464120900602.35    6024227698397.8    1127833.7983624    1111015.8061787
162.281056499936    2681735.23926386    2107991.16216978    8580333905596.84    5662555198348.68    1178401.46473401    1104050.9311453
162.634609999936    2789730.0107326    2080389.06573645    9231284786481.63    5540575561888.54    1203615.90787906    1101161.61259496
162.988163499936    2748594.4944149    2090022.64803409    8992609829150.53    5581728865507.12    1199098.88433882    1101605.28149229
163.341716999936    2576596.47134263    2167437.88840143    7962004194563.27    5954516171215.41    1150284.66843125    1121039.32631168
163.695270499935    2378676.52972195    2246050.79159409    6933647206211.27    6293414813899.03    1129400.35999694    1117439.32966341
164.048823999935    2324087.46061498    2275123.12566371    6676042034108.58    6411265985159.84    1129008.19727794    1111341.86829707
164.402377499935    2528143.24947074    2191604.2735925    7684093941766.17    6036007400492.78    1136919.36913825    1110350.44398778
164.755930999935    2710898.47614218    2116253.27503487    8742206531869.25    5712814129889.66    1180354.17732104    1110984.34093099
165.109484499934    2782540.88217542    2085439.28331793    9199922795707.72    5579970196327.86    1207223.68877112    1109465.27296813
165.463037999934    2726085.04154123    2110577.26470805    8843814775955    5683952303987.87    1188391.82185007    1108790.29292529
165.816591499934    2551275.57139695    2183676.18641649    7816788292194.89    6022971114117.21    1143582.63846041    1120057.77841804
166.170144999934    2358550.93786344    2265087.85809446    6832617488921.5    6390854997447.56    1126878.41510298    1122600.54897574
166.523698499933    2342955.27231137    2271238.70100697    6770040517502.58    6396252089545.6    1131636.47407236    1112531.7310503
166.877251999933    2569493.17589486    2182293.41108986    7898910137139.77    6008786140703.15    1138690.01759456    1116414.62217984
167.230805499933    2726920.99846139    2118801.37011526    8840212771100.24    5721867776219.33    1184953.43336798    1110202.02225407
167.584358999933    2776979.59783386    2098100.46628291    9150376069627.28    5635743519163.23    1199483.38164468    1110728.56834902
167.937912499932    2707460.65764248    2123524.75420001    8736672650233.18    5757422526337.75    1185887.61590267    1117168.36002347
168.291465999932    2536736.36084964    2186580.26157083    7748677412981.43    6032265225653.55    1146143.99118293    1118540.11343465
168.645019499932    2350484.5490084    2270738.93714666    6796702224873.45    6420065919124.06    1127796.35118501    1124193.31008956
168.998572999932    2343843.59159841    2278849.71193215    6763114878272.84    6449527403683.57    1126726.27394408    1120879.74114547
169.352126499931    2585965.66029764    2182742.69924212    7997169155356.93    6009827812324.13    1144530.80304477    1116002.74248289
169.705679999931    2738820.33569298    2121349.72307558    8915405465236.31    5744176235978.2    1189230.26955711    1115370.60584603
170.059233499931    2776144.6479292    2105396.38629321    9145161520086.83    5660573838831.78    1199242.43331401    1108097.421446
170.412786999931    2689184.05384305    2137777.43039667    8626847565254.07    5808773898249.91    1181159.04509526    1112960.71643905
170.76634049993    2516353.9338112    2206034.06643443    7637290897133.77    6102586953933.59    1142477.03562334    1111755.66185397
171.11989399993    2350359.53675549    2283044.96217741    6807006723474.42    6459492171230.39    1132615.01467045    1116780.13588474
171.47344749993    2385556.94632977    2270455.75227053    6965871077773.21    6382681621836.06    1129154.16732659    1108021.79528099
171.82700099993    2596491.92305855    2189051.42016363    8060671702999.53    6034464849471.16    1148434.3239782    1114683.24171074
172.180554499929    2735923.62396433    2128648.58022971    8899849627201.37    5753144691126.36    1189357.62117004    1105441.04908964
172.534107999929    2777551.74880304    2111624.1948209    9153107823771.19    5677872069847.14    1199297.33864974    1104044.985358
172.887661499929    2666507.95598345    2161780.06744755    8464576481121.13    5914794208732.77    1163749.0286991    1114226.70436462
173.241214999929    2492877.03583544    2225807.36879639    7493371191151.7    6189548555376.29    1130900.20574586    1111454.05320598
173.594768499928    2348941.61039448    2287423.00309432    6775673880596.47    6459140448068.84    1121671.6059319    1107626.4952518
173.948321999928    2405962.11836472    2262506.10455706    7049927790404.93    6344441198108.51    1123064.59092915    1107026.34338599
174.301875499928    2624131.19044118    2178868.74233929    8233710701879.42    5961058635762.48    1160881.64652266    1101630.44593878
174.655428999928    2748805.74475169    2132770.08600448    8965162294268.94    5751074861231.78    1187109.62926304    1096524.79291452
175.008982499927    2768526.1678235    2128499.37140053    9092177158219.27    5725479646282.66    1194755.2118722    1093146.86672478
175.362535999927    2662271.32591605    2168591.56428321    8443385900857.29    5911226035559.92    1164344.14502865    1099289.16254078
175.716089499927    2473913.19382864    2252424.94187773    7383403407619.23    6305061607493.42    1123902.53893289    1109794.34522822
176.069642999927    2342890.19734964    2314710.61633346    6734426756082.4    6589301364295.27    1115926.64599665    1109691.90630934
176.423196499926    2432672.94673993    2267489.43672751    7168951158794.54    6372842267412.39    1118505.02591369    1109654.8660469
176.776749999926    2639196.43667169    2182114.18306776    8309710940852.29    5957938510587.84    1159462.42263893    1093762.40685185
177.130303499926    2749235.68090088    2139642.93769776    8976027075885.69    5787685242940.67    1190684.78059777    1099824.23236659
177.483856999926    2752947.91877168    2141262.47526145    8980069864128.91    5793247065892.01    1183785.29331106    1099200.65407969
177.837410499925    2634410.12135956    2189325.80290593    8264224041000.36    6020569866595.75    1150698.63712383    1107890.96725539
178.190963999925    2453669.64770368    2264429.06375865    7278936590796.46    6358551489996.96    1121802.94648131    1109464.96348558
178.544517499925    2350307.60676273    2314219.14874926    6778810261404.18    6577986633763.67    1120207.30893769    1105611.30842893
178.898070999925    2465291.66722978    2259459.10530202    7329715736631.17    6333155777127.89    1118951.62188478    1108151.76243856
179.251624499924    2647263.74376724    2180916.78195289    8345598704958.9    5964346613297.16    1156543.71983698    1099067.15149413
179.605177999924    2749661.7162517    2152345.38688154    8963898461107.52    5839674907815.31    1184592.29580783    1098673.85669501
179.958731499924    2740038.41052981    2160767.13550349    8913204289742.88    5891446603694.56    1185493.06137326    1105681.685578
180.312284999924    2614388.40711404    2204841.90826395    8150849210830.17    6085171602166.97    1147093.05096747    1106274.72253956
180.665838499923    2437215.0359683    2280648.75026978    7183993302438.59    6425279087259.27    1115336.79706564    1106309.34423975
181.019391999923    2344737.91890592    2332400.51695026    6726999348789.41    6669069847264.26    1108694.47569388    1108592.65548461
181.372945499923    2489682.60159046    2263207.57472819    7439952738785.97    6348553012057.4    1114196.24937609    1107449.54095
181.726498999923    2661997.38974016    2187809.04976321    8422394438279.47    5998409916870.79    1155925.74817591    1100863.96918285
182.080052499922    2759215.95787561    2154950.70236703    9024756953514.87    5852386702420.47    1188059.0268667    1099351.70568309
182.433605999922    2727328.15236224    2171862.58417307    8836204747450.49    5930652970958.94    1182322.24743632    1101665.05183201
182.787159499922    2599606.68229064    2220970.08477201    8062681190233.45    6158764541326.85    1142246.15894442    1107274.3218709
183.140712999922    2428537.60497516    2289472.15540075    7159827848306.8    6463903431759.94    1123402.39875492    1105540.89992393
183.494266499921    2355039.88934029    2334853.26518031    6787467715648.94    6681799103320.31    1114116.16776035    1109170.56100365
183.847819999921    2538110.55245284    2246670.62469523    7709551201153.05    6270057795006.02    1125853.46501247    1105680.28793931
184.201373499921    2692155.62625288    2185093.45147243    8599927935705.7    5974338223761.18    1162852.5356814    1095310.38162408
184.554926999921    2773571.78183814    2160953.70941679    9117780288046.31    5870457191243.18    1193767.08743269    1095781.11728621
184.90848049992    2723922.75903801    2182814.36757533    8804323568092.07    5976175280186.84    1176676.83366624    1100680.11560741
185.26203399992    2581294.8961506    2238699.31729801    7977571888235.67    6229568577248.56    1146511.46847404    1103537.01522784
185.61558749992    2418307.70232596    2307160.91999237    7106413554977.03    6540624024614.24    1121695.77508698    1103463.87067008
185.96914099992    2378930.68598059    2330236.37267656    6913152080202.49    6645438862797.54    1119750.36124237    1102468.73436516
186.322694499919    2561577.27187697    2257720.99722492    7832198247548.65    6318558083141.62    1127173.51270867    1105103.6068312
186.676247999919    2708596.71979878    2201470.37342476    8692945839709.75    6059049214504.48    1164667.18387918    1101170.92653118
187.029801499919    2763517.36113133    2174806.29825148    9062381994205.75    5940191012145.39    1193881.8153115    1100185.70124825
187.383354999919    2706922.54665459    2194634.5299399    8704280304810.13    6011905586451.96    1173392.78642028    1093382.30571354
187.736908499918    2561614.40272629    2253311.20988661    7856861225265.73    6286790790664.17    1137977.53800809    1099717.86475601
188.090461999918    2407748.4531652    2319040.97271787    7055374959437.13    6584808668068.84    1121660.53051613    1098570.723679
188.444015499918    2394552.87225575    2331962.8295997    6977367270688.67    6652150433600.71    1115116.05344933    1101861.96729267
188.797568999918    2597864.15606391    2249606.19733789    8028375712513.23    6267846956062.81    1131139.92907667    1098689.63450183
189.151122499917    2725361.70992298    2204617.80242849    8798670246559.65    6067654033487.51    1170928.60441845    1098778.58493096
189.504675999917    2753662.1743284    2189450.74079057    8978948272360.75    5997421036557.2    1181648.38341772    1097144.69884735
189.858229499917    2686408.8901602    2210350.47411843    8567460843030.37    6078262128372.11    1162182.48046449    1092068.18007694
190.211782999917    2544110.01463536    2266289.24410288    7747121984783.1    6350506136353.74    1128993.45357499    1102015.97012808
190.565336499916    2396105.69447484    2336927.91939289    6981907772831.53    6679649920989.02    1113815.63722942    1103819.65037366
190.918889999916    2416183.85360187    2330292.57145612    7075461521228.31    6646721086855.86    1112437.46198245    1102931.37514185
191.272443499916    2621357.29906341    2248875.20759002    8167852704346.93    6260301835025.47    1138568.66942398    1096750.71721536
191.625996999916    2734453.03895707    2205866.79103792    8853218783283.37    6060254338052.77    1173024.02405996    1092888.84990598
191.979550499915    2758946.72307836    2190486.65055952    9024562956499.86    5988433589385.14    1188602.51375935    1090963.71301052
192.333103999915    2674760.00498761    2225258.06610232    8490625522552.44    6150620637150.13    1155977.69799901    1094918.79899684
192.686657499915    2522480.40707356    2284355.46307789    7634130308044.31    6414286145282.69    1127485.21230849    1093620.71285656
193.040210999915    2390748.43093872    2343867.35487607    6961661043683.83    6700945142792.35    1116236.07881481    1098740.6270538
193.393764499914    2432651.36637067    2331642.01317092    7141852785332.23    6650324344842.77    1106372.502834    1101712.2434007
193.747317999914    2634193.6798751    2250590.96449582    8246881710761.01    6251334638842.13    1143636.90377108    1089116.59126647
194.100871499914    2734604.29152834    2207489.31108044    8849992482534.79    6058393812056.53    1171294.94632632    1088753.76165694
194.454424999913    2745982.92421542    2203072.91054138    8927606607293.21    6029496645377.33    1177787.92115156    1084419.84314935
194.807978499913    2663328.12281302    2237651.16227695    8426149922744.84    6180867924469.72    1154483.9682638    1083413.67927044
195.161531999913    2500646.17815436    2305798.64032029    7504558499389.4    6512967593516.39    1118627.36917679    1093736.816521
195.515085499913    2390571.72904404    2357038.58199055    6957551660656.08    6752430260624.12    1114772.83289085    1093983.26478612
195.868638999912    2477824.97759532    2314325.85917025    7373484364157.47    6548195863053.49    1110795.99592464    1091829.51078883
196.222192499912    2647185.57379704    2246924.44679909    8327008253419.18    6235020020119.06    1148658.69225808    1089197.20459414
196.575745999912    2741788.15334452    2211304.14657306    8892199769812.79    6082600475063.34    1172517.5870717    1092123.82375449
196.929299499912    2732943.43048786    2216767.79689496    8851377408542.97    6104927292655.95    1175754.06199436    1091268.90696355
197.282852999911    2626915.86585766    2261117.44085189    8207705904409.21    6308109106852.62    1143249.28957534    1093369.57408189
197.636406499911    2470992.33690742    2330587.8506796    7337589840243.65    6638448017775.83    1109858.86994179    1098548.26386484
197.989959999911    2395376.65830154    2366480.74203528    6968559820130.84    6800217598595.01    1109382.92982856    1095438.9513666
198.343513499911    2509129.17269843    2317179.1575335    7532047430790.97    6576613612665.12    1111898.47805664    1098769.47744168
198.69706699991    2667205.3565497    2248087.26458925    8447325510433.59    6238279209775.95    1154703.89989217    1088293.55440873
199.05062049991    2754506.28414156    2218008.59429023    8980657147788.74    6113272149936.03    1180403.43883497    1092570.37557803
199.40417399991    2719289.39794377    2234967.35016982    8758342370613.36    6197226173706.7    1167821.70764374    1096424.6975427
199.75772749991    2605500.7566395    2281162.7742189    8072587152596.75    6405516834704.65    1133116.48110321    1096272.42609791
200.111280999909    2460891.28581104    2339481.73210728    7289058518462.67    6682307088441.28    1110438.02072964    1099605.52634916
200.464834499909    2416481.38680726    2366095.5258503    7078814294394.25    6787529465151.92    1113297.80454661    1090468.44415743
200.818387999909    2556657.87805771    2307858.24461146    7781646761816.24    6530625492661.96    1115861.66543245    1097458.79897192
201.171941499909    2681211.96856713    2254932.39435654    8512918072757.64    6272811042275.6    1150660.87635324    1089995.84364212
201.525494999908    2743338.50081548    2236940.77496065    8897225967810.68    6195868774341.86    1171033.66209267    1091771.3788428
201.879048499908    2707937.36329094    2252917.50785241    8679472657801.34    6261877516504.83    1160408.50319801    1089146.55548136
202.232601999908    2573614.10293526    2306508.06736173    7905770736828.22    6527547355422.63    1132378.5524289    1098893.93965837
202.586155499908    2438356.94451198    2364789.38460331    7179320825328.53    6789829260749.85    1110736.79892166    1094349.31681678
202.939708999907    2428370.31133125    2371299.24535884    7116115289451.67    6829636614254.95    1104143.52350437    1098442.76283087
203.293262499907    2596161.71549555    2300603.43321981    8012063950825.88    6490181273564.3    1127833.45305107    1094260.07723096
203.646815999907    2718761.37321053    2253037.09517555    8753940079953.34    6250734367217.3    1167166.08736363    1083770.37004165
204.000369499907    2751733.80629035    2236110.65857221    8973989056518.58    6173636252298.15    1184039.74419671    1083256.83700493
204.353922999906    2698544.40380375    2254045.22959671    8631004080160.05    6252931114613.68    1161405.26125014    1082687.03582615
204.707476499906    2548812.91696431    2318819.62730823    7761151259883.77    6559632426981.43    1124590.58070023    1087523.77582817
205.061029999906    2427825.25356429    2378461.27734005    7122413026193.48    6843221736657.5    1108186.61079665    1089102.23985237
205.414583499906    2457814.43507435    2359919.65622893    7260865159602.42    6759838794050.14    1104542.15055043    1091154.43920395
205.768136999905    2629991.41973816    2298345.84104835    8197159343735.12    6462190328418.09    1131505.40247884    1086184.47942964
206.121690499905    2727025.64442749    2256855.36623652    8794496536982.08    6263866623583.94    1165258.62863869    1081882.83999395
206.475243999905    2732124.82005298    2251876.96139322    8840565432752.29    6242128484130.52    1173055.58282749    1082210.06966161
206.828797499905    2653875.81780193    2287465.77601854    8352763325196.3    6415489187918    1144424.07737799    1087653.21286792
207.182350999904    2517559.80587156    2340966.10787279    7585451033974.93    6657737888855.31    1116845.4046263    1085179.97154675
207.535904499904    2426499.24165385    2384882.47360814    7106615633814.27    6870416551104.34    1103955.19115023    1087544.08562644
207.889457999904    2492736.57744309    2356522.57505934    7431440525620.98    6733959522512.9    1103496.66111787    1086628.21413242
208.243011499904    2645745.99277379    2298290.64302438    8287573825988.6    6452028307922.34    1134725.50324298    1081613.8072847
208.596564999903    2731386.36722699    2260982.98332954    8832049036889.66    6270438923378.55    1171143.69306938    1076287.54172516
208.950118499903    2727442.60231434    2261940.74665196    8807971170434.71    6277709770773.3    1170054.70877027    1077651.99828557
209.303671999903    2637586.18463599    2302633.72464336    8259092923786.19    6466354870753.81    1141153.82065854    1078996.20059055
209.657225499903    2490356.89564091    2366414.9281841    7422027041078.93    6779636982045.6    1104603.80834609    1086147.95019512
210.010778999902    2425753.25150413    2402836.90686225    7086494806834.96    6949772262785.88    1096456.09563361    1084503.14052406
210.364332499902    2530872.29110264    2349857.22237374    7623900454821.17    6690459850068.18    1103895.7835548    1081032.32353439
210.717885999902    2673396.48675235    2286926.04337336    8450603869799.32    6379448314918.93    1141733.37273618    1072108.94365246
211.071439499902    2736073.09158379    2262649.43911256    8852600261710.2    6268673527299.15    1168975.74791837    1071956.64230545
211.424992999901    2719267.26489608    2268011.30043465    8750262423076.13    6301181467787.12    1164408.8479313    1075781.67343
211.778546499901    2617896.03709144    2312476.55252151    8125579284458.87    6497472711863.61    1127918.26984043    1072345.51610096
