#t    <phi>    <pi>    <phi^2>    <pi^2>    rms(phi)    rms(pi)
0    1    -0.707107175689875    1.00000000000003    0.500000557912835    1.49754816608442e-07    8.510768371788e-07
0.3535535    0.732695145025096    -0.788437961799586    0.536842175543362    0.621634419606979    1.22482007936528e-07    5.41330128153836e-07
0.707106999999999    0.458970306500083    -0.73474774795086    0.210653742248787    0.539854253119003    8.51423644796367e-08    3.78059716818061e-07
1.0606605    0.22607177914688    -0.575066290253471    0.051108449326639    0.330701238185953    5.74010212033715e-08    2.5059744948677e-07
1.414214    0.0507680235035945    -0.425263183309262    0.00257739221046452    0.180848775078399    5.46756778061582e-08    2.68667929124652e-07
1.76776750000001    -0.0813883693963774    -0.329647805889075    0.00662406667300581    0.108667675927512    6.80414400805984e-08    1.75127123550763e-07
2.121321    -0.18340437113848    -0.241558920471087    0.0336371633527225    0.0583507120592675    1.45839474640752e-07    3.32567097882589e-07
2.4748745    -0.243146212822329    -0.0802711212569102    0.0591200808098739    0.00644345290789282    1.80639639776225e-07    2.26372265927424e-07
2.82842799999999    -0.233717919249339    0.129286304975696    0.0546240657782706    0.016714948654288    1.73637965437696e-07    1.38579904713229e-07
3.18198149999998    -0.164145653226363    0.24037829785346    0.0269437954731237    0.0577817260789573    1.19399135876136e-07    1.74367074712435e-07
3.53553499999997    -0.0774253654146033    0.238690816942658    0.00599468720958856    0.0569733060928423    6.09180827912417e-08    2.97823015368983e-07
3.88908849999997    0.00145803398817012    0.207572043883261    2.12586311157389e-06    0.0430861534019039    3.02427383075948e-08    1.71773101603085e-07
4.24264199999997    0.069940716001645    0.179361815135127    0.00489170375482938    0.0321706607286561    8.13347952473198e-08    2.97952574689096e-07
4.59619549999999    0.1253704377241    0.12571750556009    0.0157177466551597    0.0158048912042669    1.65014604093529e-07    1.2528708043796e-07
4.949749    0.151189259075314    0.0110115086245285    0.0228581920597817    0.000121253322197464    1.98567638619411e-07    9.69411351846986e-08
5.30330250000002    0.132245890691001    -0.109908234277548    0.0174889756046865    0.0120798199620515    1.74065509212264e-07    2.07749977465751e-07
5.65685600000003    0.0828587621533318    -0.156200387692274    0.00686557446559517    0.0243985611152556    1.12966690766158e-07    1.97256319472063e-07
6.01040950000005    0.0279721807524071    -0.150303813588575    0.000782442896046246    0.0225912363793298    3.017478874336e-08    2.46457132510264e-07
6.36396300000006    -0.0226845803777697    -0.136506929189229    0.000514590186917537    0.018634141716712    4.51759891097877e-08    1.96979809638678e-07
6.71751650000007    -0.0680720821982152    -0.117386754525114    0.00463380837481995    0.0137796501380462    1.39229095944358e-07    3.26703408440903e-07
7.07107000000009    -0.1014727097292    -0.0630964530822031    0.0102967108198273    0.00398116239158578    2.01944174822834e-07    1.76421604569765e-07
7.4246235000001    -0.107574510933906    0.0311261709760688    0.0115722754027151    0.000968838519637598    2.14567504733843e-07    7.82985441502797e-08
7.77817700000012    -0.0825924712701636    0.100656701880597    0.00682151631053927    0.0101317716335242    1.62731904915308e-07    2.12004562471744e-07
8.13173050000013    -0.0431031877118636    0.115831563486057    0.00185788479093226    0.0134169510997159    9.00405240721362e-08    3.02481708052331e-07
8.48528400000015    -0.00316242350538188    0.109171736867582    1.0000922427665e-05    0.0119184681307406    1.65288685079029e-08    2.36488381244718e-07
8.83883750000016    0.0340161286045931    0.100711904583004    0.00115709700525345    0.0101428877248445    9.60995737362386e-08    3.29212782356481e-07
9.19239100000018    0.0664855245135778    0.0783417380492967    0.00442032496989173    0.00613742792062677    2.14881456121658e-07    2.05293046127197e-07
9.54594450000019    0.0848554690684783    0.0191345054680623    0.00720045063090532    0.000366129299513897    2.71721623533494e-07    8.1172093399127e-08
9.89949800000021    0.0782309307690988    -0.0536663171113669    0.00612007852906244    0.0028800735923305    2.50838698544131e-07    1.80873810816975e-07
10.2530515000002    0.0516836070324355    -0.0887529839679512    0.00267119523591101    0.00787709216326444    1.66713725005073e-07    2.21466050089296e-07
10.6066050000002    0.0194384988981127    -0.0907175687541299    0.000377855239414798    0.00822967728079399    5.35747011706684e-08    3.65667525068058e-07
10.9601585000002    -0.0117391803787756    -0.085606106134786    0.000137808355969006    0.00732840540764893    5.97970451848738e-08    2.97801720346922e-07
11.3137120000003    -0.040781375641713    -0.0770117795106488    0.00166312059926995    0.00593081418363655    1.98604311152037e-07    4.8966263617428e-07
11.6672655000003    -0.0636009755584578    -0.0465852851140855    0.00404508409208292    0.00217018878921296    3.0881988129092e-07    2.28742270713736e-07
12.0208190000003    -0.0700325750705873    0.0128938679129841    0.00490456157113421    0.000166251829766171    3.41707579421887e-07    9.32206925509811e-08
12.3743725000003    -0.0557925941132776    0.0620470189221436    0.00311281355796234    0.00384983255724981    2.70933461196453e-07    3.53511963326482e-07
12.7279260000003    -0.0305112652523438    0.0761276089832389    0.000930937307323844    0.00579541284968953    1.57989754978565e-07    4.29670400426177e-07
13.0814795000003    -0.00382942308373332    0.0739468624171782    1.46644811543453e-05    0.005468138461519    1.07570541345815e-08    4.17025623956499e-07
13.4350330000004    0.021653138256778    0.0699360819257146    0.000468858396389806    0.00489105555537411    1.5053787664135e-07    5.03822303560308e-07
13.7885865000004    0.0446291942904033    0.0569919494450288    0.00199176498313343    0.00324808230171216    3.50510221274749e-07    4.09201913846985e-07
14.1421400000004    0.058779753017568    0.0182397946033672    0.00345505936501368    0.000332690107208883    4.55394265901797e-07    1.89371728972552e-07
14.4956935000004    0.055821586774544    -0.033649786584155    0.00311604955021542    0.00113230813720573    4.32985579406731e-07    2.1575245311951e-07
14.8492470000004    0.0380457687754663    -0.0614639601050608    0.00144748052180234    0.00377781839192927    2.93421410299627e-07    3.64359150976904e-07
15.2028005000004    0.0152980797706434    -0.0648895069127735    0.000234031244680904    0.00421064810777951    1.09243832988854e-07    6.29789208605281e-07
15.5563540000004    -0.00720596367456421    -0.0623162514248739    5.19259124877231e-05    0.00388331519192917    9.26510791039808e-08    5.30164468978614e-07
15.9099075000005    -0.0285604954180406    -0.057378507342137    0.000815701898631133    0.00329229310550188    3.27435877336678e-07    8.3078784837318e-07
16.2634610000004    -0.04596829441838    -0.0371044685698484    0.00211308409201933    0.00137674158799165    5.33356847757601e-07    3.75204364254037e-07
16.6170145000003    -0.0519317361446884    0.00584195983626105    0.00269690521936765    3.41284947506706e-05    6.05074824996663e-07    1.48940910780302e-07
16.9705680000003    -0.0424359616785168    0.0440505168154933    0.00180081084382404    0.0019404480321021    4.93443075800879e-07    6.24538516997578e-07
17.3241215000002    -0.0239883702467368    0.0565415913321826    0.000575441907181825    0.00319695155087106    2.95464569655521e-07    7.03929414021741e-07
17.6776750000001    -0.00397611616386676    0.0558897352747831    1.58094997488253e-05    0.00312366250966992    1.62116513155299e-08    7.64582243359638e-07
18.0312285    0.0154042054538865    0.0535698103413592    0.00023728954572853    0.00286972458074274    2.50967984959927e-07    8.56473291363418e-07
18.384782    0.0332136544807384    0.0449773217138568    0.00110314684433124    0.00202295946920633    6.04455826042283e-07    8.09043385628034e-07
18.7383354999999    0.044810583442659    0.0167932143127357    0.00200798838911605    0.000282012047132477    8.02838158440022e-07    4.23090563556217e-07
19.0918889999998    0.043529743255726    -0.0234609073707126    0.00189483854851902    0.000550414174745662    7.80764172785472e-07    2.97500942890305e-07
19.4454424999997    0.0303901262553582    -0.0466945233532274    0.000923559774107504    0.00218037851162259    5.39342100962636e-07    6.61431762073698e-07
19.7989959999997    0.0128662158004028    -0.0504756989810666    0.000165539509071296    0.00254779618887775    2.2081926353097e-07    1.11825927922e-06
20.1525494999996    -0.00473552740554065    -0.0489799789655893    2.24252198301027e-05    0.00239903834039764    1.46547116624147e-07    9.63365251836898e-07
20.5061029999995    -0.0216255684657276    -0.0457825169008909    0.000467665211775833    0.00209603885588475    5.56739717753803e-07    1.45065162227688e-06
20.8596564999994    -0.0357562828653778    -0.0310647585187382    0.00127851176523778    0.000965019222272193    9.42798571266268e-07    6.66838015234278e-07
21.2132099999994    -0.0412548046927376    0.00221097689220471    0.00170195891142939    4.88841887306647e-06    1.09245686382618e-06    2.34953771223083e-07
21.5667634999993    -0.0344244410430144    0.0336289660470337    0.00118504214195529    0.00113090735860295    9.11765271459024e-07    1.10018226627277e-06
21.9203169999992    -0.0199988737893677    0.0448685020344245    0.000399954953152712    0.00201318247626392    5.56464595270235e-07    1.20447539752638e-06
22.2738704999991    -0.00400107308758753    0.044914931603112    1.60085858552001e-05    0.00201735108288268    5.46163350104768e-08    1.40372561705306e-06
22.6274239999991    0.0116340079339501    0.0434160947843742    0.000135350140787492    0.00188495728856562    4.24593076308251e-07    1.49661576789328e-06
22.980977499999    0.0261942824648247    0.0372758431888815    0.000686140434961921    0.00138948848788574    1.05588628798796e-06    1.56322235421381e-06
23.3345309999989    0.0360905695012955    0.0155335598643789    0.00130252920897041    0.000241291482814139    1.42918561221044e-06    8.68271747504697e-07
23.6880844999988    0.0357518962854856    -0.0172920318331332    0.00127819809001462    0.000299014365106896    1.4165119367446e-06    4.34513564673989e-07
24.0416379999988    0.0254842731923238    -0.0374222127898113    0.000649448181135455    0.00140042201156231    9.9722610589995e-07    1.21506770265622e-06
24.3951914999987    0.0112681879127518    -0.0412779277221838    0.000126972059029172    0.00170386732102927    4.38277414361994e-07    1.99785808989264e-06
24.7487449999986    -0.00318272735639543    -0.0403426905409807    1.01297534783445e-05    0.00162753268315856    2.30643962931216e-07    1.75306116823597e-06
25.1022984999985    -0.0171555475350623    -0.0381233084779551    0.000294312812141294    0.00145338665586569    9.55778859806987e-07    2.56132150985279e-06
25.4558519999985    -0.0290870458094347    -0.0268866354289935    0.000846056236736712    0.000722891166179734    1.67826050443943e-06    1.21988686968586e-06
25.8094054999984    -0.034199293812456    2.9826690434296e-05    0.00116959170119509    8.89753643050813e-10    1.98100829230452e-06    3.49543684665883e-07
26.1629589999983    -0.0290769979052417    0.0268162960725878    0.00084547181002435    0.000719113738762142    1.68609605399557e-06    1.9259944783303e-06
26.5165124999982    -0.0173057968489141    0.0371108246914406    0.000299490605669226    0.00137721331364075    1.04562932981161e-06    2.08852042998581e-06
26.8700659999982    -0.0039906276528635    0.0375399151505089    1.59251090851472e-05    0.00140924523612048    1.46110513901202e-07    2.57158901514704e-06
27.2236194999981    0.00911195776634752    0.0365011890567895    8.30277748557182e-05    0.00133233680954229    7.21122292205151e-07    2.64249996666228e-06
27.577172999998    0.0214384678749207    0.0319109227152993    0.000459607908262608    0.00101830699746629    1.85434696134881e-06    2.98738873189132e-06
27.9307264999979    0.0301200835618819    0.0145018093745725    0.000907219440311882    0.000210302478072293    2.55678223676907e-06    1.71343358134563e-06
28.2842799999979    0.0303781231941879    -0.0131509307430776    0.000922830375458979    0.000172946979837421    2.5802566326206e-06    6.54368714937141e-07
28.6378334999978    0.0220688572477302    -0.0310464421163616    0.000487034463646006    0.000963881573130362    1.85076050336411e-06    2.24627873202247e-06
28.9913869999977    0.0101381898637046    -0.0348959799500462    0.000102782894453336    0.00121772942956282    8.60705088544461e-07    3.5900965153687e-06
29.3449404999977    -0.00211692186114161    -0.0342936912169068    4.48135829677166e-06    0.00117605726752254    3.61375718931399e-07    3.20031078161426e-06
29.6984939999976    -0.0140337473917018    -0.0326826961614244    0.000196946068589143    0.00106815864913115    1.65379786729998e-06    4.55534417613472e-06
30.0520474999975    -0.0243845798861515    -0.0238182219803766    0.000594607745263615    0.000567307703467172    3.00657789142183e-06    2.27171235358386e-06
30.4056009999974    -0.0291813431941851    -0.0014118168595533    0.000851550803641579    1.99322706294127e-06    3.60898421705208e-06    4.66928615112606e-07
30.7591544999974    -0.0252486556351265    0.0220018549020543    0.000637494621162932    0.00048408163035307    3.12757478854446e-06    3.34992818709975e-06
31.1127079999973    -0.0153644074914647    0.0315742236679603    0.000236065021440207    0.000996931613560241    1.96886560240729e-06    3.6504601068262e-06
31.4662614999972    -0.00396962301475744    0.0322430255318564    1.5757907001109e-05    0.00103961271781701    3.49023038154836e-07    4.72959445962804e-06
31.8198149999971    0.0073062768573025    0.0314876586013872    5.33816830320628e-05    0.000991472666424007    1.23146610547507e-06    4.71449789099551e-06
32.1733684999971    0.0180012942667668    0.0279520997370705    0.000324046606036056    0.000781319912133243    3.2798357762224e-06    5.69404107602051e-06
32.5269219999972    0.0257696122567561    0.0136544072512627    0.000664072937083816    0.000186442848284069    4.6065455031601e-06    3.30162608466869e-06
32.8804754999974    0.0264361872485912    -0.0101737725276919    0.000698872018604959    0.000103505648497948    4.72888836156559e-06    1.02602602820288e-06
33.2340289999975    0.0195514474209799    -0.0263825338453642    0.000382259108187059    0.00069603810964252    3.4542317867614e-06    4.18816554970098e-06
33.5875824999976    0.00929677480739784    -0.0302056735984811    8.64300246611637e-05    0.000912382759664401    1.68573321689477e-06    6.49048720974951e-06
33.9411359999977    -0.00134026735253274    -0.0298214629262309    1.79631689005903e-06    0.000889319685644674    5.60173110246904e-07    5.88082542158245e-06
34.2946894999978    -0.011729574767388    -0.028615089501545    0.000137582932547868    0.000818823413927658    2.88515578902982e-06    8.16983624803352e-06
34.6482429999979    -0.0208872056016667    -0.0214618840243067    0.000436275387343185    0.000460612484486579    5.4311036186091e-06    4.31436980971711e-06
35.001796499998    -0.0254232480496235    -0.00242773084919124    0.000646341585252592    5.89387734088167e-06    6.62268118182154e-06    5.14554989819627e-07
35.3553499999981    -0.022368080033694    0.0184087495730784    0.000500331038465917    0.000338882094486938    5.83713765849568e-06    5.80022630086418e-06
35.7089034999982    -0.013897456827426    0.0274178644140146    0.000193139320158394    0.000751739330451781    3.72669091397786e-06    6.43634153660368e-06
36.0624569999983    -0.00394634128931224    0.0282538833445606    1.5573610195662e-05    0.000798282000823061    7.8989326898536e-07    8.76213556044277e-06
36.4160104999984    0.00594965109956136    0.0276851609166192    3.53983526921735e-05    0.000766468207379671    2.11793808891335e-06    8.50885241014394e-06
36.7695639999985    0.0153995370400038    0.0249043581682563    0.000237145775292453    0.000620227174082767    5.85200846161767e-06    1.08770387585773e-05
37.1231174999986    0.0224536803111223    0.0129467221124181    0.000504167829687125    0.000167617652758311    8.37693525289921e-06    6.2691415440611e-06
37.4766709999987    0.0234153744693926    -0.00792612908472671    0.000548279837897686    6.28235253317804e-05    8.73818069770181e-06    1.75043701988805e-06
37.8302244999988    0.0176164675225357    -0.0228132843085149    0.000310339970192518    0.000520446003276854    6.49768904315562e-06    7.895297484942e-06
38.1837779999989    0.00864567412025085    -0.0266102248197543    7.47476919701179e-05    0.000708104204397233    3.31308655775258e-06    1.18084447036839e-05
38.537331499999    -0.000749173134876818    -0.0263804964817541    5.61261117544358e-07    0.000695930713769756    8.55291295106868e-07    1.09153982055116e-05
38.8908849999991    -0.00995831545953322    -0.0254547215390841    9.91680726214944e-05    0.000647943070352433    5.08231404020558e-06    1.48902693359633e-05
39.2444384999992    -0.0181808428270289    -0.0195871015928638    0.000330543144562338    0.000383654620484405    9.93283490252264e-06    8.46612290226096e-06
39.5979919999993    -0.0224971084385682    -0.00317619716405246    0.000506120038997102    1.00882298645992e-05    1.22841525660892e-05    1.19986011737397e-06
39.9515454999994    -0.0201172903034182    0.0156148804791764    0.000404705489633313    0.000243824594979455    1.09763978100462e-05    1.01291901201187e-05
40.3050989999995    -0.0127486112179155    0.0241753820688949    0.000162527138430809    0.000584449230156444    7.10248177648478e-06    1.14882286216478e-05
40.6586524999996    -0.00392375066527592    0.0251399041162097    1.53958224753649e-05    0.000632015046911374    1.78664816619344e-06    1.63688471295121e-05
41.0122059999997    0.00489265593047771    0.024699647968481    2.39380955477406e-05    0.000610072855682013    3.67337745054352e-06    1.56816812210063e-05
41.3657594999998    0.0133584878280644    0.0224752061476069    0.000178449310477724    0.000505135351936861    1.06501257122596e-05    2.14606484721895e-05
41.7193129999999    0.0198346236959342    0.0123394667785235    0.000393412542910946    0.00015226258911278    1.56764674348194e-05    1.21956752617281e-05
42.0728665    0.0210174719422339    -0.00616352024961902    0.000441734397901592    3.79890169341716e-05    1.64638695875666e-05    5.92171495011461e-06
42.4264200000001    0.0160780676496604    -0.0199792654069738    0.000258504411621398    0.000399171298597287    1.23399490356091e-05    1.58869438517392e-05
42.7799735000002    0.00812619681133208    -0.0237600951123532    6.6035118421571e-05    0.000564542596277055    6.61853966982878e-06    2.1829543848988e-05
43.1335270000003    -0.000283584177964279    -0.0236482812807495    8.04233049796159e-08    0.000559241636365386    1.82180897466734e-06    2.07082577327174e-05
43.4870805000005    -0.00855044725212454    -0.0229081137585219    7.3110234300033e-05    0.00052478275617424    9.27839797354898e-06    3.28664093117973e-05
43.8406340000006    -0.0160114197055357    -0.0180306375523564    0.00025636596477403    0.000325104469411544    2.0094457238761e-05    2.4059657068286e-05
44.1941875000007    -0.0201334697036366    -0.00373974032127273    0.000405357236243924    1.39857904860173e-05    2.51780990715168e-05    1.15245591766061e-05
44.5477410000008    -0.0182935929477263    0.013353719897797    0.000334656008296475    0.000178322509603062    2.15721897922283e-05    2.59710269644036e-05
44.9012945000009    -0.0118186591700218    0.0215466269425798    0.000139680893975395    0.000464257796700251    1.37622038648752e-05    2.57700901395537e-05
45.254848000001    -0.0039032090020919    0.0226300949097735    1.52350725833301e-05    0.000512122260371937    5.66297790945669e-06    3.2630454768556e-05
45.6084015000011    0.00404148624891404    0.0222728100587391    1.63336701568669e-05    0.000496079297547073    7.68483608642798e-06    3.50661432419613e-05
45.9619550000012    0.0116907413715438    0.0204243618817915    0.000136674091517678    0.000417159427535699    2.5645688755093e-05    6.97800639252008e-05
46.3155085000013    0.0176623569632875    0.0117466374099577    0.000311960832929994    0.000137985597640951    4.44908013256477e-05    4.5904247434455e-05
46.6690620000014    0.019009594551056    -0.00471414779009813    0.000361366522490944    2.22263417086751e-05    4.28660169026646e-05    5.61455411236254e-05
47.0226155000015    0.0147924688900284    -0.0175841455818086    0.00021881783532253    0.000309207153048775    2.64473074669359e-05    7.05493198828462e-05
47.3761690000016    0.00769583952013713    -0.0213969607851693    5.92262107881413e-05    0.000457833687297276    1.62747791654814e-05    6.12899274271873e-05
47.7297225000017    9.90661380127751e-05    -0.0213956632042231    1.00627469880012e-08    0.000457777278618894    1.57685537458252e-05    5.36159523615464e-05
48.0832760000018    -0.00737073831457298    -0.020630466393976    5.43284603550861e-05    0.000425651443526351    2.60202454235841e-05    0.000187882658530664
48.4368295000019    -0.0141209292832833    -0.0164570585899408    0.000199408441250915    0.000270872404811203    8.8303043130241e-05    0.00019397777825666
48.790383000002    -0.0180068303922517    -0.00409843312157979    0.00032425938817617    1.68124612022595e-05    0.00011596292877706    0.00012372206835171
49.1439365000021    -0.0166374105203908    0.0112720601281724    0.000276809712780582    0.000127103810985768    7.92714108095558e-05    0.000210882556495942
49.4974900000022    -0.0109885822994229    0.01913001073514    0.000120750299859655    0.000365985260415351    3.68633756637801e-05    0.000167181604188685
49.8510435000023    -0.00388155887643881    0.0204726129509621    1.50684164479413e-05    0.000419153067333559    4.3785119394537e-05    0.000158701901873664
50.2045970000024    0.00331180502983313    0.0201318052922442    1.09707278183601e-05    0.000405320381877756    5.17229420284772e-05    0.00017549231585867
50.5581505000025    0.0101447742210496    0.0181813467006385    0.00010292869470158    0.0003307638729889    0.000110682905213597    0.000450005711167082
50.9117040000026    0.0154873575477803    0.0107120951803544    0.000239906694120104    0.000114850960890885    0.000220114305115857    0.000319339533900804
51.2652575000027    0.0168925202337573    -0.00332427522715215    0.000285398821756563    1.12488436659554e-05    0.0002039164256806    0.000445014471784827
51.6188110000028    0.0134359081678833    -0.0149221032994776    0.000180536239331022    0.000222861503829819    0.000112298865658805    0.000438562366761491
51.9723645000029    0.00725606277072034    -0.0189496411792574    5.26582183463827e-05    0.000359238791484054    8.81556223328613e-05    0.000387157153423563
52.325918000003    0.00041174390401867    -0.0194094526424588    1.90221097134075e-07    0.00037687914132432    0.000143833426704432    0.000390242801942103
52.6794715000031    -0.00635955542868353    -0.018588892744171    4.04686805307602e-05    0.000346039013858978    0.000157274537869324    0.000701484429395491
53.0330250000032    -0.0124241369654821    -0.0148258047672925    0.000154451081541327    0.000220236552057723    0.000303153763408356    0.000657316559846701
53.3865785000033    -0.0160171604564179    -0.00428706525627849    0.000256685363251929    1.88153833971721e-05    0.000368692507777977    0.000660647323147514
53.7401320000034    -0.0150512199678762    0.00928097666119221    0.000226641512942173    8.65677388233698e-05    0.000319828736636859    0.000656666610827215
54.0936855000036    -0.0101938904012145    0.0168904790601181    0.000103961912471242    0.000285711758189162    0.000215663996228953    0.000650749805127759
54.4472390000037    -0.00384894054800229    0.0185899029168748    1.48520228106305e-05    0.000346173968103952    0.000194112000078034    0.000767774475430275
54.8007925000038    0.00272457406934281    0.0184664411719813    7.4753502566041e-06    0.000341581968641961    0.000228136795078857    0.000756649908290196
55.1543460000039    0.00905303874203757    0.0169251945087956    8.21101485240652e-05    0.000287905822646404    0.00039068921053964    0.00120150467574537
55.507899500004    0.01412361699886    0.0105245233881716    0.000199848426283977    0.000111428767567812    0.000609810752193787    0.000814355585503885
55.8614530000041    0.0156691114713812    -0.00236581391532135    0.000245984245865606    6.24924667301227e-06    0.000680581782767497    0.000807571167813806
56.2150065000042    0.0126611130649332    -0.0134889410355905    0.000160612824814644    0.00018304018706853    0.000555914356373084    0.00104338717976224
56.5685600000043    0.00700762547448071    -0.0174387556612292    4.92336669949858e-05    0.000305105872867885    0.000356163171025437    0.000997834583401675
56.9221135000044    0.000715989147365794    -0.0178681247098643    5.5956411029397e-07    0.000320547686129908    0.000216618676822599    0.00113040058503352
57.2756670000045    -0.00552719953932512    -0.0172074304937072    3.06957211650465e-05    0.000297534510009466    0.000381819875766977    0.0011995189926395
57.6292205000046    -0.0111889891330197    -0.0140598224928966    0.000125766144282978    0.000199143359615916    0.00075674729212911    0.001210269013135
57.9827740000047    -0.014706762355204    -0.00467558325274424    0.000217267106950792    2.27207792258023e-05    0.000989064193238725    0.00092720034105897
58.3363275000048    -0.0140652899937278    0.00800306602670272    0.000198739987642274    6.47977587391402e-05    0.000952683071442852    0.000865270426731981
58.6898810000049    -0.00971496781395304    0.0154001862655022    9.48024932056138e-05    0.000238592066893026    0.000649533355163773    0.0011942905345285
59.043434500005    -0.00388553785638109    0.0170917058643658    1.52006887617563e-05    0.000294360738467461    0.000321378792682026    0.0014947672439092
59.3969880000051    0.00216002912713541    0.0169903327257632    4.75857291487027e-06    0.000290554518742829    0.000304708196143298    0.00137226550298754
59.7505415000052    0.00795859181672542    0.0154975969636736    6.38059961113557e-05    0.000243040285097182    0.00068323671308472    0.00169256416384009
60.1040950000053    0.0126540188092589    0.0100115813909738    0.000161310342014532    0.000101400725774532    0.00108910513241595    0.00108118630514745
60.4576485000054    0.0142765480256106    -0.00137431349686266    0.000205355449665544    2.67049360050445e-06    0.00123920383229668    0.000884169674239956
60.8112020000055    0.0117821794618429    -0.0117512163635388    0.000139881439255592    0.000140261615250279    0.00103038166934391    0.00147327160685927
61.1647555000056    0.00674050841806386    -0.0157795604653595    4.58217669711125e-05    0.000251123175576795    0.000622344950266844    0.0014589883813303
61.5183090000057    0.000991862679917069    -0.0164266576921358    1.04162194312553e-06    0.000273050091636636    0.000240479452996    0.00179304453431321
61.8718625000058    -0.00475217367221208    -0.0158156125122967    2.28678879731373e-05    0.000252686232881262    0.000533604125051157    0.00159769638609639
62.2254160000059    -0.00996131438479184    -0.013034768035912    0.000100340956669608    0.000172801814116301    0.00105506985406032    0.00170195075318539
62.578969500006    -0.0133125953886874    -0.00487460050994602    0.000179183265720889    2.50614851093029e-05    0.00139931045089628    0.00114006797066528
62.9325230000061    -0.0129773839915086    0.00661722405199361    0.000170291303879234    4.49170647438254e-05    0.00137069639824851    0.00106273730975377
63.2860765000062    -0.00919119121869481    0.0137617549886038    8.54134213511111e-05    0.000192189754008499    0.000967173889483435    0.0016744711529729
63.6396300000063    -0.00390628724264324    0.015650640467198    1.5485547495607e-05    0.000248696989727756    0.000475885987994684    0.00193763843228301
63.9931835000064    0.00165634528083138    0.0156623544383132    2.86109525753845e-06    0.000248933891042017    0.000342951262143839    0.00190382365009641
64.3467370000062    0.0069861900181602    0.0142090259293255    4.95147175013013e-05    0.000205782800528038    0.000841348044188618    0.00197139104892794
64.7002905000059    0.0113321469814552    0.00950171891447243    0.000130273334832802    9.21644889411131e-05    0.00136227002591194    0.00137179685502995
65.0538440000057    0.0130059062342769    -0.000544309108734426    0.000171621245724515    1.26650401561512e-06    0.00157087515408214    0.000985003355204365
65.4073975000054    0.0109760516365207    -0.0101893418002685    0.000122272042079744    0.000106472058722466    0.0013410192214037    0.00162768928231655
65.7609510000052    0.00649786719670813    -0.0142694943454456    4.28925828437544e-05    0.000206820023054926    0.000818721404202191    0.00178928873584557
66.1145045000049    0.0012435799298155    -0.0151592384220391    1.64362352029551e-06    0.00023466492930462    0.000311660838822561    0.00220508951482554
66.4680580000047    -0.0040628864932772    -0.0145968780944682    1.68641615565446e-05    0.000216917239387531    0.000597590912991781    0.00196173119533895
66.8216115000044    -0.00886908484167431    -0.0121039662599624    8.00607364977755e-05    0.000150579181010476    0.00118324577707195    0.00201821252304303
67.1751650000042    -0.0120512404431321    -0.00497355537086757    0.000147731563512609    2.65528091127512e-05    0.00158087548352959    0.00134779675235755
67.5287185000039    -0.0119762919908585    0.00538259415022664    0.000145874538459527    3.06620387219361e-05    0.00156299987499216    0.00129989189392122
67.8822720000037    -0.00870499693471602    0.0122127215432619    7.70774212363519e-05    0.000152974914192796    0.00114037257198539    0.00195559369490285
68.2358255000034    -0.00392469934290142    0.0143231713831787    1.5761799582126e-05    0.000209570608528027    0.000598777629805267    0.00210175404272631
68.5893790000032    0.00121038970028974    0.0145040489074771    1.60654349450857e-06    0.000215308100002441    0.000376165213624386    0.00222276073655092
68.9429325000029    0.00614936796472732    0.0131579159555431    3.8616853023365e-05    0.000178618104330775    0.000895615239793551    0.00234250977322201
69.2964860000027    0.0102126799651072    0.00907337008541578    0.000106582950608454    8.54159158609433e-05    0.00151133005619311    0.00175780293378561
69.6500395000024    0.0119363742598379    0.000110052547650641    0.000145541407766953    1.67563776851667e-06    0.00175053628812228    0.00128977757976803
70.0035930000022    0.0102939425968015    -0.0088540090534647    0.00010821496511369    8.18802846308785e-05    0.00149990363938679    0.00186729973813621
70.3571465000019    0.00629850329296723    -0.0129693002754199    4.05359034003804e-05    0.000173042722976546    0.000929924550090672    0.00219999394147799
70.7107000000017    0.00148880189415983    -0.0139833427640301    2.39530347831756e-06    0.000201311923649653    0.000422814851044371    0.00240375722428431
71.0642535000014    -0.00341278969859487    -0.0134522977825662    1.20199350599303e-05    0.000186402451394198    0.000610574756352608    0.00233198108126177
71.4178070000012    -0.00783183371245407    -0.0112085625707734    6.29407228114933e-05    0.000131874503213696    0.00126613724057115    0.00249852522715956
71.7713605000009    -0.0108440401376912    -0.00500844644588775    0.000120670394746785    2.83817492753245e-05    0.00175419161978595    0.00181582308444377
72.1249140000007    -0.0109997143218259    0.00421988028757143    0.00012419530340397    2.07753215985989e-05    0.00178929825411723    0.00172276868939651
72.4784675000004    -0.00821217199190971    0.0107263259115386    6.92142813697078e-05    0.000121024522685405    0.00133210830828482    0.00244345147790179
72.8320210000002    -0.00391865436661447    0.0130059254515166    1.58849551460813e-05    0.00017545925106874    0.000727394735404875    0.00251100661455376
73.1855744999999    0.000780289365150152    0.0133382174942722    8.08380809089819e-07    0.000184715486122522    0.000446687044499156    0.00260910716491565
73.5391279999996    0.00527977616308274    0.0118250598581077    2.87611052699918e-05    0.000148613129175424    0.000940781025390661    0.00296329015244779
73.8926814999994    0.0089464269834458    0.00826255000560466    8.28668416471411e-05    7.47787786099376e-05    0.00168175083678111    0.0025512832094497
74.2462349999991    0.010620721405917    0.000624528830076297    0.000116939321336599    4.24939911700552e-06    0.00203460024439551    0.00196452611522704
74.5997884999989    0.00936577286933345    -0.00733720522741416    9.09737804751534e-05    5.97000820391852e-05    0.00180446087106669    0.00242187974309038
74.9533419999986    0.00593074880569171    -0.0114126662214281    3.65422337175988e-05    0.000139147283168754    0.00116980866870834    0.00298300735618066
75.3068954999984    0.0016485773398582    -0.0125529801635233    3.05224098211772e-06    0.000166889916678954    0.000578302461194641    0.00305165622132381
75.6604489999981    -0.00276452447439118    -0.0120612176031578    8.12891146276946e-06    0.000155129593408216    0.000697363530206181    0.00310751079442904
76.0140024999979    -0.00667529267472064    -0.00988957177383426    4.66382277723939e-05    0.00010932030755977    0.00144176817804209    0.00339362309191094
76.3675559999976    -0.00937371335676838    -0.00474634722354908    9.20883951193305e-05    2.90860848997182e-05    0.0020547245617047    0.00256091251963557
76.7211094999974    -0.00969522985081909    0.00300154665155513    9.86312141335124e-05    1.50360678311362e-05    0.00215261057167776    0.00245495122755512
77.0746629999971    -0.00747193411228249    0.00891550792038914    5.86012933559846e-05    8.99766411027626e-05    0.00166478045930803    0.00323888246533292
77.4282164999969    -0.00381152954404507    0.0113328986782649    1.54566873003351e-05    0.000139745950501034    0.000963810061789501    0.00336323624641733
77.7817699999966    0.000334242703687009    0.0118711617093831    4.44518725220075e-07    0.000152451757511646    0.000576888672320816    0.003395184410503
78.1353234999964    0.00432064391223427    0.0102788597232984    1.97940349142862e-05    0.000119689572615143    0.00106116497207513    0.00374628020894018
78.4888769999961    0.00749733995915164    0.00722369889676998    5.98678135918598e-05    6.30597825374559e-05    0.00191251330159242    0.00329817476587583
78.8424304999959    0.00906308077949054    0.00111547040563529    8.7330136364735e-05    8.86413016035786e-06    0.00227831146886553    0.00276040865353478
79.1959839999956    0.00823243883402489    -0.00558025001003648    7.20130121158281e-05    4.088341601879e-05    0.00205911703403837    0.00312157425737044
79.5495374999954    0.00546905142801906    -0.00951294029735518    3.19098452404868e-05    0.00010375670382592    0.00141397373319643    0.00364152038644241
79.9030909999951    0.00179422177746864    -0.0109749634951623    3.84781061040909e-06    0.000133922936810177    0.000792829630921024    0.00367057394558836
80.2566444999949    -0.00208764949946388    -0.0106018895829283    4.92174458901288e-06    0.000127009812837812    0.000750642495733557    0.00382227028207182
80.6101979999946    -0.00545065991639043    -0.00837533672452224    3.19866367224027e-05    8.75330197368268e-05    0.00150895433935471    0.00416974273639224
80.9637514999944    -0.00777628517977186    -0.00433667579251458    6.54716800724812e-05    3.07093141086251e-05    0.00223630697252002    0.00345000828683688
81.3173049999941    -0.0082157607555894    0.00188203994214179    7.35619923135924e-05    1.29788991754681e-05    0.00246237030531752    0.00307194154105365
81.6708584999939    -0.00655987163146582    0.00706568830308917    4.7058812557685e-05    6.43857169427688e-05    0.00200671291827578    0.00380286283559607
82.0244119999936    -0.00356180326091939    0.00951605586347647    1.42401310636164e-05    0.000108249456080092    0.00124647045457176    0.00420643992983228
82.3779654999934    -4.11577977197026e-05    0.0101684755157807    5.39411227139783e-07    0.000121816338600387    0.000733292071978585    0.00429167150249813
82.7315189999931    0.00339253507322909    0.00883343210655598    1.27947773723421e-05    9.73742235143951e-05    0.00113379149284717    0.00439826110335223
83.0850724999928    0.00609571016014554    0.00621251531710133    4.13300929612632e-05    5.53805178718577e-05    0.00204264793950442    0.00409697099167655
83.4386259999926    0.00752406761678359    0.00143367384859025    6.28778854864048e-05    1.43205342998138e-05    0.00250325627622768    0.00350215841955818
83.7921794999923    0.00704432078358717    -0.0039990939318945    5.51985990846969e-05    3.01392510195828e-05    0.0023613859876392    0.00376118315739442
84.1457329999921    0.00491227395429698    -0.00762305169037891    2.69991257912466e-05    7.66602660526345e-05    0.00169372087109479    0.00430689551515309
84.4992864999918    0.00189725738693255    -0.00919661233372627    4.50538695082212e-06    0.000104618844562115    0.000951735971029765    0.00447673610404595
84.8528399999916    -0.0014126711708734    -0.00919468027198485    2.68708618856696e-06    0.000104505983332505    0.0008315325318652    0.00446809109446944
85.2063934999913    -0.00434208917680825    -0.00721433943225456    2.12542760694862e-05    7.34988918422195e-05    0.00154936685459928    0.00463165180021518
85.5599469999911    -0.00639624698960546    -0.00408454346965161    4.64064762471991e-05    3.2385082768828e-05    0.00234403513095734    0.00396252285966331
85.9135004999908    -0.0069791643174272    0.000892693536609156    5.55391515948019e-05    1.39365364786662e-05    0.00261350665297657    0.00362486340823519
86.2670539999906    -0.0058350273252663    0.00538643606879454    3.89006391628318e-05    4.64859998703122e-05    0.0022029741887338    0.00417998879748517
86.6206074999903    -0.00344049337074334    0.00782332000354711    1.3910263550518e-05    8.32621168490054e-05    0.00143988503582375    0.00469657119301996
86.9741609999901    -0.000470765761175821    0.00874970571702442    8.96266989735825e-07    9.94679621180538e-05    0.000821368728306827    0.00478650310597664
87.3277144999898    0.00252932686080458    0.00784061618060327    7.67130778179003e-06    8.42181895412136e-05    0.00112863342720411    0.00476895454472737
87.6812679999896    0.0049327080721857    0.00564934629864    2.83570232826487e-05    5.31648015745917e-05    0.00200634352921995    0.00460973838440255
88.0348214999893    0.00634424598154065    0.00201325604986993    4.69097257555929e-05    1.95715479392389e-05    0.00258074963553194    0.00393933344830075
88.3883749999891    0.00624007043277244    -0.0025476231447473    4.56669098117349e-05    2.20409275781946e-05    0.00259392189662181    0.0039434177930499
88.7419284999888    0.00467021678880114    -0.00601432555084948    2.59460784980278e-05    5.70926087422697e-05    0.00203350771909717    0.00457389297105526
89.0954819999886    0.00218985281642349    -0.00776412853247555    6.31802920771933e-06    8.43963866287941e-05    0.00123392619314181    0.00491067151823384
89.4490354999883    -0.000649303528213536    -0.00803809832648702    1.16858109131352e-06    8.9272302797967e-05    0.000864283529614545    0.00496601229274491
89.8025889999881    -0.00327009282169792    -0.00652934687850289    1.2805177282682e-05    6.65498980531241e-05    0.00145315870439595    0.00489055491670512
90.1561424999878    -0.0051839459983513    -0.00410403219224966    3.20847276353549e-05    3.68105007555739e-05    0.00228285600105055    0.00446849197387132
90.5096959999876    -0.00599566110762251    -0.00025647599334657    4.33419702432127e-05    1.54825800868789e-05    0.00271919438910782    0.00392642332813412
90.8632494999873    -0.00536940782786949    0.00366624891121789    3.52251740525097e-05    3.15193071690117e-05    0.00252876128381536    0.00425181444679861
91.2168029999871    -0.00355865004171778    0.00628351119843838    1.59843849974529e-05    6.2971884786075e-05    0.00182219507134525    0.00484658351884855
91.5703564999868    -0.00109798467863805    0.00743576573358307    2.2334740031175e-06    8.18271882875341e-05    0.00101385583225308    0.00515136644423651
91.9239099999865    0.00153497571339488    0.00715258651188773    3.36844453042287e-06    7.76241897309357e-05    0.001006128267027    0.00514438489237513
92.2774634999863    0.00377230539586302    0.00538590686629816    1.76348939255426e-05    5.32499972940221e-05    0.00184515742577303    0.00492361701613604
92.631016999986    0.00523049576972901    0.00265134202043353    3.39976358880906e-05    2.55353835558643e-05    0.0025767324057685    0.00430183321928543
92.9845704999858    0.00550470312453328    -0.00112848753616621    3.80276960892422e-05    1.74239614080169e-05    0.0027795574467882    0.00401876564242485
93.3381239999855    0.00448844419903682    -0.00444483626505199    2.56821774634203e-05    4.02514780412022e-05    0.00235288039125517    0.00452713028507916
93.6916774999853    0.00254363344527587    -0.00632791792416401    8.8996704360167e-06    6.53628400360544e-05    0.00155871720722224    0.00503192754132034
94.045230999985    0.00015224675701859    -0.00699296734407525    8.28490454367729e-07    7.6358002793643e-05    0.000897391430394258    0.00523988649861236
94.3987844999848    -0.00222413901191706    -0.00617843588493917    6.51159901962456e-06    6.42700005105849e-05    0.00125092153042994    0.00510851549143985
94.7523379999845    -0.00409770573130428    -0.00429671558573947    2.13014259501967e-05    4.21579924736667e-05    0.00212373107756909    0.00486787711933345
95.1058914999843    -0.00512883658769102    -0.0013022718089949    3.39606975422652e-05    1.91511688059362e-05    0.00276689949203564    0.00417794889167321
95.459444999984    -0.00495022288549835    0.00222485241052336    3.23959601173821e-05    2.28218564637236e-05    0.00280913750131076    0.00422751560790874
95.8129984999838    -0.00364983907358669    0.00491876139028429    1.82179656043908e-05    4.73312755638895e-05    0.00221283536245033    0.00481009999369431
96.1665519999835    -0.00163086160955777    0.00629698561316607    4.43778963451533e-06    6.72822503152193e-05    0.00133344667871871    0.00525644580518043
96.5201054999833    0.000653307031374657    0.00640466501346696    1.22676896630671e-06    6.97594989018264e-05    0.000894404208992298    0.00536094814068357
96.873658999983    0.00273490384070028    0.00519109880943018    9.95037048611404e-06    5.41516317526349e-05    0.00157183697253783    0.00521575736622855
97.2272124999828    0.00425188482269367    0.00323360921731165    2.42051396540473e-05    3.23187512863674e-05    0.00247520001385635    0.0046757376654475
97.5807659999825    0.004878806630715    0.000155127248603374    3.23927902863666e-05    1.67007834925193e-05    0.00293087634445024    0.00408371387700706
97.9343194999823    0.00435461544280834    -0.00302021020095555    2.63993041283089e-05    2.84666733544495e-05    0.00272701823858294    0.00439829554446874
98.287872999982    0.00287837690619828    -0.00510639816359082    1.21759184176558e-05    5.15553461574318e-05    0.00197252751654323    0.00504777613928234
98.6414264999818    0.000889136782921776    -0.00596621804383066    1.95839531692328e-06    6.45356137233763e-05    0.0010806623423525    0.00537957767643946
98.9949799999815    -0.00121363634860474    -0.00572460138941061    2.53785285053773e-06    6.11659740398211e-05    0.0010319591386693    0.00532868773453457
99.3485334999813    -0.00303689236745205    -0.00448623306614965    1.2817250641229e-05    4.60982341234938e-05    0.00189592599795996    0.0050962679481832
99.702086999981    -0.00428558903872387    -0.00238288683794636    2.56937273098042e-05    2.53591046299098e-05    0.00270692702173037    0.00443632223214813
100.055640499981    -0.00459770035049671    0.000661117436262293    3.00096721054825e-05    1.72627675386725e-05    0.00297839278681051    0.00410191312367076
100.409193999981    -0.00384441641782472    0.00344693496234051    2.13672953229366e-05    3.30640308961793e-05    0.00256666276111538    0.00460246349921147
100.76274749998    -0.00230798840773678    0.00506142383775223    8.2054974230755e-06    5.24429803809764e-05    0.0016966693646165    0.00517928268350066
101.11630099998    -0.000381842446431269    0.00566275363932678    9.636950690508e-07    6.09425201586955e-05    0.000904373493173138    0.00537361529875248
101.46985449998    0.00157219937094106    0.0052107109986231    3.91609149670104e-06    5.479073473906e-05    0.00120178227425502    0.00525730212446348
101.823407999979    0.00320238715739639    0.00390721065722193    1.47232411208383e-05    3.96819704231068e-05    0.00211375438851845    0.00494122204552661
102.176961499979    0.0042287057408249    0.00171751108259609    2.57758356524523e-05    2.07402983582542e-05    0.00280960556127846    0.00421787316540146
102.530514999979    0.00432187705925718    -0.00122282527843338    2.70206725422655e-05    1.86812739478173e-05    0.0028882609347031    0.00414559673463804
102.884068499979    0.00341551668419315    -0.00371688264426858    1.7101988028032e-05    3.56142527690701e-05    0.00233157324740834    0.0046689437968137
103.237621999978    0.00183391744622026    -0.00504374360957943    5.42856580676697e-06    5.17083085413938e-05    0.00143711955216535    0.00512532525233476
103.591175499978    -3.41267425396199e-05    -0.00538113612993046    6.22763291102134e-07    5.66607689230354e-05    0.000788415281780971    0.00526347251101328
103.944728999978    -0.00185452660421736    -0.00472952211895488    5.23269033599501e-06    4.86013980409139e-05    0.00133918684665175    0.00512181789672674
104.298282499978    -0.00329699187730261    -0.00332931642458714    1.59703870313702e-05    3.32374099467313e-05    0.00225836923295788    0.0047067039519929
104.651835999977    -0.00410345054990895    -0.00105361089544534    2.47637768197924e-05    1.77260064122488e-05    0.00281522119987833    0.00407626182834808
105.005389499977    -0.0039784544273427    0.00172152498170328    2.34960301284575e-05    2.01193476589326e-05    0.00276910283269054    0.00414194391515676
105.358942999977    -0.00296838925848571    0.0038135545857799    1.34224615610191e-05    3.6626166319498e-05    0.00214735343414301    0.00469925182776738
105.712496499977    -0.0014048697110388    0.00488496166208032    3.49942112523568e-06    5.0145446491018e-05    0.00123521747892484    0.00512665544492932
106.066049999976    0.000382946524177064    0.00507394520588456    6.81283506326369e-07    5.30970290554476e-05    0.000731187709105585    0.00522992438789786
106.419603499976    0.0020604551096398    0.00426092070078511    6.39974910092817e-06    4.29069401511606e-05    0.0014677444743849    0.00497508742966207
106.773156999976    0.00333356438385789    0.00282167212787509    1.65643437935461e-05    2.7669846154373e-05    0.00233488592702519    0.00443937073887121
107.126710499976    0.00394966010847317    0.000508292487271971    2.34050257982726e-05    1.56755969440175e-05    0.0027937807404677    0.00392647879039227
107.480263999975    0.00366836154067696    -0.00204703348217542    2.04763110812061e-05    2.10500030701678e-05    0.00264942157613474    0.00410605126526942
107.833817499975    0.00259421613268058    -0.00384454746897023    1.05521175761079e-05    3.71882252621607e-05    0.00195503458615129    0.00473367510724969
108.187370999975    0.00106089449532402    -0.00470152295740717    2.18418696305486e-06    4.83188370688117e-05    0.00102892654395056    0.00512001161617677
108.540924499975    -0.000632529160537375    -0.00473443759064186    9.81868414123533e-07    4.88991979688618e-05    0.000762741945348108    0.00514628979646299
108.894477999974    -0.0021741943115355    -0.00385803042554657    7.32928768412845e-06    3.86088069004447e-05    0.00161312329963185    0.0048707707948539
109.248031499974    -0.00329776693754927    -0.00237927049272937    1.68152978649513e-05    2.40817859814206e-05    0.00243721789968771    0.00429195269124066
109.601584999974    -0.00375003099276746    -7.21368085971929e-05    2.18812220933161e-05    1.48611926663431e-05    0.00279615622714462    0.00385434676011235
109.955138499974    -0.00334627595979909    0.00229171645342678    1.7580244653444e-05    2.25946651052237e-05    0.00252639701043101    0.00416445684361318
110.308691999973    -0.00223212116590249    0.00383048547224763    8.04706271910191e-06    3.76087024803206e-05    0.00175062783590117    0.00478916313432947
110.662245499973    -0.000733070336538601    0.00453696119677686    1.24131606382952e-06    4.61789028015241e-05    0.000839001755371645    0.00505913884969222
111.015798999973    0.000884576267241342    0.00445047083894568    1.5116400464595e-06    4.49850106723679e-05    0.000853911514088479    0.00501780031329088
111.369352499973    0.00229637398932945    0.00344581217121972    8.26323091374812e-06    3.37702565827687e-05    0.00172913198307106    0.00467938404744073
111.722905999972    0.00325992006144392    0.00187822824502917    1.67378155924505e-05    2.05179575044079e-05    0.00247199045011221    0.00412191899046821
112.076459499972    0.0035354480938713    -0.000360445185983589    1.99116430131113e-05    1.42477238186344e-05    0.00272254472665797    0.00375736650947651
112.430012999972    0.00301792094994428    -0.00249165258864051    1.46836350588847e-05    2.37307263522597e-05    0.00236131069509544    0.00418597583960786
112.783566499972    0.00188315475685095    -0.00377275732479971    5.96129060830911e-06    3.70447784786492e-05    0.00155403306594769    0.00477609470664259
113.137119999971    0.00042973683391927    -0.00433894769671764    6.64381046056685e-07    4.40099294582735e-05    0.000692609052517888    0.00501831269884831
113.490673499971    -0.00109250103791912    -0.00411483060059074    2.12749999036114e-06    4.09658168699994e-05    0.000966406473750456    0.00490244693989048
113.844226999971    -0.00238651018622408    -0.00313160639275286    9.17971968754515e-06    3.07167565565425e-05    0.00186662498070551    0.00457272325397153
114.197780499971    -0.00322810704306938    -0.00149251897684594    1.68305055948186e-05    1.75245758511559e-05    0.00253176430840322    0.00391113320597888
114.55133399997    -0.00335774543587644    0.000755626167032694    1.83207858403499e-05    1.45298749883686e-05    0.00265449268753953    0.00373616167798773
114.90488749997    -0.00273276210457563    0.00266800459074    1.22132891153301e-05    2.52123036685255e-05    0.00217837104165599    0.00425371075325013
115.25844099997    -0.00157728402950033    0.00373049573652021    4.26072685511096e-06    3.64821886422098e-05    0.00133150364077391    0.00475032527328543
115.61199449997    -0.000163988225711042    0.00416433137449387    3.6129157388201e-07    4.18064098879946e-05    0.000578272803882523    0.00494618581246202
115.965547999969    0.00127529543512545    0.00381994448377796    2.87263215215438e-06    3.73669736265136e-05    0.00111635733763996    0.00477231576568105
116.319101499969    0.00245228710009808    0.00274958763644293    9.95442049827008e-06    2.66247039779952e-05    0.00198512177887469    0.00436628810404391
116.672654999969    0.00314064987300221    0.00102328817195705    1.63196695118624e-05    1.54206633993186e-05    0.0025408636104824    0.0037912458000572
117.026208499969    0.00313636596185466    -0.00104159954114315    1.63001053625645e-05    1.53662700751521e-05    0.00254230484322475    0.00377906608450322
117.379761999968    0.00243702262563259    -0.00279009007541197    9.8882728929788e-06    2.63001313126851e-05    0.00198725781295071    0.00430296742769135
117.733315499968    0.0012650848737442    -0.0037174306363663    2.88451650800095e-06    3.65275314355109e-05    0.00113317111250887    0.00476531645321863
118.086868999968    -0.000120408600773254    -0.00400421259331602    3.63513772112266e-07    3.96080832861738e-05    0.00059077537268584    0.0048553439418545
118.440422499968    -0.00146314022390973    -0.00343977634137804    3.75690378085272e-06    3.3103484364533e-05    0.0012712688409735    0.00461209530320319
118.793975999967    -0.00248849386268441    -0.00228244573124991    1.04477058525037e-05    2.24171537855685e-05    0.00206279037904624    0.00414820386064469
119.147529499967    -0.00301054096656035    -0.000566688503971395    1.5312619452056e-05    1.38581728751917e-05    0.00249985250379255    0.00367927126135847
119.501082999967    -0.00287252476317807    0.00132716290317992    1.40247624328129e-05    1.62888260778361e-05    0.00240278253650673    0.0038114911394701
119.854636499967    -0.0021112114011218    0.00286271787637335    7.76511305297899e-06    2.66873552692263e-05    0.0018187631711557    0.0043002559958122
120.208189999966    -0.000944919777017172    0.00361674695049372    1.89460804973146e-06    3.52762547422649e-05    0.0010008669565598    0.0047111990234291
120.561743499966    0.000370924065336109    0.00371825296193513    5.74950869174137e-07    3.65951007911384e-05    0.000661336681977245    0.00477176023100481
120.915296999966    0.00159487442127864    0.00307540115742513    4.47879586593061e-06    2.98031488274943e-05    0.00139110439805276    0.00451054947300242
121.268850499966    0.0024906516803841    0.00192188809219221    1.07689682646956e-05    1.99605879569189e-05    0.00213673172665534    0.00403322874605553
121.622403999965    0.00288514652608389    0.000205763251910413    1.44749408706545e-05    1.32542763649667e-05    0.00248009483562233    0.00363482294604978
121.975957499965    0.00262648122419685    -0.00161300535240766    1.21857897600425e-05    1.74612351148523e-05    0.00229943169913435    0.00385479556500167
122.329510999965    0.00180716851193463    -0.00288966711478885    6.04869052505227e-06    2.73819163466645e-05    0.0016681823924632    0.00436253828778297
122.683064499965    0.00066331937583979    -0.0034907078127451    1.16276386893158e-06    3.42003966294912e-05    0.000850159558298967    0.00469205238627315
123.036617999964    -0.000589737433237914    -0.00347557287798391    8.82561343186133e-07    3.40736416750239e-05    0.000731280454425038    0.00468977982903745
123.390171499964    -0.00170199224210913    -0.00271407605280005    5.17352532890801e-06    2.66951706401237e-05    0.00150888957074676    0.00439647151926871
123.743724999964    -0.00246132070363506    -0.0015189108084889    1.0942788252492e-05    1.7492482155637e-05    0.0022101331738946    0.003896843865424
124.097278499964    -0.00271862725534098    0.000127361046444437    1.35149162733081e-05    1.25931351496443e-05    0.00247466808275882    0.00354639455130036
124.450831999963    -0.00237635845238301    0.00175598695201106    1.04571366789999e-05    1.81882479070436e-05    0.00219318425691679    0.00388648398059358
124.804385499963    -0.00154250143200017    0.00286029785621535    4.58903692574213e-06    2.78003321787182e-05    0.00148651480248922    0.00442933723625196
125.157938999963    -0.00042298382181902    0.00337534204712859    6.77117350427304e-07    3.31580483205314e-05    0.000705834284309483    0.00466530967733302
125.511492499963    0.000768143708013584    0.00321783985346821    1.29090001333815e-06    3.14514232911967e-05    0.000837170984433464    0.00459313944580702
125.865045999962    0.00177152799683473    0.00240153447892196    5.81290293271273e-06    2.41363238235512e-05    0.00163541783319843    0.00428590200192448
126.218599499962    0.00241887404206048    0.00119618850114146    1.09293168459792e-05    1.53880980047808e-05    0.00225352284537459    0.00373593777712072
126.572152999962    0.00255912239893349    -0.000441859241530425    1.23162352227204e-05    1.27280127778361e-05    0.00240148449297457    0.00354016570071377
126.925706499962    0.00212862622423219    -0.0019291566414078    8.63126090498296e-06    1.9343942318727e-05    0.00202489784989119    0.00395250515137415
127.279259999961    0.00126043115446895    -0.00287539876467548    3.25562417804747e-06    2.75589869614168e-05    0.00129109933114828    0.00439215993624088
127.632813499961    0.000166710732811405    -0.00322385518966268    3.855654763988e-07    3.15222426147036e-05    0.000598141294314549    0.00459662923573227
127.986366999961    -0.000951235568638186    -0.00297249130300401    1.85803174633434e-06    2.86962400579877e-05    0.000976310728862449    0.00445651607329686
128.339920499961    -0.0018570080434837    -0.00210024858424353    6.45058836245317e-06    2.12112078439892e-05    0.00173265965754675    0.00409880027915148
128.69347399996    -0.00239046699266263    -0.000823343789567663    1.0786273520271e-05    1.39370142488101e-05    0.00225209703992999    0.00364130735491944
129.04702749996    -0.0023941021795799    0.000779722469345307    1.11397668700492e-05    1.31372319181487e-05    0.00232551964596732    0.0035396701525632
129.40058099996    -0.0018716952371188    0.00210000998892573    7.03934435308988e-06    2.05216251288354e-05    0.00188045241695627    0.00401392366335579
129.75413449996    -0.000977301407742227    0.00285704115240827    2.23421469144173e-06    2.7582500117304e-05    0.00113097155130745    0.00440679202717233
130.107687999959    8.58687623790177e-05    0.00307237593054979    3.19893640574259e-07    3.01796084422171e-05    0.00055903505813299    0.0045541315948922
130.461241499959    0.00111489756344431    0.00263226224851351    2.44482756685023e-06    2.61635494132782e-05    0.00109628052517418    0.00438574336553438
130.814794999959    0.0019036368717567    0.00177967859291727    7.00608573659395e-06    1.90991683371132e-05    0.00183909010031654    0.00399147998153883
131.168348499959    0.00231831749185869    0.000466813522941159    1.06039959109442e-05    1.27932955173235e-05    0.00228678812264851    0.00354617831645883
131.521901999958    0.00221316566863566    -0.00102617682935365    9.98531792587866e-06    1.37557639931434e-05    0.00225548567919442    0.00356408825761106
131.875455499958    0.00162775724805701    -0.00219675775421529    5.68846554064958e-06    2.12278127257228e-05    0.00174323603738778    0.00404994667804624
132.229008999958    0.000732015931473468    -0.00278535112582046    1.46974516064816e-06    2.72603341688035e-05    0.000966383897173993    0.00441612423678209
132.582562499958    -0.00027999755309902    -0.00284789448116063    3.90568483646434e-07    2.85370188083634e-05    0.000558721624697841    0.00451957031503419
132.936115999957    -0.00121352986992243    -0.00234916497952441    3.02497188106644e-06    2.3802905931942e-05    0.00124592019643013    0.00427601798767476
133.289669499957    -0.00189954592536249    -0.00146760405364302    7.45031127272529e-06    1.69611859975079e-05    0.00196011136167414    0.00384802863025192
133.643222999957    -0.00220205130984105    -0.000182361421092618    1.02112719483936e-05    1.19145300372399e-05    0.00231565152326963    0.00344692244608679
133.996776499957    -0.00202069704577825    0.00117755388852428    8.66465042509652e-06    1.47863676132151e-05    0.00214042843241244    0.00366056477238642
134.350329999956    -0.00141459867681995    0.00216675567325624    4.3218330995699e-06    2.16934215300224e-05    0.00152339872755269    0.00412293480210812
134.703883499956    -0.000542570054127595    0.00268863673248515    8.59566168120283e-07    2.67253585612612e-05    0.000751787140408947    0.00441549443233629
135.057436999956    0.000429335219993362    0.00271756768553461    6.06914742587339e-07    2.67861989013568e-05    0.000650066159295029    0.00440465943926371
135.410990499956    0.00130350231630147    0.00214248530642221    3.63843257266085e-06    2.16161019119566e-05    0.00139259264828504    0.00412624025278722
135.764543999955    0.00190910423620812    0.00123611857222369    7.7682319812745e-06    1.50129152203605e-05    0.00203065334229324    0.00367218274269735
136.118097499955    0.00212256944714966    -8.21746735327881e-05    9.58617405450244e-06    1.15104855891008e-05    0.00225407919038556    0.00339171533477245
136.471650999955    0.00186478556191014    -0.00133314574431777    7.37320601458225e-06    1.54424854480224e-05    0.00197377324499896    0.00369664819430113
136.825204499955    0.00121928339439185    -0.00222958717621162    3.21757063130058e-06    2.20057602420987e-05    0.00131564381025446    0.00412731162692755
137.178757999954    0.000348561292641205    -0.00263064279177452    4.64023570258814e-07    2.5942472706508e-05    0.000585259425837044    0.00436144370691549
137.532311499954    -0.000589033173652898    -0.00256206598437123    9.35362619310578e-07    2.49709302285318e-05    0.000767074011844341    0.00429030862762339
137.885864999954    -0.00139464094627851    -0.00193298653373305    4.21417651956285e-06    1.9623523187766e-05    0.00150637085424746    0.003985860791369
138.239418499954    -0.00191627910031515    -0.000960804422974861    7.91809991626423e-06    1.31893604586196e-05    0.00206057621212116    0.00350231570812963
138.592971999953    -0.00203236458414339    0.000321177780911592    8.91160738309761e-06    1.13606726947843e-05    0.00218657302192662    0.00335522242598505
138.946525499953    -0.00170109869436495    0.00150393301356692    6.24221011198761e-06    1.61336428837368e-05    0.00182988342361405    0.0037244903509662
139.300078999953    -0.00102077946550291    0.00226473280404763    2.37472156971269e-06    2.1962249389179e-05    0.00115443962705733    0.0041028325234464
139.653632499953    -0.000150775192955604    0.0025779291988551    2.58779836270038e-07    2.49036958318132e-05    0.00048584635169901    0.00427293539355599
140.007185999952    0.000743488879212673    0.00239108408967397    1.27440055311561e-06    2.30247981525389e-05    0.000849485043778108    0.00416023016534505
140.360739499952    0.00147780979100281    0.00169591839325837    4.64411648640935e-06    1.77085425512247e-05    0.00156850078355912    0.00385128593519524
140.714292999952    0.00190810200981357    0.000689721318759974    7.88892160882133e-06    1.21017443766315e-05    0.00206108426052084    0.00340969630305684
141.067846499952    0.00193714320208495    -0.000540288440753164    8.22664245831752e-06    1.13866440236589e-05    0.00211521125964609    0.00333087562428371
141.421399999951    0.00154446073822998    -0.00162155843991351    5.3058695756355e-06    1.65487974728993e-05    0.00170895014664021    0.00373086393464631
141.774953499951    0.00084479897431707    -0.00225771017121728    1.73971334009596e-06    2.19467033848359e-05    0.00101293041868076    0.00410480793309723
142.128506999951    -4.29727619130256e-06    -0.00248153787472914    1.97811928860644e-07    2.38636154813511e-05    0.000444739769166172    0.00420780052493413
142.482060499951    -0.000846824779832138    -0.00218722441999732    1.61063739784748e-06    2.12227992123226e-05    0.000945264613803843    0.00405448499181955
142.83561399995    -0.00150849497441757    -0.00151649249544557    4.96737459279209e-06    1.62152345303319e-05    0.00164067592928921    0.00373034650422573
143.18916749995    -0.00187052578153365    -0.000454020579419241    7.76686807280538e-06    1.12151875687993e-05    0.00206591417377956    0.00331798928302415
143.54272099995    -0.00181657640882054    0.000736616535711373    7.50488212792823e-06    1.16560797810125e-05    0.00205059315293036    0.0033336880268449
143.89627449995    -0.00137997483765798    0.00166473627404755    4.44326555311329e-06    1.68207140215939e-05    0.00159340358997466    0.00374824854558288
144.249827999949    -0.000687021183138719    0.00219021937580418    1.24929714867484e-06    2.15825702489715e-05    0.000881645644572416    0.00409701224489547
144.603381499949    0.00012479457945672    0.00233751199384916    2.11641659512765e-07    2.28063538738663e-05    0.000442795632827363    0.00416441971377497
144.956934999949    0.000911236835346783    0.0020276414745295    1.93368821305897e-06    1.97719113801666e-05    0.0010503978498484    0.00395734525040897
145.310488499949    0.00151585794327767    0.00134078296589759    5.20086018178649e-06    1.47868697051645e-05    0.0017038294743279    0.00360404921491416
145.664041999948    0.00181859777171423    0.000303816974233539    7.54885923838651e-06    1.06960135390673e-05    0.00205950513063273    0.0032563336415722
146.017595499948    0.00171239690347443    -0.000872931748160816    6.80007633084277e-06    1.19419553024797e-05    0.00196666549667552    0.00334364254452126
146.371148999948    0.00124612076123191    -0.00169514392505961    3.66752466277097e-06    1.71524514363476e-05    0.00145420346279253    0.00377874827286511
146.724702499948    0.000554792876665244    -0.00216698771821268    8.51560899380194e-07    2.11928260496167e-05    0.000737404748683989    0.00406164871434398
147.078255999947    -0.000241765811223803    -0.00226141969692093    2.95665163399159e-07    2.18318271984021e-05    0.000487046667088951    0.00408874163438828
147.431809499947    -0.000985934180555027    -0.00188136965674451    2.29372399562851e-06    1.83777262515593e-05    0.00114963376222247    0.00385203510708824
147.785362999947    -0.00153813014920298    -0.00118470719434882    5.45171209503869e-06    1.34087760388856e-05    0.00175666380937034    0.00346485856890923
148.138916499947    -0.00177848855976417    -0.000125251711096194    7.25996220507697e-06    1.00773224040395e-05    0.0020240900789898    0.00317200794653907
148.492469999946    -0.00162254093875325    0.000989745164134682    6.05035543801919e-06    1.2277749672989e-05    0.00184870666685899    0.0033612727028703
148.846023499946    -0.00111684743164056    0.00178864703526625    2.95157521770274e-06    1.73800314693094e-05    0.00130546046747522    0.00376573674764218
149.199576999946    -0.000411084553337484    0.00214297147736974    5.37038692203826e-07    2.06813454182088e-05    0.000606669747235799    0.00401111189888646
149.553130499945    0.000361871976433111    0.00216029997059872    4.4931029865093e-07    2.06851584281205e-05    0.000564233082443173    0.00400228215711382
149.906683999945    0.00105826883787856    0.00171575003295432    2.64944098146038e-06    1.68610668594503e-05    0.00123673281198307    0.00373058556849559
150.260237499945    0.00153737403527868    0.000952291877515364    5.53623469810819e-06    1.20487447763984e-05    0.00178121188345439    0.00333794621832298
150.613790999945    0.00170063448199203    -6.47855986149236e-05    6.78837609276877e-06    9.81150914839567e-06    0.00197388410283595    0.00313166281304482
150.967344499944    0.00149131646985843    -0.00108426287237884    5.23184861371073e-06    1.26756763420321e-05    0.00173430787360253    0.00339117241755899
151.320897999944    0.000975268210475673    -0.00177010562902147    2.29710288164419e-06    1.72837384450723e-05    0.00116015292064441    0.00376171031675471
151.674451499944    0.000278926790840183    -0.0021104641930607    3.29328077551719e-07    2.02372795568416e-05    0.000501525595461803    0.00397281014480308
152.028004999944    -0.000467939051787401    -0.00203377505882593    6.60373857777329e-07    1.93591280423777e-05    0.00066438460366691    0.00390165183639895
152.381558499943    -0.00110902435778845    -0.00154424102748175    2.95234891307902e-06    1.55105916293703e-05    0.00131240766795647    0.00362296995273386
152.735111999943    -0.00152658739670996    -0.000777895320201381    5.53678299668082e-06    1.11016305885495e-05    0.00179061830575003    0.00323983170232009
153.088665499943    -0.00161952963149214    0.000262014167386696    6.25457332606437e-06    9.64187255996878e-06    0.0019057012092097    0.00309406223855588
153.442218999943    -0.00136258215078913    0.00115852532134102    4.47566988797984e-06    1.28202532126674e-05    0.00161834476250604    0.00338793038483365
153.795772499942    -0.000840715616443007    0.00173554788431559    1.77579816494088e-06    1.71710864158933e-05    0.00103392234583151    0.00376283934777197
154.149325999942    -0.000169560447933952    0.00200765774817122    2.16868381461955e-07    1.92105104334485e-05    0.000433725300113323    0.00389612895059399
154.502879499942    0.000539280120874274    0.00192768118527546    8.34333481718781e-07    1.80874972577503e-05    0.000737231600617208    0.0037909817337578
154.856432999942    0.00114109421849897    0.00141564197584551    3.17376889026949e-06    1.4358111169862e-05    0.00136809095997953    0.00351483555320676
155.209986499941    0.00150470059143559    0.000595592593242921    5.48240747954042e-06    1.04096684332068e-05    0.001793957527277    0.0031709522065274
155.563539999941    0.00154030338384445    -0.000376152307054576    5.82556666311387e-06    9.67809524773166e-06    0.00185823360986481    0.00308813935722292
155.917093499941    0.00125522503430848    -0.00120287242473017    3.91459160599089e-06    1.30014424406632e-05    0.00152937952099411    0.00339919701848642
156.270646999941    0.000728069301344865    -0.00173208236069259    1.40787539543791e-06    1.68142969283164e-05    0.000936904737888071    0.00371674422365784
156.62420049994    6.40962012688928e-05    -0.00196965865800158    1.69827875981067e-07    1.86945511641793e-05    0.000407086665175813    0.00384902532274584
156.97775399994    -0.000614854362564309    -0.00178222560997919    1.02507501840899e-06    1.71086611925384e-05    0.0008043812101514    0.00373260405985858
157.33130749994    -0.00115301885187886    -0.00123050242869627    3.32488940027022e-06    1.33234909849684e-05    0.0014125993513669    0.00343647417536361
157.68486099994    -0.00146011215156226    -0.000465119352705877    5.34022414652554e-06    9.71416866345714e-06    0.00179117186539589    0.00308185539102593
158.038414499939    -0.00145906809736807    0.000464113133770167    5.36731085052705e-06    9.67641081199731e-06    0.00179956415216846    0.00307587545441283
158.391967999939    -0.00114923698415493    0.00124752968821564    3.37770872966838e-06    1.29357997654689e-05    0.00143421165938604    0.00337334691997273
158.745521499939    -0.000612024975162893    0.00173707216813417    1.07370785369891e-06    1.66612053877079e-05    0.000836141903910917    0.00369374954083266
159.099074999939    3.94232564883025e-05    0.00188651133804839    1.6055212035574e-07    1.7955502067751e-05    0.00039874544160855    0.00379428215070597
159.452628499938    0.000677418678123403    0.00164817820273225    1.22369277486199e-06    1.5905668914675e-05    0.000874526562999393    0.00363169072564188
159.806181999938    0.0011643467904714    0.00108263559446635    3.46077655118711e-06    1.23608816796855e-05    0.00145088700549218    0.00334496365440344
160.159735499938    0.00142363964938983    0.000328591599799769    5.17575672437623e-06    9.32352354032504e-06    0.00177454413105491    0.00303571261829345
160.513288999938    0.00137757270482242    -0.000579795986258431    4.90626242234824e-06    9.84413359708307e-06    0.00173451891464939    0.00308349966943434
160.866842499937    0.00103605908653137    -0.00129939089280907    2.85835212710598e-06    1.32076696794454e-05    0.00133601410783036    0.00339400250252268
161.220395999937    0.000496753383917356    -0.0017000165047862    7.89166290818893e-07    1.65517179288309e-05    0.000736479712134387    0.00369616853136939
161.573949499937    -0.000127501041452189    -0.00177833112241234    1.89377981920758e-07    1.72414100754049e-05    0.000416078678075872    0.00375219249165932
161.927502999937    -0.000719765854403633    -0.00150467530478701    1.42484213388759e-06    1.50351966177369e-05    0.000952249572707806    0.00357367441786475
162.281056499936    -0.00116204504428237    -0.000965021764903138    3.55944173538079e-06    1.14933020038221e-05    0.00148630180328209    0.00324992846030268
162.634609999936    -0.00137109553656442    -0.000179839582605034    4.98405035042153e-06    8.93635551857485e-06    0.00176185906928865    0.00298395932329905
162.988163499936    -0.0012832856385701    0.000661622331092376    4.42154501294962e-06    9.9093908298884e-06    0.00166574997607365    0.00307760405524952
163.341716999936    -0.000928185753331298    0.00130635367877608    2.36737523424567e-06    1.34348451680846e-05    0.00122712934997028    0.00342465841129196
163.695270499935    -0.000389750814964124    0.0016767566086154    5.52432942848696e-07    1.61624158242709e-05    0.000632872218606171    0.00365388876400685
164.048823999935    0.000211599025028371    0.00167858654958754    2.5403349093492e-07    1.65023368969937e-05    0.000457448733238996    0.00369928156437673
164.402377499935    0.000763242936886679    0.00138679744842147    1.62931289290944e-06    1.41094814292497e-05    0.00102311930496987    0.00349088445330139
164.755930999935    0.00116380681521438    0.000843863242400247    3.6952493793362e-06    1.07579865052626e-05    0.00152996832522663    0.00316952383385712
165.109484499934    0.00132925959150365    5.47702185328004e-05    4.81655907589262e-06    8.67746132393334e-06    0.00174631841721038    0.00294524388584294
165.463037999934    0.00120599587364469    -0.000725832748694806    4.00845239418886e-06    1.00639210669095e-05    0.00159813214314112    0.00308821759075224
165.816591499934    0.000839922317752724    -0.00130509652721353    1.99969444427151e-06    1.33393154800557e-05    0.00113764007683116    0.00341116380942207
166.170144999934    0.000312911949936846    -0.00162898320827455    3.9572708329356e-07    1.57546063560751e-05    0.000545722635484621    0.00361953312779903
166.523698499933    -0.00027122914466564    -0.00161724300772195    3.21389852666884e-07    1.55859996278555e-05    0.000497819850699859    0.0036014614647154
166.877251999933    -0.000794690885478253    -0.00130418404689823    1.78379306574185e-06    1.33393502214718e-05    0.00107343349224796    0.00341151787233893
167.230805499933    -0.00116303650643293    -0.000732686720112055    3.73435018842646e-06    9.99685563707848e-06    0.00154327452941165    0.00307571549517343
167.584358999933    -0.00129097198871258    2.46148184839711e-05    4.62088379413795e-06    8.43546456839202e-06    0.00171880048827589    0.00290428281665251
167.937912499932    -0.00114614591310565    0.000786171883148376    3.64348927994595e-06    1.0166341193177e-05    0.00152638095697541    0.00309002831108778
168.291465999932    -0.000758499492990275    0.00134759680753393    1.67753212061218e-06    1.33540035942526e-05    0.00104986220036045    0.00339676116890443
168.645019499932    -0.000236238460816552    0.00156349466328169    2.92836790498357e-07    1.52174221754512e-05    0.00048685539960997    0.0035739203423329
168.998572999932    0.000320243522912761    0.00153148058385875    4.02833127922249e-07    1.50558488997212e-05    0.00054797555963261    0.00356516705372761
169.352126499931    0.000807839814855211    0.00119210917805373    1.9057814317418e-06    1.25060195549513e-05    0.00111945355655181    0.00332939863377027
169.705679999931    0.00113742766074135    0.000637989165807768    3.69595070436075e-06    9.57486219836165e-06    0.00154990613294522    0.00302784280019184
170.059233499931    0.00123386249019621    -0.00012062521309111    4.35039816738539e-06    8.30394323876072e-06    0.00168166034700001    0.00287913056263995
170.412786999931    0.00106418604412215    -0.000802539658880406    3.26392401207299e-06    1.02369731827891e-05    0.00145994249050045    0.0030972412367643
170.76634049993    0.000684582464001097    -0.00131074974194935    1.41468796896636e-06    1.312093116233e-05    0.000972643212564888    0.00337681303543885
171.11989399993    0.000170995563800607    -0.00154068421850407    2.20331479817459e-07    1.48844082909951e-05    0.000437140706155319    0.00353704685152
171.47344749993    -0.000370536004458446    -0.00147502586000268    4.9407636809985e-07    1.43431018436464e-05    0.000597310168589    0.00348818012091831
171.82700099993    -0.00083493504463085    -0.00111579764925638    2.01065217799849e-06    1.18514346323267e-05    0.00114609582899763    0.00325675148548989
172.180554499929    -0.00113306748012616    -0.000537364154836531    3.67598577439763e-06    9.11251118256447e-06    0.00154665570178957    0.00297047991874399
172.534107999929    -0.0011946145970168    0.000200267516817466    4.11835171049745e-06    8.20805777449512e-06    0.001640502263056    0.00285796268278697
172.887661499929    -0.00100254314843404    0.000855934570860661    2.94458898845451e-06    1.01483286256456e-05    0.00139265797092555    0.00306850201825764
173.241214999929    -0.000615133191494664    0.0013038062978301    1.18363603886544e-06    1.29456648973943e-05    0.000897355668387417    0.00335346895544492
173.594768499928    -0.000107741627499675    0.00151971557927202    1.7001787868104e-07    1.45343621867018e-05    0.000398007060722246    0.00349640197128701
173.948321999928    0.000420719353151554    0.00140441417498709    5.88056190532727e-07    1.36754199236146e-05    0.000641132916341429    0.00342097073192828
174.301875499928    0.000849437515854282    0.000992697252423115    2.09715826338553e-06    1.10515567522323e-05    0.00117286579370567    0.00317271317916762
174.655428999928    0.00110610612287862    0.000431892562896716    3.57699969032415e-06    8.59393508467123e-06    0.00153412155165573    0.0028995523617941
175.008982499927    0.00113346523672044    -0.000290329080931626    3.81442778109683e-06    8.10685417644721e-06    0.00159049814154029    0.00283241296445497
175.362535999927    0.000920007615061479    -0.000882405175903481    2.56992368728426e-06    1.01168289247366e-05    0.00131282507422472    0.00305584522354705
175.716089499927    0.000530846525927361    -0.00127968899436325    9.4720259313854e-07    1.27567611322231e-05    0.000815723334868748    0.00333454002973853
176.069642999927    4.19370378762742e-05    -0.00144754059517681    1.32292089353524e-07    1.39410446582355e-05    0.000361294027362324    0.00344175404169889
176.423196499926    -0.000456416032978366    -0.00131213939416639    6.7961328061786e-07    1.30256831661519e-05    0.000686511242047901    0.00336213821495021
176.776749999926    -0.000852307100424629    -0.000900435926954362    2.18731148708558e-06    1.04905298621068e-05    0.00120867038254908    0.00311122885747041
177.130303499926    -0.0010728511962721    -0.00032521265058043    3.5087727761417e-06    8.16870060165875e-06    0.00153550092373766    0.00283953118200192
177.483856999926    -0.00107181613048098    0.000330226433445621    3.54945748494514e-06    8.07486224949717e-06    0.0015494088122203    0.00282237714562582
177.837410499925    -0.000850863614409791    0.000899304433829252    2.25811029969383e-06    1.01739245923233e-05    0.00123860462189003    0.00306025752635596
178.190963999925    -0.00045906326369666    0.00127492116234937    7.51510068150337e-07    1.2525116201823e-05    0.000735371326660557    0.00330146819333714
178.544517499925    1.65304273315693e-05    0.00136990774008632    1.15351177762688e-07    1.35054815308874e-05    0.000339231370505329    0.00341010766905372
178.898070999925    0.000482342456870367    0.00122006644275151    7.78306865267934e-07    1.22863202049419e-05    0.000738683030513218    0.00328599423009438
179.251624499924    0.000851919715658384    0.000843804150407757    2.24279116716512e-06    9.86506241281993e-06    0.00123167526777055    0.00302540195157182
179.605177999924    0.00105395281824934    0.000261910923438234    3.41411949693558e-06    7.77777226969942e-06    0.00151766364977219    0.00277654010197641
179.958731499924    0.00102966018801315    -0.00039226137201956    3.26966817706381e-06    8.01040478630161e-06    0.00148642795798671    0.0028029512664909
180.312284999924    0.000787358965510531    -0.00094666900003864    1.95868275291925e-06    1.02398152323792e-05    0.00115704304688695    0.00305673568316678
180.665838499923    0.000390570675283932    -0.00125417944506229    5.71543045715473e-07    1.23855893502765e-05    0.000647300234299143    0.00328825535350582
181.019391999923    -7.33525119812837e-05    -0.00133199034010404    1.20499720255933e-07    1.30314861905741e-05    0.000339292100176188    0.00335518820998817
181.372945499923    -0.000517677185239212    -0.0011342478174611    8.84767460163978e-07    1.16815661660037e-05    0.000785352017917306    0.00322413524136139
181.726498999923    -0.000852169964442384    -0.000730037460190265    2.30211848040301e-06    9.390570047026e-06    0.00125535844765759    0.00297617461748214
182.080052499922    -0.00101663411853069    -0.000169707685094447    3.288793367886e-06    7.53220465464472e-06    0.00150174845993772    0.00273923419156972
182.433605999922    -0.000965636316193034    0.000443358612350615    2.98178795988171e-06    8.07406078133131e-06    0.00143154967246368    0.00280668735739944
182.787159499922    -0.000715020192956997    0.000943510985106262    1.66944171402003e-06    1.02194702356275e-05    0.00107619135737273    0.00305438328580604
183.140712999922    -0.000324571770500332    0.00122727945292608    4.27691058548582e-07    1.21797280891012e-05    0.000567753665195445    0.00326703431777608
183.494266499921    0.000125299779756467    0.00127385348725156    1.47812233045497e-07    1.25834839996966e-05    0.000363472417438349    0.00331070706839395
183.847819999921    0.000541548235099225    0.00103968659754612    9.9879746716215e-07    1.098975638067e-05    0.000839954151262475    0.00314782594174979
184.201373499921    0.000847052337133163    0.000654109692782524    2.34552489361893e-06    8.74026491996472e-06    0.00127594170390977    0.00288312424806367
184.554926999921    0.000979942147344927    8.24392476246566e-05    3.1410604681274e-06    7.27025862605571e-06    0.00147674434347466    0.00269508114840848
184.90848049992    0.000906812419839011    -0.000489101266270626    2.69065197443046e-06    8.07258923576418e-06    0.00136687351633433    0.00279881567579872
185.26203399992    0.0006485328671175    -0.000939095048739842    1.40581417453225e-06    1.01630596434405e-05    0.00099258213504002    0.00304649965253122
185.61558749992    0.000265854388364535    -0.0011870937060563    3.1749696341552e-07    1.19011291508155e-05    0.000496808220144191    0.00323912606791662
185.96914099992    -0.000167218501156102    -0.00122459467358579    1.93442510650804e-07    1.20831519766146e-05    0.000406792924621251    0.00325323221766291
186.322694499919    -0.000566901478884743    -0.000999327514327451    1.1040157081731e-06    1.04481720751586e-05    0.000884668537595515    0.00307400660283395
186.676247999919    -0.000851298034556342    -0.000577892739935538    2.37761757748587e-06    8.28958712960938e-06    0.00128565517688313    0.00282057212471852
187.029801499919    -0.000960090213177815    -1.15342033912557e-05    3.00129711760177e-06    7.15240008302929e-06    0.00144205544281832    0.00267437227124075
187.383354999919    -0.000860811002730776    0.000545495068382865    2.41901621705421e-06    8.1260223662073e-06    0.00129538435787678    0.00279793807947518
187.736908499918    -0.000585521861183594    0.000984396107129773    1.17384678598664e-06    1.02030582202947e-05    0.000911598012318335    0.0030387534491239
188.090461999918    -0.00019407708173252    0.00118216512049352    2.29587732695749e-07    1.16916128680889e-05    0.000438088825515942    0.00320844175511687
188.444015499918    0.000228184424225553    0.00117767868253652    2.58374357028141e-07    1.15594929740032e-05    0.000454209451210555    0.00318944601689733
188.797568999918    0.000602284578271554    0.000899949269640601    1.21457298162902e-06    9.81824461935901e-06    0.00092294434740415    0.00300138900035173
189.151122499917    0.000850050867910173    0.000477866238671764    2.38026523250302e-06    7.78574245432515e-06    0.00128750873956963    0.00274907008136622
189.504675999917    0.000921905273991834    -7.78105474007193e-05    2.81838542462921e-06    6.99466863727114e-06    0.00140302390942394    0.0026435987131152
189.858229499917    0.000795547726881217    -0.000621265919202089    2.14614780877891e-06    8.20018602641207e-06    0.00123014292788807    0.0027953916870539
190.211782999917    0.000511047229222383    -0.000955022753637766    9.56336503340204e-07    1.00573173489172e-05    0.000833766893588568    0.0030241112560472
190.565336499916    0.000136143841298742    -0.00114160243761023    1.61317879771654e-07    1.15215645056065e-05    0.000377866026850889    0.00319660888756333
190.918889999916    -0.000268884136750036    -0.00109879997770123    3.30467756873671e-07    1.09066375351319e-05    0.000508103412582379    0.00311436609025587
191.272443499916    -0.000613586208357129    -0.000825451803231048    1.29594499658516e-06    9.24042121330332e-06    0.00095888318449073    0.00292558550274059
191.625996999916    -0.000832204130990985    -0.000383369535622592    2.34687953295454e-06    7.43112796726908e-06    0.00128620209038707    0.00269891751752913
191.979550499915    -0.000871187883381346    0.000159244417586796    2.62576683401612e-06    6.88288759444585e-06    0.00136630834948252    0.00261868837586936
192.333103999915    -0.000734684600485366    0.000603707233112186    1.88263186833656e-06    8.1982850193777e-06    0.00115882285365202    0.00279889667477485
192.686657499915    -0.000452143077529519    0.000966327475798966    7.63226644084141e-07    1.00201978998625e-05    0.000747524769841292    0.00301436711589324
193.040210999915    -7.54994993072306e-05    0.00112733730808873    1.16355138792719e-07    1.10016888067093e-05    0.000332648409581463    0.00311942292748203
193.393764499914    0.000314765069459274    0.00103879690661864    4.07187806792463e-07    1.04520679304049e-05    0.000555077253939271    0.00306153048608117
193.747317999914    0.000632987266852155    0.000736807822647013    1.39680400564447e-06    8.76427224937361e-06    0.000998063688172008    0.00286729602271195
194.100871499914    0.000820734885923218    0.000307018331083487    2.32628996796177e-06    7.09461968380322e-06    0.00128556766254848    0.00264581923573436
194.454424999913    0.000836431482033829    -0.000220757231506547    2.41910325262649e-06    6.91307489731407e-06    0.0013112915878969    0.00261998876754303
194.807978499913    0.000673685185009779    -0.000674237750513857    1.60145950010449e-06    8.30970845596215e-06    0.00107126456657673    0.00280269725652703
195.161531999913    0.000379480216340927    -0.000964033484178252    5.70957236331229e-07    9.89720240790933e-06    0.000653415642403112    0.0029946355119267
195.515085499913    1.11975116016795e-05    -0.00108932737469669    9.56323298089876e-08    1.07271018025275e-05    0.000309041980227473    0.00308876474877318
195.868638999912    -0.000358836279210691    -0.000948932190939669    5.10887332791667e-07    9.88254792649165e-06    0.000618161675869586    0.00299701111500943
196.222192499912    -0.000640893767762749    -0.000639697487853026    1.47938105636334e-06    8.16859180275298e-06    0.00103374863231165    0.00278556617706123
196.575745999912    -0.000797614311689889    -0.000221539460804976    2.25862700218018e-06    6.76447881193709e-06    0.00127374974463889    0.0025914087055583
196.929299499912    -0.000787563936345997    0.000285862764220464    2.19573950217874e-06    6.85501123414141e-06    0.00125518227694066    0.00260255522788156
197.282852999911    -0.00060605084620988    0.000713605439617206    1.34182304199005e-06    8.32361871401542e-06    0.000987180537590942    0.00279542232776447
197.636406499911    -0.000303876262373663    0.000958279455081909    4.14163422226822e-07    9.79437276191018e-06    0.000567294138337983    0.00297927394643025
197.989959999911    5.21876105850458e-05    0.00102958052208315    1.00626485449427e-07    1.03711321430566e-05    0.000312894453052224    0.00305140886994902
198.343513499911    0.000398009011082508    0.000887365158503365    6.24264791578904e-07    9.35546453074445e-06    0.00068253470144457    0.00292712275216103
198.69706699991    0.0006554609022452    0.000547638576851389    1.56842960092607e-06    7.6800035092527e-06    0.00106714600995083    0.00271663311810721
199.05062049991    0.000776382734375356    0.00010870985279683    2.20047778597034e-06    6.50516214504953e-06    0.00126400460273457    0.00254820413486723
199.40417399991    0.000727930679266805    -0.000362861424865153    1.96707897395554e-06    6.92823766620736e-06    0.00119883105571123    0.00260702306329503
199.75772749991    0.000532692975111502    -0.00073467750079338    1.08019386556525e-06    8.49208855417431e-06    0.000892430422964225    0.00281998892267369
200.111280999909    0.000227667578438475    -0.000948839718334918    2.76695132271152e-07    9.70762832158362e-06    0.000474196800916152    0.00296771486340816
200.464834499909    -0.000117526852442299    -0.000976728087354379    1.34623144200365e-07    9.95500690769223e-06    0.000347578168410173    0.00300016818712973
200.818387999909    -0.000435693286565461    -0.000786781813830485    7.43123416653536e-07    8.78129069214363e-06    0.000743837869898624    0.00285696781038381
201.171941499909    -0.000657049814310753    -0.000451088818785502    1.62438293599281e-06    7.18042453583359e-06    0.0010920936212189    0.00264139043183704
201.525494999908    -0.000746642610983576    -3.03638642408018e-05    2.08307386573058e-06    6.30845239803341e-06    0.00123515127704837    0.00251147972991656
201.879048499908    -0.000674878889735641    0.000429013826717404    1.71004902907282e-06    6.99535778838998e-06    0.00112008370814953    0.00260984768231314
202.232601999908    -0.000459852903684468    0.000760557243868449    8.50575067548959e-07    8.44870579153297e-06    0.000799443790720725    0.00280539809480441
202.586155499908    -0.00015794733821965    0.00091687497041055    1.80490594406807e-07    9.61126706656184e-06    0.000394389696564368    0.00296152112185554
202.939708999907    0.000173159506301018    0.000928662375279448    1.9477383090509e-07    9.48750780830535e-06    0.00040594287317636    0.00293685103487489
203.293262499907    0.000468110488440133    0.000704260567219645    8.71995755965294e-07    8.29197126159505e-06    0.00080800267733321    0.0027921297095684
203.646815999907    0.000660859384525878    0.00037041296434228    1.67928249990922e-06    6.8319575094677e-06    0.00111469609032835    0.00258742183366278
204.000369499907    0.00071162651573906    -9.01582448318083e-05    1.95716237198989e-06    6.30490611791083e-06    0.00120447086892418    0.00250933808180557
204.353922999906    0.000607078097841521    -0.000485300664792635    1.4721876098321e-06    7.15007553164339e-06    0.00105054452211852    0.00262955486658773
204.707476499906    0.000380901950287648    -0.000775163079759958    6.44805262882376e-07    8.52257111300116e-06    0.000706908033020875    0.00281455028606316
205.061029999906    8.02683557221566e-05    -0.00089362971964932    1.16391955759261e-07    9.49030524291348e-06    0.000331585504551877    0.00294817420907805
205.414583499906    -0.00023112078462685    -0.000840356931012993    2.81950617589947e-07    9.06546521170423e-06    0.000478052089738573    0.00289123942976064
205.768136999905    -0.00049081609151746    -0.00059833724692698    9.95090429881198e-07    7.79501699139743e-06    0.000868441128798448    0.00272708810461585
206.121690499905    -0.000643503587107103    -0.000254826248868401    1.68934581492188e-06    6.47071418051785e-06    0.00112926920984421    0.00253096380128312
206.475243999905    -0.000662959272873565    0.000138744191286247    1.80620730423753e-06    6.25993240872258e-06    0.00116905616064776    0.0024981357965705
206.828797499905    -0.000548613230767259    0.000508201416726567    1.23618082988956e-06    7.28662173696801e-06    0.000967059642895239    0.00265110412036289
207.182350999904    -0.000317771867671688    0.00077212247108439    4.65603294265847e-07    8.57945597035674e-06    0.000603841315564192    0.00282547037853935
207.535904499904    -2.15396223074763e-05    0.000879620176347839    9.25560464049699e-08    9.17363315577408e-06    0.000303466787434508    0.00289825835651963
207.889457999904    0.000279653142008825    0.000780406499858039    3.91206027309174e-07    8.64247652551029e-06    0.000559464161027108    0.0028343327646008
208.243011499904    0.000514333943256782    0.000538685858492004    1.1248893115951e-06    7.35233449206244e-06    0.000927550487256098    0.00265747098533985
208.596564999903    0.00064520996681244    0.000188643261128716    1.70502533217793e-06    6.2398588666001e-06    0.00113522219450811    0.00249083772788008
208.950118499903    0.00063775614771648    -0.000228117644584827    1.66153153789996e-06    6.29274241227116e-06    0.00112017794744844    0.00249814025877256
209.303671999903    0.000498721253530167    -0.000553063226050915    1.02894898643009e-06    7.35374052490399e-06    0.000883304079978908    0.00265478089357562
209.657225499903    0.000251011606064717    -0.000814900329886539    3.25809892519188e-07    8.59843032316126e-06    0.000512643215248188    0.00281680098258859
210.010778999902    -5.1430657631306e-05    -0.000863100716379062    9.18892847875187e-08    9.03669109841812e-06    0.000298737631113206    0.00287953959024773
210.364332499902    -0.000337106864528508    -0.000718056642232269    5.04889169852313e-07    8.15229553592792e-06    0.000625498306744367    0.00276345620455147
210.717885999902    -0.000542686964697721    -0.000431638429101202    1.2294393681472e-06    6.81949911191848e-06    0.000966917900596722    0.00257549750115226
211.071439499902    -0.00063446387590177    -7.11769899962622e-05    1.69046737201723e-06    6.00461021726512e-06    0.0011348669358973    0.00244939667129687
211.424992999901    -0.000596139652957937    0.000279209549723005    1.51934457644636e-06    6.285591925431e-06    0.0010788707478737    0.00249151238262515
211.778546499901    -0.000438858166685353    0.00060338089227309    8.56815393702024e-07    7.46411609665305e-06    0.000814996259645156    0.00266459145001495
