#t    <EB>_U1_0    <(EB)^2>_U1_0
0    -0.194989905263931    171.452798103312
0.3535535    -0.129031003994155    157.995102967067
0.707106999999999    -0.00218457855716166    114.959620311357
1.0606605    -0.0361551426645058    115.376471439508
1.414214    -0.165125826078749    103.394728821564
1.76776750000001    0.170596245935988    100.798685956025
2.121321    0.202736800330928    133.740612802427
2.4748745    -0.0294089537171263    167.520471366879
2.82842799999999    -0.0512837177040763    162.635091331671
3.18198149999998    -0.15953271001429    107.092689848184
3.53553499999997    -0.0565863103801506    137.483230312378
3.88908849999997    0.354221704931857    116.473131782046
4.24264199999997    -0.911723439267921    153.772939551476
4.59619549999999    -0.214479347716991    253.403767841155
4.949749    -0.848923715087226    170.163999418175
5.30330250000002    -0.839812644816443    162.362857946408
5.65685600000003    0.816990758204907    246.266077976686
6.01040950000005    0.91701437896793    253.166607498657
6.36396300000006    0.248168045898653    257.355226503975
6.71751650000007    1.38183738884695    827.447168630317
7.07107000000009    -1.54382574509696    345.035814030247
7.4246235000001    -1.03367182835057    288.714091854807
7.77817700000012    0.973856589178429    322.300773880567
8.13173050000013    -1.66212410875317    394.629278792925
8.48528400000015    4.32338035184117    988.613739503011
8.83883750000016    -8.19330001421535    1738.58438503967
9.19239100000018    -7.93089771639856    2375.87967351024
9.54594450000019    -1.8124163691582    842.737764698822
9.89949800000021    0.4273364256797    1062.11568169143
10.2530515000002    4.49398792676646    2802.63607346328
10.6066050000002    1.53533996008238    1925.76988011442
10.9601585000002    16.4229685317066    9793.87735260627
11.3137120000003    10.5942535141414    9306.66422692996
11.6672655000003    -5.99248111122372    3599.75810830858
12.0208190000003    9.59047802545063    9370.02403094672
12.3743725000003    30.4343843691215    27683.1640562352
12.7279260000003    -14.6048648294596    6215.22244790284
13.0814795000003    50.1197275063912    49423.1573128235
13.4350330000004    -83.4596613049318    80797.9402913242
13.7885865000004    -109.234954234063    146630.120328261
14.1421400000004    73.0811521551719    154398.870866264
14.4956935000004    94.0888473256808    212927.980390363
14.8492470000004    4.23458023283919    49041.1167964009
15.2028005000004    -11.6869658553386    50906.9347781471
15.5563540000004    251.416632089184    1046666.64238364
15.9099075000005    -57.9009789595075    262143.470432818
16.2634610000004    221.053260357582    1229460.9527645
16.6170145000003    403.343389847291    2712999.39842622
16.9705680000003    443.495593854148    2761452.78238512
17.3241215000002    -44.0964376106145    365759.920671417
17.6776750000001    628.414818226634    4669965.13664568
18.0312285    -779.498332409371    5179905.81729346
18.384782    -902.732256845945    6860134.57994476
18.7383354999999    1626.08576790887    34174693.3869193
19.0918889999998    1702.94120892295    36126508.0221318
19.4454424999997    -747.84901687161    9217800.95405515
19.7989959999997    -570.146284474819    7096876.38444908
20.1525494999996    3564.73621725182    142727720.601453
20.5061029999995    -3071.16625965639    111108976.574268
20.8596564999994    5442.01901341412    349275125.493909
21.2132099999994    6070.25935962426    390862194.605941
21.5667634999993    4068.10595504894    176727969.109611
21.9203169999992    1555.91567705844    91616256.0480703
22.2738704999991    7620.68216991489    540765000.704335
22.6274239999991    -6018.05261509086    299331449.698895
22.980977499999    -2330.05405405072    212060643.571787
23.3345309999989    20479.5964952971    3942353480.90912
23.6880844999988    18845.3257828341    3330505837.71401
24.0416379999988    -17699.2938698234    2878207405.2944
24.3951914999987    -11912.1994353502    1569697608.03973
24.7487449999986    48056.90264957    20615530679.5952
25.1022984999985    -64980.471067739    35830428717.4011
25.4558519999985    80570.3227965827    57378955164.5634
25.8094054999984    55568.7574361519    27156051165.5601
26.1629589999983    13560.2899943924    4745265571.04352
26.5165124999982    46621.2296042883    28686339357.8433
26.8700659999982    90151.6867000456    65579716122.267
27.2236194999981    -27125.8429328507    17302066733.3052
27.577172999998    93743.7039821838    127870117681.538
27.9307264999979    156658.708352183    210611474508.79
28.2842799999979    109542.849219864    121659279709.303
28.6378334999978    -284079.228181999    593143314871.999
28.9913869999977    -201324.958733044    335674586182.155
29.3449404999977    628707.692309601    3061999424234.8
29.6984939999976    -1086610.6406872    8537328777809.14
30.0520474999975    877555.79658563    5909135940251.78
30.4056009999974    136742.275843366    533215481799.164
30.7591544999974    -391425.201189846    1621033253141.09
31.1127079999973    898376.54887083    7421182459718.71
31.4662614999972    1040870.814413    8027834563408.26
31.8198149999971    249509.453088641    3393172867506.04
32.1733684999971    2561103.76916584    56085368139714.3
32.5269219999972    -93551.1815524798    4761444365278.33
32.8804754999974    -850497.544622055    10722774773615.6
33.2340289999975    -3645816.18476699    85746685197463.8
33.5875824999976    -3061521.65087664    66149383224125.5
33.9411359999977    8074213.23559048    458892820845344
34.2946894999978    -16126671.0149589    1.6996249714483e+15
34.6482429999979    6293943.6806373    306551851751432
35.001796499998    -6565069.29059391    345747021489714
35.3553499999981    -11129478.7693958    858539751581639
35.7089034999982    14437859.2389728    1.59812915966355e+15
36.0624569999983    11668677.0148028    960876809348677
36.4160104999984    10085353.5140548    1.21037722399398e+15
36.7695639999985    44928872.5337331    1.4499939195951e+16
37.1231174999986    -28887838.2413605    5.97013869701727e+15
37.4766709999987    -37295753.0325674    9.45475850090005e+15
37.8302244999988    -37179745.4619272    8.19960155650428e+15
38.1837779999989    -43298940.7669859    1.19547565978851e+16
38.537331499999    102374344.835558    6.88483687363322e+16
38.8908849999991    -221374620.826433    2.98246485283535e+17
39.2444384999992    -4358093.34703208    7.60479905831207e+15
39.5979919999993    -166373303.835838    1.74914236745218e+17
39.9515454999994    -184572154.554855    2.08763423743264e+17
40.3050989999995    205749997.663107    2.91159630638808e+17
40.6586524999996    124778365.794542    1.08231733079009e+17
41.0122059999997    206843108.840622    3.5493891286902e+17
41.3657594999998    645128227.32498    2.72230964222567e+18
41.7193129999999    -630652623.944044    2.43222239178251e+18
42.0728665    -672541197.19501    2.71726672878132e+18
42.4264200000001    -239051071.516986    3.66012889081462e+17
42.7799735000002    -572422747.221931    1.94587463384466e+18
43.1335270000003    1277368098.05701    1.01651663986083e+19
43.4870805000005    -2844028517.79932    4.65912942609133e+19
43.8406340000006    -1195944958.55836    9.60317887842792e+18
44.1941875000007    -2496890005.00073    3.59998367654437e+19
44.5477410000008    -2200637183.51354    2.72524358797733e+19
44.9012945000009    2578632200.98843    4.24910522568081e+19
45.254848000001    1103506732.72699    9.06491569643488e+18
45.6084015000011    3517888236.09094    8.74312547855196e+19
45.9619550000012    7753979881.85238    3.69162329035739e+20
46.3155085000013    -8952909651.4431    4.5142234029045e+20
46.6690620000014    -7600961035.17261    3.12312575055863e+20
47.0226155000015    2313937274.43217    8.42842506638811e+19
47.3761690000016    -6071457289.7807    2.00572789245088e+20
47.7297225000017    14120029692.7703    1.17067405187518e+21
48.0832760000018    -30817708662.3654    5.11444895174249e+21
48.4368295000019    -26877748633.2326    4.19523422712764e+21
48.790383000002    -16570592129.7995    1.40591903496918e+21
49.1439365000021    -1893725037.46662    7.2382918848684e+20
49.4974900000022    10587985968.0741    1.11414580508239e+21
49.8510435000023    -8869538050.17935    1.26093540627995e+21
50.2045970000024    43365543235.7042    1.13281915594351e+22
50.5581505000025    39704229814.7026    9.66079051802581e+21
50.9117040000026    -30243874022.5    5.87190896501627e+21
51.2652575000027    32871114674.9232    1.22616654862657e+22
51.6188110000028    62835474687.8834    2.4144433060322e+22
51.9723645000029    55064762917.8489    2.64084793766901e+22
52.325918000003    -3744396437.11814    6.5495436615364e+21
52.6794715000031    -29889773833.2676    1.24754869170374e+22
53.0330250000032    -61338430374.4747    2.93011476139315e+22
53.3865785000033    51069680851.2516    2.1301200358605e+22
53.7401320000034    69401887470.5348    3.64042460162577e+22
54.0936855000036    -60591908677.7923    2.57623256185049e+22
54.4472390000037    -28777402670.2897    1.34055912425342e+22
54.8007925000038    14560152336.5968    1.12262242380683e+22
55.1543460000039    -11905709469.7754    1.08956986605426e+22
55.507899500004    16317325870.9074    1.18605248512884e+22
55.8614530000041    33228267767.4563    1.77903883517408e+22
56.2150065000042    20358335596.0324    1.40103539979518e+22
56.5685600000043    36122588287.6948    1.91899762184894e+22
56.9221135000044    5670785228.10727    1.46152061170347e+22
57.2756670000045    -33249473671.3255    2.52454261019485e+22
57.6292205000046    -46620089949.5667    3.18837195636621e+22
57.9827740000047    51046408659.1573    3.41356844406134e+22
58.3363275000048    50876216973.2552    3.79854882894726e+22
58.6898810000049    -48791701125.2235    2.80532527131448e+22
59.043434500005    -23993486079.1384    2.13769765003825e+22
59.3969880000051    22370637097.3829    3.25506912115492e+22
59.7505415000052    -25407770264.58    2.51902690183338e+22
60.1040950000053    39174059331.4208    3.99133436687309e+22
60.4576485000054    31396918726.7745    5.49303546417076e+22
60.8112020000055    -17433678206.7124    3.47131789408872e+22
61.1647555000056    39349932740.2885    6.27136944905859e+22
61.5183090000057    -6255360348.82886    3.13284251839205e+22
61.8718625000058    -23072473653.4339    4.40131917765398e+22
62.2254160000059    -22458213992.5373    4.67194091558264e+22
62.578969500006    29163518497.7093    6.88571410494688e+22
62.9325230000061    17595941531.336    5.87934793290059e+22
63.2860765000062    -19118428203.4704    5.4215446016432e+22
63.6396300000063    -7096923697.57621    5.08206504498729e+22
63.9931835000064    27768330136.3503    7.35447652998921e+22
64.3467370000062    -15605558719.6133    5.92766583611027e+22
64.7002905000059    46909916830.9541    1.19886366381457e+23
65.0538440000057    31130564641.4936    8.56030735546834e+22
65.4073975000054    -37693272759.7941    8.39647654030207e+22
65.7609510000052    55012818611.7761    1.4197408342569e+23
66.1145045000049    -19717275148.456    7.44487211889732e+22
66.4680580000047    -4633766513.59607    1.02375902478822e+23
66.8216115000044    837173968.092093    9.59201273003997e+22
67.1751650000042    15005179646.8919    1.13632839560412e+23
67.5287185000039    -19861444011.9386    1.277543799541e+23
67.8822720000037    4703488780.89534    1.23596101082268e+23
68.2358255000034    12001311460.0348    1.63203825586864e+23
68.5893790000032    4853074640.26597    1.93468418981455e+23
68.9429325000029    -17907828656.6702    2.05684424918802e+23
69.2964860000027    23587344999.687    2.18110373946415e+23
69.6500395000024    -14571370609.2104    2.13520032331959e+23
70.0035930000022    -35732975792.7696    4.88927500049171e+23
70.3571465000019    11735371472.0787    1.01143778518393e+24
70.7107000000017    -24409041099.3565    7.05203812332593e+23
71.0642535000014    13473322181.6968    4.11561337267267e+23
71.4178070000012    17457908538.4668    3.54086357320633e+23
71.7713605000009    -21649202640.397    3.53819448274507e+23
72.1249140000007    -14845750496.0155    4.49508227063395e+23
72.4784675000004    16818909770.3173    6.50178532805501e+23
72.8320210000002    14084639979.8017    8.66882530278174e+23
73.1855744999999    26983254496.261    1.0109531100845e+24
73.5391279999996    -30196245541.788    1.28438890578853e+24
73.8926814999994    -6534961110.49897    1.2868941386904e+24
74.2462349999991    33873685035.2091    1.34072749886218e+24
74.5997884999989    1692523257.90603    1.38080093174183e+24
74.9533419999986    7395829874.30666    2.36369074385158e+24
75.3068954999984    1746947144.67821    3.80117772502191e+24
75.6604489999981    -38450536461.7764    3.0784371864674e+24
76.0140024999979    -21262348576.2037    2.63416265819377e+24
76.3675559999976    -40074768856.1674    2.37974301226271e+24
76.7211094999974    21261691628.1923    2.86252849556429e+24
77.0746629999971    34377467851.4084    4.06023086434808e+24
77.4282164999969    13590101067.0049    5.48710766874277e+24
77.7817699999966    -12844051319.2291    5.42287524343364e+24
78.1353234999964    29694804357.8028    4.13444714926744e+24
78.4888769999961    -8248273116.47399    3.10378698419197e+24
78.8424304999959    -5196983882.0092    3.34746764100682e+24
79.1959839999956    16706180402.8251    4.43895708077587e+24
79.5495374999954    17424269128.3546    5.26512208529334e+24
79.9030909999951    18688160608.9384    4.93633365706516e+24
80.2566444999949    1091273786.72912    5.0036084908114e+24
80.6101979999946    33244545181.1881    5.1796613015219e+24
80.9637514999944    50264064047.9934    4.51930869376448e+24
81.3173049999941    11455292004.062    4.7785006647783e+24
81.6708584999939    -13130797925.0693    6.0143495514517e+24
82.0244119999936    -9562799245.01764    7.6719696271024e+24
82.3779654999934    -36130611003.6796    8.06123998440303e+24
82.7315189999931    -35317445927.6739    6.41536448368146e+24
83.0850724999928    4024344562.55458    5.78376979694224e+24
83.4386259999926    -84557752190.5342    5.72889339708504e+24
83.7921794999923    -18118094994.6021    6.27460631981985e+24
84.1457329999921    7951490662.99759    7.56804090814528e+24
84.4992864999918    10614437250.0114    7.36302148415319e+24
84.8528399999916    -15876737476.6216    6.51666318602597e+24
85.2063934999913    -41677014494.455    6.69825372214485e+24
85.5599469999911    -16867529189.7415    6.29460847533805e+24
85.9135004999908    -3476307604.41694    6.47045560175834e+24
86.2670539999906    -32679493133.2889    6.92397668837033e+24
86.6206074999903    27377624252.4691    8.19492874775466e+24
86.9741609999901    -21864849581.0255    7.93282317013428e+24
87.3277144999898    59965477729.0601    7.40014077792485e+24
87.6812679999896    1883650933.23235    7.31930715695963e+24
88.0348214999893    1175844542.14184    6.64005742183733e+24
88.3883749999891    3174288151.99171    7.05197850054605e+24
88.7419284999888    10420824515.52    8.17440351133192e+24
89.0954819999886    -32369115163.1861    8.80357067278185e+24
89.4490354999883    -11905656740.171    7.91404121164959e+24
89.8025889999881    -39340663024.7854    7.83192612613828e+24
90.1561424999878    -41084655597.1582    7.42086912002981e+24
90.5096959999876    -32207540115.8375    7.31058411857014e+24
90.8632494999873    25567796195.2969    7.64205342879942e+24
91.2168029999871    -11318399954.7266    7.86627690440648e+24
91.5703564999868    29078046633.4419    7.68424784405434e+24
91.9239099999865    -10002708368.498    7.48590014240044e+24
92.2774634999863    -17009795612.7531    7.89513012074762e+24
92.631016999986    -30211981696.1477    7.50005237927492e+24
92.9845704999858    -1855739583.60656    7.39940595431562e+24
93.3381239999855    -11596147260.4553    7.76580127687658e+24
93.6916774999853    3347617585.4875    7.51886870337387e+24
94.045230999985    10684670262.2511    6.93593558167653e+24
94.3987844999848    -26273990825.9969    6.99763031983547e+24
94.7523379999845    -49139231767.6739    7.47461777013887e+24
95.1058914999843    -19439256192.6067    7.61617261128405e+24
95.459444999984    -1004826098.11805    7.27223492529274e+24
95.8129984999838    9916351822.40482    7.07441467419967e+24
96.1665519999835    -1502241290.69041    6.87315915105918e+24
96.5201054999833    26754014928.3741    6.7156418023026e+24
96.873658999983    -46015002176.9895    7.28263936146317e+24
97.2272124999828    2386203003.56607    7.41306974534501e+24
97.5807659999825    -824706769.077585    7.50889426727315e+24
97.9343194999823    -22445692003.7144    7.40796339471639e+24
98.287872999982    -19440505172.2197    7.17968980295278e+24
98.6414264999818    -22624335438.7475    7.47011289329373e+24
98.9949799999815    23733514506.5303    7.88246733977938e+24
99.3485334999813    21213177346.043    8.09705914511332e+24
99.702086999981    468238692.955269    8.10279912068815e+24
100.055640499981    20664759800.6497    8.2693754261035e+24
100.409193999981    56683391226.4381    8.22078800918302e+24
100.76274749998    15429366736.0001    7.9572595443168e+24
101.11630099998    13721005957.157    7.85993267198008e+24
101.46985449998    20161979157.4057    7.9416121887944e+24
101.823407999979    -16011409409.0053    8.30060517794904e+24
102.176961499979    -40791128503.4323    8.33156601057565e+24
102.530514999979    22603190701.0033    8.54551318095777e+24
102.884068499979    17149446599.2355    8.32107793257487e+24
103.237621999978    8766982602.6876    8.12724839481093e+24
103.591175499978    39185055154.5724    7.91771701623952e+24
103.944728999978    -20351189976.0307    7.89636004861422e+24
104.298282499978    55059494736.9905    8.30795486447445e+24
104.651835999977    -38405432118.6471    8.39796901375223e+24
105.005389499977    -32871327590.8086    8.44337556787598e+24
105.358942999977    18820033944.6041    8.54405616651156e+24
105.712496499977    -15096291670.242    8.15157497642987e+24
106.066049999976    11100246933.0729    8.198425481975e+24
106.419603499976    -8117507381.95308    8.67844009349819e+24
106.773156999976    -11967499155.9865    8.90917922021474e+24
107.126710499976    4628114568.68768    8.94558652863854e+24
107.480263999975    25048018263.2972    8.92947590195313e+24
107.833817499975    -5310235379.96763    8.47352592553282e+24
108.187370999975    -18968028716.1294    8.43962535925023e+24
108.540924499975    29147425527.5511    8.32931833773991e+24
108.894477999974    -14015391812.4606    8.77490196187294e+24
109.248031499974    -3111753774.94605    8.82893610483131e+24
109.601584999974    15363187761.4845    9.04001897922155e+24
109.955138499974    626927211.150421    9.06719239266866e+24
110.308691999973    14335404441.6454    8.72490426391308e+24
110.662245499973    6829858443.52711    8.57620719528016e+24
111.015798999973    40179785164.9731    8.68408555402255e+24
111.369352499973    14005008827.9302    9.04019537426926e+24
111.722905999972    -72661319550.2934    9.18158087614512e+24
112.076459499972    20806447243.5896    9.13009255287568e+24
112.430012999972    1687736520.81759    9.00452208051765e+24
112.783566499972    11289909977.4191    8.7739870467719e+24
113.137119999971    -16393580127.7372    8.49818750623603e+24
113.490673499971    -50781619867.3328    8.56994305089009e+24
113.844226999971    -41368438735.7127    8.99033557614206e+24
114.197780499971    1542830321.38998    9.35198956602659e+24
114.55133399997    -1752980938.26958    9.21490954157423e+24
114.90488749997    -7534189964.09925    9.14582718364239e+24
115.25844099997    20050723325.3355    8.67709037676056e+24
115.61199449997    -33620383933.9816    8.47921916668341e+24
115.965547999969    9603875928.29604    8.60497354449508e+24
116.319101499969    -402104129.604188    9.05679323513591e+24
116.672654999969    -9769280499.3307    9.21707194908865e+24
117.026208499969    4581474369.49627    9.24054195613745e+24
117.379761999968    18976165187.2821    9.04073549566795e+24
117.733315499968    -18111581020.2203    8.6126883232189e+24
118.086868999968    20863006139.1546    8.25721743035303e+24
118.440422499968    39094159684.9053    8.7720039188655e+24
118.793975999967    25815738202.9153    9.01772543092461e+24
119.147529499967    30749019398.9942    9.18749833761185e+24
119.501082999967    12007896728.5285    9.10759377939492e+24
119.854636499967    -4820990830.17634    8.87199980768462e+24
120.208189999966    61919223433.6157    8.55070658097348e+24
120.561743499966    -6710493752.69958    8.47225981414681e+24
120.915296999966    3876103316.42326    8.8955042826966e+24
121.268850499966    31966170977.5836    9.26395150246463e+24
121.622403999965    12599356631.958    9.54067726597857e+24
121.975957499965    -10623278587.2926    9.3057932403308e+24
122.329510999965    -17617838960.0304    9.13625971152139e+24
122.683064499965    21665812549.7657    8.63200708823996e+24
123.036617999964    29943386187.2871    8.74644363408384e+24
123.390171499964    24973807075.7285    9.23017732299245e+24
123.743724999964    -9605532023.50181    9.78144204724811e+24
124.097278499964    40540866838.3737    9.75534053688966e+24
124.450831999963    21446993753.5531    9.63682771705015e+24
124.804385499963    13031806903.2268    9.64252356362826e+24
125.157938999963    10025419499.0342    9.08076963569248e+24
125.511492499963    -7171489909.27908    9.3209212925742e+24
125.865045999962    -30210978580.8201    9.76277183966068e+24
126.218599499962    -2360054555.85371    9.85838794469607e+24
126.572152999962    -10405825788.9435    1.00305662434028e+25
126.925706499962    -1160667332.13412    9.69656610400965e+24
127.279259999961    -122752574.94566    9.5053470601405e+24
127.632813499961    -1715934041.52593    9.39966772035039e+24
127.986366999961    9145939230.69363    9.48362117825044e+24
128.339920499961    13456613389.959    9.89066131312516e+24
128.69347399996    -48766885988.747    9.87383010035129e+24
129.04702749996    8181501450.66863    9.87072303547289e+24
129.40058099996    20292712411.7956    9.72590040663029e+24
129.75413449996    6600816326.89175    9.36738196387976e+24
130.107687999959    8187730511.71398    9.33191925130491e+24
130.461241499959    -21606000245.7542    9.59143600476828e+24
130.814794999959    41977861507.7626    1.01718838454646e+25
131.168348499959    39453645411.8226    1.00417879476813e+25
131.521901999958    13252173513.2951    1.01675723035428e+25
131.875455499958    8876466633.73826    9.92591912292787e+24
132.229008999958    29664444482.1554    9.58598688119404e+24
132.582562499958    8416941849.98703    9.42116604272129e+24
132.936115999957    -25650016342.6047    9.88571134104707e+24
133.289669499957    21927161903.9914    9.91431780081503e+24
133.643222999957    28199622510.0634    9.99184421421632e+24
133.996776499957    -34715730729.9923    1.01566152133537e+25
134.350329999956    4529741700.79425    9.69487405984273e+24
134.703883499956    -3576422385.7854    9.58148112929247e+24
135.057436999956    63256482982.599    9.59877082762883e+24
135.410990499956    16993622575.3933    9.69061622887942e+24
135.764543999955    31652858060.5622    9.94485603035469e+24
136.118097499955    -4723542977.69866    1.02307470357188e+25
136.471650999955    40562140939.0107    9.95609332013817e+24
136.825204499955    -4662784316.81867    9.78263746309427e+24
137.178757999954    -32060044291.0763    9.53380434428882e+24
137.532311499954    -30393930597.5893    9.4210060703551e+24
137.885864999954    -12133272743.046    9.84483325426921e+24
138.239418499954    50903032435.0613    1.00770726960234e+25
138.592971999953    23643144209.7371    1.00161201103447e+25
138.946525499953    50050070473.1982    1.00155765312334e+25
139.300078999953    -18669652198.5435    9.85628169695505e+24
139.653632499953    2988892467.56306    9.38595383768071e+24
140.007185999952    -2866847295.78504    9.71608166807508e+24
140.360739499952    23473274687.6354    1.01692625135777e+25
140.714292999952    -5351705801.5952    1.03429024886912e+25
141.067846499952    -41824377140.3043    1.03121935806704e+25
141.421399999951    21362364422.0915    9.98977496363337e+24
141.774953499951    2367917457.02914    9.92126023320807e+24
142.128506999951    -6490704891.84936    9.68518877909025e+24
142.482060499951    13328136646.1503    9.66617478146924e+24
142.83561399995    -6673544285.37875    1.01561997914211e+25
143.18916749995    -11809895321.0011    1.0316710088744e+25
143.54272099995    8616697434.56802    1.01700961566502e+25
143.89627449995    8740218490.79901    1.00196414432063e+25
144.249827999949    26696695924.1216    9.72281289037795e+24
144.603381499949    20251754774.8442    9.76168148084828e+24
144.956934999949    19114263900.8209    9.90682440476878e+24
145.310488499949    26387061022.5815    1.00724333586693e+25
145.664041999948    23656424918.6801    1.04901590495379e+25
146.017595499948    -21454640832.1565    1.03287866689163e+25
146.371148999948    -34866570586.407    9.98103238843733e+24
146.724702499948    2108975975.07112    9.86578187686346e+24
147.078255999947    5580890320.83567    9.64280229177408e+24
147.431809499947    10925446919.7481    1.02313853020159e+25
147.785362999947    9447643947.13517    1.02711699378883e+25
148.138916499947    9502599921.14666    1.04731307167278e+25
148.492469999946    -40567578004.8823    1.03428642666777e+25
148.846023499946    -42210284792.5263    1.00546850220035e+25
149.199576999946    -40508969523.8556    9.7486343795689e+24
149.553130499945    -1954450730.90919    9.8628208618686e+24
149.906683999945    -4681046431.48616    1.01197947616243e+25
150.260237499945    5245928622.03316    1.03672774907839e+25
150.613790999945    -3235016641.10342    1.04283748931418e+25
150.967344499944    -7974148754.25462    1.02654998756154e+25
151.320897999944    -23229389597.662    1.0210460351895e+25
151.674451499944    -52165772902.6113    9.86976606423502e+24
152.028004999944    -37264252399.6261    9.95580134475927e+24
152.381558499943    4669582147.46456    1.03811103971867e+25
152.735111999943    15796077073.8357    1.05611985331601e+25
153.088665499943    -18391669013.8667    1.03115141543179e+25
153.442218999943    13239614549.2221    1.03842766934589e+25
153.795772499942    13322352279.9764    1.01746244593009e+25
154.149325999942    26798898916.6287    9.98833646377634e+24
154.502879499942    4658092531.91837    1.01075698600152e+25
154.856432999942    3021910333.06249    1.0371567654573e+25
155.209986499941    -11800736976.8824    1.0753332074085e+25
155.563539999941    -3616638021.44145    1.07813499941406e+25
155.917093499941    -48890417120.7053    1.05171483979683e+25
156.270646999941    37934066203.3988    1.01079810167976e+25
156.62420049994    -10888532725.4544    9.78627552835728e+24
156.97775399994    40209043499.8152    1.01804860674356e+25
157.33130749994    -3372118135.63482    1.04928190755593e+25
157.68486099994    46126002727.8919    1.05611191283911e+25
158.038414499939    -34206038479.4643    1.06788746465148e+25
158.391967999939    -2102608276.56726    1.05138358225277e+25
158.745521499939    4976578991.58088    9.99663275429266e+24
159.099074999939    -28751043601.5877    9.98778391246261e+24
159.452628499938    57857095721.9998    1.01227951701587e+25
159.806181999938    6006518913.26633    1.04654506830386e+25
160.159735499938    3272771434.92281    1.06502229018272e+25
160.513288999938    -8044855929.18059    1.05544044195062e+25
160.866842499937    30329829774.1331    1.01870046475181e+25
161.220395999937    -16072859922.9057    1.00473783648677e+25
161.573949499937    -40815318872.5407    9.70565098262524e+24
161.927502999937    -26660321120.625    9.98058487870572e+24
162.281056499936    -14430423616.3835    1.03555924436315e+25
162.634609999936    -14892548848.2733    1.05083341973219e+25
162.988163499936    37414902871.8226    1.05594163679617e+25
163.341716999936    51077537580.0841    1.01688243450101e+25
163.695270499935    -12882576031.3808    9.98303673225615e+24
164.048823999935    7972985156.68291    9.9076569787055e+24
164.402377499935    16077857176.8603    1.00473295405046e+25
164.755930999935    24542691621.7833    1.04601960700051e+25
165.109484499934    30860108058.6896    1.04897465715542e+25
165.463037999934    41613441059.7472    1.03670469745035e+25
165.816591499934    -26700428998.5218    1.01652301013337e+25
166.170144999934    -37413409832.3805    1.00138378300258e+25
166.523698499933    34467474886.4552    9.88459418777944e+24
166.877251999933    15428623673.1519    1.02457413292764e+25
167.230805499933    34034742182.8755    1.0506141216906e+25
167.584358999933    -27171825639.5672    1.05002128360654e+25
167.937912499932    1794357355.48356    1.03596705297504e+25
168.291465999932    -27526315784.6632    1.01996508261059e+25
168.645019499932    7745494767.28183    1.00350885527129e+25
168.998572999932    35990161714.6182    1.0030113462101e+25
169.352126499931    22133077131.8189    1.04105905134747e+25
169.705679999931    8130752147.96557    1.05888074822262e+25
170.059233499931    23759880401.7659    1.05314863006757e+25
170.412786999931    -12007692100.3361    1.04141428514863e+25
170.76634049993    -15555191982.7503    1.01330482061202e+25
171.11989399993    -23306669242.6025    9.92603173474817e+24
171.47344749993    -27527648612.004    9.91242022843637e+24
171.82700099993    -20982094129.9275    1.00756135269268e+25
172.180554499929    31433357711.2916    1.03490428816008e+25
172.534107999929    28076589623.7225    1.05457530953548e+25
172.887661499929    54673274707.9717    1.03293967546558e+25
173.241214999929    -10938725651.102    1.00424210941931e+25
173.594768499928    -14199175433.4399    9.79830973223906e+24
173.948321999928    43235518403.5259    9.80595955166712e+24
174.301875499928    18778842463.1912    1.01459019971501e+25
174.655428999928    -26225960186.0951    1.04240321602827e+25
175.008982499927    13188237820.5343    1.05509409948772e+25
175.362535999927    -28443915129.031    1.02417539062635e+25
175.716089499927    -45491461192.3755    9.95719319912537e+24
176.069642999927    25220862699.5351    9.75113630971449e+24
176.423196499926    6091097544.04341    9.94514148833967e+24
176.776749999926    -17653593986.1691    1.02134184885716e+25
177.130303499926    -20138168827.4569    1.03746267123006e+25
177.483856999926    -49486252696.3259    1.04428034758828e+25
177.837410499925    -9671773524.02547    1.03331945593009e+25
178.190963999925    -32755934933.3671    1.00425797198489e+25
178.544517499925    8967716753.37704    9.87311061411096e+24
178.898070999925    23596630451.3631    1.00157090454704e+25
179.251624499924    -28255202923.5561    1.03065202551154e+25
179.605177999924    -750325013.047957    1.043643243224e+25
179.958731499924    -24475654885.1296    1.02867856404304e+25
180.312284999924    -29339810419.1502    1.00873615476605e+25
180.665838499923    -46328525455.5466    9.94702760454671e+24
181.019391999923    -7213513077.06438    9.7604471066613e+24
181.372945499923    20827236081.919    1.00053846576525e+25
181.726498999923    19614681952.3965    1.02539910386141e+25
182.080052499922    -17688128869.3978    1.03579774545061e+25
182.433605999922    9867120608.89608    1.04918285492726e+25
182.787159499922    31491175949.2732    1.01888239170766e+25
183.140712999922    23017765867.882    9.89551836764026e+24
183.494266499921    5444624508.23747    9.93721417155384e+24
183.847819999921    -11777271721.1143    1.00494926682719e+25
184.201373499921    15505316826.7418    1.0271128103051e+25
184.554926999921    -28315714587.9349    1.04643362721989e+25
184.90848049992    16838995340.6227    1.04886468982205e+25
185.26203399992    16609996558.6351    1.00909393388036e+25
185.61558749992    -569952872.840592    9.9638695199073e+24
185.96914099992    9848327765.73576    9.8408786380709e+24
186.322694499919    11419050569.9297    1.02523753573532e+25
186.676247999919    -3657284238.74903    1.03906413466645e+25
187.029801499919    -3153256228.52074    1.05119414035099e+25
187.383354999919    -5836924635.77984    1.03979256257842e+25
187.736908499918    -20454476030.6813    1.0224771715685e+25
188.090461999918    12989683238.1677    9.98376192237631e+24
188.444015499918    -24172187978.3673    9.96604717613714e+24
188.797568999918    -112501905.676347    1.02654652003499e+25
189.151122499917    -42749745871.4347    1.05642317775889e+25
189.504675999917    -26327214439.8055    1.04966954360984e+25
189.858229499917    42744581283.8098    1.02873429078716e+25
190.211782999917    43541157522.1693    1.0061823301954e+25
190.565336499916    5810205552.04633    9.88145544339173e+24
190.918889999916    10230877748.5589    1.00104746433113e+25
191.272443499916    -18748648726.0064    1.02307915836458e+25
191.625996999916    -36361109914.5441    1.04367032312349e+25
191.979550499915    -16211315159.7445    1.05096459412926e+25
192.333103999915    -3764951431.57984    1.03044891467958e+25
192.686657499915    25911322980.2255    1.00488057240302e+25
193.040210999915    -15980473976.6326    9.87690576339423e+24
193.393764499914    5827743403.46968    9.92740324335618e+24
193.747317999914    9305679354.21535    1.02283288546334e+25
194.100871499914    2799820417.48982    1.02710616630691e+25
194.454424999913    -25738224069.7994    1.0486460304505e+25
194.807978499913    26507961559.6021    1.04186048815764e+25
195.161531999913    26527442195.3475    1.00487028723374e+25
195.515085499913    6361318662.90158    9.85669495812679e+24
195.868638999912    -25823781828.1307    1.00025399502914e+25
196.222192499912    85470914356.9815    1.02338069668496e+25
196.575745999912    -39851098992.8843    1.04958111434164e+25
196.929299499912    15063990553.8476    1.03293527454781e+25
197.282852999911    -28018180521.4854    1.02451052041911e+25
197.636406499911    -24670566884.6723    1.01164426130362e+25
197.989959999911    -8295183017.25236    9.97116803218144e+24
198.343513499911    -7453716848.04999    1.00086286008584e+25
198.69706699991    -1658418050.61569    1.04083079776138e+25
199.05062049991    12299150542.9801    1.04053745382326e+25
199.40417399991    -6205426857.16335    1.04045938598366e+25
199.75772749991    12542953674.2621    1.03575231872205e+25
200.111280999909    25848563311.484    1.01214319208187e+25
200.464834499909    -48924877661.6299    9.99209382670869e+24
200.818387999909    17202319999.3251    1.0296335572987e+25
201.171941499909    54477075787.8765    1.05276562086469e+25
201.525494999908    28688201798.4477    1.04540086081892e+25
201.879048499908    12528851935.1842    1.03983506498283e+25
202.232601999908    -20712262026.8306    1.03363821181419e+25
202.586155499908    -42670983713.1151    1.00981380413896e+25
202.939708999907    5459404243.05798    1.00757488682512e+25
203.293262499907    28732616549.5488    1.01740792937103e+25
203.646815999907    15465477887.5073    1.03431272659205e+25
204.000369499907    54182360395.1482    1.03533836758186e+25
204.353922999906    -17229335496.6463    1.02674356280114e+25
204.707476499906    -23895401992.4796    1.01295169567525e+25
205.061029999906    76584033782.3978    9.84791917117982e+24
205.414583499906    -17818987078.1707    9.88660712372197e+24
205.768136999905    17352751213.8454    1.02269945297321e+25
206.121690499905    -700435425.41188    1.03437094784925e+25
206.475243999905    9699221683.16742    1.0393235813526e+25
206.828797499905    1159254019.02228    1.03353778926769e+25
207.182350999904    -71738971495.8894    1.01147144193994e+25
207.535904499904    -5096104669.84841    9.98711555256124e+24
207.889457999904    19581345181.111    1.00448752142562e+25
208.243011499904    15625669132.3514    1.02230181976861e+25
208.596564999903    -41647857346.5389    1.02346398268179e+25
208.950118499903    20585459506.6519    1.02665058101166e+25
209.303671999903    47172302221.9368    1.02467504533948e+25
209.657225499903    15156482347.7892    1.00004175679057e+25
210.010778999902    -15576445997.4408    1.00089766277912e+25
210.364332499902    3922119189.35567    9.91935186263048e+24
210.717885999902    3274680672.22887    1.02525003401169e+25
211.071439499902    5073375822.44981    1.04070260113749e+25
211.424992999901    25160493048.1304    1.03033011913709e+25
211.778546499901    -20913235776.9326    1.01371942109367e+25
