#t    rel_diff_friedmann    LHS_friedmann    RHS_friedmann
0    8.114610840666e-17    1.36817778008691    1.36817778008691
0.3535535    -1.90613151333088e-05    2.58366553641488    2.58376403441836
0.707106999999999    -7.20032987984887e-06    2.94442764722867    2.94447004923471
1.0606605    5.15112786435298e-06    2.27172882133516    2.27170541752445
1.414214    2.09331928667334e-06    1.64933057901469    1.64932367387812
1.76776750000001    3.16769447810001e-06    1.28188137963559    1.28187325844418
2.121321    1.75130551804193e-05    1.09475551388495    1.09471716952903
2.4748745    5.80479581772556e-06    1.2477595528489    1.24774506695412
2.82842799999999    -6.51578796384486e-06    1.76588956233108    1.76591257480493
3.18198149999998    1.03253287438989e-05    1.9719838382253    1.97194311588295
3.53553499999997    1.1983682564516e-05    1.7551141528579    1.75507208790025
3.88908849999997    9.65195376794621e-06    1.51210151831097    1.51207232912481
4.24264199999997    1.73377730735483e-05    1.32934891912365    1.32930282402305
4.59619549999999    2.69775946624307e-05    1.25937577751018    1.25930782948475
4.949749    3.96625958092058e-06    1.45968531012417    1.45967373118841
5.30330250000002    9.91870859765748e-06    1.76126518524573    1.76123024664
5.65685600000003    2.0293605676512e-05    1.76290217371547    1.76283062388435
6.01040950000005    1.63539417362331e-05    1.60410642871817    1.60405396265005
6.36396300000006    1.76339627398131e-05    1.45629091125739    1.45623955180373
6.71751650000007    2.94146291571895e-05    1.34610347643475    1.3460242884949
7.07107000000009    2.44044755181173e-05    1.36620680142093    1.36614011992738
7.4246235000001    7.02524416341913e-06    1.58534157199601    1.58531929732924
7.77817700000012    2.36105083839775e-05    1.72386970536854    1.7237883044102
8.13173050000013    2.36847767910809e-05    1.65073495236825    1.65065675964245
8.48528400000015    2.03233007714991e-05    1.53163828421182    1.53157602958599
8.83883750000016    2.65648383003597e-05    1.42752847098064    1.42745262886937
9.19239100000018    3.62568729565263e-05    1.37137804223829    1.37127860208478
9.54594450000019    1.59419863755948e-05    1.46536415332319    1.46531743243728
9.89949800000021    1.90125522492929e-05    1.64504069203935    1.6449781403844
10.2530515000002    3.0150219690412e-05    1.66759500236511    1.66749444868547
10.6066050000002    2.50647747844952e-05    1.58073569153732    1.58065645195524
10.9601585000002    2.54449775314694e-05    1.48946154966407    1.48938575296138
11.3137120000003    3.59091244404741e-05    1.41446118251904    1.41435960204146
11.6672655000003    3.32856222968432e-05    1.41463100647447    1.41453683586225
12.0208190000003    1.46060552051552e-05    1.54968266201235    1.54963739317253
12.3743725000003    3.12121214458436e-05    1.65153884569997    1.65143575285566
12.7279260000003    3.13289581693534e-05    1.61306517581184    1.61296410767536
13.0814795000003    2.70867339534936e-05    1.53486704112406    1.53478389430585
13.4350330000004    3.23298266625835e-05    1.46237592963273    1.46228137596899
13.7885865000004    4.19839436261817e-05    1.4175318394684    1.41741281731175
14.1421400000004    2.36102761716007e-05    1.47399285656176    1.47392325544822
14.4956935000004    2.45128276575025e-05    1.60194733080721    1.60186879621464
14.8492470000004    3.67810607108895e-05    1.62740067789747    1.62728096725429
15.2028005000004    3.11637136711525e-05    1.56902713294701    1.56892934256989
15.5563540000004    3.07683704642336e-05    1.5031342195874    1.50304172445228
15.9099075000005    4.03673676734632e-05    1.44627172343452    1.44615496378297
16.2634610000004    3.94092360551177e-05    1.43990726826507    1.43979378144664
16.6170145000003    1.99262466533727e-05    1.53527666188877    1.53521547850504
16.9705680000003    3.62957154562745e-05    1.61693714657589    1.6168197750548
17.3241215000002    3.69719998624189e-05    1.59367666400906    1.59355882553898
17.6776750000001    3.2045422450923e-05    1.53576837223252    1.53566994669406
18.0312285    3.64913614546483e-05    1.48019225394023    1.48008422942107
18.384782    4.61580972220131e-05    1.44276198165959    1.44262879751148
18.7383354999999    2.94510859786126e-05    1.48021747647625    1.48013029101962
19.0918889999998    2.83061026401822e-05    1.57943773115362    1.57934831823149
19.4454424999997    4.17169907481685e-05    1.60515440088169    1.6050204820458
19.7989959999997    3.58813960884542e-05    1.56206386578719    1.56195177174471
20.1525494999996    3.48062236924521e-05    1.51055585336094    1.51045070353094
20.5061029999995    4.37244207144993e-05    1.46469094742331    1.46456286749713
20.8596564999994    4.41623589889224e-05    1.45546833094058    1.45533978278771
21.2132099999994    2.41008973426044e-05    1.52762449879651    1.52755086632867
21.5667634999993    3.99718865218107e-05    1.59653873628478    1.59641110805593
21.9203169999992    4.14614801437058e-05    1.58183823294397    1.5817070676733
22.2738704999991    3.59786206635749e-05    1.53606841774366    1.53595789047445
22.6274239999991    3.97316177804383e-05    1.49101127926955    1.49089280339628
22.980977499999    4.94184040240578e-05    1.45872569600413    1.45858152733711
23.3345309999989    3.42811277976187e-05    1.48475036585437    1.48464857150992
23.6880844999988    3.11198525291159e-05    1.56554233663618    1.56544490077508
24.0416379999988    4.56078009704631e-05    1.59096327009757    1.59081815604356
24.3951914999987    3.97556125488015e-05    1.55745380491698    1.55732997477986
24.7487449999986    3.80634559542712e-05    1.5152077294722    1.51509238577724
25.1022984999985    4.63884933854113e-05    1.47672549255987    1.47658849277359
25.4558519999985    4.80645778355109e-05    1.46607459318095    1.4659336674417
25.8094054999984    2.76112503433426e-05    1.52292481422422    1.52284071682966
26.1629589999983    4.27426686422459e-05    1.58300490781036    1.58286958988575
26.5165124999982    4.52027076149117e-05    1.57383559198031    1.57369331515141
26.8700659999982    3.92555751613114e-05    1.536165261259    1.53604465989153
27.2236194999981    4.23765698951398e-05    1.49828088632125    1.49815390769277
27.577172999998    5.20640016662449e-05    1.46977711483562    1.46962407784702
27.9307264999979    3.84650238533773e-05    1.48820083552771    1.48808635257002
28.2842799999979    3.33150545797235e-05    1.55606280256692    1.55595912538654
28.6378334999978    4.87810984838565e-05    1.58107188223847    1.58091763691634
28.9913869999977    4.3064948280423e-05    1.55417441830444    1.55404056318702
29.3449404999977    4.07994923136127e-05    1.51839436100191    1.51827046661861
29.6984939999976    4.85766322149531e-05    1.4852184190151    1.48507413220627
30.0520474999975    5.13710590571541e-05    1.47381773825684    1.47366632287906
30.4056009999974    3.07093080861944e-05    1.51977240888188    1.51967906943002
30.7591544999974    4.48788547724017e-05    1.57330830690508    1.5731670966924
31.1127079999973    4.8416999067359e-05    1.56804415128495    1.56789231865181
31.4662614999972    4.20796404012628e-05    1.53618285634332    1.53605357773894
31.8198149999971    4.46076335370467e-05    1.503503321755    1.5033691922878
32.1733684999971    5.42626508486915e-05    1.47791005496056    1.47774967302871
32.5269219999972    4.21999351420393e-05    1.49093940485238    1.49081357507002
32.8804754999974    3.51061691569866e-05    1.54915006194993    1.54904129632003
33.2340289999975    5.14231257877974e-05    1.57374228522136    1.57358044004896
33.5875824999976    4.59716094531711e-05    1.55171827754748    1.55157561413268
33.9411359999977    4.31654619272381e-05    1.52071316425654    1.52058188535087
34.2946894999978    5.04183196789663e-05    1.49154181425779    1.49139141977642
34.6482429999979    5.42410443750554e-05    1.47975800948012    1.4795974909471
35.001796499998    3.35628190588572e-05    1.51753340753455    1.51743154555497
35.3553499999981    4.65558557279657e-05    1.56597274050662    1.56582693689267
35.7089034999982    5.12353885663681e-05    1.56364067164417    1.56348045237828
36.0624569999983    4.45744563086188e-05    1.53616719373222    1.5360302522014
36.4160104999984    4.65374313630775e-05    1.50743787498719    1.50729757694301
36.7695639999985    5.61262198895212e-05    1.48416734853808    1.48400075648235
37.1231174999986    4.56567258819176e-05    1.4931925112965    1.49305616895909
37.4766709999987    3.66896514196443e-05    1.54386307382417    1.54374979038446
37.8302244999988    5.36397820442943e-05    1.56805828049343    1.56789006890747
38.1837779999989    4.85824403303774e-05    1.54980518979497    1.54965461047417
38.537331499999    4.52593024195236e-05    1.5224761380864    1.52233833190749
38.8908849999991    5.19851199291069e-05    1.49644161415906    1.49628603685321
39.2444384999992    5.69339909416609e-05    1.484494859815    1.48432583300457
39.5979919999993    3.64301529279183e-05    1.51588307919956    1.51577263551824
39.9515454999994    4.79568568513667e-05    1.56018749454125    1.56003785834066
40.3050989999995    5.37358261775274e-05    1.56015974872004    1.55999208478346
40.6586524999996    4.68206329609685e-05    1.53613703720338    1.53599319812123
41.0122059999997    4.82589305444849e-05    1.51051162899239    1.5103658446762
41.3657594999998    5.78869327559149e-05    1.48916027129049    1.48898787542898
41.7193129999999    4.92894583824176e-05    1.49512026521898    1.49497288514709
42.0728665    3.85034410210816e-05    1.53966387437318    1.5395453142238
42.4264200000001    5.5266336557526e-05    1.5634730415802    1.56330023627588
42.7799735000002    5.10211867871696e-05    1.54826335152166    1.5481053711147
43.1335270000003    4.71681137230901e-05    1.52386374552177    1.52371999674523
43.4870805000005    5.31319399356191e-05    1.50038332908344    1.50022390100032
43.8406340000006    6.10951107101274e-05    1.48845521834097    1.48827335477924
44.1941875000007    3.95515165072443e-05    1.51466042530281    1.51454061580783
44.5477410000008    4.88046202133166e-05    1.55541022065324    1.55525840565232
44.9012945000009    5.61741616837542e-05    1.55727446604688    1.55709951869912
45.254848000001    4.8894788569631e-05    1.53609649795819    1.53594629107554
45.6084015000011    5.01017754249115e-05    1.51300258940335    1.5128509887669
45.9619550000012    6.22353788404646e-05    1.49340825859736    1.49322238450783
46.3155085000013    5.2428305098774e-05    1.49703003769171    1.49687307242602
46.6690620000014    3.75090867518276e-05    1.53613722077651    1.53602198689028
47.0226155000015    5.26352180567172e-05    1.55943000349191    1.55926585025559
47.3761690000016    5.36415649314417e-05    1.54692373261457    1.54675778269669
47.7297225000017    4.90931727206721e-05    1.5250021525445    1.52485242550692
48.0832760000018    5.14626812055026e-05    1.50389940690181    1.50374462547579
48.4368295000019    7.37933132371844e-05    1.49257865674307    1.49235838834871
48.790383000002    2.03516338919136e-05    1.51404346532228    1.51398184005985
49.1439365000021    2.84812450978469e-05    1.55066188274674    1.55057355570011
49.4974900000022    6.89061813596097e-05    1.55429194598733    1.55407776010063
49.8510435000023    5.20317826813869e-05    1.5359899357908    1.53583010351808
50.2045970000024    5.4643490860685e-05    1.51520587910365    1.51504029587448
50.5581505000025    9.17002127164191e-05    1.498181157768    1.49790641590018
50.9117040000026    3.14439464376461e-06    1.50047834563398    1.5004689094715
51.2652575000027    -1.48204416576244e-05    1.53252915954444    1.53257458573568
51.6188110000028    8.46300735400696e-05    1.55403091969435    1.55376790645115
51.9723645000029    4.71701942721829e-05    1.54503004534988    1.54488429349023
52.325918000003    5.09091695244326e-05    1.52591760716987    1.52576224868276
52.6794715000031    4.95756704491965e-05    1.50703602217724    1.50688660494232
53.0330250000032    4.39886014883575e-05    1.49689301242709    1.49676132575941
53.3865785000033    1.9157740404624e-05    1.51398758721442    1.51392957916338
53.7401320000034    7.70731679993742e-05    1.54581189160457    1.54557362872901
54.0936855000036    8.45073004967919e-05    1.55115251334743    1.5508903680775
54.4472390000037    5.58247667581874e-05    1.53579840418462    1.53562694258103
54.8007925000038    5.42766292809306e-05    1.51690645298948    1.51674179678806
55.1543460000039    7.58723901306202e-05    1.50068899529746    1.50046129085211
55.507899500004    4.64462706579029e-05    1.50112485900755    1.50098542218089
55.8614530000041    5.96495756942915e-05    1.53030156166138    1.5301190088729
56.2150065000042    9.74597533248659e-05    1.55192714198547    1.55162467059138
56.5685600000043    5.33323084860795e-05    1.5443756096821    1.54421088823421
56.9221135000044    5.25481432705068e-05    1.52681122941681    1.5266507756579
57.2756670000045    5.2490634748631e-05    1.50924680676436    1.50908837243492
57.6292205000046    4.99822046907467e-05    1.49887182561077    1.49872199926264
57.9827740000047    5.17630969048463e-05    1.51311131365134    1.51295467510432
58.3363275000048    9.018734462786e-05    1.54319596333338    1.54291763494273
58.6898810000049    8.15843756777091e-05    1.54968414800426    1.54943130860458
59.043434500005    5.73326702825709e-05    1.53591311945914    1.53573701355484
59.3969880000051    5.65816728020342e-05    1.51853926646979    1.51836743320858
59.7505415000052    8.45878887640008e-05    1.50369758604852    1.50344321835666
60.1040950000053    4.94028773606762e-05    1.50292229333666    1.50277380330102
60.4576485000054    0.000110154492119349    1.52789989406522    1.52756332106657
60.8112020000055    0.000132713264803697    1.54869031145628    1.54827930250781
61.1647555000056    5.5514144263819e-05    1.54328606640827    1.54311472750934
61.5183090000057    5.46248280693664e-05    1.52761108177086    1.52744419990136
61.8718625000058    5.34225877836919e-05    1.51147620328198    1.51131471796864
62.2254160000059    4.31121656560562e-05    1.50157998733733    1.50145052018862
62.578969500006    0.000115915781714983    1.51289702366135    1.51254632703032
62.9325230000061    0.000154682897026374    1.53997813792237    1.539501795045
63.2860765000062    7.47184148082201e-05    1.54758817476692    1.54735692537511
63.6396300000063    5.91978386340967e-05    1.53589275139547    1.53571091909704
63.9931835000064    5.85143849941424e-05    1.5200039636193    1.51982608983324
64.3467370000062    8.66717884306771e-05    1.50643811079738    1.50617700205769
64.7002905000059    9.35161065625852e-05    1.50473150903583    1.50445010208762
65.0538440000057    0.000208326938792871    1.52590235853362    1.5252667178202
65.4073975000054    0.000144029023984339    1.54564167556286    1.5451965051564
65.7609510000052    6.81357936641787e-05    1.54218815812881    1.54197801601874
66.1145045000049    5.74649230433761e-05    1.52833670401094    1.528161062602
66.4680580000047    5.57620803897104e-05    1.51348885171906    1.51332007055661
66.8216115000044    4.61338491266515e-05    1.5041245225888    1.50398574688347
67.1751650000042    0.000192454257209857    1.51300065579356    1.51241840101623
67.5287185000039    0.000192131057173357    1.53705754291799    1.53646702339382
67.8822720000037    5.57749219612972e-05    1.54543702899136    1.54526464534666
68.2358255000034    5.82595176555675e-05    1.53575788296057    1.53557894835821
68.5893790000032    5.94548687552276e-05    1.52130520182551    1.52112431457792
68.9429325000029    7.84792866067444e-05    1.50873738347574    1.50850059279184
69.2964860000027    0.000145582982259639    1.50626096791863    1.50582245983041
69.6500395000024    0.000200670625982596    1.52430696088045    1.52369531635548
70.0035930000022    9.80865706929955e-05    1.54302155994538    1.54271889024657
70.3571465000019    8.2331742675991e-05    1.54125773354439    1.54100396556732
70.7107000000017    6.00170526427002e-05    1.52899849315737    1.52881497220564
71.0642535000014    5.89493995087605e-05    1.51538205244811    1.51520340125546
71.4178070000012    6.56722200824492e-05    1.50655730194094    1.50635943700977
71.7713605000009    0.00018237633795288    1.51331954985189    1.51276766314766
72.1249140000007    0.000129720950551163    1.53434334385305    1.53394532253068
72.4784675000004    7.33683229716531e-05    1.54321942878382    1.54299299855369
72.8320210000002    6.09107473163356e-05    1.535478495688    1.5352914527956
73.1855744999999    6.36470052471154e-05    1.52258987451255    1.52239607027615
73.5391279999996    7.54500696803765e-05    1.51140535177926    1.51117729770774
73.8926814999994    0.000158293570994022    1.50871327592286    1.50823571229401
74.2462349999991    0.000127093225806724    1.523082912785    1.5226958149414
74.5997884999989    9.06077964711591e-05    1.53969689469552    1.53941790288863
74.9533419999986    8.76177842881821e-05    1.53958006669276    1.53931030114067
75.3068954999984    6.43708419717724e-05    1.52930681363783    1.52910994077624
75.6604489999981    6.65116262329944e-05    1.51744412969908    1.51724228777034
76.0140024999979    9.3235549382152e-05    1.5098266854557    1.50954517266172
76.3675559999976    0.000119200839252137    1.51457497451374    1.51421394033317
76.7211094999974    0.000109347420237396    1.53133743099053    1.53100257201132
77.0746629999971    0.000102251110083918    1.53999373916751    1.53967883922768
77.4282164999969    7.24022714043598e-05    1.53458221791983    1.53436001953103
77.7817699999966    7.11812334399503e-05    1.52390200108175    1.52368507007501
78.1353234999964    7.27183173038861e-05    1.51444011955301    1.51421988049413
78.4888769999961    0.000126377572124423    1.51191911283171    1.51153701578675
78.8424304999959    0.000129531646738828    1.52211710182059    1.52172282822204
79.1959839999956    0.000134707728930027    1.53567961220627    1.53526593210633
79.5495374999954    9.60724256958415e-05    1.53717896336575    1.53688363071559
79.9030909999951    7.42775427849675e-05    1.52947765850582    1.52925046369686
80.2566444999949    7.87423462357837e-05    1.51954703301919    1.51930774646399
80.6101979999946    0.00012343325119633    1.5134101346893    1.5130365705329
80.9637514999944    0.000112338611425578    1.51627606643229    1.51593543200301
81.3173049999941    0.000168009051582227    1.52853702506427    1.52802349523015
81.6708584999939    0.000120123787305398    1.53636635257914    1.53599728862258
82.0244119999936    8.88356414605306e-05    1.53327780713416    1.53300541189749
82.3779654999934    8.18645475534842e-05    1.52496389817464    1.52471423765387
82.7315189999931    8.32071594267524e-05    1.51716790717401    1.51691544971642
83.0850724999928    0.000103371718211207    1.51482085418204    1.51450770728361
83.4386259999926    0.000183209041744419    1.52174963146355    1.52119213701806
83.7921794999923    0.000145045032186856    1.53216413910975    1.53171973797419
84.1457329999921    0.00011476767960766    1.53465359944865    1.53430138260654
84.4992864999918    8.83215886724707e-05    1.52936717606207    1.52909704764293
84.8528399999916    9.12282045344452e-05    1.52143914155293    1.52116157055285
85.2063934999913    0.000122285028097185    1.51618625912749    1.51581549070832
85.5599469999911    0.000159634991122733    1.51757321556251    1.51708877732222
85.9135004999908    0.000160677737440984    1.5264090312242    1.52591859012807
86.2670539999906    0.000137914970923399    1.53343384783408    1.53301093919044
86.6206074999903    0.000104321126677707    1.53222578451987    1.53190613082617
86.9741609999901    9.42143181135843e-05    1.52600592330065    1.52571840717378
87.3277144999898    9.81361478781185e-05    1.51929977838757    1.5190016111931
87.6812679999896    0.000126519170879787    1.51658374387571    1.51620003858609
88.0348214999893    0.000164807919773118    1.52098370817125    1.52048245046058
88.3883749999891    0.000156787412423015    1.52947433617596    1.52899480671307
88.7419284999888    0.000135309860263251    1.53296720814571    1.53255241311412
89.0954819999886    0.000106067149896437    1.52974564587004    1.52942116876496
89.4490354999883    0.000102807552918341    1.52339855189459    1.52308535033959
89.8025889999881    0.0001175550278702    1.5184218109486    1.51806485667376
90.1561424999878    0.000152921709545186    1.51810367658534    1.51763944555736
90.5096959999876    0.000173561245889209    1.52410960255889    1.52358064164302
90.8632494999873    0.000160234674359511    1.53093583287368    1.53044529346581
91.2168029999871    0.000125209871904178    1.53173358902401    1.5313500607126
91.5703564999868    0.000109341186112813    1.52740003186663    1.52706605292198
91.9239099999865    0.000112302889260053    1.52154413663654    1.52120242740611
92.2774634999863    0.000141053197727022    1.51820190772335    1.51777367365937
92.631016999986    0.000174211383887781    1.52007545394356    1.51954591729798
92.9845704999858    0.000177045196767195    1.52670455566471    1.52616405993995
93.3381239999855    0.000153237587271796    1.53138184997149    1.53091259135978
93.6916774999853    0.000124694705516957    1.53018208318387    1.52980051955433
94.045230999985    0.000116186055130652    1.52527005156771    1.52491566252218
94.3987844999848    0.000124050008693149    1.52038190483494    1.52000474484461
94.7523379999845    0.000152556067818659    1.51862983773472    1.51816655601813
95.1058914999843    0.000181835867155519    1.52220020631487    1.52164672576849
95.459444999984    0.000176623991577638    1.52857222679486    1.52803235709258
95.8129984999838    0.000151264082368891    1.53114182767692    1.53067868420681
96.1665519999835    0.000127122049125348    1.52854309229887    1.52815451863501
96.5201054999833    0.000125560686332446    1.52359761881835    1.52321505892741
96.873658999983    0.00014166193729045    1.5197597130684    1.51932918984681
97.2272124999828    0.000171774278828609    1.51952919417851    1.51900725177181
97.5807659999825    0.000186313935505521    1.52426265406236    1.5236947771181
97.9343194999823    0.000178387071129717    1.52970274305513    1.52915708200994
98.287872999982    0.000149026152229347    1.53043749892184    1.52998141646667
98.6414264999818    0.000133504854547088    1.5269832728779    1.52657560794366
98.9949799999815    0.00013572693166428    1.52240903634621    1.52199582861515
99.3485334999813    0.000159259261086657    1.5195295037897    1.51904558256669
99.702086999981    0.000186142547167486    1.52066014372127    1.52009412997546
100.055640499981    0.000196325389906089    1.52594237793048    1.52534333307355
100.409193999981    0.000174191625022123    1.53011018153061    1.52957720961189
100.76274749998    0.000151163749599491    1.52954159744042    1.5290792448453
101.11630099998    0.00014116700204682    1.52581945649711    1.52538872658529
101.46985449998    0.00014624775751601    1.52170225338643    1.52125722738615
101.823407999979    0.000170127449116083    1.51965293507743    1.51913595367538
102.176961499979    0.00019507288377327    1.52181305016917    1.52121943704647
102.530514999979    0.000199514474235355    1.52705349522632    1.52644427822347
102.884068499979    0.00017718747619759    1.53009509833355    1.5295529670148
103.237621999978    0.000155232996545829    1.52873475021659    1.52826020372947
103.591175499978    0.000148542630260188    1.52492718253636    1.52447421643184
103.944728999978    0.00015640028144526    1.52127887009687    1.52080308762251
104.298282499978    0.000181345033814519    1.52004417380879    1.51949296884287
104.651835999977    0.000210226318336724    1.5229132491526    1.5222730708439
105.005389499977    0.000203812159597417    1.52779956559411    1.52717692423819
105.358942999977    0.000181340672574789    1.52986339532607    1.52930864301112
105.712496499977    0.000161317846944865    1.52795240230246    1.52745950983126
106.066049999976    0.000158341319497272    1.52421230874771    1.52372969358931
106.419603499976    0.000168891112837749    1.52102369206758    1.52051000405691
106.773156999976    0.000195863083054036    1.52051710133795    1.51992159164171
107.126710499976    0.000221531614000898    1.52386474868166    1.5231897297851
107.480263999975    0.000207984641387509    1.52834107887408    1.52770546812893
107.833817499975    0.000185953028039832    1.52950871049006    1.52893998269446
108.187370999975    0.000166164680380378    1.5272560853506    1.52674861763525
108.540924499975    0.000166460204070317    1.52360932284865    1.52310216663236
108.894477999974    0.000183962063259486    1.52092832616736    1.52036884286516
109.248031499974    0.000215345915003301    1.52108809966152    1.52043312049136
109.601584999974    0.000221979094133271    1.5247322285067    1.52405546137709
109.955138499974    0.000218050974653287    1.52862101149339    1.52795452221916
110.308691999973    0.000187966018672633    1.52909667266778    1.52852194426973
110.662245499973    0.00017343537775228    1.52660186448714    1.52607242276897
111.015798999973    0.000176611118061324    1.52313729978063    1.52259938881874
111.369352499973    0.000197491936890138    1.52094965486979    1.52034902290325
111.722905999972    0.00022570545637034    1.52172132881366    1.52103456220666
112.076459499972    0.000231166663450082    1.52551942860097    1.52481429313211
112.430012999972    0.000218326801071103    1.52876898289675    1.52810158612413
112.783566499972    0.000191817840709158    1.52862895410694    1.52804262996393
113.137119999971    0.000179722154679875    1.52594557291612    1.52539717902208
113.490673499971    0.000183717085118785    1.52271478632959    1.52215539165592
113.844226999971    0.000210100381569598    1.52102095647756    1.52038195656502
114.197780499971    0.000229710659238358    1.52239266441083    1.52169340539296
114.55133399997    0.000241803969745573    1.52625648061848    1.52551854930147
114.90488749997    0.000218650089450822    1.52881226836617    1.52814386463424
115.25844099997    0.000195425865433091    1.52812508051957    1.52752792688614
115.61199449997    0.000186653845847238    1.52534610203304    1.52477678486589
115.965547999969    0.00019228054630017    1.52240542854433    1.52182008319987
116.319101499969    0.000215956304468033    1.52127150985559    1.52061459537369
116.672654999969    0.000241100388929057    1.52315323751423    1.52241894887558
117.026208499969    0.000243767253040995    1.52681103562756    1.52606684397298
117.379761999968    0.000220806576112437    1.52869949285498    1.52802454808538
117.733315499968    0.000200744884117933    1.52757924659076    1.5269660622467
118.086868999968    0.000194454171533052    1.52477299329213    1.52418011164206
118.440422499968    0.000203335248175632    1.52221518455704    1.52159627039945
118.793975999967    0.00022645640457824    1.5216443189603    1.52095530278939
119.147529499967    0.000255979203709261    1.52390587212142    1.5231258953559
119.501082999967    0.000246828503998023    1.52723757473512    1.52648382924935
119.854636499967    0.00022433527087921    1.52847785305429    1.5277922238787
120.208189999966    0.000204056838431098    1.52702470233917    1.52640162981545
120.561743499966    0.000202356915587513    1.5242689452545    1.52365217733718
120.915296999966    0.000216885376105548    1.52214280048924    1.5214826826316
121.268850499966    0.000243118038986993    1.52207553745122    1.52133562929653
121.622403999965    0.00026340733347715    1.52456185226479    1.52375890222327
121.975957499965    0.000248383760963717    1.52752266214935    1.52676402693445
122.329510999965    0.000226920949610482    1.52820856745013    1.52751515972021
122.683064499965    0.000211425658800562    1.52650084506976    1.52585549861891
123.036617999964    0.000212722027148137    1.52385514320221    1.5232069659735
123.390171499964    0.00022940608968144    1.52212934095289    1.52143112964662
123.743724999964    0.000256715424977888    1.52251788798108    1.52173638095269
124.097278499964    0.00026183665296252    1.52517400315633    1.52437551931632
124.450831999963    0.000250962412614194    1.52775729856258    1.52699067164205
124.804385499963    0.000230501381000631    1.52788739968103    1.52718320168836
125.157938999963    0.000218760276870932    1.5259755017551    1.52530800213098
125.511492499963    0.000221897735500319    1.52352164622405    1.52284566421636
125.865045999962    0.000242553934204035    1.5221924531797    1.5214542047085
126.218599499962    0.000262986171510018    1.52304782501866    1.52224695460345
126.572152999962    0.000268966255286048    1.52578110003204    1.52496055347365
126.925706499962    0.000253144656510303    1.5278352702298    1.52706193932502
127.279259999961    0.000232430179063251    1.52748272203518    1.52677282087244
127.632813499961    0.000224884684914056    1.52546297632926    1.52477702406786
127.986366999961    0.000231368926936234    1.52324340947365    1.52253871013296
128.339920499961    0.000252111549024802    1.52233580367289    1.52156840026895
128.69347399996    0.000270077746129826    1.5235933527379    1.52277059762829
129.04702749996    0.000275480735670722    1.52628532662314    1.52544463380857
129.40058099996    0.000255793589477425    1.52782263271167    1.5270412181219
129.75413449996    0.000238527388726813    1.52707449758772    1.52634617312845
130.107687999959    0.000233687087724585    1.52500408549524    1.52429150448921
130.461241499959    0.000241446935333299    1.52306398525424    1.52232868452723
130.814794999959    0.000259958348130464    1.52254476494405    1.52175337422857
131.168348499959    0.000282445381737233    1.52413475143098    1.52327402489584
131.521901999958    0.000275464795122519    1.52669245759197    1.52585158917153
131.875455499958    0.00025904375542505    1.52773629804457    1.526945001929
132.229008999958    0.000242415198906526    1.52669265933928    1.525952651719
132.582562499958    0.000241926791819329    1.52461773028156    1.52388021695332
132.936115999957    0.000252177067813676    1.52294478855948    1.5221768787063
133.289669499957    0.000274918831735008    1.52281064093945    1.52197357242063
133.643222999957    0.00028747862545261    1.52469745896829    1.52382107505046
133.996776499957    0.000282426994686081    1.52701373418953    1.52615143792569
134.350329999956    0.000262111094732498    1.5275560022363    1.52675543332227
134.703883499956    0.000249245563501825    1.5262711984232    1.52551055536029
135.057436999956    0.000250665210902843    1.52424562741369    1.52348166820836
135.410990499956    0.000265041991796826    1.52286901222402    1.52206197764958
135.764543999955    0.000285791113922562    1.52315935562945    1.52228899355335
136.118097499955    0.000294337490882531    1.52524413509788    1.5243465262344
136.471650999955    0.000285264246100949    1.52721566848682    1.52634459691979
136.825204499955    0.000266564686811929    1.5273243233982    1.52651027893385
137.178757999954    0.000256295442633876    1.52586908872415    1.5250871425464
137.532311499954    0.000258244895395897    1.52393993967431    1.52315304346562
137.885864999954    0.000276968899309218    1.5228698406659    1.52202649907817
138.239418499954    0.000294415669581923    1.52354521732774    1.52264837020299
138.592971999953    0.000300989642889727    1.5257076696183    1.52478950156411
138.946525499953    0.000287391532371653    1.52732208713266    1.52644446048503
139.300078999953    0.00027055560787108    1.52707798202217    1.52625188650356
139.653632499953    0.000263453170740746    1.52550716589031    1.52470357819836
140.007185999952    0.000268501073698972    1.52373974721277    1.52292171533888
140.360739499952    0.000286823804272325    1.52296630327092    1.52209290780376
140.714292999952    0.000303552582110368    1.52393133132104    1.52300642549743
141.067846499952    0.000307845863677521    1.5260512673003    1.52511197931542
141.421399999951    0.000293457285215334    1.52733422458937    1.5264380728613
141.774953499951    0.000275926662307386    1.52683253351523    1.52599017833373
142.128506999951    0.00027068763973703    1.52521614140987    1.52439065054523
142.482060499951    0.00027752004317397    1.52361466959895    1.52276923700566
142.83561399995    0.000296633020702134    1.52310221498864    1.52219887812644
143.18916749995    0.000314156632505862    1.52427615627658    1.52331873412857
143.54272099995    0.000311635264928285    1.52632321731869    1.52537220140839
143.89627449995    0.000296526470497443    1.5273011513633    1.52639564942899
144.249827999949    0.000281382247709368    1.5265916128597    1.52573274297172
144.603381499949    0.000278028315189935    1.52495534958505    1.52410762374366
144.956934999949    0.000287900781197218    1.52352795953418    1.52265096224293
145.310488499949    0.000306060376399387    1.52327026667892    1.52233812662769
145.664041999948    0.000324241578741385    1.52463377047518    1.52364539162721
146.017595499948    0.000316174279764563    1.52656173073587    1.52559671673701
146.371148999948    0.000300426578695823    1.52722707692892    1.5263097133181
146.724702499948    0.000288047270745184    1.52633925948636    1.52546019698206
147.078255999947    0.00028626654592455    1.52471588698266    1.52384318650665
147.431809499947    0.000297391310816843    1.52347201533657    1.52256615005376
147.785362999947    0.000318751419230452    1.52347298188568    1.52250207301399
148.138916499947    0.000326796382799466    1.52499655385805    1.52400015276316
148.492469999946    0.000322273135510919    1.52674494009213    1.5257611993674
148.846023499946    0.000303969559072853    1.52711204697961    1.52618393794535
149.199576999946    0.000292501016874426    1.52607656052267    1.52518406368734
149.553130499945    0.00029440684996703    1.52450168902515    1.52360430574086
149.906683999945    0.000309490296673522    1.523452356773    1.52250966108444
150.260237499945    0.000327515534380142    1.52373278846278    1.52273502292956
150.613790999945    0.000333569225720043    1.52534851041033    1.52433123110026
150.967344499944    0.000326738086031067    1.52685607464299    1.52585863648107
151.320897999944    0.000309309201271197    1.52694376870293    1.5259994652697
151.674451499944    0.000300265999046457    1.52582051433228    1.52490448534244
152.028004999944    0.000303256721748954    1.52432370793356    1.52339946539521
152.381558499943    0.000319066727900617    1.52350553581344    1.52253364605862
152.735111999943    0.000336884884445238    1.52401085353449    1.52298436690175
153.088665499943    0.000341729155536709    1.5256409233529    1.52459856758747
153.442218999943    0.000330684711695391    1.52689862957788    1.52588911934126
153.795772499942    0.000314975216529435    1.52677490708393    1.52581341741544
154.149325999942    0.00030602756341525    1.52559514708528    1.52466168441934
154.502879499942    0.000311692856263929    1.52420760568944    1.52325773251381
154.856432999942    0.00032758613892297    1.52357585810174    1.52257798032724
155.209986499941    0.000342092387865461    1.52426024457495    1.52321772555918
155.563539999941    0.00034852477750481    1.525859650647    1.52479642141824
155.917093499941    0.000334245270988727    1.5269162062831    1.52589581830066
156.270646999941    0.000319701897384063    1.52663093234899    1.52565511070967
156.62420049994    0.000315418050379939    1.5254155282527    1.52445354449586
156.97775399994    0.00032046155520697    1.52413692125861    1.52316037962639
157.33130749994    0.00033561260453578    1.5236797396983    1.52265735057314
157.68486099994    0.000350397733446934    1.52449243091819    1.52342444775217
158.038414499939    0.000354298001062558    1.52603827942367    1.52495731778233
158.391967999939    0.000338489488497744    1.52689183190508    1.52585850800401
158.745521499939    0.000325605660995805    1.52647572279641    1.52548198808862
159.099074999939    0.000321645010450011    1.52525342433817    1.52427255952123
159.452628499938    0.000327098163595002    1.52408944573088    1.52309271804097
159.806181999938    0.000345541807840563    1.52379824422231    1.52274553597683
160.159735499938    0.000360242482333374    1.52472536435173    1.52362721825034
160.513288999938    0.00035750482565705    1.52620264829187    1.52511178865606
160.866842499937    0.000344719636522338    1.5268660779368    1.5258137592529
161.220395999937    0.000331381836948097    1.52631411786589    1.52530286742364
161.573949499937    0.000328997836924695    1.5250882929339    1.52408512147615
161.927502999937    0.000338261283829955    1.52405349076689    1.52302278283465
162.281056499936    0.000355139297098014    1.52393571912932    1.52285368448212
162.634609999936    0.000367623216911243    1.5249793558745    1.52385853228221
162.988163499936    0.000363968125680693    1.52635105593363    1.52524037392057
163.341716999936    0.000347672795699225    1.52680575193981    1.52574446327247
163.695270499935    0.000336987750657284    1.52613665965734    1.52510842743874
164.048823999935    0.000337562203193548    1.52493299924564    1.52390382716934
164.402377499935    0.000346985827650483    1.5240287544015    1.52297148850037
164.755930999935    0.000364942332287415    1.5240821408527    1.52297014248581
165.109484499934    0.000374108191920955    1.52520465620385    1.52406389985766
165.463037999934    0.000368133826609056    1.52646411458514    1.52534064202203
165.816591499934    0.000353072200009901    1.52673821104245    1.52566049391639
166.170144999934    0.000343441979631023    1.52599016228489    1.52494234398521
166.523698499933    0.000344805322918883    1.52481997823837    1.52376880859728
166.877251999933    0.000357718478733642    1.52403883087099    1.52294886706696
167.230805499933    0.000373266407734613    1.52422453425559    1.52308707519788
167.584358999933    0.000379854634245107    1.52539208352821    1.52423366905338
167.937912499932    0.000373640058188342    1.52653104879776    1.52539072856728
168.291465999932    0.000359853976353621    1.52666797628611    1.52556961645159
168.645019499932    0.000350017650254866    1.5258661439985    1.52479835757794
168.998572999932    0.000352081729164199    1.52474199153484    1.52366870182672
169.352126499931    0.000364816211485554    1.52407893918332    1.52296732730816
169.705679999931    0.000383098669916219    1.52438053051249    1.52321300148394
170.059233499931    0.000386587173326785    1.52555381423995    1.52437475097707
170.412786999931    0.000378429403484797    1.52656389379279    1.52540893753478
170.76634049993    0.000364827947767014    1.52658427520748    1.52547080021784
171.11989399993    0.000357404635316055    1.52574836910931    1.52465813968347
171.47344749993    0.000360298057476416    1.52468105491456    1.52358277137927
171.82700099993    0.000373083968662705    1.52412417411287    1.52298734565412
172.180554499929    0.000388516998435114    1.5245219756561    1.52333783031264
172.534107999929    0.000393896403083425    1.52569440435941    1.52449294653316
172.887661499929    0.000382437586442804    1.52659255600063    1.52542534963902
173.241214999929    0.000370102552699541    1.52650965556622    1.52538014336108
173.594768499928    0.000364122229159184    1.52564720077508    1.52453656106438
173.948321999928    0.000368519311605802    1.52463500865818    1.52351170772859
174.301875499928    0.000382100659675051    1.52418394335382    1.52301960486788
174.655428999928    0.000396590747638134    1.52467360874467    1.52346474527594
175.008982499927    0.000399587076386749    1.52582952531037    1.52461060885547
175.362535999927    0.000387690095450527    1.52660739587678    1.52542415347409
175.716089499927    0.000375785648461628    1.52642141548943    1.52527463191135
176.069642999927    0.000369822117189673    1.52553529161939    1.52440735537237
176.423196499926    0.000376036344907983    1.52458858179234    1.52344241135851
176.776749999926    0.000391166396424792    1.52424231150181    1.52305031302702
177.130303499926    0.000403337583157118    1.52482974451143    1.52360019814594
177.483856999926    0.000404368559149894    1.52596100959398    1.5247274071145
177.837410499925    0.000392199667026265    1.52661440698623    1.52541740112733
178.190963999925    0.000381654822455995    1.52632773261117    1.52516311641296
178.544517499925    0.000377657607842721    1.52542726245456    1.52427551899749
178.898070999925    0.00038455521700218    1.52455965167623    1.52338754767957
179.251624499924    0.000398318861323148    1.52432041487718    1.5231065672317
179.605177999924    0.000409952972489643    1.52498993469875    1.52374009875921
179.958731499924    0.000409451101877301    1.5260820288522    1.52483282840216
180.312284999924    0.000397858164807121    1.52660250245605    1.52538824301905
180.665838499923    0.000386898938652986    1.52622884809779    1.52504831220294
181.019391999923    0.000384554208909751    1.52532583257964    1.52415314260475
181.372945499923    0.000392199547492329    1.52453303180957    1.5233376583041
181.726498999923    0.000406828904067641    1.52441648029116    1.52317663132552
182.080052499922    0.000418312674217526    1.5251563044705    1.52388085358313
182.433605999922    0.000415392653310571    1.52618159435427    1.52491419158025
182.787159499922    0.000402456804392101    1.52657672933885    1.52534846127939
183.140712999922    0.00039400816861008    1.52612068173243    1.52491854735342
183.494266499921    0.000392251336757882    1.52522901517885    1.52403293810155
183.847819999921    0.00040098476944711    1.52453553234746    1.52331339134948
184.201373499921    0.000414886335514903    1.52453341674231    1.52326892519729
184.554926999921    0.000424626290615956    1.52532248467277    1.52402765043611
184.90848049992    0.000420032625964717    1.52626327936575    1.52498165694269
185.26203399992    0.000407990610952178    1.52652428299246    1.52527917583479
185.61558749992    0.000399509986245387    1.52601234601591    1.5247935186069
185.96914099992    0.000400230817283446    1.52514612301068    1.5239257904668
186.322694499919    0.000409487600241707    1.52454968920177    1.52330163187841
186.676247999919    0.00042303219211156    1.52465582633401    1.52336641480373
187.029801499919    0.000430738724605342    1.52547879712111    1.52416519735643
187.383354999919    0.000425246821341151    1.52632233923476    1.52502476357848
187.736908499918    0.000414035752793302    1.52647088803858    1.52520738412788
188.090461999918    0.000405777683672817    1.52590767467133    1.52466981840232
188.444015499918    0.00040676158701794    1.52507526829637    1.52383508868089
188.797568999918    0.000418311855656467    1.52457260462029    1.52329764436064
189.151122499917    0.00043178531387449    1.52478074826892    1.52346456071141
189.504675999917    0.00043529403654494    1.52561788119711    1.52429027436499
189.858229499917    0.000429448773334741    1.52637477921333    1.52506434242564
190.211782999917    0.000417813921328745    1.5264100563026    1.52513507826382
190.565336499916    0.000412362200592571    1.52580847359275    1.52455062080399
190.918889999916    0.000414146753801174    1.52501496346898    1.52375232639279
191.272443499916    0.000426086514305257    1.52461466662977    1.52331598448279
191.625996999916    0.000439517339850923    1.52491289838613    1.5235730359577
191.979550499915    0.000442708023549082    1.52575353083698    1.52440320197828
192.333103999915    0.000434097165362977    1.52640258907341    1.52507795002123
192.686657499915    0.000423581775500176    1.52634402994116    1.52505151439874
193.040210999915    0.000418003614219557    1.52570466623991    1.52442969905137
193.393764499914    0.000420796139435648    1.52496116420736    1.52367830848672
193.747317999914    0.000433630668688914    1.52466164560965    1.5233399386445
194.100871499914    0.000445797159366776    1.52505291585502    1.52369379323248
194.454424999913    0.000449049979602185    1.52589207225017    1.52452228374583
194.807978499913    0.00044017750166859    1.52642740944848    1.52508420269073
195.161531999913    0.000427720533567133    1.52625840414571    1.52495333823123
195.515085499913    0.000425128060065403    1.52559035872951    1.52429376740754
195.868638999912    0.000429420739867757    1.52491285092264    1.52360375466637
196.222192499912    0.000442039982111394    1.52472813501309    1.52338074901652
196.575745999912    0.000453252118854319    1.52521578289548    1.52383379471394
196.929299499912    0.000453327391563168    1.52602216115394    1.52463921279075
197.282852999911    0.000442781247083799    1.52642649894248    1.52507535114782
197.636406499911    0.000432495552814294    1.5261584432795    1.52483890049667
197.989959999911    0.000431341393689883    1.52547989289859    1.52416445505529
198.343513499911    0.000437565690207304    1.52489264008676    1.52355874235354
198.69706699991    0.000450745142005689    1.52482555947143    1.52345156336683
199.05062049991    0.000459980027211712    1.52538472785694    1.52398208002967
199.40417399991    0.000457803563198773    1.5261287511298    1.52473205618139
199.75772749991    0.000447377572821543    1.52639910990652    1.52503396718287
200.111280999909    0.000438886632481773    1.52604830210394    1.52470936534476
200.464834499909    0.000438649134433982    1.52537287571505    1.52403525547777
200.818387999909    0.000447368190907731    1.52488657114889    1.52352280975901
201.171941499909    0.00045752452480201    1.52494482010359    1.52355005893269
201.525494999908    0.000465007744188029    1.52555617559639    1.52413804416679
201.879048499908    0.000461794357618794    1.52621428352113    1.52480533987406
202.232601999908    0.000450272340428295    1.52635052944281    1.52497660123426
202.586155499908    0.000444310195048932    1.52593237652392    1.52457700410602
202.939708999907    0.000446286037334154    1.5252779163984    1.52391710323603
203.293262499907    0.000455527125665028    1.52489262613774    1.5235039987853
203.646815999907    0.00046881782240717    1.52507803181418    1.52364873437055
204.000369499907    0.000472544652769371    1.52572230856937    1.52428104579333
204.353922999906    0.000467370414479695    1.52627865609161    1.52485264758958
204.707476499906    0.000456918365742186    1.52628901920706    1.52489487724751
205.061029999906    0.000451470719829426    1.52580465863522    1.52442756809617
205.414583499906    0.000454743121905252    1.52519745454822    1.52381093895264
205.768136999905    0.000465148761457902    1.52494529356373    1.52352730031235
206.121690499905    0.000474251923582983    1.5252274933686    1.52378149499085
206.475243999905    0.000476462486905199    1.52587252533001    1.52441917576032
206.828797499905    0.000469952119359196    1.5263063574585    1.52487244951162
207.182350999904    0.000460924692230982    1.52620270680714    1.52479642597087
207.535904499904    0.000456394302088665    1.52567974190513    1.52428775411839
207.889457999904    0.000461842123035533    1.52514149027348    1.52373339142525
208.243011499904    0.000473146982877298    1.52500252682923    1.52356010861615
208.596564999903    0.000482512636779215    1.52537850865737    1.52390718977473
208.950118499903    0.000482328332339272    1.52599959712872    1.52452824112374
209.303671999903    0.000474628987840095    1.5263173047208    1.52486912319481
209.657225499903    0.000465913270197985    1.52611511848639    1.52469370617014
210.010778999902    0.000463700136104393    1.52557891828088    1.52416475172601
210.364332499902    0.000470270205575134    1.52510950982657    1.5236757569524
210.717885999902    0.000481608965159894    1.52507159430042    1.52360332512736
211.071439499902    0.000489528099973524    1.52552042018317    1.52402758074449
211.424992999901    0.000488657513596575    1.52609996189452    1.52460920993591
211.778546499901    0.000480333695083022    1.52631981864901    1.52485423694055
