1:binCentralValue 2:valuesAverage 3:multiplicity
0.353553 0 18
0.707106 0 62
1.06066 0 98
1.41421 0 210
1.76777 0 350
2.12132 0 450
2.47487 0 602
2.82842 0 762
3.18198 0 1142
3.53553 0 1250
3.88908 0 1458
4.24264 0 1814
4.59619 0 2178
4.94974 0 2498
5.3033 0 2622
5.65685 0 3338
6.0104 0 3722
6.36395 0 4170
6.71751 0 4358
7.07106 0 5034
7.42461 0 5714
7.77817 0 5982
8.13172 0 6602
8.48527 0 7130
8.83882 0 8034
9.19238 0 8606
9.54593 0 9066
9.89948 0 9962
10.253 0 10550
10.6066 0 11226
10.9601 0 12146
11.3137 0 12606
11.6672 0 13802
12.0208 0 14754
12.3744 0 15194
12.7279 0 16454
13.0815 0 17154
13.435 0 18266
13.7886 0 18750
14.1421 0 20234
14.4957 0 21450
14.8492 0 21962
15.2028 0 23462
15.5563 0 24042
15.9099 0 25946
16.2634 0 26118
16.617 0 27506
16.9705 0 29066
17.3241 0 30450
17.6776 0 31742
18.0312 0 32250
18.3848 0 34250
18.7383 0 35454
19.0919 0 36434
19.4454 0 37682
19.799 0 39294
20.1525 0 41426
20.5061 0 42066
20.8596 0 43490
21.2132 0 45702
21.5667 0 46634
21.9203 0 48554
22.2738 0 48870
22.6274 0 50963
22.9809 0 51576
23.3345 0 49316
23.6881 0 49344
24.0416 0 47192
24.3952 0 47576
24.7487 0 45348
25.1023 0 44060
25.4558 0 43872
25.8094 0 41756
26.1629 0 41528
26.5165 0 39300
26.87 0 38276
27.2236 0 36900
27.5771 0 34724
27.9307 0 33960
28.2842 0 32144
28.6378 0 30704
28.9913 0 28896
29.3449 0 26924
29.6985 0 25656
30.052 0 23228
30.4056 0 21816
30.7591 0 19472
31.1127 0 17696
31.4662 0 15588
31.8198 0 13760
32.1733 0 11565
32.5269 0 10016
32.8804 0 8652
33.234 0 7652
33.5875 0 6542
33.9411 0 5478
34.2946 0 4886
34.6482 0 4068
35.0017 0 3326
35.3553 0 2696
35.7089 0 2304
36.0624 0 1934
36.416 0 1344
36.7695 0 848
37.1231 0 888
37.4766 0 584
37.8302 0 344
38.1837 0 102
38.5373 0 104
38.8908 0 24
39.2444 0 1

0.353553 8.499588308386551e-28 18
0.707106 3.252121278730179e-27 62
1.06066 6.329146341126109e-27 98
1.41421 9.840534894906705e-27 210
1.76777 1.246674724988729e-26 350
2.12132 1.055299241223996e-26 450
2.47487 6.811403985543376e-27 602
2.82842 3.112543628993626e-27 762
3.18198 2.295634885351925e-27 1142
3.53553 5.398430375860085e-27 1250
3.88908 1.314770988393183e-26 1458
4.24264 2.396305635419344e-26 1814
4.59619 3.956366393843842e-26 2178
4.94974 5.073235176654639e-26 2498
5.3033 4.913905075142008e-26 2622
5.65685 5.471594228978839e-26 3338
6.0104 4.788136048646075e-26 3722
6.36395 3.65255198212301e-26 4170
6.71751 2.53891928660475e-26 4358
7.07106 1.770405210290213e-26 5034
7.42461 1.113088107614904e-26 5714
7.77817 6.198228076973724e-27 5982
8.13172 3.466491711738086e-27 6602
8.48527 1.966425850397031e-27 7130
8.83882 1.206997490867455e-27 8034
9.19238 7.358648663351501e-28 8606
9.54593 4.25416668316118e-28 9066
9.89948 2.237468531335066e-28 9962
10.253 9.062116678130516e-29 10550
10.6066 2.601391826283739e-29 11226
10.9601 4.412391217791338e-30 12146
11.3137 1.219539423843381e-31 12606
11.6672 5.046671937305701e-40 13802
12.0208 3.801709763744394e-40 14754
12.3744 2.676542082858495e-40 15194
12.7279 1.912231341456133e-40 16454
13.0815 1.247777673797928e-40 17154
13.435 7.905955041364001e-41 18266
13.7886 4.50732406695064e-41 18750
14.1421 2.552718270160669e-41 20234
14.4957 1.323500390399955e-41 21450
14.8492 5.894715007119513e-42 21962
15.2028 2.447328799921354e-42 23462
15.5563 8.521476465742864e-43 24042
15.9099 2.393976917260534e-43 25946
16.2634 4.689414804308033e-44 26118
16.617 8.345222295044198e-45 27506
16.9705 5.640083688368983e-45 29066
17.3241 6.666358220950978e-45 30450
17.6776 7.954647732362473e-45 31742
18.0312 9.391720847477558e-45 32250
18.3848 1.139139963085608e-44 34250
18.7383 1.338547613515202e-44 35454
19.0919 1.576310179128059e-44 36434
19.4454 1.828532832214316e-44 37682
19.799 2.135557920077922e-44 39294
20.1525 2.504381139626904e-44 41426
20.5061 2.77943771826345e-44 42066
20.8596 3.1496819924694e-44 43490
21.2132 3.598406853614002e-44 45702
21.5667 3.954631274204227e-44 46634
21.9203 4.413323539313173e-44 48554
22.2738 4.699648830604209e-44 48870
22.6274 5.13968885473206e-44 50963
22.9809 5.474174969297702e-44 51576
23.3345 5.47485575825182e-44 49316
23.6881 5.666973474431904e-44 49344
24.0416 5.601499487468358e-44 47192
24.3952 5.735962333214913e-44 47576
24.7487 5.420057516665408e-44 45348
25.1023 5.261269244540061e-44 44060
25.4558 5.139014124523921e-44 43872
25.8094 4.791546993906972e-44 41756
26.1629 4.620859826023428e-44 41528
26.5165 4.207056292280691e-44 39300
26.87 3.996278815615373e-44 38276
27.2236 3.75760480679467e-44 36900
27.5771 3.391379726146091e-44 34724
27.9307 3.255476189521135e-44 33960
28.2842 2.968886599792536e-44 32144
28.6378 2.797970384924172e-44 30704
28.9913 2.591896293855911e-44 28896
29.3449 2.343834292515091e-44 26924
29.6985 2.240656630683465e-44 25656
30.052 1.998703646506473e-44 23228
30.4056 1.884741936608481e-44 21816
30.7591 1.67161144365066e-44 19472
31.1127 1.496542504620704e-44 17696
31.4662 1.304275732963562e-44 15588
31.8198 1.077045378348545e-44 13760
32.1733 8.573743709710262e-45 11565
32.5269 7.081709086428029e-45 10016
32.8804 6.035300119565691e-45 8652
33.234 5.182019469212604e-45 7652
33.5875 4.525445431640828e-45 6542
33.9411 3.721630043797977e-45 5478
34.2946 3.29921729922569e-45 4886
34.6482 2.636565440485488e-45 4068
35.0017 2.307532400422846e-45 3326
35.3553 1.805772445091744e-45 2696
35.7089 1.617215006161888e-45 2304
36.0624 1.322189037366278e-45 1934
36.416 8.880247999213952e-46 1344
36.7695 5.661823906383098e-46 848
37.1231 6.004007148539275e-46 888
37.4766 3.866265703671416e-46 584
37.8302 2.278710247546045e-46 344
38.1837 7.083455854276678e-47 102
38.5373 7.19944144987182e-47 104
38.8908 1.382524065219606e-47 24
39.2444 9.711753216461257e-51 1

