1:binCentralValue 2:valuesAverage 3:valuesAverage 4:multiplicity
0.353553 0.04196905000992172 0 18
0.707106 0.4071414585060485 0 62
1.06066 0.615060488501602 0 98
1.41421 1.291076237514056 0 210
1.76777 2.232922503252946 0 350
2.12132 2.92657513776946 0 450
2.47487 3.833531014456442 0 602
2.82842 4.342773808511701 0 762
3.18198 6.211644411226868 0 1142
3.53553 5.888382764919545 0 1250
3.88908 6.147655487494013 0 1458
4.24264 6.930688242682193 0 1814
4.59619 6.49460081308178 0 2178
4.94974 5.941173437259557 0 2498
5.3033 5.319385986517112 0 2622
5.65685 5.857928372227079 0 3338
6.0104 6.13598718052421 0 3722
6.36395 6.370150254914212 0 4170
6.71751 6.096231820398518 0 4358
7.07106 6.581656944423012 0 5034
7.42461 6.807300658834904 0 5714
7.77817 6.303435478193537 0 5982
8.13172 6.280324525683152 0 6602
8.48527 5.778824994249427 0 7130
8.83882 5.460172017772081 0 8034
9.19238 4.499657750559223 0 8606
9.54593 3.639216609313652 0 9066
9.89948 2.722266513660511 0 9962
10.253 1.831890784119407 0 10550
10.6066 0.9641723616999148 0 11226
10.9601 0.3752849636383879 0 12146
11.3137 0.1330099492164327 0 12606
11.6672 0.1199782535604498 0 13802
12.0208 0.1075835019587221 0 14754
12.3744 0.09483286094609503 0 15194
12.7279 0.0859310864282561 0 16454
13.0815 0.07802682493641133 0 17154
13.435 0.06945675348042296 0 18266
13.7886 0.0620010385451319 0 18750
14.1421 0.05543926291016825 0 20234
14.4957 0.0499109321807748 0 21450
14.8492 0.04278958204495973 0 21962
15.2028 0.03734354257206747 0 23462
15.5563 0.03229679447241787 0 24042
15.9099 0.02897674054490172 0 25946
16.2634 0.0238933027208772 0 26118
16.617 0.02059881339079922 0 27506
16.9705 0.01756145741483101 0 29066
17.3241 0.01481079490020968 0 30450
17.6776 0.01184380971436861 0 31742
18.0312 0.009636982942480887 0 32250
18.3848 0.008109996310184494 0 34250
18.7383 0.006750513965583736 0 35454
19.0919 0.005482411656710054 0 36434
19.4454 0.004565169808166142 0 37682
19.799 0.003920660441549827 0 39294
20.1525 0.003352924939024702 0 41426
20.5061 0.002882586586200552 0 42066
20.8596 0.002549255149416345 0 43490
21.2132 0.00229912952257142 0 45702
21.5667 0.002024760918130823 0 46634
21.9203 0.001834124289061772 0 48554
22.2738 0.001621309491748168 0 48870
22.6274 0.001489986637842536 0 50963
22.9809 0.001304569941778823 0 51576
23.3345 0.001066666064700562 0 49316
23.6881 0.0009016528885164252 0 49344
24.0416 0.0007482088441068404 0 47192
24.3952 0.0006512505192975613 0 47576
24.7487 0.000538406773778437 0 45348
25.1023 0.0004501241236930074 0 44060
25.4558 0.0003939970613392476 0 43872
25.8094 0.0003213521442790893 0 41756
26.1629 0.0002804468672683074 0 41528
26.5165 0.0002325007444452452 0 39300
26.87 0.000198931513004568 0 38276
27.2236 0.000168444693575306 0 36900
27.5771 0.0001403909615754591 0 34724
27.9307 0.0001220848786846309 0 33960
28.2842 0.0001045475695116849 0 32144
28.6378 8.790539984275073e-05 0 30704
28.9913 7.506650411446122e-05 0 28896
29.3449 6.423785068827974e-05 0 26924
29.6985 5.555277144582802e-05 0 25656
30.052 4.542422887236922e-05 0 23228
30.4056 3.977117744064414e-05 0 21816
30.7591 3.244402005643349e-05 0 19472
31.1127 2.728502434394141e-05 0 17696
31.4662 2.256684111190479e-05 0 15588
31.8198 1.759201819860885e-05 0 13760
32.1733 1.338245498794846e-05 0 11565
32.5269 1.043700655332731e-05 0 10016
32.8804 8.691651056124316e-06 0 8652
33.234 7.003208563253159e-06 0 7652
33.5875 5.480253422222973e-06 0 6542
33.9411 4.320474259502749e-06 0 5478
34.2946 3.669840284857848e-06 0 4886
34.6482 2.775546231255334e-06 0 4068
35.0017 2.178383771353779e-06 0 3326
35.3553 1.667843045917361e-06 0 2696
35.7089 1.377282511820888e-06 0 2304
36.0624 1.178502428391957e-06 0 1934
36.416 7.485968148389387e-07 0 1344
36.7695 4.518847613938053e-07 0 848
37.1231 4.690840606012657e-07 0 888
37.4766 2.685190232946679e-07 0 584
37.8302 1.783604606630425e-07 0 344
38.1837 5.338755636197643e-08 0 102
38.5373 5.825107116809991e-08 0 104
38.8908 6.840543609171097e-09 0 24
39.2444 3.663284704366484e-10 0 1

0.353553 0.01233879754410758 4.948299637987241e-06 18
0.707106 0.08122510605844921 4.789289122413486e-05 62
1.06066 0.221227884372381 5.926363614991179e-05 98
1.41421 0.491905725906875 0.0001801117702241122 210
1.76777 0.897869488341928 0.0003419803877012279 350
2.12132 1.306474705892081 0.0005102060679134517 450
2.47487 1.6742509598411 0.0006680577264827168 602
2.82842 1.937254728852234 0.0008601611150548549 762
3.18198 2.670247673799872 0.001215568313320396 1142
3.53553 2.515244628577253 0.001393526223089749 1250
3.88908 2.505720967476319 0.001611272677122027 1458
4.24264 2.883080116177336 0.002028859753703401 1814
4.59619 2.610552165754349 0.002239323860470581 2178
4.94974 2.262809962034349 0.002618325000240786 2498
5.3033 1.927774670758823 0.00262703476644388 2622
5.65685 2.140416385931142 0.003451822272044751 3338
6.0104 2.368380342459534 0.003950811850800453 3722
6.36395 2.590052098260875 0.004542905046283834 4170
6.71751 2.801742038181346 0.00462413205932049 4358
7.07106 3.409617333548768 0.005353539434157204 5034
7.42461 4.035692844216695 0.006153624202461888 5714
7.77817 4.16218264448081 0.006574095832785435 5982
8.13172 4.694995138549408 0.007386329668664418 6602
8.48527 4.826883085160176 0.007810497390140043 7130
8.83882 5.025049798081299 0.008587822025628326 8034
9.19238 4.522472888674278 0.008942305789306231 8606
9.54593 4.004865425934209 0.009516735419604088 9066
9.89948 3.196036646867646 0.01005747858935726 9962
10.253 2.223533733515148 0.01064749629750218 10550
10.6066 1.205746747374582 0.01109572242523927 11226
10.9601 0.431654103005309 0.01177707159847098 12146
11.3137 0.09762030588860784 0.01219136112427502 12606
11.6672 0.08059163040822724 0.01319091165212743 13802
12.0208 0.07465677366028918 0.01439634158767138 14754
12.3744 0.0666588481701452 0.01463307591190835 15194
12.7279 0.06242742295374688 0.01606187867047801 16454
13.0815 0.05733786774125695 0.01630962444313143 17154
13.435 0.05264322941803314 0.01782795006862122 18266
13.7886 0.04955947403799039 0.0178954127846349 18750
14.1421 0.04631877175373308 0.01959796251320353 20234
14.4957 0.04467390146246344 0.02080447416880629 21450
14.8492 0.04006266869821383 0.02123404807854111 21962
15.2028 0.0379760459288181 0.02274957231333947 23462
15.5563 0.03460509041996229 0.02338583549542519 24042
15.9099 0.03301398454699625 0.02513929046136872 25946
16.2634 0.02858786119608955 0.02539881755420451 26118
16.617 0.02600449798198312 0.0272136735479743 27506
16.9705 0.02306807679080593 0.028067819566611 29066
17.3241 0.02025662400155931 0.03024817265402313 30450
17.6776 0.01634321439996344 0.03149336982526534 31742
18.0312 0.01357334909858417 0.03160185331876619 32250
18.3848 0.01122230376321401 0.03439951083597901 34250
18.7383 0.009130283234441903 0.03525330821234415 35454
19.0919 0.007255975321314596 0.03695591606407162 36434
19.4454 0.005776406502279378 0.03755118398819935 37682
19.799 0.004730928093997815 0.03960685905630298 39294
20.1525 0.003952830737111838 0.04174753529462767 41426
20.5061 0.003355854367296386 0.04268665087882694 42066
20.8596 0.002865366184778932 0.04419112645115041 43490
21.2132 0.002620393778244444 0.04714825781462966 45702
21.5667 0.002398592728393927 0.04838346585892052 46634
21.9203 0.002215443781370013 0.0501795114565849 48554
22.2738 0.00200588197722344 0.05027790615537154 48870
22.6274 0.001902553441493645 0.05229861471819804 50963
22.9809 0.001690861219987942 0.05409772308497882 51576
23.3345 0.001422457083658154 0.05077004825810007 49316
23.6881 0.001225253344517844 0.05094331837453299 49344
24.0416 0.001039991992088135 0.0481160072319846 47192
24.3952 0.0009128192566376282 0.04854905836149967 47576
24.7487 0.0007671055019265445 0.04559815122692355 45348
25.1023 0.000643638550419022 0.04485610563210399 44060
25.4558 0.0005660320744803788 0.04423966321715814 43872
25.8094 0.0004579425283233025 0.04166223055159015 41756
26.1629 0.0004004649177571334 0.04139364232537573 41528
26.5165 0.0003266035085152 0.03875431406325305 39300
26.87 0.0002800546603870911 0.03811988937683686 38276
27.2236 0.0002383755867905759 0.03638969292222362 36900
27.5771 0.0002007438263769549 0.03408083389392439 34724
27.9307 0.0001742551841098131 0.03370133649959497 33960
28.2842 0.0001481484423680833 0.03188405806611783 32144
28.6378 0.0001269090265022042 0.03045486577357333 30704
28.9913 0.000108454421138844 0.02854393460345782 28896
29.3449 9.16645864966664e-05 0.02661132921225158 26924
29.6985 7.994915036196953e-05 0.02552032745018352 25656
30.052 6.573585096166986e-05 0.02320946415121875 23228
30.4056 5.740683289538679e-05 0.02172898469597462 21816
30.7591 4.674502478761922e-05 0.01895720728891005 19472
31.1127 3.929420643023346e-05 0.01715730677197335 17696
31.4662 3.164125861370922e-05 0.01526418256931615 15588
31.8198 2.485879228726871e-05 0.01342204897997096 13760
32.1733 1.938094140424605e-05 0.01119066509260408 11565
32.5269 1.522877645526982e-05 0.00961406546261837 10016
32.8804 1.231549707484269e-05 0.008289235265375901 8652
33.234 9.563266357693575e-06 0.007154297030156831 7652
33.5875 7.902899953288435e-06 0.006231378743349628 6542
33.9411 6.009754288591312e-06 0.005141545128362316 5478
34.2946 5.124920438230593e-06 0.004573738003609056 4886
34.6482 4.171174994708051e-06 0.003903241971658708 4068
35.0017 3.170382476076393e-06 0.003182858734317378 3326
35.3553 2.46614007041023e-06 0.002565283466135857 2696
35.7089 1.914195731529888e-06 0.002128417326270497 2304
36.0624 1.576269183187619e-06 0.001833275718371487 1934
36.416 1.015129258539944e-06 0.001218860138310362 1344
36.7695 6.128226662354569e-07 0.0007715705236950809 848
37.1231 6.234269856520704e-07 0.0008371387110345176 888
37.4766 3.858527208226309e-07 0.0005828996863157459 584
37.8302 2.325653880717959e-07 0.0003515924670977974 344
38.1837 7.226065608251296e-08 9.687421521068503e-05 102
38.5373 7.419479424308435e-08 0.0001202189185263847 104
38.8908 1.196793855596614e-08 2.679235449586808e-05 24
39.2444 1.810036722409175e-12 2.056847601066362e-07 1

