1:binCentralValue 2:valuesAverage 3:valuesAverage 4:multiplicity
0.353553 3.786231432206493e-16 5.269862158003179e-16 18
0.707106 1.139786857946272e-15 2.183588601246737e-15 62
1.06066 1.940192630489444e-15 5.040410952155844e-15 98
1.41421 4.488208139992818e-15 1.462423952245721e-14 210
1.76777 7.912122896583569e-15 3.498881616976961e-14 350
2.12132 9.911963761367129e-15 5.696294001047425e-14 450
2.47487 1.322806381781002e-14 1.040391726797759e-13 602
2.82842 1.849943610068493e-14 1.529368384779006e-13 762
3.18198 2.733445004665202e-14 2.847445586543346e-13 1142
3.53553 2.693926115005519e-14 3.636736981824136e-13 1250
3.88908 3.286041866301737e-14 5.345586245571443e-13 1458
4.24264 4.335817382547904e-14 7.500519912258731e-13 1814
4.59619 4.86817065064929e-14 1.104568895634335e-12 2178
4.94974 5.394803195189738e-14 1.394882943797234e-12 2498
5.3033 5.903741376747934e-14 1.675251824915258e-12 2622
5.65685 3.638786793174983e-14 1.129765354797426e-12 3338
6.0104 7.818614337147235e-46 1.502019690414969e-44 3722
6.36395 8.784164016592345e-46 1.516497181385331e-44 4170
6.71751 8.566062174254248e-46 1.595917512952648e-44 4358
7.07106 9.283832167542684e-46 1.558615095652518e-44 5034
7.42461 1.007564955422234e-45 1.811087865382762e-44 5714
7.77817 1.102951367770532e-45 1.956882833941884e-44 5982
8.13172 1.122982283116397e-45 1.966737560840485e-44 6602
8.48527 1.233713937662724e-45 2.150999710759195e-44 7130
8.83882 1.369612964046007e-45 2.357721480766688e-44 8034
9.19238 1.460908088053882e-45 2.499108024600675e-44 8606
9.54593 1.398096129038802e-45 2.54102008383575e-44 9066
9.89948 1.498783674272145e-45 2.567171819087657e-44 9962
10.253 1.600547529388198e-45 2.675064328472012e-44 10550
10.6066 1.623288754690272e-45 2.664029657619441e-44 11226
10.9601 1.732522744337986e-45 2.729454924047633e-44 12146
11.3137 1.607048669504094e-45 2.720355648709692e-44 12606
11.6672 1.701431872376819e-45 2.828372595649846e-44 13802
12.0208 1.855325866479464e-45 2.995541673984343e-44 14754
12.3744 2.038856727921961e-45 3.163826640347621e-44 15194
12.7279 2.269243071369379e-45 3.734786451399491e-44 16454
13.0815 2.401559559586963e-45 4.209073357169132e-44 17154
13.435 2.426726787142774e-45 4.195409478852498e-44 18266
13.7886 2.339396069308764e-45 4.041588424187582e-44 18750
14.1421 2.476591860857277e-45 4.520373521645873e-44 20234
14.4957 2.6412638381596e-45 4.570355446250366e-44 21450
14.8492 2.659811596870021e-45 4.763640539466425e-44 21962
15.2028 2.685034528075286e-45 4.719047144137507e-44 23462
15.5563 2.851044185390372e-45 5.014152583490366e-44 24042
15.9099 2.892043043208844e-45 5.061429035896569e-44 25946
16.2634 2.84853838213483e-45 4.877597646785258e-44 26118
16.617 2.988534864907808e-45 5.040252068652981e-44 27506
16.9705 2.960612750544849e-45 4.978622143671492e-44 29066
17.3241 3.196614959784787e-45 5.594625261317366e-44 30450
17.6776 3.519447023379502e-45 6.065639091493574e-44 31742
18.0312 3.911731040733324e-45 6.537118167012203e-44 32250
18.3848 4.068967384905097e-45 7.015797670966697e-44 34250
18.7383 4.50636782424845e-45 7.717890978460643e-44 35454
19.0919 4.740628363827302e-45 8.503205453584551e-44 36434
19.4454 4.644102592336064e-45 7.905344659801122e-44 37682
19.799 4.654730317020322e-45 8.493774379760941e-44 39294
20.1525 5.271395383512681e-45 9.341534581273026e-44 41426
20.5061 5.377450336299363e-45 9.084801238862258e-44 42066
20.8596 5.693144253757215e-45 9.601122444320262e-44 43490
21.2132 5.924458292446938e-45 1.003516374542674e-43 45702
21.5667 6.223287029042404e-45 1.032050497443588e-43 46634
21.9203 6.716761967625413e-45 1.058221013129586e-43 48554
22.2738 6.703494357472659e-45 1.033787279476716e-43 48870
22.6274 5.918781904916296e-45 1.008706920006805e-43 50963
22.9809 4.570783944660427e-45 8.223390777182721e-44 51576
23.3345 3.745632176957832e-45 6.417044736042509e-44 49316
23.6881 3.590605250640898e-45 6.092289670736927e-44 49344
24.0416 3.387835738889582e-45 5.844398703906417e-44 47192
24.3952 3.386589802108167e-45 5.723484702528206e-44 47576
24.7487 3.153453059961849e-45 5.412670982456546e-44 45348
25.1023 3.08792809306736e-45 5.182629302738149e-44 44060
25.4558 3.105505942497275e-45 5.228138560296684e-44 43872
25.8094 2.879676460776093e-45 4.895534817454212e-44 41756
26.1629 2.934738881181723e-45 4.916212952941816e-44 41528
26.5165 2.713938374861757e-45 4.664611527305907e-44 39300
26.87 2.656024438920168e-45 4.490689033873242e-44 38276
27.2236 2.583446422176804e-45 4.418898837920537e-44 36900
27.5771 2.370335946894038e-45 4.071324736501113e-44 34724
27.9307 2.409467645103514e-45 4.115765417769136e-44 33960
28.2842 2.288908996786123e-45 3.83234365363405e-44 32144
28.6378 2.214649208708382e-45 3.747953174306252e-44 30704
28.9913 2.064623529959596e-45 3.53865453905342e-44 28896
29.3449 1.858422401749451e-45 3.180129877787864e-44 26924
29.6985 1.914807096154245e-45 3.104555497998531e-44 25656
30.052 1.58973009842492e-45 2.716619568494307e-44 23228
30.4056 1.591281561880865e-45 2.625963085652937e-44 21816
30.7591 1.300870814170644e-45 2.19355114052478e-44 19472
31.1127 1.194095610783774e-45 1.961197409908115e-44 17696
31.4662 9.557896124745935e-46 1.624369076356712e-44 15588
31.8198 8.11067386506517e-46 1.349431479476767e-44 13760
32.1733 6.40055265457484e-46 1.077234453442671e-44 11565
32.5269 5.57843587612859e-46 9.43411848938422e-45 10016
32.8804 4.896457641076698e-46 7.978970575685169e-45 8652
33.234 4.322785917816793e-46 7.390977694218052e-45 7652
33.5875 3.783311479124127e-46 6.373192071885016e-45 6542
33.9411 3.23162630895899e-46 5.469140050031874e-45 5478
34.2946 2.881487866797027e-46 4.946262179537959e-45 4886
34.6482 2.465706353191414e-46 4.114796506136439e-45 4068
35.0017 2.039706897462671e-46 3.45111555219222e-45 3326
35.3553 1.673579564318925e-46 2.848902039062308e-45 2696
35.7089 1.465915707764784e-46 2.420022060681238e-45 2304
36.0624 1.270044354128931e-46 2.152869172862595e-45 1934
36.416 8.791762289882645e-47 1.498084917556715e-45 1344
36.7695 5.82257818763255e-47 9.443398156256953e-46 848
37.1231 5.92146532545756e-47 1.047017328454258e-45 888
37.4766 4.267661302462375e-47 6.155420370072051e-46 584
37.8302 2.230305996232463e-47 3.934722695554815e-46 344
38.1837 7.235378785810528e-48 8.57778347621589e-47 102
38.5373 7.598640940452716e-48 9.767230521089795e-47 104
38.8908 1.343098000811794e-48 1.931787241203918e-47 24
39.2444 3.133861493908573e-51 3.225724960908679e-51 1

0.353553 1.249630412092025e-16 3.692603182470425e-17 18
0.707106 3.594387296972285e-16 2.275544992272236e-16 62
1.06066 7.40728880247833e-16 5.972663485670112e-16 98
1.41421 1.269633274229252e-15 2.325145446380492e-15 210
1.76777 2.039108318449089e-15 6.319436578598986e-15 350
2.12132 2.348688506861675e-15 1.120825526364769e-14 450
2.47487 3.376416805609911e-15 1.98444785284414e-14 602
2.82842 3.820392922568826e-15 3.494686526415263e-14 762
3.18198 5.765905962728412e-15 6.504746350683535e-14 1142
3.53553 6.012072239794045e-15 7.975752424745338e-14 1250
3.88908 7.017291991108917e-15 1.269556545814586e-13 1458
4.24264 9.300818433414267e-15 1.732735647093616e-13 1814
4.59619 1.060950273433954e-14 2.529975051404009e-13 2178
4.94974 1.200684458870047e-14 3.139137946915849e-13 2498
5.3033 1.316441211798269e-14 3.770202262041875e-13 2622
5.65685 8.120448312302197e-15 2.543172031307828e-13 3338
6.0104 8.149276105148812e-29 2.248491453632413e-27 3722
6.36395 9.869890132788605e-29 2.988640568085164e-27 4170
6.71751 1.157365039989562e-28 3.851371116093865e-27 4358
7.07106 1.348285123799192e-28 5.747401071256167e-27 5034
7.42461 1.487606187376655e-28 8.601896634690422e-27 5714
7.77817 1.473663771611829e-28 1.072950301426441e-26 5982
8.13172 1.468825527501363e-28 1.364334703378103e-26 6602
8.48527 1.403382926263708e-28 1.552124747824218e-26 7130
8.83882 1.262629839364293e-28 1.736441727405583e-26 8034
9.19238 1.109084583681443e-28 1.663474442825808e-26 8606
9.54593 8.649889063812293e-29 1.485643714077721e-26 9066
9.89948 6.861300290541089e-29 1.18747730095362e-26 9962
10.253 4.56366668105422e-29 7.903641379302328e-27 10550
10.6066 2.421020347528891e-29 4.018795369300075e-27 11226
10.9601 7.089087367397753e-30 1.152321837301141e-27 12146
11.3137 2.280300728731355e-31 3.733531046051085e-29 12606
11.6672 6.941488704850211e-41 3.774702885148656e-39 13802
12.0208 5.296168353472903e-41 2.979537112104555e-39 14754
12.3744 3.900186930971578e-41 2.241837027876489e-39 15194
12.7279 2.935868576528449e-41 1.774346661238158e-39 16454
13.0815 2.039282774205087e-41 1.329521294498054e-39 17154
13.435 1.411852130118895e-41 9.521348010826288e-40 18266
13.7886 9.246704183436473e-42 6.475035870506245e-40 18750
14.1421 5.876935407174296e-42 4.484053228220844e-40 20234
14.4957 3.417792021260644e-42 2.862220243462889e-40 21450
14.8492 1.785453930877507e-42 1.62390104102367e-40 21962
15.2028 8.857292123593421e-43 8.612352920495545e-41 23462
15.5563 3.471311276167474e-43 3.688145136340841e-41 24042
15.9099 1.134706974437629e-43 1.32590817063452e-41 25946
16.2634 2.320529683751942e-44 2.887839263105793e-42 26118
16.617 3.984937347751021e-45 5.043315357333059e-43 27506
16.9705 2.32282811443651e-45 3.201106161633511e-43 29066
17.3241 2.496042250511058e-45 3.677274896165775e-43 30450
17.6776 2.557406277211823e-45 4.19360272620096e-43 31742
18.0312 2.790432750984148e-45 4.564582245621411e-43 32250
18.3848 2.803468259818321e-45 5.16661201326483e-43 34250
18.7383 3.046000102628514e-45 5.679121877070492e-43 35454
19.0919 3.140904687399944e-45 6.120552392751821e-43 36434
19.4454 3.035434182466014e-45 6.230852831313157e-43 37682
19.799 3.227486650630864e-45 6.636355244224738e-43 39294
20.1525 3.569407106426899e-45 7.356349835116069e-43 41426
20.5061 3.545713091869761e-45 7.354921062207491e-43 42066
20.8596 3.778140199555582e-45 7.870851818925779e-43 43490
21.2132 3.994559892773776e-45 8.474137052285339e-43 45702
21.5667 4.267344169256551e-45 8.860261379003161e-43 46634
21.9203 4.511928904416169e-45 9.290351522992928e-43 48554
22.2738 4.580374445857312e-45 9.592785705525865e-43 48870
22.6274 4.385978804694673e-45 9.860910177811524e-43 50963
22.9809 4.081810890011275e-45 9.374194380498552e-43 51576
23.3345 3.769334186349096e-45 8.869263343474696e-43 49316
23.6881 3.789059716175956e-45 9.097460561782942e-43 49344
24.0416 3.644484019434602e-45 9.029717688025382e-43 47192
24.3952 3.658548258033365e-45 9.435696000784768e-43 47576
24.7487 3.433441177187108e-45 9.472076498456261e-43 45348
25.1023 3.284325204466976e-45 9.677505234504705e-43 44060
25.4558 3.194229248986151e-45 1.017257850540208e-42 43872
25.8094 2.981946291618071e-45 1.024634187251322e-42 41756
26.1629 2.933676740302889e-45 1.07472627070272e-42 41528
26.5165 2.711711230347967e-45 1.052988545942609e-42 39300
26.87 2.611902586906998e-45 1.061415675588151e-42 38276
27.2236 2.547355779751241e-45 1.05546815502407e-42 36900
27.5771 2.410306805689157e-45 9.959939929622424e-43 34724
27.9307 2.414981786037292e-45 9.996952424956579e-43 33960
28.2842 2.296714691111996e-45 9.457883593455725e-43 32144
28.6378 2.270456538999417e-45 9.145513688269422e-43 30704
28.9913 2.1723649960891e-45 8.673431581174564e-43 28896
29.3449 2.085507293313293e-45 7.972730515414643e-43 26924
29.6985 2.023972862480222e-45 7.827375416907396e-43 25656
30.052 1.874203829721614e-45 6.938967358113474e-43 23228
30.4056 1.742170063083738e-45 6.803454700945241e-43 21816
30.7591 1.586202610237569e-45 6.062852773086486e-43 19472
31.1127 1.443369767853871e-45 5.593195105352215e-43 17696
31.4662 1.264794941366892e-45 4.932558085531314e-43 15588
31.8198 1.106354456086343e-45 4.482045222029552e-43 13760
32.1733 8.966759529791266e-46 3.894962158579054e-43 11565
32.5269 7.776710866207809e-46 3.587468754362698e-43 10016
32.8804 6.390862183364627e-46 3.257001957670346e-43 8652
33.234 5.722206583561299e-46 2.970295431820849e-43 7652
33.5875 4.66883107065102e-46 2.721684366388987e-43 6542
33.9411 3.98144341212331e-46 2.299182481459437e-43 5478
34.2946 3.444156700563679e-46 2.236409802838059e-43 4886
34.6482 2.822166601258972e-46 1.888897533297547e-43 4068
35.0017 2.3567520155928e-46 1.562906960607001e-43 3326
35.3553 1.94944686626318e-46 1.278350448465846e-43 2696
35.7089 1.618091674503708e-46 1.165409084339706e-43 2304
36.0624 1.33604998113128e-46 9.643978184055471e-44 1934
36.416 9.845041313612679e-47 6.831909955008205e-44 1344
36.7695 6.531171466214051e-47 4.500518610972046e-44 848
37.1231 6.581994122366807e-47 4.861738679333007e-44 888
37.4766 4.960677029794517e-47 3.05977538315666e-44 584
37.8302 2.823627423759252e-47 1.69085386295048e-44 344
38.1837 7.414336770639174e-48 6.024695747409143e-45 102
38.5373 8.671076868858451e-48 5.61157473452403e-45 104
38.8908 2.168020930222209e-48 1.622452807296972e-45 24
39.2444 3.500265532199613e-50 2.455754431138307e-48 1

