1:binCentralValue 2:valuesAverage 3:valuesAverage 4:multiplicity
0.353553 1.287138964691495e-16 7.176097428982878e-16 18
0.707106 7.510415141783803e-16 3.548199401141654e-15 62
1.06066 1.68962504985621e-15 1.292358659437846e-14 98
1.41421 4.855812024956607e-15 3.666554768009893e-14 210
1.76777 1.006739752738294e-14 9.132527557533679e-14 350
2.12132 1.386248245638687e-14 1.356270506502339e-13 450
2.47487 1.814864623218021e-14 2.37641051580851e-13 602
2.82842 2.677731635060286e-14 3.413536345146393e-13 762
3.18198 4.11437688394983e-14 6.709807294649739e-13 1142
3.53553 4.555987860462719e-14 8.630239159476556e-13 1250
3.88908 5.510599762014198e-14 1.181064327220649e-12 1458
4.24264 7.154288387611076e-14 1.725949146268384e-12 1814
4.59619 8.679773433720763e-14 2.308350214491328e-12 2178
4.94974 9.540236989233734e-14 3.075327198748895e-12 2498
5.3033 1.084341104547457e-13 3.568208638614046e-12 2622
5.65685 6.253790035010831e-14 2.423405956828616e-12 3338
6.0104 6.446959498753477e-33 1.871433105175083e-33 3722
6.36395 4.510686504164446e-33 3.62842489045875e-33 4170
6.71751 6.133513925570197e-33 3.034111513686457e-33 4358
7.07106 1.924442925860206e-32 4.92331099455591e-33 5034
7.42461 5.139921070635521e-33 2.66147664958267e-33 5714
7.77817 6.888523111410015e-33 2.58529491021876e-33 5982
8.13172 8.679522493012338e-33 2.833042040199894e-33 6602
8.48527 1.157617506964707e-32 1.112992287927284e-32 7130
8.83882 1.03073089427697e-32 3.269344260187373e-33 8034
9.19238 1.145817365226802e-32 4.915059310539232e-33 8606
9.54593 9.091497372474253e-33 4.269792060325167e-33 9066
9.89948 1.249816787615079e-32 1.358249274816706e-32 9962
10.253 1.191304828991776e-32 3.513107666257844e-33 10550
10.6066 1.515294456779785e-32 5.399617290938197e-33 11226
10.9601 1.28018999240052e-32 7.213691018616785e-33 12146
11.3137 1.011201016575824e-31 4.34970451384004e-32 12606
11.6672 2.430389802545095e-32 8.48925388629409e-33 13802
12.0208 2.551074588380764e-32 9.680783809225354e-33 14754
12.3744 2.221555622905214e-32 7.023221538818098e-33 15194
12.7279 3.155239234852379e-32 1.160566447514216e-32 16454
13.0815 1.786994594033955e-32 7.752794576329905e-33 17154
13.435 3.067742861109021e-32 1.074679705994133e-32 18266
13.7886 2.424606808938184e-32 1.002280785428993e-32 18750
14.1421 3.401599650786272e-32 1.343117509352387e-32 20234
14.4957 2.496543190687973e-32 1.289842641237665e-32 21450
14.8492 2.870812129356906e-32 9.465161213627383e-33 21962
15.2028 2.857336829687189e-32 1.170735203046223e-32 23462
15.5563 3.830892390877557e-32 2.114771172420976e-32 24042
15.9099 2.698770510727888e-32 1.374087227964459e-32 25946
16.2634 3.67766802607874e-32 1.107654204408577e-32 26118
16.617 2.939344359356677e-32 1.268947570018465e-32 27506
16.9705 1.082122618701546e-31 3.862684249542297e-32 29066
17.3241 4.373973409222772e-32 1.610753835801841e-32 30450
17.6776 3.844891129142137e-32 1.914244856360809e-32 31742
18.0312 5.042011095668732e-32 1.479754765761015e-32 32250
18.3848 5.204347738327644e-32 2.401798936738027e-32 34250
18.7383 4.681574291048814e-32 1.873667726973228e-32 35454
19.0919 4.670668467033226e-32 1.893494895964825e-32 36434
19.4454 4.187977131652827e-32 2.098802906694e-32 37682
19.799 8.01257366645948e-32 1.977578041836028e-32 39294
20.1525 5.777968734084948e-32 2.197481449644977e-32 41426
20.5061 5.571456919058983e-32 1.929218457297029e-32 42066
20.8596 5.43962292063314e-32 2.483304409509675e-32 43490
21.2132 6.335642364663556e-32 2.619893237649461e-32 45702
21.5667 7.416871886540174e-32 2.206637511543012e-32 46634
21.9203 7.784949558546293e-32 2.484300252291773e-32 48554
22.2738 5.568061059837859e-32 2.473933664776188e-32 48870
22.6274 1.253018353170761e-31 7.972090075743651e-32 50963
22.9809 6.150237073575086e-32 2.327993401830131e-32 51576
23.3345 6.925045752820874e-32 2.601655792363485e-32 49316
23.6881 5.492655893988879e-32 2.035269557435231e-32 49344
24.0416 5.666527795773415e-32 2.129055207816405e-32 47192
24.3952 5.120347805452238e-32 2.145984264887555e-32 47576
24.7487 5.394438466874192e-32 2.103814965845768e-32 45348
25.1023 4.896925738859485e-32 1.808324679091898e-32 44060
25.4558 5.203490757921449e-32 2.164962956144212e-32 43872
25.8094 4.016475066929052e-32 1.724551004209629e-32 41756
26.1629 4.66996938213446e-32 1.850592878205928e-32 41528
26.5165 4.234327793696331e-32 1.672941741931088e-32 39300
26.87 4.072029310673323e-32 1.441885469995254e-32 38276
27.2236 3.986409156774595e-32 1.566792966465138e-32 36900
27.5771 4.159554775302114e-32 1.594693513207338e-32 34724
27.9307 3.77222685128135e-32 1.597266032221371e-32 33960
28.2842 3.089531861062888e-32 1.233747659922382e-32 32144
28.6378 3.546688273198494e-32 1.328033089257615e-32 30704
28.9913 3.183738761986348e-32 1.304449081507257e-32 28896
29.3449 2.845616311517128e-32 1.222704029771233e-32 26924
29.6985 2.879935430730927e-32 1.319014385078793e-32 25656
30.052 2.231460807266902e-32 9.609034151182012e-33 23228
30.4056 2.802324251930629e-32 1.09084601844032e-32 21816
30.7591 2.17319855655225e-32 7.543850728266782e-33 19472
31.1127 2.120467920270169e-32 1.134259894787901e-32 17696
31.4662 1.672815668390086e-32 6.753829467969351e-33 15588
31.8198 1.510659712880653e-32 6.793342958139349e-33 13760
32.1733 1.423290876338882e-32 5.71418547393543e-33 11565
32.5269 9.887216642910401e-33 4.180323242159848e-33 10016
32.8804 8.99853754871372e-33 3.715204579970778e-33 8652
33.234 7.934503851475515e-33 3.346076775222227e-33 7652
33.5875 6.886113280404926e-33 2.821813298222928e-33 6542
33.9411 6.021591264033077e-33 2.514113429746089e-33 5478
34.2946 5.067477960622344e-33 2.098219879939694e-33 4886
34.6482 4.405646046163542e-33 1.921343732112373e-33 4068
35.0017 3.961002935556793e-33 1.724133897218776e-33 3326
35.3553 3.550976717376619e-33 1.433584155853942e-33 2696
35.7089 2.909272787976123e-33 1.192513656520522e-33 2304
36.0624 2.500121010994031e-33 1.169602452700597e-33 1934
36.416 1.823232118550904e-33 7.908322324482537e-34 1344
36.7695 1.570262673555788e-33 6.412011153401723e-34 848
37.1231 1.374782711732633e-33 6.405606163356375e-34 888
37.4766 1.20664566546164e-33 5.392901318212811e-34 584
37.8302 9.050621389511506e-34 3.38121380012169e-34 344
38.1837 3.944877340352102e-34 1.085369888580629e-34 102
38.5373 4.302605853462778e-34 2.152382407297034e-34 104
38.8908 1.402092422228382e-34 6.833397832213673e-35 24
39.2444 5.359677398039389e-36 9.871681598088714e-36 1

0.353553 2.881100368634551e-17 1.584983701660694e-16 18
0.707106 1.401910277614182e-16 8.330927841167326e-16 62
1.06066 3.652732561444566e-16 2.336526631597509e-15 98
1.41421 9.772094028313276e-16 6.43200670382761e-15 210
1.76777 2.010992333866276e-15 1.741551656083214e-14 350
2.12132 2.68993848518858e-15 2.507862986635925e-14 450
2.47487 3.581488847436302e-15 4.102105672819169e-14 602
2.82842 5.206930373881594e-15 6.404078225532205e-14 762
3.18198 7.80229531649681e-15 1.20522513451093e-13 1142
3.53553 8.60080573063709e-15 1.627391036577198e-13 1250
3.88908 1.020656109501179e-14 2.318623797559516e-13 1458
4.24264 1.287134611259981e-14 3.495901324227104e-13 1814
4.59619 1.499536229685136e-14 4.827953161952602e-13 2178
4.94974 1.628059153950932e-14 6.448651443418821e-13 2498
5.3033 1.727474540811327e-14 7.828786830260578e-13 2622
5.65685 1.002058385612788e-14 5.303618724809713e-13 3338
6.0104 3.357240460412217e-27 9.487065994938845e-26 3722
6.36395 2.851110855802796e-27 9.215294580496825e-26 4170
6.71751 2.431677966050141e-27 8.40384212858429e-26 4358
7.07106 2.287685914744617e-27 8.163673903875337e-26 5034
7.42461 2.126400299687921e-27 7.681985190298352e-26 5714
7.77817 1.778002766021583e-27 6.802226990739709e-26 5982
8.13172 1.60135034831918e-27 6.44802738103476e-26 6602
8.48527 1.35343430399524e-27 6.262039574897521e-26 7130
8.83882 1.166717228812419e-27 6.138359562379231e-26 8034
9.19238 8.903517628653277e-28 5.778889465527012e-26 8606
9.54593 6.435541261007662e-28 4.988779839609602e-26 9066
9.89948 4.433901719018983e-28 4.027378549135007e-26 9962
10.253 2.627649772999734e-28 2.78222787055497e-26 10550
10.6066 1.266634685713326e-28 1.467796497439131e-26 11226
10.9601 3.59751734982805e-29 4.483941458142338e-27 12146
11.3137 1.334377781973184e-30 1.520599131200886e-28 12606
11.6672 1.61774688687431e-31 4.728268904219741e-30 13802
12.0208 1.60770159984154e-31 5.301753218222217e-30 14754
12.3744 1.415895352434226e-31 4.828953761685919e-30 15194
12.7279 1.480171729468293e-31 5.264749176975059e-30 16454
13.0815 1.356777782186682e-31 5.025908439108506e-30 17154
13.435 1.37128950183773e-31 5.244606292348367e-30 18266
13.7886 1.296413231503133e-31 4.984313983897638e-30 18750
14.1421 1.436046755625584e-31 5.673930399358721e-30 20234
14.4957 1.256384345607082e-31 5.222457773237715e-30 21450
14.8492 1.265398245059887e-31 5.33497593023124e-30 21962
15.2028 1.26202822856345e-31 5.477990001231143e-30 23462
15.5563 1.233075519788083e-31 5.5418129216898e-30 24042
15.9099 1.202324999166748e-31 5.988024349019054e-30 25946
16.2634 1.20847793173039e-31 6.135071591609218e-30 26118
16.617 1.183276955626679e-31 6.608065954434725e-30 27506
16.9705 1.522180219290493e-31 8.039384673942588e-30 29066
17.3241 1.208018464565754e-31 7.781767303388169e-30 30450
17.6776 1.219838399735287e-31 8.385509454469737e-30 31742
18.0312 1.171202816845158e-31 8.821648666427049e-30 32250
18.3848 1.247072340748431e-31 9.849206500850547e-30 34250
18.7383 1.176277891772726e-31 1.008486993778286e-29 35454
19.0919 1.186038929208744e-31 1.093018858577234e-29 36434
19.4454 1.173527864258504e-31 1.135431518776357e-29 37682
19.799 1.281602044045929e-31 1.250896033740222e-29 39294
20.1525 1.213346995869428e-31 1.274440825026175e-29 41426
20.5061 1.248128044631255e-31 1.32557589050533e-29 42066
20.8596 1.227348059596394e-31 1.374006974706729e-29 43490
21.2132 1.290924423203969e-31 1.442393506835072e-29 45702
21.5667 1.34978514494462e-31 1.483503858953225e-29 46634
21.9203 1.421393498050404e-31 1.601527634749179e-29 48554
22.2738 1.351990512662507e-31 1.588371803793126e-29 48870
22.6274 1.551193477432639e-31 1.79544807447136e-29 50963
22.9809 1.350288091248615e-31 1.780742441872099e-29 51576
23.3345 1.249596285214243e-31 1.767855325840361e-29 49316
23.6881 1.178876383610538e-31 1.767415214982071e-29 49344
24.0416 1.091632079463582e-31 1.737710498869418e-29 47192
24.3952 1.076421294027329e-31 1.752256289446061e-29 47576
24.7487 9.97526518430874e-32 1.703711128424887e-29 45348
25.1023 9.604031870694827e-32 1.680181380889862e-29 44060
25.4558 9.474766420827354e-32 1.736632722857688e-29 43872
25.8094 8.733869249563864e-32 1.694969997694153e-29 41756
26.1629 8.596421340732282e-32 1.735428343864386e-29 41528
26.5165 8.139329113784931e-32 1.711735137393401e-29 39300
26.87 7.662248579374119e-32 1.716885818231958e-29 38276
27.2236 7.445271780406457e-32 1.697259441145033e-29 36900
27.5771 7.015851576459728e-32 1.669279116873818e-29 34724
27.9307 6.871213785252871e-32 1.645202684805974e-29 33960
28.2842 6.306037858744863e-32 1.578780705720971e-29 32144
28.6378 6.034101607083522e-32 1.556708149239893e-29 30704
28.9913 5.771730757629881e-32 1.492870879341969e-29 28896
29.3449 5.319148397270669e-32 1.417089945752302e-29 26924
29.6985 5.142554108234628e-32 1.402702364215396e-29 25656
30.052 4.539923957725086e-32 1.279516996760431e-29 23228
30.4056 4.481915172807108e-32 1.255531529350263e-29 21816
30.7591 3.874526017989326e-32 1.122095894841228e-29 19472
31.1127 3.536059337970281e-32 1.025741866374004e-29 17696
31.4662 3.178603675044258e-32 9.319497545288104e-30 15588
31.8198 2.839055943501592e-32 8.468972553363324e-30 13760
32.1733 2.343330822543492e-32 7.352625587311213e-30 11565
32.5269 1.920276320573245e-32 6.380579177146557e-30 10016
32.8804 1.683922015083427e-32 5.763612596349359e-30 8652
33.234 1.468304131473464e-32 5.193860165300951e-30 7652
33.5875 1.288945831433674e-32 4.444892112341075e-30 6542
33.9411 1.041827941364732e-32 3.835986540629067e-30 5478
34.2946 9.508437662957126e-33 3.505551976943866e-30 4886
34.6482 7.96106948974192e-33 3.074490123481016e-30 4068
35.0017 6.515448855562682e-33 2.528927717017696e-30 3326
35.3553 5.48942603657191e-33 2.075208297281031e-30 2696
35.7089 4.464604424030725e-33 1.797048477539016e-30 2304
36.0624 3.840064759944089e-33 1.536658808088443e-30 1934
36.416 2.737324066469878e-33 1.108385510967158e-30 1344
36.7695 1.824508010842372e-33 7.272018594445288e-31 848
37.1231 1.903869472127004e-33 7.822302591496911e-31 888
37.4766 1.362194039307025e-33 5.230445261897172e-31 584
37.8302 8.62872654599062e-34 3.261269954604633e-31 344
38.1837 2.997520106804448e-34 1.08220164622993e-31 102
38.5373 3.243847976040072e-34 1.198171572918038e-31 104
38.8908 7.448482069008723e-35 3.078611232713085e-32 24
39.2444 9.613652552477308e-36 6.258033893767056e-33 1

