#t    <phi>    <pi>    <phi^2>    <pi^2>    rms(phi)    rms(pi)
0    0.999999999999999    -0.707107175689871    1.00000000000003    0.500000557912752    1.75049008793693e-07    8.04187410956021e-07
0.3535535    0.732695145025099    -0.788437961799557    0.536842175543364    0.621634419606934    1.13234033354981e-07    5.42955308406754e-07
0.707106999999999    0.458970306500099    -0.734747747950804    0.210653742248801    0.539854253118921    7.7948304780655e-08    3.77719904045004e-07
1.0606605    0.226071779146915    -0.57506629025343    0.0511084493266541    0.330701238185903    5.16631733034061e-08    2.46408764332062e-07
1.414214    0.0507680235036427    -0.425263183309226    0.00257739221046926    0.180848775078365    5.33048647461326e-08    2.62485861190777e-07
1.76776750000001    -0.08138836939632    -0.329647805889057    0.00662406667299635    0.108667675927497    6.71891699197152e-08    1.67037448802322e-07
2.121321    -0.183404371138428    -0.241558920471143    0.0336371633527023    0.0583507120592825    1.41775090726821e-07    3.13559578429891e-07
2.4748745    -0.243146212822318    -0.0802711212571012    0.0591200808098652    0.00644345290791949    1.70842283252466e-07    2.17370020886437e-07
2.82842799999999    -0.233717919249406    0.129286304975481    0.0546240657782991    0.0167149486542327    1.65592224033116e-07    1.39796792693831e-07
3.18198149999998    -0.164145653226481    0.240378297853391    0.0269437954731612    0.057781726078922    1.14509743195535e-07    1.6869491596615e-07
3.53553499999997    -0.0774253654147282    0.238690816942676    0.00599468720960731    0.0569733060928477    5.59366735379528e-08    2.92899102848404e-07
3.88908849999997    0.00145803398805139    0.207572043883268    2.12586311115308e-06    0.0430861534019032    2.89834041103202e-08    1.60846594629736e-07
4.24264199999997    0.0699407160015312    0.179361815135175    0.00489170375481262    0.0321706607286634    7.5962517234211e-08    2.80515861990623e-07
4.59619549999999    0.125370437724025    0.125717505560262    0.0157177466551373    0.0158048912043086    1.54033120864516e-07    1.19052222084988e-07
4.949749    0.151189259075329    0.011011508624842    0.0228581920597821    0.000121253322204022    1.87357970566636e-07    9.51398990283079e-08
5.30330250000002    0.132245890691117    -0.109908234277342    0.0174889756047143    0.0120798199620029    1.65528588736963e-07    1.99775774095856e-07
5.65685600000003    0.0828587621534854    -0.156200387692247    0.00686557446561948    0.0243985611152448    1.0774716369697e-07    1.91175774493856e-07
6.01040950000005    0.0279721807525548    -0.150303813588611    0.000782442896054392    0.022591236379335    2.81604543340011e-08    2.34295358546932e-07
6.36396300000006    -0.0226845803776313    -0.136506929189256    0.000514590186911074    0.0186341417167141    4.31444981635401e-08    1.82889773182574e-07
6.71751650000007    -0.068072082198108    -0.117386754525267    0.00463380837480304    0.0137796501380707    1.30667113764772e-07    3.09067163988039e-07
7.07107000000009    -0.101472709729172    -0.0630964530825205    0.0102967108198166    0.00398116239162329    1.89346991866068e-07    1.69038551862631e-07
7.4246235000001    -0.107574510933998    0.0311261709757442    0.0115722754027296    0.000968838519616788    2.02020961848327e-07    7.43527811702188e-08
7.77817700000012    -0.0825924712703314    0.100656701880503    0.00682151631056396    0.0101317716335004    1.53081257128838e-07    1.99961001325999e-07
8.13173050000013    -0.0431031877120371    0.115831563486103    0.00185788479094624    0.0134169510997188    8.44924670533161e-08    2.89446453058736e-07
8.48528400000015    -0.00316242350553581    0.109171736867633    1.00009224286339e-05    0.0119184681307441    1.63868917940507e-08    2.1998595347791e-07
8.83883750000016    0.0340161286044641    0.100711904583141    0.00115709700524359    0.0101428877248593    9.02614578549047e-08    3.09112590218417e-07
9.19239100000018    0.0664855245135262    0.0783417380495799    0.00442032496987944    0.00613742792066465    2.01850553625726e-07    1.8881886027819e-07
9.54594450000019    0.0848554690685532    0.0191345054684603    0.00720045063090937    0.000366129299528554    2.55303149483428e-07    7.75650102973354e-08
9.89949800000021    0.0782309307692876    -0.0536663171111657    0.00612007852908489    0.00288007359230508    2.36285856066656e-07    1.69953567990928e-07
10.2530515000002    0.0516836070326454    -0.0887529839679848    0.00267119523592982    0.0078770921632642    1.57818997234737e-07    2.06952099747473e-07
10.6066050000002    0.0194384988982918    -0.0907175687542416    0.00037785523942136    0.00822967728080231    4.96882789778994e-08    3.48949733201687e-07
10.9601585000002    -0.0117391803786359    -0.0856061061349055    0.000137808355965355    0.00732840540765697    5.66130959218412e-08    2.76166442738559e-07
11.3137120000003    -0.0407813756416636    -0.0770117795110436    0.00166312059926151    0.00593081418367278    1.8716052717983e-07    4.63873901455072e-07
11.6672655000003    -0.0636009755585638    -0.0465852851145741    0.00404508409208501    0.00217018878925259    2.89792065857614e-07    2.15472935712517e-07
12.0208190000003    -0.0700325750708518    0.0128938679126952    0.0049045615711573    0.000166251829757418    3.20633162537075e-07    8.59448264433905e-08
12.3743725000003    -0.055792594113579    0.0620470189222755    0.00311281355798736    0.00384983255725046    2.5452854170225e-07    3.3052988654012e-07
12.7279260000003    -0.0305112652525833    0.0761276089834541    0.000930937307335683    0.00579541284970665    1.48951808304272e-07    4.11061868274551e-07
13.0814795000003    -0.00382942308389259    0.0739468624174164    1.46644811555597e-05    0.00546813846153165    1.0501321433141e-08    3.8902713248521e-07
13.4350330000004    0.0216531382567276    0.0699360819262522    0.000468858396384889    0.00489105555542078    1.41161523666051e-07    4.74678899582921e-07
13.7885865000004    0.0446291942906286    0.0569919494459157    0.00199176498313967    0.00324808230178884    3.30147118725652e-07    3.78184950542562e-07
14.1421400000004    0.0587797530180803    0.0182397946040261    0.0034550593650495    0.000332690107227721    4.2776591400341e-07    1.75109493268142e-07
14.4956935000004    0.0558215867751395    -0.0336497865843167    0.00311604955025963    0.00113230813721137    4.06438967438334e-07    2.03235036796316e-07
14.8492470000004    0.0380457687758974    -0.0614639601055905    0.00144748052182526    0.00377781839197367    2.76072031301919e-07    3.34734326427754e-07
15.2028005000004    0.0152980797708903    -0.0648895069132655    0.000234031244686843    0.00421064810780218    1.01591381941091e-07    5.96192927355392e-07
15.5563540000004    -0.00720596367450165    -0.0623162514254544    5.19259124856639e-05    0.00388331519195882    8.61780917014467e-08    4.88232150423363e-07
15.9099075000005    -0.0285604954184185    -0.0573785073440565    0.000815701898639633    0.00329229310565643    3.0680588699042e-07    7.9024694820519e-07
16.2634610000004    -0.0459682944194362    -0.0371044685715236    0.00211308409208199    0.00137674158810066    5.00027439128971e-07    3.54224165643715e-07
16.6170145000003    -0.0519317361461363    0.00584195983632727    0.00269690521947424    3.41284947487143e-05    5.67733699351526e-07    1.39475470523854e-07
16.9705680000003    -0.0424359616796607    0.0440505168172666    0.00180081084389181    0.00194044803221469    4.62797197455138e-07    5.885531950044e-07
17.3241215000002    -0.0239883702473009    0.0565415913336079    0.000575441907198657    0.00319695155098981    2.77605237675263e-07    6.73120855572973e-07
17.6776750000001    -0.00397611616398863    0.0558897352760286    1.58094997497092e-05    0.00312366250973036    1.33251105028803e-08    7.11199237532514e-07
18.0312285    0.015404205454333    0.0535698103442836    0.000237289545734277    0.0028697245809671    2.34466277611173e-07    8.02860916957903e-07
18.384782    0.0332136544827259    0.0449773217188423    0.00110314684442106    0.00202295946956757    5.68472054735892e-07    7.53213106547327e-07
18.7383354999999    0.0448105834461055    0.0167932143153023    0.00200798838934908    0.000282012047198433    7.54121470879157e-07    3.98443900092278e-07
19.0918889999998    0.0435297432590907    -0.0234609073735915    0.00189483854873989    0.000550414174869491    7.33167936866927e-07    2.77945216713502e-07
19.4454424999997    0.0303901262572202    -0.046694523357534    0.000923559774186529    0.00218037851195741    5.06696589100902e-07    6.0838025975281e-07
19.7989959999997    0.0128662158009621    -0.0504756989839499    0.000165539509078915    0.0025477961890442    2.04908248596553e-07    1.06107404419651e-06
20.1525494999996    -0.00473552740601092    -0.0489799789687479    2.24252198320181e-05    0.00239903834056645    1.37613872265796e-07    8.87389829150866e-07
20.5061029999995    -0.0216255684688703    -0.0457825169130523    0.000467665211874538    0.00209603885679702    5.22247719810546e-07    1.37953026757278e-06
20.8596564999994    -0.0357562828728996    -0.0310647585293822    0.00127851176566944    0.000965019222878016    8.84658606211264e-07    6.2385408661083e-07
21.2132099999994    -0.0412548047024826    0.00221097689410366    0.00170195891209202    4.88841887693832e-06    1.0256899146281e-06    2.25117896845738e-07
21.5667634999993    -0.0344244410500146    0.0336289660603233    0.00118504214233851    0.00113090735937201    8.55908620988453e-07    1.04193970619158e-06
21.9203169999992    -0.0199988737919283    0.0448685020449059    0.000399954953219824    0.00201318247707518    5.23780723367047e-07    1.14954629302545e-06
22.2738704999991    -0.00400107308734356    0.0449149316103657    1.60085858525243e-05    0.00201735108328258    4.75328648943871e-08    1.31101029736903e-06
22.6274239999991    0.0116340079376039    0.0434160948036342    0.000135350140850107    0.00188495728996519    3.97336800101872e-07    1.40251139649348e-06
22.980977499999    0.0261942824792805    0.0372758432247383    0.000686140435595247    0.00138948849026385    9.95443461873684e-07    1.46580121248331e-06
23.3345309999989    0.036090569526761    0.0155335598828404    0.00130252921057705    0.000241291483317687    1.34576325259728e-06    8.26981655940242e-07
23.6880844999988    0.0357518963100407    -0.0172920318574115    0.00127819809154338    0.000299014365916645    1.33397266345991e-06    3.98636573065865e-07
24.0416379999988    0.0254842732048354    -0.0374222128245781    0.000649448181661271    0.00140042201394126    9.39456396874305e-07    1.11948077587928e-06
24.3951914999987    0.0112681879150469    -0.0412779277420359    0.000126972059056153    0.00170386732230849    4.09076890479009e-07    1.90571520292517e-06
24.7487449999986    -0.00318272736077449    -0.0403426905606822    1.01297535007847e-05    0.00162753268431086    2.18545571795646e-07    1.62354634696635e-06
25.1022984999985    -0.01715554755892    -0.038123308572674    0.000294312812857234    0.0014533866625049    9.00481632676146e-07    2.44491073376133e-06
25.4558519999985    -0.0290870458683943    -0.0268866355184697    0.00084605623985286    0.000722891170794823    1.58202005938522e-06    1.13656893976973e-06
25.8094054999984    -0.0341992938903816    2.98267008064934e-05    0.00116959170608885    8.89752439159806e-10    1.86765974982687e-06    3.46926735394522e-07
26.1629589999983    -0.0290769979604863    0.0268162961799872    0.000845471812920159    0.000719113744188861    1.58935074467183e-06    1.83740664682704e-06
26.5165124999982    -0.0173057968665593    0.0371108247816894    0.000299490606164567    0.00137721331995332    9.8891536678072e-07    1.99400905767224e-06
26.8700659999982    -0.00399062764866818    0.037539915202572    1.59251090475195e-05    0.00140924523926341    1.3116596650633e-07    2.4180809180143e-06
27.2236194999981    0.00911195779488002    0.0365011892048775    8.30277753155255e-05    0.00133233681954492    6.78122949604747e-07    2.4848853748554e-06
27.577172999998    0.0214384679929368    0.0319109230152298    0.000459607912974295    0.00101830701568149    1.7578742102893e-06    2.82799679889725e-06
27.9307264999979    0.0301200837785084    0.0145018095484729    0.000907219452683736    0.000210302482892319    2.42061313583372e-06    1.64685779301401e-06
28.2842799999979    0.0303781234068089    -0.0131509309504575    0.000922830387685913    0.000172946985216166    2.44266295279065e-06    5.93687844652567e-07
28.6378334999978    0.0220688573539051    -0.0310464424279139    0.00048703446797532    0.000963881591763891    1.75165946727388e-06    2.08185520600131e-06
28.9913869999977    0.010138189877861    -0.0348959801172913    0.00010278289465424    0.00121772944021934    8.09120611752128e-07    3.44571510386767e-06
29.3449404999977    -0.00211692190027143    -0.0342936913639815    4.48135845126283e-06    0.00117605727626457    3.45563365764535e-07    2.98270744515891e-06
29.6984939999976    -0.0140337475944486    -0.0326826970112267    0.00019694607399829    0.00106815870303885    1.56639674232757e-06    4.37163631891559e-06
30.0520474999975    -0.0243845804096659    -0.0238182228377584    0.000594607769892152    0.000567307743656047    2.85248814561713e-06    2.12295313642953e-06
30.4056009999974    -0.0291813439059218    -0.00141181683767981    0.000851550843888831    1.9932270143757e-06    3.42536915177679e-06    4.80852874900404e-07
30.7591544999974    -0.0252486561456597    0.0220018558680529    0.000637494645972069    0.000484081672050164    2.96821667437119e-06    3.22669954347087e-06
31.1127079999973    -0.015364407647774    0.0315742245475627    0.000236065025878738    0.000996931668018276    1.87396908140528e-06    3.49833742741137e-06
31.4662614999972    -0.00396962296744307    0.0322430259949086    1.57579066049439e-05    0.00103961274543263    3.18264632087027e-07    4.48600920937639e-06
31.8198149999971    0.00730627710896528    0.0314876598746708    5.33816865546531e-05    0.000991472744204618    1.16690319874685e-06    4.45215302289343e-06
32.1733684999971    0.0180012953468457    0.0279521025118352    0.000324046643960739    0.000781320064426815    3.12991567973584e-06    5.44009861241673e-06
32.5269219999972    0.0257696143043468    0.0136544091053967    0.000664073040664623    0.000186442898285789    4.38974143498486e-06    3.20441058775643e-06
32.8804754999974    0.0264361893073447    -0.0101737743751676    0.000698872125414975    0.000103505685878105    4.50790526788946e-06    9.17217321660052e-07
33.2340289999975    0.0195514484567598    -0.0263825368991503    0.000382259147596879    0.000696038268576917    3.29234605797615e-06    3.91687278406157e-06
33.5875824999976    0.00929677492710955    -0.0302056752341811    8.64300266002282e-05    0.000912382855849248    1.59840398353712e-06    6.28461811994138e-06
33.9411359999977    -0.0013402677393419    -0.0298214642213511    1.79631790924203e-06    0.000889319758881032    5.44170353361097e-07    5.52953069457028e-06
34.2946894999978    -0.0117295766642167    -0.0286150977969484    0.000137582976297655    0.000818823883989413    2.75243866702067e-06    7.8778483488523e-06
34.6482429999979    -0.0208872106718822    -0.0214618928777907    0.000436275596583597    0.000460612862256923    5.18960592668368e-06    4.04464586618021e-06
35.001796499998    -0.0254232551209254    -0.00242773138821299    0.000646341941032859    5.89387999390774e-06    6.33160338089951e-06    5.48263791903314e-07
35.3553499999981    -0.0223680852122646    0.0184087589214146    0.000500331267252772    0.000338882436704291    5.58476876338642e-06    5.62827953009915e-06
35.7089034999982    -0.0138974584262853    0.0274178736394557    0.000193139363499792    0.000751739833349839    3.57623616050399e-06    6.20005497040835e-06
36.0624569999983    -0.00394634077813149    0.0282538880747809    1.55736060691505e-05    0.000798282261965079    7.29388121939717e-07    8.40373914262103e-06
36.4160104999984    0.00594965353453044    0.0276851726845527    3.53983812946664e-05    0.000766468851775452    2.02822971583949e-06    8.0747724597094e-06
36.7695639999985    0.0153995476977036    0.024904385641934    0.000237146100886886    0.000620228533623201    5.62076848118625e-06    1.04604507740165e-05
37.1231174999986    0.0224537010036206    0.0129467430667042    0.000504168753210255    0.000167618193666367    8.02809208904501e-06    6.13442039731182e-06
37.4766709999987    0.023415395803051    -0.00792614611480161    0.000548280830996808    6.28237945737428e-05    8.38947361434209e-06    1.52988828466886e-06
37.8302244999988    0.0176164784658791    -0.0228133162055721    0.000310340352578175    0.000520447451860754    6.24815126226499e-06    7.4542160019019e-06
38.1837779999989    0.00864567536603754    -0.0266102421648125    7.47477125856478e-05    0.000708105122218715    3.17029011180033e-06    1.158226014207e-05
38.537331499999    -0.000749177214051065    -0.0263805092190876    5.61267237677458e-07    0.00069593137445401    8.6001403580018e-07    1.03824681498857e-05
38.8908849999991    -0.00995833429036828    -0.0254548066170046    9.91684456983967e-05    0.000647947384550236    4.88463632315957e-06    1.43052835066684e-05
39.2444384999992    -0.0181808946620345    -0.0195871976908457    0.000330545021300459    0.000383658375345311    9.51779725498425e-06    7.8717876826423e-06
39.5979919999993    -0.022497182464738    -0.00317621050793131    0.000506123357775268    1.00883146243029e-05    1.17865836536606e-05    1.19733438283225e-06
39.9515454999994    -0.0201173458658163    0.0156149754862444    0.000404707716954585    0.000243827554494762    1.05957400861598e-05    9.74980764951704e-06
40.3050989999995    -0.0127486289386223    0.02417548328614    0.000162527587332071    0.000584454116542108    6.89328607036053e-06    1.11545359766393e-05
40.6586524999996    -0.00392374521651759    0.0251399560334589    1.53957792472039e-05    0.000632017645887097    1.65016946249509e-06    1.60163306981383e-05
41.0122059999997    0.00489268078947626    0.0246997610762428    2.39383382901165e-05    0.000610078418607941    3.60311066442266e-06    1.48789940442326e-05
41.3657594999998    0.0133585975833899    0.0224754900537034    0.000178452233351013    0.000505148065365434    1.01958845587674e-05    2.03029878224307e-05
41.7193129999999    0.0198348409665434    0.0123397096399874    0.000393421136949034    0.000152268573308664    1.485869999148e-05    1.18029430438463e-05
42.0728665    0.0210177018926331    -0.00616368002034541    0.000441744041431361    3.79909799552644e-05    1.57665394536079e-05    5.34434834248077e-06
42.4264200000001    0.0160781888871257    -0.0199796131688945    0.00025850830255529    0.000399185159408449    1.20276846000289e-05    1.47319308450356e-05
42.7799735000002    0.00812621158764458    -0.0237602866566464    6.6035355690812e-05    0.000564551714852872    6.39715897386016e-06    2.22001545437025e-05
43.1335270000003    -0.000283627959701291    -0.0236484151764193    8.04487427114544e-08    0.000559247948615931    1.98070369750263e-06    2.02054357522294e-05
43.4870805000005    -0.00855063764207036    -0.0229089966362078    7.31134830333704e-05    0.000524823018737425    8.88523380679288e-06    2.98640192384753e-05
43.8406340000006    -0.0160119587429424    -0.0180317007459707    0.000256383162342387    0.000325142637410108    1.84270642617976e-05    2.01399569651012e-05
44.1941875000007    -0.0201342587068835    -0.00373996287683218    0.000405388900399149    1.39874678472784e-05    2.29504561196288e-05    1.20634653195953e-05
44.5477410000008    -0.0182942039122864    0.0133547010167552    0.000334678319835847    0.000178348535746896    2.05682165924009e-05    2.22822793473845e-05
44.9012945000009    -0.0118188673992195    0.02154774612784    0.000139685814280602    0.000464305929331592    1.36996448284675e-05    2.37937333847497e-05
45.254848000001    -0.00390315945105844    0.0226306561619241    1.52346814357562e-05    0.000512147767487652    5.2664380155775e-06    3.41931048504397e-05
45.6084015000011    0.00404173206467629    0.0222738472087743    1.63356631453634e-05    0.000496125329634035    8.06614721418464e-06    3.25600093832655e-05
45.9619550000012    0.0116918268799123    0.020427201402346    0.000136699316312634    0.000417274225545277    2.23723667470794e-05    6.05674274832816e-05
46.3155085000013    0.0176645459211136    0.0117493195812546    0.000312037558780195    0.00013804791197853    3.70969144872961e-05    3.74346908102447e-05
46.6690620000014    0.0190119979155483    -0.00471552284315159    0.000361457316505501    2.22391506783363e-05    3.5380286714331e-05    5.47265388257223e-05
47.0226155000015    0.0147938191400635    -0.0175878700440396    0.00021885772115519    0.000309336270953836    2.52270941643552e-05    5.56620859422155e-05
47.3761690000016    0.00769606219052775    -0.0213990750850289    5.92296290994422e-05    0.00045792481515807    1.5995592251232e-05    6.63374959074944e-05
47.7297225000017    9.87247361588864e-05    -0.0213969674206589    1.00169932385679e-08    0.000457833307634398    1.64444431017331e-05    5.56132507478836e-05
48.0832760000018    -0.00737217353441081    -0.0206371455884873    5.43494359104903e-05    0.000425921705458789    2.2210110830641e-05    0.000172995428752923
48.4368295000019    -0.0141251071820914    -0.0164659756953868    0.000199524185291295    0.000271155532619743    7.43800089088933e-05    0.000164854537926016
48.790383000002    -0.0180132008693007    -0.00410088535220812    0.000324483773341336    1.68335680516481e-05    9.14755899696815e-05    0.000127700351185601
49.1439365000021    -0.0166427897117458    0.0112797273621983    0.000276986068631203    0.000127267198349644    6.0160134749788e-05    0.000186946473939905
49.4974900000022    -0.0109909662763857    0.0191376389268565    0.000120802647020135    0.00036627010974585    3.6157039240486e-05    0.00014452007167551
49.8510435000023    -0.00388175908552735    0.0204750545625329    1.50699796298636e-05    0.000419258444680533    4.38865786942361e-05    0.00017488665424479
50.2045970000024    0.00331212820637951    0.0201326257925889    1.09732598458195e-05    0.000405352345211851    5.5376803128572e-05    0.000172406227946209
50.5581505000025    0.0101449821351718    0.0181810297325514    0.000102931051050536    0.000330753854217875    0.000101924126584844    0.000451676966377106
50.9117040000026    0.0154872893462526    0.0107112139292976    0.000239900065758608    0.000114819401781181    0.000209605496249183    0.000298827612515553
51.2652575000027    0.0168922825000889    -0.00332375429506201    0.000285380951248933    1.12836825280257e-05    0.000178166175589151    0.000486148037209438
51.6188110000028    0.0134359051144785    -0.0149199890910826    0.000180533335489105    0.000222781011075837    9.8940607624173e-05    0.000418254226294864
51.9723645000029    0.00725649038119829    -0.0189488302815249    5.26641772145778e-05    0.000359218676811489    8.67442341280976e-05    0.000400634214031839
52.325918000003    0.000411405537380334    -0.0194097011252857    1.9366178991664e-07    0.000376915054840131    0.000156228274423804    0.000422560134437013
52.6794715000031    -0.00636246109964306    -0.0186085535364113    4.05087438302616e-05    0.000346743572637258    0.000166831009678525    0.000682134825217246
53.0330250000032    -0.0124354501785554    -0.0148536931507158    0.000154712248371374    0.000221108850656392    0.000268006022398181    0.000690398754902971
53.3865785000033    -0.0160365229355315    -0.00430033491577169    0.000257275774960776    1.8947836299972e-05    0.000325126281538927    0.000674504197293746
53.7401320000034    -0.0150699444351293    0.00929765435022131    0.00022718216907032    8.69356686234535e-05    0.000280969379891374    0.000699494251058788
54.0936855000036    -0.0102047329166724    0.0169115706138772    0.000104179995624953    0.000286427407055286    0.000208378800110314    0.00065282955442651
54.4472390000037    -0.00385309990784128    0.0186021146513851    1.488605221913e-05    0.000346629065056269    0.000199181623960502    0.000768372014712935
54.8007925000038    0.00272263482867133    0.0184742583954317    7.46528157476085e-06    0.000341878359514755    0.000229218595377132    0.00076166676018942
55.1543460000039    0.00905557885277308    0.0169415569779183    8.21414504646091e-05    0.000288339839978865    0.000371405581296294    0.00115042911246813
55.507899500004    0.014132723609876    0.0105420090656663    0.000200042159739315    0.00011178732640619    0.00055523247938842    0.00080831384102871
55.8614530000041    0.0156824750967898    -0.00236303134568323    0.000246307067400676    6.24289203061706e-06    0.000605840110295339    0.000811772683659384
56.2150065000042    0.0126727365865601    -0.0135006512713255    0.000160841838785407    0.000183251423839804    0.000493544519845298    0.000991886631556415
56.5685600000043    0.00701511531711396    -0.0174490586860872    4.93203817670852e-05    0.000305383271257348    0.000329452355703105    0.000955835878606622
56.9221135000044    0.000720489724405667    -0.0178730355500823    5.69127628229139e-07    0.000320564729093603    0.000223656399986644    0.00105798361003188
57.2756670000045    -0.00552586214868168    -0.0172228791360841    3.06678666130474e-05    0.000298069696395424    0.000364299501529248    0.00120088744654149
57.6292205000046    -0.0111938874907366    -0.0140825162583748    0.000125852254035869    0.000199671433127691    0.000741037705249176    0.00116368765581749
57.9827740000047    -0.0147184932016534    -0.00469024809850727    0.000217551886498664    2.28531732778101e-05    0.000958041946652765    0.00092452477103592
58.3363275000048    -0.0140791915559625    0.00800518433051179    0.000199056376426248    6.48126659259594e-05    0.000912546742233831    0.00085421880129615
58.6898810000049    -0.00972587215644709    0.0154131856258459    9.49770124149755e-05    0.000238807726555171    0.000620018718606656    0.00111419720803277
59.043434500005    -0.00389290444302718    0.0171007247783017    1.52570289935964e-05    0.000294532681342135    0.00031988121397743    0.00144841064581633
59.3969880000051    0.00215301423702974    0.0169928933072144    4.72395014967391e-06    0.000290615282776719    0.000297455618237657    0.00136266643986974
59.7505415000052    0.00795273102584994    0.0154964052752221    6.37110283981611e-05    0.000243072534515535    0.000681980665887925    0.00171288004880809
60.1040950000053    0.0126494179878094    0.0100198755419125    0.000161211781274657    0.000101607306080479    0.00109727200107462    0.00109972733214317
60.4576485000054    0.0142746334168696    -0.00136273863957648    0.000205313170949445    2.62819714299627e-06    0.00124419120855055    0.000878146083064501
60.8112020000055    0.0117841481062635    -0.0117413397568593    0.000139922075386143    0.000140022597070634    0.00102758396045749    0.00147089693202062
61.1647555000056    0.00674577417516406    -0.0157681214122909    4.58978015269217e-05    0.000250675981841726    0.000626364354518504    0.00142910075536338
61.5183090000057    0.000997732685983612    -0.0164283709920438    1.05419073975744e-06    0.000273070362436348    0.000242322568237805    0.0017829719527025
61.8718625000058    -0.00475116977302933    -0.0158582117718967    2.28516327515902e-05    0.000254131976230063    0.000527274633794012    0.00162760426017475
62.2254160000059    -0.00997929163865429    -0.0130995193501483    0.000100714414066733    0.000174514736638899    0.00106214521484483    0.00170801915504148
62.578969500006    -0.0133499211667169    -0.00490790164117527    0.000180170209277136    2.532507236778e-05    0.00139635744692412    0.00111246296492472
62.9325230000061    -0.0130165054034887    0.00664133073910252    0.00017126332721479    4.52044508102446e-05    0.00135422091836602    0.00104746208718815
63.2860765000062    -0.00921647633112528    0.013803084098207    8.5857691152286e-05    0.00019321170707595    0.000956166925852124    0.00163907792791407
63.6396300000063    -0.0039196226072217    0.0156711362665136    1.55976462907222e-05    0.000249210816085858    0.000483947215798118    0.00190428574594787
63.9931835000064    0.00164591896187312    0.0156715117006129    2.82222269487472e-06    0.000249240030948887    0.000336412642184023    0.00190886143196402
64.3467370000062    0.00698543713087449    0.0142544440476812    4.94920793156585e-05    0.000207105397971062    0.000834114744060091    0.00197894488619265
64.7002905000059    0.0113495688783106    0.00955445571505465    0.000130673375584427    9.3107208026279e-05    0.0013640607980989    0.00134891957333954
65.0538440000057    0.0130370724430827    -0.000525759176109207    0.000172405810373723    1.21668263904515e-06    0.00156222677212283    0.000969670009736362
65.4073975000054    0.0110042032097981    -0.0102116968237844    0.000122838667862829    0.000106914501414867    0.00132143088366309    0.00162349912041181
65.7609510000052    0.00651642443996953    -0.0142877193147681    4.31112067407378e-05    0.000207198321914189    0.000804623675332465    0.0017491136888698
66.1145045000049    0.00125674155051024    -0.0151523396334234    1.67104559251362e-06    0.00023425489129342    0.000302731345808025    0.00215904954246244
66.4680580000047    -0.00405044297489247    -0.0146246202970768    1.67442599487436e-05    0.000217382938583713    0.000581525283962689    0.00187174243688642
66.8216115000044    -0.00887253243764003    -0.0121671124912589    8.00353999749973e-05    0.000151910839311256    0.00114610999385869    0.00196779392628048
67.1751650000042    -0.0120802784816075    -0.00505143414262944    0.00014832982277038    2.71308973646385e-05    0.00154812615028308    0.00127039775948954
67.5287185000039    -0.0120209276379202    0.00537610202072347    0.000146883510655946    3.04442127333257e-05    0.00154298716126593    0.00124166815055343
67.8822720000037    -0.0087428395751578    0.012252172944945    7.77010466012954e-05    0.000153832896112429    0.0011241898257634    0.00192799228203508
68.2358255000034    -0.00394957118585425    0.0143528039358463    1.59287272354655e-05    0.000210265540132956    0.000574120791589515    0.00206459664634759
68.5893790000032    0.0011930797992732    0.014529933122791    1.54795985572851e-06    0.000215684183911845    0.000352874550364203    0.00213663926741675
68.9429325000029    0.00616114640895443    0.0132892761542944    3.86928326707928e-05    0.000181041499062264    0.000856217027523215    0.00210633291698323
69.2964860000027    0.0102790203193222    0.00923617576262751    0.000107695423639013    8.77941258623591e-05    0.00142729286202064    0.00157708057632173
69.6500395000024    0.0120495106260631    0.000195778442246313    0.000147988362655463    1.29704847519216e-06    0.00167261960046404    0.0011219265915129
70.0035930000022    0.0104047732518149    -0.00893979798410851    0.000110370567504186    8.26487403180663e-05    0.00145301792229259    0.00165189355631521
70.3571465000019    0.00636699746104214    -0.0130992616936796    4.13520543701224e-05    0.000175464485909787    0.000901885636433652    0.00196820450926331
70.7107000000017    0.00151696237967127    -0.0140683333743685    2.4368977271433e-06    0.000203301232278792    0.00036840584388061    0.0023201785160675
71.0642535000014    -0.00342158661428062    -0.0136280051879564    1.20580714610349e-05    0.000190018923890698    0.00059229764646714    0.00207277555170165
71.4178070000012    -0.00792759473725193    -0.011489043958538    6.42486222758728e-05    0.00013671059237574    0.00118400336053923    0.0021708204196847
71.7713605000009    -0.0110348264843983    -0.00523696147616779    0.000124423085451022    2.94669552608827e-05    0.00162962876454864    0.00142870212361331
72.1249140000007    -0.0112265640578002    0.00427921759935621    0.000128783250928239    2.01405288555001e-05    0.00165756157784465    0.00135234078281335
72.4784675000004    -0.00838697224939117    0.0109415814240272    7.19080011188602e-05    0.000123938364835155    0.00125167791655945    0.00205430299044193
72.8320210000002    -0.0040155519347497    0.01320935006693    1.65737114526524e-05    0.000179344472567106    0.000670114999071327    0.00220398352453078
73.1855744999999    0.000753196037466796    0.013532939315424    7.03574541775166e-07    0.000188669244952651    0.000369148033882728    0.00235133971125005
73.5391279999996    0.00537111765662743    0.0123225658425291    2.96277962120742e-05    0.000157341261350318    0.000882548203068429    0.00234427652098744
73.8926814999994    0.00922468129227582    0.00881407921609448    8.7429684165766e-05    8.13501726218708e-05    0.00152805079159775    0.00191368236504443
74.2462349999991    0.0110410487624816    0.000839427182335254    0.000125237544416751    2.4313126846579e-06    0.00182559213441969    0.00131402994266287
74.5997884999989    0.00977191200137204    -0.00762368175687788    9.80726265756262e-05    6.13562281741611e-05    0.00160697305922258    0.00179880644984624
74.9533419999986    0.00619642926457151    -0.0118857411700012    3.94466160392306e-05    0.000146589663442492    0.00102512458188865    0.00230625676849534
75.3068954999984    0.00175486558323895    -0.01299254649996    3.28737098028054e-06    0.000175099236789614    0.00045587033797337    0.00250857972486259
75.6604489999981    -0.00281856479370432    -0.0125710244426721    8.29976820466986e-06    0.000163700592096192    0.000596205256904333    0.00238116285833883
76.0140024999979    -0.00693612275042718    -0.0105234013533242    4.96416914684037e-05    0.000117476461558869    0.00123769651345161    0.00259508872983631
76.3675559999976    -0.00982428141833236    -0.00511537249413098    9.96312243798656e-05    2.96767395156828e-05    0.00176485664949737    0.00187342033777018
76.7211094999974    -0.0101895826440917    0.00318258634803949    0.000107280539625423    1.30977410000855e-05    0.00185821020464545    0.00172304530914255
77.0746629999971    -0.00782120961704189    0.00946830611086937    6.32099028717295e-05    9.59371808472696e-05    0.00142778954962588    0.00250766031155404
77.4282164999969    -0.00394152863511584    0.0119335864175186    1.61863734788994e-05    0.00014883821614216    0.000806675583776543    0.00253529709457805
77.7817699999966    0.000396706371475038    0.0123714016228862    3.84286080907677e-07    0.000160602788261822    0.000476350853614    0.00274794653278953
78.1353234999964    0.00455036363934267    0.0107711982204162    2.15384904637788e-05    0.000125727378503884    0.000912513678542371    0.00311587345705608
78.4888769999961    0.00789836812858373    0.00758593326161514    6.53184761559564e-05    6.50261124261983e-05    0.00171296732640443    0.00273490931778723
78.8424304999959    0.00952542056296744    0.00102687356796142    9.51992065659272e-05    5.80258805225894e-06    0.00211318945306005    0.00217901783555829
79.1959839999956    0.00857990052212877    -0.00611510577356846    7.72526415748316e-05    4.39876597768853e-05    0.00190734071555295    0.00256771126783269
79.5495374999954    0.00559972307546075    -0.0101173160604064    3.29653540192346e-05    0.00011314244390249    0.00126824898871909    0.00328365035232635
79.9030909999951    0.00173695169918316    -0.0114443958635486    3.4497038509194e-06    0.000141443020964011    0.000657801372470547    0.00323555625548422
80.2566444999949    -0.00230035205564327    -0.0109890113240962    5.80160788006644e-06    0.000132101288153586    0.000714134651283795    0.00336792492084827
80.6101979999946    -0.0057924119051764    -0.00873570820435909    3.57507962465648e-05    9.10874905284145e-05    0.00148282182588991    0.00384381226085612
80.9637514999944    -0.00820231956348137    -0.00437901209277935    7.1827639539529e-05    2.77753476453106e-05    0.00213297757092283    0.00293250758508871
81.3173049999941    -0.00857876459407666    0.00224397395309878    7.86206145117144e-05    1.33218186100536e-05    0.00224174319473286    0.00287861069057068
81.6708584999939    -0.0067472691707191    0.0076132833820904    4.86364624673503e-05    6.98125950206727e-05    0.00176375202486456    0.00344245714056963
82.0244119999936    -0.00356108620323558    0.010043404026534    1.38293320947686e-05    0.000114164999816479    0.00107144628791828    0.00364623578177262
82.3779654999934    0.000150857560819544    0.0106839525375403    4.69217020758924e-07    0.000127618557785364    0.000668175887848777    0.00367038362585581
82.7315189999931    0.00371649065453416    0.00907244188394679    1.49433099158506e-05    9.96485120769474e-05    0.00106348819016049    0.00416404975226707
83.0850724999928    0.00648817698452366    0.00628024553558154    4.59459746395322e-05    5.32877471268908e-05    0.00196202295017916    0.00372105672352612
83.4386259999926    0.00786905406715773    0.00108144702456566    6.76273085844215e-05    1.158941349353e-05    0.00238857628569195    0.00322798479342578
83.7921794999923    0.00721335349838373    -0.00462136271779451    5.69809506537601e-05    3.32595112755471e-05    0.00222451836609978    0.00345000259508975
84.1457329999921    0.00486936000440289    -0.00817149050406598    2.61924226399851e-05    8.33678933987767e-05    0.00157535893926006    0.00407365147511864
84.4992864999918    0.00167876542606864    -0.00960634578837903    3.68810133106876e-06    0.000109507932197895    0.00093265640795812    0.00415042802515449
84.8528399999916    -0.00173709978919518    -0.00936725463019161    3.69507521595443e-06    0.000105939652387776    0.000823140047824486    0.00426546516583242
85.2063934999913    -0.0046969615520293    -0.00728735538598232    2.45390809497867e-05    7.33987828034517e-05    0.00157404991297775    0.0045048012477629
85.5599469999911    -0.0067290020983754    -0.00382908516167925    5.06844216079156e-05    2.87149946007698e-05    0.00232485534345152    0.00374874664726461
85.9135004999908    -0.00715767067357463    0.00145324908366417    5.7648978529735e-05    1.45803735686221e-05    0.00253312634078615    0.00353106792195383
86.2670539999906    -0.00580160112909164    0.00590928270246389    3.81086669869342e-05    5.14952939431292e-05    0.00210952395716587    0.00407132311239114
86.6206074999903    -0.00324550056372503    0.0082334679652791    1.24084640740857e-05    8.78000148971114e-05    0.00136937583042284    0.00447325610286669
86.9741609999901    -0.000156447959417595    0.00899545716438842    7.12331366388362e-07    0.000102009557300355    0.000829370485598826    0.00459252737651151
87.3277144999898    0.00289418717625266    0.00787596557298815    9.72581337360226e-06    8.42065029214203e-05    0.00116167721954805    0.00470910492710938
87.6812679999896    0.00528478636563821    0.005523435501751    3.21689473167937e-05    4.96148393799995e-05    0.00205912126557865    0.0043710982187542
88.0348214999893    0.00659145076289085    0.00148282803412776    4.99825291007912e-05    1.69197015404e-05    0.00255642444464467    0.0038367854463867
88.3883749999891    0.00627056741253753    -0.00319157445880328    4.55264640755035e-05    2.4927336284294e-05    0.00249127445303119    0.00383942557659457
88.7419284999888    0.00448578231052243    -0.00655727168922858    2.36006080200863e-05    6.34396881150168e-05    0.00186503755530294    0.00452126930282395
89.0954819999886    0.00185438939351568    -0.00810390253653609    4.70039496022629e-06    8.82305739047636e-05    0.00112322523896272    0.00474945655660598
89.4490354999883    -0.00107037960281521    -0.00814891049130402    1.95200243400722e-06    8.97122794519645e-05    0.000897936489894683    0.00482778802938569
89.8025889999881    -0.00367702705020881    -0.00640988073713969    1.59776403951702e-05    6.48314490463847e-05    0.00156751793201958    0.00487287163611255
90.1561424999878    -0.00553101372848581    -0.00382444917539698    3.616364738136e-05    3.20618745295225e-05    0.00236040981964181    0.00417557936510946
90.5096959999876    -0.00615934818710325    0.000413310014174671    4.50263887064803e-05    1.51706516153895e-05    0.00266248354295537    0.00387296094062055
90.8632494999873    -0.0052791694845726    0.00440104672015881    3.3479501406902e-05    3.76734502608923e-05    0.00236851661595596    0.00427834524411854
91.2168029999871    -0.00325555945919614    0.00676645452763236    1.3385836854502e-05    6.84173108303258e-05    0.0016694817944921    0.00475735262050327
91.5703564999868    -0.0006628790141789    0.00767844713503491    1.37337186737778e-06    8.44025507218781e-05    0.000966417756427826    0.00504420462673277
91.9239099999865    0.00200057911889992    0.00707706174895512    5.23248743201555e-06    7.50797667481267e-05    0.00110913056987767    0.00499949634959392
92.2774634999863    0.00417667402527513    0.00515271447342487    2.1246102181286e-05    5.02751009830293e-05    0.00194974261580293    0.00487079403571812
92.631016999986    0.00552009735001349    0.00216280055933446    3.72122019540375e-05    2.23345228072958e-05    0.00259629104693823    0.00420200149307902
92.9845704999858    0.00557726492180929    -0.00181822187484882    3.8401391864069e-05    1.94847665190109e-05    0.00270101978075405    0.00402229234800656
93.3381239999855    0.00431826922700901    -0.00504380804180351    2.34991212374862e-05    4.61857592250014e-05    0.00220265115725418    0.00455475132827684
93.6916774999853    0.00219713212682792    -0.0067338630683132    6.86394879664898e-06    6.96918861754612e-05    0.00142708066131863    0.00493426533059064
94.045230999985    -0.000298871779029296    -0.00714884817148107    8.84606860357869e-07    7.78369264221553e-05    0.000891786140314892    0.00517019305667275
94.3987844999848    -0.00266618018927126    -0.006005679542181    9.05449858664344e-06    6.23483203621863e-05    0.00139498451065985    0.00512641527763942
94.7523379999845    -0.00446008993199239    -0.00399350333586907    2.51014183144603e-05    3.80574750768813e-05    0.00228232690756614    0.0047020640343666
95.1058914999843    -0.00533552861067242    -0.000733630730662184    3.61914215447622e-05    1.73319292917173e-05    0.00277912863852292    0.00409801357278687
95.459444999984    -0.00494146006031966    0.0028943259191687    3.13777739888184e-05    2.69166939887921e-05    0.00263813313937792    0.00430576026532137
95.8129984999838    -0.0034245523186454    0.00541520407450872    1.56086529756472e-05    5.30593259915842e-05    0.00197004933758211    0.0048718467569299
96.1665519999835    -0.00127909428050222    0.00652888492474076    2.934563859552e-06    6.97332021421485e-05    0.0011395094037078    0.00520642524018557
96.5201054999833    0.00106106700231247    0.00648869443976859    2.09452616101155e-06    6.87139608020174e-05    0.000984206775842959    0.00515856620286427
96.873658999983    0.0031438522213335    0.00513196756808808    1.28035679092257e-05    5.18394798150743e-05    0.00170873085055608    0.00504998897970743
97.2272124999828    0.00459076572460194    0.00286665491560918    2.73592629927343e-05    2.81374935907363e-05    0.00250681731575205    0.00446315843159864
97.5807659999825    0.00502899471561043    -0.000480893727121674    3.32982682303278e-05    1.68273822385969e-05    0.00282974917275193    0.00407383400027688
97.9343194999823    0.00428525290224463    -0.00360341226927173    2.46023127022197e-05    3.30125647156247e-05    0.00249778307024922    0.00447526364958386
98.287872999982    0.00263730100089853    -0.00549406417358315    9.91854302757279e-06    5.53366671319989e-05    0.00172139084993281    0.00501516958721726
98.6414264999818    0.000529852814330195    -0.00624290800841542    1.18930393126942e-06    6.61909668247669e-05    0.000953184098910484    0.00521699783623009
98.9949799999815    -0.00163891888775167    -0.00579190931245745    3.95415453313712e-06    6.02277540706162e-05    0.00112609920189473    0.00516541775531127
99.3485334999813    -0.00343317965329531    -0.00426002332865694    1.57746584170112e-05    4.25733588909666e-05    0.00199698169375944    0.00494222218544101
99.702086999981    -0.0045443087210658    -0.00182053271457924    2.7954191750171e-05    2.17671891732687e-05    0.00270248959254543    0.00429567803826305
100.055640499981    -0.00462531157332712    0.00136788428858836    2.9441029123139e-05    1.91575066962022e-05    0.00283681546329422    0.00415769157937855
100.409193999981    -0.00363369369547935    0.00403467729763314    1.86405011571658e-05    3.84247588920108e-05    0.00233168850505369    0.00470596833775734
100.76274749998    -0.00191717018235406    0.00550066779613902    5.76576954008269e-06    5.74417208586709e-05    0.00144576209383674    0.00521386369741193
101.11630099998    0.000126843885625487    0.00588185696348794    7.72720580761454e-07    6.24759083898773e-05    0.000869845508950228    0.00528011998452173
101.46985449998    0.00210102355845158    0.00508331708224956    6.37839030688539e-06    5.19766937234233e-05    0.00140146006497397    0.00511239485610541
101.823407999979    0.00363360221790341    0.00347569939457649    1.83546274535844e-05    3.43090272889457e-05    0.00226970534995885    0.0047147153686608
102.176961499979    0.00443948714971537    0.000896567431646326    2.76186637878072e-05    1.74852384838556e-05    0.00281240424464893    0.00408428761528455
102.530514999979    0.00422506547008986    -0.00205920168227368    2.5378810550617e-05    2.24183003143976e-05    0.00274365309834741    0.00426356526232669
102.884068499979    0.00307574459091316    -0.00425177156693112    1.39014688603054e-05    4.1279176404905e-05    0.00210743068018235    0.00481680547121648
103.237621999978    0.00134731822420554    -0.00536966859744982    3.29694392352129e-06    5.65358604182146e-05    0.0012172417698407    0.00526331830424266
103.591175499978    -0.000604316102173755    -0.00549284954468586    1.16294347224549e-06    5.76917116980614e-05    0.000893166009708728    0.0052459808975544
103.944728999978    -0.00239647443478503    -0.00448040516465149    8.31990991201616e-06    4.5752757130524e-05    0.00160524770532088    0.00506741814843498
104.298282499978    -0.0036959075800253    -0.00275335910108104    1.9657514253465e-05    2.78549643225598e-05    0.00244903683381375    0.00450266343213148
104.651835999977    -0.00423178482248239    -0.000152153562557843    2.59954040707057e-05    1.64380923345545e-05    0.00284383566454065    0.00405153571228928
105.005389499977    -0.00379655003170013    0.00254404816059933    2.12605627349068e-05    2.51718087386253e-05    0.00261663344618701    0.00432430661438068
105.358942999977    -0.00253781220839044    0.00438514185633387    1.00430237888733e-05    4.27758218560217e-05    0.00189803397857303    0.00485245842391776
105.712496499977    -0.000824315954633353    0.00514213626671213    1.76622204856185e-06    5.36338812088412e-05    0.00104246115299264    0.00521462518532301
106.066049999976    0.000991254098617519    0.00497490678632612    1.88889341596596e-06    5.20099934237433e-05    0.000952002483158488    0.00522113932883519
106.419603499976    0.00258279866771364    0.00390360549465189    9.87828737540089e-06    3.96026101405062e-05    0.00179093227606673    0.00493603831859415
106.773156999976    0.00367325877311751    0.00213444998891485    2.01468188899937e-05    2.33715299868761e-05    0.00257953268552831    0.00433770137650086
107.126710499976    0.00397847522387315    -0.000470431372687501    2.40259692475229e-05    1.6200025356515e-05    0.00286316331014324    0.00399733907494802
107.480263999975    0.00337156728753811    -0.00285290727125481    1.77358639397919e-05    2.73875150078048e-05    0.00252356849825695    0.00438730385423967
107.833817499975    0.0020828794837818    -0.0042727429014421    7.28619266988555e-06    4.3291820251669e-05    0.00171691750702427    0.00500354757645465
108.187370999975    0.000442523574929062    -0.00486551037672572    9.92087608884688e-07    5.07900107527616e-05    0.000892334295270943    0.00520738125421367
108.540924499975    -0.00124884363265068    -0.00452983037385582    2.69423595848671e-06    4.71193135300769e-05    0.00106518803019681    0.0051575139664542
108.894477999974    -0.00266424324256332    -0.00340402275628968    1.09096234372537e-05    3.44224608290294e-05    0.00195228875469522    0.00477860752768957
109.248031499974    -0.00357126972792007    -0.00157669362016363    1.97753249563121e-05    1.99031151994824e-05    0.00264978442269438    0.00417338620638178
109.601584999974    -0.00370412604862384    0.000854682845802193    2.16167293821963e-05    1.64169495432571e-05    0.00281001416332775    0.00396061444429378
109.955138499974    -0.00299326187770329    0.00301640117765747    1.45316076436938e-05    2.89513060864414e-05    0.00236050650818463    0.00445562902650883
110.308691999973    -0.00169995276430746    0.00415211271886575    5.16569593575781e-06    4.1983017986058e-05    0.00150859422472753    0.00497423139348094
110.662245499973    -0.000142337061450087    0.00454143316752325    5.86698402039261e-07    4.73133585547372e-05    0.000752621128441805    0.00516611491738782
111.015798999973    0.00141700471885853    0.00412565346178866    3.41231950549879e-06    4.23474033733355e-05    0.00118508106567924    0.00503253285002361
111.369352499973    0.00269226771685881    0.00300267235922127    1.15602908547397e-05    2.9888590201078e-05    0.00207653205982946    0.00456864847676494
111.722905999972    0.00344737249661289    0.00112526475019149    1.90032655305754e-05    1.72539167240465e-05    0.00266812450987063    0.00399846169995699
112.076459499972    0.00343768954681278    -0.00117098468519649    1.91700994697312e-05    1.67188237723653e-05    0.00271152909803037    0.00391760368585192
112.430012999972    0.00266694494394467    -0.00304996806543791    1.173808502014e-05    2.97999533891082e-05    0.00215069516345482    0.0045274328475326
112.783566499972    0.00138593078178804    -0.00406838789288993    3.50422936399324e-06    4.11040575582871e-05    0.00125834225554323    0.00495502548038592
113.137119999971    -0.000121026756261538    -0.00433257319360186    4.33087537103741e-07    4.4248222028495e-05    0.000646869431471724    0.0050474777414643
113.490673499971    -0.00157770655149884    -0.00376070151873551    4.15922231300121e-06    3.74707354454696e-05    0.00129230969599351    0.00482989228994291
113.844226999971    -0.00271798175192434    -0.00259983574762733    1.195348889341e-05    2.57424216395906e-05    0.00213683506373707    0.0043569801152805
114.197780499971    -0.00332522312002871    -0.000691220691737655    1.79748682463562e-05    1.52239829267778e-05    0.00263016338815343    0.00384007771823586
114.55133399997    -0.00317894374473424    0.00146991083524287    1.66873992428651e-05    1.75301264520433e-05    0.00256548551168783    0.00392039393281835
114.90488749997    -0.00234650977286603    0.00310505067309619    9.27170715951381e-06    3.01827333287766e-05    0.00194051514947913    0.0045322614273982
115.25844099997    -0.0010797457984885    0.00395945738482849    2.25773834033881e-06    3.953619335113e-05    0.00104493413715183    0.00488455633285739
115.61199449997    0.000370422081295923    0.00410588131868783    5.3039743705055e-07    4.15688307055993e-05    0.00062704459071022    0.00497097267166594
115.965547999969    0.00172120392436818    0.00341012191410892    4.97112961857506e-06    3.39138322885711e-05    0.00141724615692357    0.00472068859590264
116.319101499969    0.00272647490774543    0.00217971936882378    1.23865560087419e-05    2.21751197688569e-05    0.0022255090622544    0.00417419971276307
116.672654999969    0.00319067896579606    0.000338393692224939    1.69725036519011e-05    1.39746471232006e-05    0.00260616027694531    0.00372292047084853
117.026208499969    0.00294522052640163    -0.00167898806215386    1.45234630620114e-05    1.85468775194468e-05    0.00241849935143136    0.00396583870153485
117.379761999968    0.00207554076636143    -0.00312701171950568    7.34874532264909e-06    3.01024329176117e-05    0.0017438107264898    0.00450824030234478
117.733315499968    0.000815536318825909    -0.0038849481817526    1.41367506521951e-06    3.87454052091506e-05    0.000865202622450602    0.00486339211191611
118.086868999968    -0.000590338865118403    -0.00393621979679942    8.65856855251201e-07    3.91237895804117e-05    0.000719275246051133    0.00486106606534987
118.440422499968    -0.00185506309649543    -0.00310071719195854    5.85118082436477e-06    3.02606346671635e-05    0.00155239226112009    0.0045438076062545
118.793975999967    -0.00273458561307507    -0.00179317342979412    1.26375955292876e-05    1.90494747106372e-05    0.00227148344789269    0.00397919637129378
119.147529499967    -0.00304181783786161    0.000116772057034576    1.56958126340095e-05    1.34801475374758e-05    0.00253833742344796    0.00366967462102184
119.501082999967    -0.00266806580685197    0.00192825665821044    1.22172815137682e-05    1.95598810674129e-05    0.0022580315241545    0.00398016423373207
119.854636499967    -0.00175014750799049    0.0031410064306581    5.50906003168011e-06    2.99332692015052e-05    0.00156398329017761    0.00447965934018086
120.208189999966    -0.000523190639899316    0.00370524790956104    8.28869229704268e-07    3.70819248036009e-05    0.000745077703347786    0.00483250067069778
120.561743499966    0.000797813686052075    0.00363344485430964    1.34756118896247e-06    3.57087062944836e-05    0.000843240482490297    0.00474413161549871
120.915296999966    0.00194413147270394    0.00275925250058813    6.50239483638244e-06    2.6920748129885e-05    0.00165007504472507    0.00439400429766326
121.268850499966    0.00269439925188878    0.00139663441330483    1.24963972132473e-05    1.69635349760404e-05    0.00228836401926539    0.00387465447383546
121.622403999965    0.00286350389104648    -0.000455199163124489    1.43223117173461e-05    1.34738031287864e-05    0.00247440036843429    0.0036423339839555
121.975957499965    0.00239981521205277    -0.00211309406447339    1.0270922576214e-05    2.06467974582661e-05    0.00212410205127109    0.00402263979657059
122.329510999965    0.00144326843701585    -0.00316563064053399    4.02769309760323e-06    3.03517883032057e-05    0.00139451400721436    0.00450894344064306
122.683064499965    0.000236603003944903    -0.00356149700901131    4.9601412114729e-07    3.51437853508087e-05    0.000663349937568052    0.00473914806749191
123.036617999964    -0.000994703432167119    -0.00326533079786798    1.91757902827676e-06    3.21637025347737e-05    0.000963402361587156    0.00463695129533065
123.390171499964    -0.00199744438196193    -0.00234979569673483    7.06463128677561e-06    2.38040292792012e-05    0.00175352423072632    0.00427580278577108
123.743724999964    -0.00260188122467205    -0.000994573655025306    1.20976073654152e-05    1.51644884984269e-05    0.00230820741228214    0.00376501151965787
124.097278499964    -0.0026420154317236    0.000766708241838084    1.27356518010455e-05    1.36979225856452e-05    0.00239904277985614    0.0036207845914308
124.450831999963    -0.00210081438226907    0.00223132928916253    8.35871670147689e-06    2.15805200203201e-05    0.00198627682681149    0.00407451710312345
124.804385499963    -0.00113647340277222    0.00311305930341125    2.81913688999771e-06    3.02774727010244e-05    0.00123594704368312    0.00453721659990671
125.157938999963    2.82028010926834e-05    0.00337621045867915    3.72058187655019e-07    3.34575660918823e-05    0.000609313375583981    0.00469667638129218
125.511492499963    0.001167821037499    0.00294223812322018    2.52815773964123e-06    2.91901630994938e-05    0.00107905132594145    0.00453137925203393
125.865045999962    0.00204950195022233    0.00199904724702287    7.58792669093679e-06    2.08914723590292e-05    0.00184050766012306    0.00411038714273965
126.218599499962    0.00252240933831022    0.000579422724276639    1.16679457895509e-05    1.37263843349239e-05    0.0023033447244293    0.00365932420557618
126.572152999962    0.0024303756108038    -0.00107407959741248    1.11824433560626e-05    1.43639497723247e-05    0.00229689306378697    0.00363459802326845
126.925706499962    0.00180269472163745    -0.00237590501925484    6.53906964941415e-06    2.26169309149581e-05    0.0018136596676319    0.00411970948665531
127.279259999961    0.000825604387487795    -0.00305096393306517    1.78395694115961e-06    2.96438086035455e-05    0.00104992110966516    0.00450948197498128
127.632813499961    -0.000285820910402368    -0.00313486041757606    4.29312232536808e-07    3.1385704966896e-05    0.000589591926431807    0.00464309757911794
127.986366999961    -0.00130943928288144    -0.00254378602112422    3.21872640225833e-06    2.59847713026919e-05    0.00122641557667264    0.00441745673226404
128.339920499961    -0.00203952254873733    -0.00154808928036184    7.98296625528165e-06    1.81761114009159e-05    0.00195532964700933    0.00397234577811961
128.69347399996    -0.00235932299900022    -0.000169533614426434    1.0976376033275e-05    1.26329645345284e-05    0.00232593444010437    0.00355024265200393
129.04702749996    -0.00214927607462685    0.00131792778586042    9.4684949146427e-06    1.54586388455779e-05    0.00220206886124828    0.00370428200827568
129.40058099996    -0.00147402222892496    0.00240411307167907    4.8016031493425e-06    2.35548324173407e-05    0.00162137645782144    0.00421604942522292
129.75413449996    -0.00051884319443396    0.00290621860192314    9.75926089812589e-07    2.91590387698545e-05    0.000840671058977382    0.00455114625206557
130.107687999959    0.000516909962835531    0.00284931543647661    7.31085536834578e-07    2.88655899425486e-05    0.000681094433361445    0.00455488655028911
130.461241499959    0.00141842145394148    0.00218330785507559    3.98025191359486e-06    2.3217190328883e-05    0.00140297273408765    0.00429538789154696
130.814794999959    0.00202448033561984    0.00116965187029075    8.33624296892614e-06    1.59961069446297e-05    0.00205857288907018    0.0038246596511265
131.168348499959    0.00220389933257138    -0.000187710128491691    1.02200801113252e-05    1.22901876793283e-05    0.00231579529389292    0.00350070744093103
131.521901999958    0.00189114433641067    -0.00153576107068368    7.81343977296197e-06    1.67835013652572e-05    0.00205840056155837    0.00379801781183682
131.875455499958    0.00118050423527687    -0.00239562115937982    3.37464186540615e-06    2.39548731099102e-05    0.00140749835378217    0.00426800566666
132.229008999958    0.000251844758097674    -0.00277153440991259    5.01369182780464e-07    2.81441018281071e-05    0.000661772922231779    0.004523571469843
132.582562499958    -0.000706907518773975    -0.00254374485489419    1.15430540825516e-06    2.64929142189213e-05    0.000809065614246446    0.00447462583152163
132.936115999957    -0.00149592685414169    -0.00188491326502213    4.70931799990249e-06    2.04514826146499e-05    0.00157210713596759    0.00411078880483947
133.289669499957    -0.00199262435447171    -0.000842664446934113    8.50974182991206e-06    1.3955849321588e-05    0.002130537493657    0.00363947330687576
133.643222999957    -0.00205198790316077    0.000509869894405065    9.30144396973653e-06    1.24063731628961e-05    0.00225627782310123    0.00348516941534776
133.996776499957    -0.00165266316694301    0.00168218191900995    6.29980593470676e-06    1.79139348163916e-05    0.0018890501293869    0.00388383815416498
134.350329999956    -0.000923445703967967    0.00236272830022109    2.26072876243735e-06    2.4126010920676e-05    0.00118658197957851    0.00430621944401471
134.703883499956    -3.28891060167926e-05    0.00259741578261194    3.17071361616151e-07    2.67188506170425e-05    0.000562129583211529    0.00446903589930545
135.057436999956    0.000849954514670729    0.0023015050315322    1.67986407987711e-06    2.41252463709315e-05    0.000978489347345158    0.00433916131997458
135.410990499956    0.00154343341453163    0.00156521262667327    5.28979683608088e-06    1.81934043677244e-05    0.00170517158403139    0.00396780969818702
135.764543999955    0.00191993486257607    0.000509422083409943    8.39223404369253e-06    1.28729671999242e-05    0.00216935109356636    0.00355154281135093
136.118097499955    0.00187901590133629    -0.000729945132731083    8.27519290473111e-06    1.29008879815009e-05    0.00217818551718086    0.00351682642231644
136.471650999955    0.00143318589549967    -0.00172595807903234    5.01132883699372e-06    1.84848656447131e-05    0.00171968224562985    0.00393775752861145
136.825204499955    0.000712289583120707    -0.00228739270194963    1.49089424768212e-06    2.36943194811077e-05    0.000991734741480728    0.00429676088561783
137.178757999954    -0.00013301386274969    -0.00241964890514833    3.10212400737961e-07    2.52488758178802e-05    0.000540850915737755    0.0044038818096873
137.532311499954    -0.000941518960870725    -0.00207379436993849    2.19116381483566e-06    2.21433918587913e-05    0.00114223721755009    0.00422407016632095
137.885864999954    -0.00155856250593315    -0.00134900201141665    5.75802876318879e-06    1.61820303325956e-05    0.0018245305364088    0.00378975248608526
138.239418499954    -0.00184553001623251    -0.000230736435559072    8.12138351144933e-06    1.18134139667461e-05    0.00217149774824524    0.00342931110633778
138.592971999953    -0.00172259379885617    0.000907426326313194    7.14102290930721e-06    1.35629309867819e-05    0.00204296194615795    0.00356924480094818
138.946525499953    -0.00123467025839575    0.00178103447135528    3.77857296652531e-06    1.90622954110331e-05    0.00150138679878248    0.00398625282977351
139.300078999953    -0.000508146244447995    0.00227906043802423    8.75941152147459e-07    2.33930183762744e-05    0.000785957089414465    0.00426601709983765
139.653632499953    0.000319633944321325    0.00230175518870609    4.74252904365391e-07    2.39483205727885e-05    0.000609989381877245    0.00431859278284641
140.007185999952    0.00105952661319912    0.00183811163744983    2.76895752102554e-06    1.98610440769394e-05    0.00128310594922958    0.00405985094371837
140.360739499952    0.00158807940592129    0.00108278846782603    6.06361786670097e-06    1.43244252517555e-05    0.00188191967607272    0.00362656785207425
140.714292999952    0.00178046056371991    -9.82002351711183e-06    7.66727460368076e-06    1.12696495136263e-05    0.00212066847591012    0.00335701550201432
141.067846499952    0.00158593705052223    -0.00108075513941843    6.13407492308035e-06    1.41263827522836e-05    0.00190233503748977    0.00359977097617394
141.421399999951    0.00105335240233315    -0.00186041948670945    2.87227366660776e-06    1.93502967963682e-05    0.00132767555641683    0.00398611792723697
141.774953499951    0.000316698456761689    -0.00223489071238037    5.33716772610521e-07    2.28999529056061e-05    0.000658345547638385    0.00423145558990308
142.128506999951    -0.000470591849251185    -0.00212972632597332    7.18910687390389e-07    2.22773242432169e-05    0.000705304188849562    0.00421207668729726
142.482060499951    -0.00114012411279014    -0.00162015093922155    3.19934248441705e-06    1.80413419602341e-05    0.0013782087983508    0.00392637910731677
142.83561399995    -0.00158730514675789    -0.000854136382848439    6.17143390817114e-06    1.30199714896813e-05    0.00191099353197415    0.00350576989107613
143.18916749995    -0.00170300603309465    0.000228329031146376    7.19569951927454e-06    1.12103276812671e-05    0.00207255156040031    0.00334038823114962
143.54272099995    -0.0014365528326562    0.00121587393505046    5.31940556058081e-06    1.43954754218613e-05    0.00180436180395404    0.00359404034422629
143.89627449995    -0.000888448709143727    0.00182376964208287    2.24592139449347e-06    1.91330833620542e-05    0.00120688867991804    0.00397579522292977
144.249827999949    -0.00017837407541294    0.00213213645367163    3.61334942408779e-07    2.19747208106504e-05    0.000574036263340007    0.00417477124565826
144.603381499949    0.000563120097786514    0.00197409688732054    9.03847065097679e-07    2.06695669518113e-05    0.000765991397188366    0.00409542530529891
144.956934999949    0.00117223330785403    0.00143948237111015    3.42503324548515e-06    1.6521488356632e-05    0.00143209717458095    0.00380123386019528
145.310488499949    0.00155041402577358    0.000638356402252596    6.08005893005298e-06    1.20135297083337e-05    0.00191736154095609    0.0034067625118339
145.664041999948    0.00159610207550374    -0.000374057554792172    6.63871486787298e-06    1.10354288867223e-05    0.00202266483443146    0.00330083471752604
146.017595499948    0.00130122515384428    -0.00126833545791646    4.6081786794048e-06    1.45398871979002e-05    0.00170733470017092    0.00359599949445103
146.371148999948    0.000738725592835892    -0.00182876822460208    1.75628597313788e-06    1.91003973863085e-05    0.00110025927472898    0.0039693833484553
146.724702499948    5.02013395096336e-05    -0.00201542463245529    2.6243187158771e-07    2.13636136775058e-05    0.000509815355887941    0.00415952848630686
147.078255999947    -0.000640257050889546    -0.00182015752913331    1.12419101770303e-06    1.95384413305444e-05    0.000845140181561174    0.00402808489231344
147.431809499947    -0.00118991093014168    -0.00123116994834973    3.67104772983272e-06    1.52460149572056e-05    0.00150171891782786    0.00370543324261632
147.785362999947    -0.0014906161621883    -0.000451935207480091    6.0215476873579e-06    1.13525116204276e-05    0.00194925912704826    0.00333890194355382
148.138916499947    -0.00148607055000867    0.000486961338555391    6.19436846850623e-06    1.1024124709817e-05    0.0019964876130102    0.00328435585230488
148.492469999946    -0.00116552967078165    0.00128621449091128    3.98638888828925e-06    1.48655251066919e-05    0.00162108897806902    0.00363471833710148
148.846023499946    -0.000618568502174567    0.00174714100895125    1.35792952022143e-06    1.85978139180345e-05    0.000987574062204421    0.00394275439418629
149.199576999946    3.31573820597855e-05    0.00188527766331608    2.31319291872935e-07    2.02830270405478e-05    0.00047981233819888    0.0040900800936839
149.553130499945    0.000671942367014077    0.0016572409310499    1.31266217906322e-06    1.82827851958739e-05    0.000927984716724762    0.00394161612696199
149.906683999945    0.00116606936178526    0.00110450726494742    3.77807533008526e-06    1.4212727574658e-05    0.00155510693316922    0.0036045514667343
150.260237499945    0.00142511218414041    0.000320089474583696    5.83596771673512e-06    1.07610420697101e-05    0.00195064681050919    0.00326474881085373
150.613790999945    0.00138176049737418    -0.00056386680020755    5.65243576290444e-06    1.10733975781478e-05    0.00193472832480447    0.00327955054996436
150.967344499944    0.00104611617132521    -0.00128094461975269    3.4049171681576e-06    1.48001411526816e-05    0.00152005201366581    0.0036275779845247
151.320897999944    0.000516804733994838    -0.00167246641978238    1.03640269041282e-06    1.84022666937697e-05    0.000877106354630582    0.00395033198205797
151.674451499944    -0.000109028098231138    -0.00180701381487449    2.28715762779832e-07    1.94326108373001e-05    0.00046564861921403    0.00402085959841336
152.028004999944    -0.000712944191411121    -0.0015391524686815    1.49580931427106e-06    1.72467045042284e-05    0.000993740355527642    0.00385716400771085
152.381558499943    -0.00115955412011577    -0.000959367595715329    3.9029209300335e-06    1.325474575625e-05    0.00159948590883322    0.00351203069071747
152.735111999943    -0.00136914223821689    -0.000188446346481172    5.60239371309853e-06    1.01253010458652e-05    0.00193076234804519    0.00317644282497941
153.088665499943    -0.00128947039201216    0.000619954681044793    5.1175538206542e-06    1.10760270980759e-05    0.00185871459045713    0.00326981395365646
153.442218999943    -0.000944563765037122    0.00129515257159213    2.86769847634593e-06    1.48459372362832e-05    0.00140552401976089    0.00362884514034169
153.795772499942    -0.000409940546901356    0.0016723881847279    7.4266859756463e-07    1.79764384074254e-05    0.00075803518755454    0.00389609498947446
154.149325999942    0.000193851061810833    0.00168365203521482    2.70125260371725e-07    1.85177128227277e-05    0.000482231299488676    0.00396018038061964
154.502879499942    0.000745767210053207    0.00138701510318046    1.71345707846074e-06    1.60569334980548e-05    0.00107577337151939    0.00375940455412877
154.856432999942    0.00113954001799269    0.000813501313983897    4.00422160979963e-06    1.2152225313011e-05    0.00164489214150742    0.00338975528986349
155.209986499941    0.00130192224135738    7.21618524184238e-05    5.34075736096044e-06    9.73447831973101e-06    0.00190938624652516    0.00311917793445429
155.563539999941    0.00119217749969518    -0.000690233640579001    4.55579054942887e-06    1.12114654655457e-05    0.00177045286823723    0.00327643754510273
155.917093499941    0.000831839939317782    -0.00129476385700123    2.32876198088838e-06    1.47953577248967e-05    0.00127937652637688    0.00362200832129083
156.270646999941    0.000314455236133332    -0.00158000240808848    5.02912385226613e-07    1.75587797471963e-05    0.000635633770102677    0.00388102720135158
156.62420049994    -0.000254153633136238    -0.00159378627369775    3.50105265420599e-07    1.77073019552793e-05    0.000534332477193975    0.00389450218501055
156.97775399994    -0.000769300607653164    -0.00125784252897955    1.91618788533397e-06    1.48356836562248e-05    0.00115081034944879    0.00364053784879585
157.33130749994    -0.00112216699093142    -0.000719690162979546    4.05865510171211e-06    1.12699641462985e-05    0.00167313966726512    0.00327902580282756
157.68486099994    -0.00124832834525002    4.69619399461219e-05    5.07206260272649e-06    9.3821906584777e-06    0.00187449698457262    0.00306267615569688
158.038414499939    -0.00109994859029904    0.000768168524514137    4.01905672607792e-06    1.13470493952354e-05    0.00167605782262339    0.0032797814733883
158.391967999939    -0.000724696085561073    0.00129325502770382    1.86985570309111e-06    1.47203608653596e-05    0.00115959962343197    0.00361218109992818
158.745521499939    -0.000223975310102069    0.00151116100418425    3.35306670731544e-07    1.71110645514149e-05    0.000533986639529704    0.00385064370863467
159.099074999939    0.00032026191547212    0.00151608334170475    4.54152928949946e-07    1.67747183449063e-05    0.00059294623234158    0.00380476144402138
159.452628499938    0.000802413054202462    0.00115189080535993    2.11551700571644e-06    1.3940641326354e-05    0.00121311594506128    0.00355158962985327
159.806181999938    0.00111065580937357    0.00057258006768236    4.06795073345131e-06    1.05784130823514e-05    0.00168356597927021    0.00320165037885842
160.159735499938    0.0011904971917005    -0.000136505056929412    4.70760925624262e-06    9.28948625859708e-06    0.00181392549262527    0.00304480748620168
160.513288999938    0.00101710722843582    -0.000827574194872277    3.47342007818434e-06    1.14473755485223e-05    0.00156170194468981    0.00328062440710664
160.866842499937    0.000628975373611119    -0.00130881008972549    1.43426800215962e-06    1.47575766699542e-05    0.00101914571163812    0.00361172989286117
161.220395999937    0.000126804380870092    -0.00149533598283762    2.00504493613314e-07    1.66297638002968e-05    0.000429447485270861    0.00379390749738681
161.573949499937    -0.00039477709726052    -0.00139015982513566    6.14506514251778e-07    1.55469965443914e-05    0.000677242613640293    0.00368977671478508
161.927502999937    -0.000823036084875425    -0.0010108355359886    2.31212593920377e-06    1.27662678314675e-05    0.00127856855201303    0.00342702193612036
162.281056499936    -0.00108335026857517    -0.000427477050822887    4.00972728542724e-06    9.59238545376961e-06    0.00168406635291052    0.00306751508957811
162.634609999936    -0.00111169027739129    0.000264618675764826    4.26662432199536e-06    9.21272596707233e-06    0.00174091040813392    0.00302369028233859
162.988163499936    -0.000904643718795565    0.000896834226501028    2.85292264058211e-06    1.1776748242354e-05    0.00142637385794393    0.00331246684700848
163.341716999936    -0.000508428943431459    0.00128712889256881    1.00054776261902e-06    1.46880045016061e-05    0.000861421947770192    0.00360988970960619
163.695270499935    -1.72020291139055e-05    0.00145708852570792    1.41529561936807e-07    1.61054421887645e-05    0.000375810659948825    0.00373929608576465
164.048823999935    0.00047684235270329    0.00126827039399843    8.60123140005175e-07    1.45873755395191e-05    0.000795452393719175    0.00360261928979821
164.402377499935    0.000851144500049487    0.000830540665147282    2.57569546240549e-06    1.15660132003959e-05    0.00136060593209092    0.0032979107634884
164.755930999935    0.00105086792579836    0.000273443273802581    3.93729812963667e-06    9.10074533846938e-06    0.00168314429926995    0.00300432590017819
165.109484499934    0.00103301773400874    -0.000379675195129804    3.83924446675953e-06    9.2325006195554e-06    0.00166496811620613    0.00301468860178934
165.463037999934    0.000791105260873358    -0.000946355347072275    2.3124470272147e-06    1.19735554557644e-05    0.00129869145428512    0.00332835800550843
165.816591499934    0.000392981686297001    -0.00126848868266966    6.78059082570779e-07    1.4607470401643e-05    0.000723619013574093    0.00360533034042401
166.170144999934    -8.12121799172958e-05    -0.00137287438160111    1.5554418759441e-07    1.5479037213369e-05    0.000385938815652806    0.00368703853325571
166.523698499933    -0.000538860087429305    -0.00115391175746363    1.09631267596312e-06    1.35169738414569e-05    0.000897742993366589    0.00349076803833255
166.877251999933    -0.000867642005598792    -0.000683696029918936    2.73968029880245e-06    1.06887575316073e-05    0.00140956647552464    0.0031970794907666
167.230805499933    -0.00101049856543815    -0.000100541089587396    3.79795909427241e-06    8.61200861012388e-06    0.00166638883323187    0.00293289960609436
167.584358999933    -0.000934950349633986    0.000514497953880232    3.34565425041564e-06    9.53098598526779e-06    0.00157210753262457    0.00304405614940343
167.937912499932    -0.000665717923464929    0.000970787138366831    1.78180775936519e-06    1.2224546844994e-05    0.00115699066795836    0.00335888659781416
168.291465999932    -0.000271608586971338    0.00123628402315476    4.12665107151101e-07    1.43770791900485e-05    0.000582145928985623    0.00358450568476892
168.645019499932    0.000183590343524632    0.00128994492641196    2.45210703498493e-07    1.46084873865471e-05    0.000459897042024625    0.00359785067413465
168.998572999932    0.000597817118091605    0.000995781491352235    1.35365548425572e-06    1.24528335165705e-05    0.000998133346588706    0.00338544719912316
169.352126499931    0.000866972465094803    0.000522545368439617    2.87006045561288e-06    9.72725424141784e-06    0.00145547902780505    0.00307476837816121
169.705679999931    0.000959999726610365    -2.73760901583678e-05    3.58674296785227e-06    8.44035386147357e-06    0.00163252672038172    0.00290509972482206
170.059233499931    0.00084758692049098    -0.000588840737437582    2.82988082204273e-06    9.76912475361301e-06    0.00145309230066618    0.00306959139618728
170.412786999931    0.000557883444806796    -0.00101682984441933    1.29963748564109e-06    1.2491487154494e-05    0.000994184865933693    0.00338489944045494
170.76634049993    0.000153453527391983    -0.00122018779713666    2.32160127104605e-07    1.40629671650209e-05    0.000456740782102455    0.00354599899954014
171.11989399993    -0.000270146499702371    -0.00115019072432926    3.96165584152905e-07    1.37108827094893e-05    0.000568494901341659    0.00351965112009077
171.47344749993    -0.000630748479290489    -0.000848052685591524    1.62335328795973e-06    1.1392802531454e-05    0.00110702739073271    0.00326704900084388
171.82700099993    -0.000857120707706951    -0.000414009684814017    2.95132467314794e-06    8.92359675156139e-06    0.00148884813381617    0.00295841050776284
172.180554499929    -0.000903804744490768    0.000165929659443916    3.2849562315205e-06    8.3945258707811e-06    0.00157101661842149    0.00289257553382758
172.534107999929    -0.000748589336193784    0.000692413391054467    2.30898422644339e-06    1.0208712852157e-05    0.00132234573095705    0.00311917882591644
172.887661499929    -0.00043527083777361    0.00103379771223211    8.87229581516356e-07    1.25124763784194e-05    0.000835325612740455    0.0033828595401824
173.241214999929    -4.36802613101148e-05    0.00116281385685608    1.3620550206612e-07    1.36636013695097e-05    0.000366466283357691    0.00350876977070499
173.594768499928    0.000360438878508827    0.00106720503866248    5.96097976549841e-07    1.27816177608826e-05    0.000682775066481737    0.00341213879646418
173.948321999928    0.000679644380694274    0.000714306237892067    1.89182984924608e-06    1.04406374431993e-05    0.00119578984986359    0.00315125436004582
174.301875499928    0.000851916436618786    0.000240970798228892    2.99781569049371e-06    8.39303488412867e-06    0.00150733343209539    0.0028870344574545
174.655428999928    0.000838567236385185    -0.000298514478261844    2.96328111964888e-06    8.43053932780919e-06    0.00150335827722809    0.00288815311818422
175.008982499927    0.000657153719645503    -0.000714013922078295    1.83867025164479e-06    1.03898603132552e-05    0.00118609411110623    0.0031432537969966
175.362535999927    0.000346412980910176    -0.00102397373094762    5.76182194608949e-07    1.2665501066034e-05    0.000675411164599665    0.00340836894487131
175.716089499927    -4.47307166959462e-05    -0.00114522749259066    1.33006995008637e-07    1.335615572374e-05    0.000361947728259902    0.00347053449974994
176.069642999927    -0.000429299539585615    -0.000975284769038397    8.38384284676485e-07    1.19296240021159e-05    0.000808755952057271    0.00331337345033692
176.423196499926    -0.000709004214473648    -0.000601327056409597    2.12220129573153e-06    9.70509859231981e-06    0.0012726013985495    0.00305671463560954
176.776749999926    -0.000838572598833778    -0.000111421193241498    2.98469289018186e-06    8.03236364332942e-06    0.00151045982623406    0.0028319514404428
177.130303499926    -0.000794631991583542    0.000358296079920134    2.65449931401119e-06    8.62352714742789e-06    0.0014223428953537    0.00291464424356417
177.483856999926    -0.000590265739285858    0.000776422889937926    1.44626309846023e-06    1.07888646209241e-05    0.00104778311471676    0.00319155637846247
177.837410499925    -0.000260894848209222    0.00105665490437406    3.56687567203719e-07    1.24724733490234e-05    0.000537235000145752    0.00336985960569364
178.190963999925    0.000128930773073208    0.00110462644244938    1.95098870093006e-07    1.27432118221359e-05    0.00042246387519852    0.00339455626625595
178.544517499925    0.000484650125889649    0.000867074695964848    1.07270693356104e-06    1.11672947123552e-05    0.00091532572838099    0.00322730168778387
178.898070999925    0.00073154090886252    0.000515136706581021    2.28603134405282e-06    8.96532629548626e-06    0.00132320793630987    0.00294956953961406
179.251624499924    0.000828275517651281    1.44401792438686e-05    2.87676608792619e-06    7.83095853718415e-06    0.00148011004820104    0.00279834773007351
179.605177999924    0.000742677026022042    -0.000486995579390772    2.32244231222228e-06    8.77996457293142e-06    0.00133074157793365    0.00292280684934624
179.958731499924    0.000499811301566964    -0.000851264993201747    1.12063982412616e-06    1.0833037176276e-05    0.000933181915251305    0.00317936866179831
180.312284999924    0.000161720884973426    -0.00103687365838469    2.23482035558051e-07    1.24343134325825e-05    0.000444216603608491    0.00337034218576252
180.665838499923    -0.000210175037840835    -0.00102074317138251    2.97550554433048e-07    1.22158907111774e-05    0.000503365680099122    0.00334274948048061
181.019391999923    -0.00053141420278127    -0.000766076238719776    1.26347816038244e-06    1.03527337032068e-05    0.000990493364674789    0.00312503774372018
181.372945499923    -0.000739430395367591    -0.000385324563525758    2.36815674539692e-06    8.32397220513708e-06    0.00134959232207487    0.00285928263483706
181.726498999923    -0.000789793547340173    0.000107465678981797    2.70878282945321e-06    7.71750843846597e-06    0.00144395601803969    0.0027759610167124
182.080052499922    -0.000669280685725847    0.000560195227340598    1.98457602444436e-06    9.03438048561328e-06    0.00123961259599872    0.0029530597340518
182.433605999922    -0.000408310942455913    0.000879493814621512    8.191304675688e-07    1.09640124900739e-05    0.000807720645916373    0.00319225674407878
182.787159499922    -6.99945932383023e-05    0.00100375607985286    1.35856510278431e-07    1.22157873515211e-05    0.000361880183480438    0.00334787411407291
183.140712999922    0.000278880059886621    0.000939092376204731    4.36362683070942e-07    1.14633821358309e-05    0.000598822674310665    0.00325291986448869
183.494266499921    0.000571374937292602    0.000681724170152574    1.46111739665899e-06    9.65216685060839e-06    0.00106519860950569    0.00303107555274331
183.847819999921    0.000739692031065682    0.00025961638204777    2.42614560922089e-06    7.88699261267176e-06    0.00137076668634703    0.00279635333011481
184.201373499921    0.000746519939356801    -0.000216056499216181    2.51057213845095e-06    7.66353330557646e-06    0.00139759798175071    0.00275986465152241
184.554926999921    0.00059731644178448    -0.000616491624462025    1.64112158716156e-06    9.18448242204068e-06    0.00113328489601489    0.00296722437624944
184.90848049992    0.000326101752566745    -0.00088693780799772    5.71267799563241e-07    1.10395488353408e-05    0.000681854417406046    0.0032020134540762
185.26203399992    -1.33736730183154e-05    -0.000999754430132681    1.12505500154067e-07    1.1756657828711e-05    0.000335151674655022    0.00327980927923273
185.61558749992    -0.000351008365912135    -0.000869723843488164    6.02489847521183e-07    1.08296160447614e-05    0.000692302661110641    0.00317382993886402
185.96914099992    -0.000604645008380371    -0.000549111992081743    1.64347698052686e-06    8.80388732492483e-06    0.00113043416188983    0.00291588122959027
186.322694499919    -0.000728015169375544    -0.000136237395947414    2.40453638391496e-06    7.46962197885961e-06    0.00136913487176175    0.00272966323029144
186.676247999919    -0.000698788858530189    0.000301590737862818    2.24804043811817e-06    7.75855905564982e-06    0.00132654987441568    0.00276904353206756
187.029801499919    -0.000524361796715836    0.000659277006362026    1.30645768900576e-06    9.38321436744658e-06    0.00101562906375837    0.00299141575116681
187.383354999919    -0.00024722958809736    0.000887737924438529    3.70984257417814e-07    1.0880305140637e-05    0.000556652304573532    0.00317682648537035
187.736908499918    8.55100420660721e-05    0.000960564546172859    1.39654349927299e-07    1.13386391352153e-05    0.000363788925935297    0.00322737585165581
188.090461999918    0.000402105386311887    0.000792279554449233    7.81492817261954e-07    1.00370804242326e-05    0.000787276365427619    0.00306747021694333
188.444015499918    0.000629644669328113    0.000474273689305731    1.78354990887104e-06    8.3486554922719e-06    0.00117775103449657    0.00285021402001749
188.797568999918    0.000719222888859224    1.4516953226822e-05    2.34499963868751e-06    7.2171686660446e-06    0.00135193123894246    0.00268643963716172
189.151122499917    0.000642889805908421    -0.000416251631832794    1.95671187247526e-06    7.87938795230095e-06    0.00124233834760676    0.0027759903694533
189.504675999917    0.000441046172246845    -0.00071669120420166    9.81958402135952e-07    9.58191829584519e-06    0.000887376287762051    0.00301135717138721
189.858229499917    0.00014873045733902    -0.000903394196964255    2.15438073598798e-07    1.08546974155371e-05    0.000439678660681325    0.0031683712440982
190.211782999917    -0.000174043215194239    -0.000886955843765412    2.22101132036046e-07    1.07786283702645e-05    0.000437961289705949    0.00316100264180132
190.565336499916    -0.000453982626736008    -0.00066550455651429    9.69067580251303e-07    9.27227294241174e-06    0.000873480025457468    0.00297142669902363
190.918889999916    -0.000630262291651393    -0.000322350156013429    1.86233604186375e-06    7.7071847705552e-06    0.00121041541860061    0.00275740369686292
191.272443499916    -0.000673605821281142    9.00725578487207e-05    2.16847784617858e-06    7.09956957046123e-06    0.00130947815702086    0.00266297887802059
191.625996999916    -0.000567765608756864    0.000489490129075349    1.60561754652812e-06    8.22595974245418e-06    0.00113281055787853    0.00282601471262836
191.979550499915    -0.000345820903983742    0.00074082080553155    6.74662784655601e-07    9.74797940609243e-06    0.000745030661800888    0.00303301235411002
192.333103999915    -5.83512710939245e-05    0.00086012461571754    1.25964211604225e-07    1.06746094098637e-05    0.000350084762259012    0.00315195099189382
192.686657499915    0.000240775291993294    0.00079725983416947    3.61992256714192e-07    1.01290806828034e-05    0.000551379647320914    0.00308114547524512
193.040210999915    0.000484914450885359    0.000565032690047671    1.17093206191435e-06    8.60532128064911e-06    0.000967362412561551    0.00287855160450992
193.393764499914    0.000625708029083753    0.000215661076346976    1.91201584069629e-06    7.25813880184279e-06    0.00123308771100697    0.00268544765392879
193.747317999914    0.000628961555732283    -0.000194148050430241    1.96800092082314e-06    7.11727726624789e-06    0.00125395704959698    0.00266074872935458
194.100871499914    0.000503287583216258    -0.00050783599786332    1.28217895429122e-06    8.30848517666775e-06    0.00101433749948997    0.00283735577183086
194.454424999913    0.000274512854937209    -0.000766644513403554    4.43347211985404e-07    9.80691456296578e-06    0.000606621714464317    0.00303630873809532
194.807978499913    -1.54054422694182e-05    -0.000839475360079698    1.03438492212426e-07    1.03395029844076e-05    0.000321249380638951    0.00310399486214567
195.161531999913    -0.00029661027051234    -0.000718026631770806    5.06804537493248e-07    9.47161918848508e-06    0.000647168359022476    0.00299266719575581
195.515085499913    -0.000507999881517716    -0.000468589040005732    1.31380497873971e-06    8.04265930513734e-06    0.00102749262728143    0.00279697758602457
195.868638999912    -0.000615745985834757    -0.000122730495122095    1.90147712997194e-06    6.90268423687567e-06    0.00123382900391437    0.00262442783525148
196.222192499912    -0.000592726527364203    0.000259113366168922    1.73527190156929e-06    7.22850733195288e-06    0.00117641283796466    0.00267607316705383
196.575745999912    -0.000439728716713341    0.00058128779705852    9.83022440981516e-07    8.50056106220325e-06    0.000888628773267642    0.00285703789950258
196.929299499912    -0.000193618464332082    0.000783119780384846    2.66225663959168e-07    9.74395204394018e-06    0.00047826515054816    0.00302170075512288
197.282852999911    9.21813523097157e-05    0.000807127892406703    1.39877046462884e-07    9.98118033737502e-06    0.000362463301244742    0.00305445983811772
197.636406499911    0.000353375630248525    0.000635709168249439    6.88140579164841e-07    8.74180077765291e-06    0.000750510654895251    0.00288750318286518
197.989959999911    0.00053066785696478    0.000356285877384009    1.44824023157652e-06    7.39781681312901e-06    0.00108010733594441    0.00269645641290671
198.343513499911    0.000594867654180783    2.03776646482026e-06    1.80872786446957e-06    6.67705128326981e-06    0.00120617591522921    0.00258399828381863
198.69706699991    0.000532566521972455    -0.000354130498156973    1.45094273298201e-06    7.32742371175243e-06    0.00108042382084818    0.0026836570760862
199.05062049991    0.000354224338313231    -0.000617761905697122    6.84236444222078e-07    8.61447960741552e-06    0.000747503553415388    0.00286929430963172
199.40417399991    0.000109020159115997    -0.000764281034810817    1.49649740262228e-07    9.52966489697799e-06    0.00037116619615551    0.00299090945981427
199.75772749991    -0.000166530696957556    -0.00075325508389631    2.29625163428628e-07    9.37853645579748e-06    0.00044932470486215    0.00296835699240874
200.111280999909    -0.00040233147533312    -0.000563938302321594    8.61174103915984e-07    8.13506537635243e-06    0.000836243677328719    0.00279589680917001
200.464834499909    -0.000548855078623819    -0.000243598337001413    1.52667171464725e-06    6.94289340663866e-06    0.00110699133570055    0.00262365265552603
200.818387999909    -0.000569323531312418    0.000117951685354593    1.68899198184771e-06    6.6662248029004e-06    0.00116827338347737    0.00257920766958041
201.171941499909    -0.000472483554243727    0.000414030478657852    1.1801385446648e-06    7.57801053802969e-06    0.000978211549530066    0.00272150496982314
201.525494999908    -0.000286836493134342    0.000632601275200928    4.63500932283754e-07    8.7643050094273e-06    0.000617434821248483    0.00289207894706238
201.879048499908    -3.34542134525594e-05    0.000769962212834813    9.62401708176514e-08    9.46654653277303e-06    0.000308416903589803    0.0029788764196555
202.232601999908    0.000233329226472666    0.000701716315299844    3.55320351889612e-07    8.81515632634708e-06    0.000548523312142045    0.00288491776991808
202.586155499908    0.000445285483621906    0.000479573642409819    1.02795963542126e-06    7.61275908631434e-06    0.000910867978082921    0.00271712498936286
202.939708999907    0.000556249284574755    0.00013329469019192    1.58792543981539e-06    6.58567968207191e-06    0.0011307131259632    0.00256279382854699
203.293262499907    0.00053896147365792    -0.00021775200281431    1.54617673914712e-06    6.6937353262649e-06    0.00112057898831792    0.00257804565350097
203.646815999907    0.000414122651844802    -0.000479197708121192    9.59378071099899e-07    7.65799230137526e-06    0.000887626329222454    0.00272550212949956
204.000369499907    0.000210064279650849    -0.00066579730475899    3.09183487405122e-07    8.84710693674449e-06    0.000514836368004332    0.00289893443970714
204.353922999906    -4.44101661514553e-05    -0.000736146721888472    1.01367896766909e-07    9.16490179677955e-06    0.000315270731133273    0.00293649277210628
204.707476499906    -0.000288350362931811    -0.000611885833484245    4.88137304965121e-07    8.33914858859484e-06    0.000636389325147911    0.00282218785968903
205.061029999906    -0.000459722513160098    -0.000352906604120007    1.16718257418442e-06    7.10870982918153e-06    0.000977669568452543    0.00264275741564564
205.414583499906    -0.000537170406666219    -7.30668168357507e-05    1.58893233552261e-06    6.34638747102301e-06    0.00114034218098107    0.00251814390202397
205.768136999905    -0.000508344157864616    0.000243963542439346    1.40020033161997e-06    6.67524677758852e-06    0.0010685441258015    0.00257210586243043
206.121690499905    -0.000365722104692796    0.000534141294972492    7.60695262948231e-07    7.77971901777283e-06    0.000791797073174246    0.00273759239018119
206.475243999905    -0.000147518529493973    0.000681563697048334    2.02268465355505e-07    8.76021514111181e-06    0.00042486085817764    0.00288022326703636
206.828797499905    0.000100867553005112    0.000692238092633142    1.38812922518199e-07    8.90522145682776e-06    0.000358662319276726    0.00290276211218477
207.182350999904    0.000323663396074863    0.000549927383752577    6.19086893424293e-07    7.96439297251625e-06    0.000717167274396691    0.00276802688663158
207.535904499904    0.000478163479796475    0.000303740437502329    1.26202068867064e-06    6.74268399722627e-06    0.00101655318368473    0.00257884193851662
207.889457999904    0.000528419754112047    -1.92801879145783e-05    1.55272517589054e-06    6.20559085021344e-06    0.00112849357080787    0.0024910277245682
208.243011499904    0.000464655456777445    -0.000336928706830373    1.24584289350267e-06    6.77456473732123e-06    0.0010148587093727    0.00258089980120013
208.596564999903    0.000303041228621378    -0.000552374793482221    5.904028898217e-07    7.87937793723492e-06    0.000706094118073041    0.00275213735572198
208.950118499903    8.22337962207155e-05    -0.000672434721013172    1.29211609225594e-07    8.71489668572492e-06    0.000349927438170721    0.00287449617006196
209.303671999903    -0.000150946145386196    -0.000629039177211761    1.96580685159074e-07    8.4842152770835e-06    0.000416888409951781    0.00284403322600427
209.657225499903    -0.000350328342996469    -0.000474636780663222    7.26842813743401e-07    7.51373130504877e-06    0.000777246978660419    0.0026997131757819
210.010778999902    -0.000477360188694155    -0.000223723319896511    1.31370827930944e-06    6.47722519997229e-06    0.00104203432263977    0.00253518699036319
210.364332499902    -0.000498951343439654    9.18590828162017e-05    1.46562196474922e-06    6.09172147129814e-06    0.00110302743466742    0.00246643130457799
210.717885999902    -0.000416878852341879    0.000370470127460674    1.05024206137201e-06    6.82038704476315e-06    0.000936191264561965    0.00258517676947292
211.071439499902    -0.000244215924730186    0.000582655356205984    4.27925036275406e-07    7.9358801798917e-06    0.000606863756030616    0.00275615545929038
211.424992999901    -2.27509377854396e-05    0.000651498705702736    8.77938909558512e-08    8.47156924671976e-06    0.000295425601100741    0.00283674438100923
211.778546499901    0.000198429487416665    0.00057909017104009    2.81938727408121e-07    8.06423881038142e-06    0.00049250834097676    0.00278008873674676
