#t    rel_diff_friedmann    LHS_friedmann    RHS_friedmann
0    8.11461084066975e-17    1.36817778008628    1.36817778008628
0.3535535    -1.90613151345221e-05    2.5836655364135    2.58376403441699
0.707106999999999    -7.20032987947637e-06    2.9444276472268    2.94447004923284
1.0606605    5.15112786337892e-06    2.27172882133367    2.27170541752296
1.414214    2.09331928680934e-06    1.64933057901361    1.64932367387704
1.76776750000001    3.16769448234592e-06    1.28188137963476    1.28187325844334
2.121321    1.75130551853006e-05    1.09475551388412    1.09471716952818
2.4748745    5.80479581995634e-06    1.24775955284754    1.24774506695276
2.82842799999999    -6.51578796089671e-06    1.76588956232926    1.7659125748031
3.18198149999998    1.03253287489165e-05    1.97198383822399    1.97194311588163
3.53553499999997    1.19836825700257e-05    1.75511415285699    1.75507208789932
3.88908849999997    9.65195377316436e-06    1.51210151831018    1.512072329124
4.24264199999997    1.73377730796551e-05    1.32934891912289    1.32930282402227
4.59619549999999    2.69775946683615e-05    1.25937577750907    1.25930782948362
4.949749    3.96625958777102e-06    1.45968531012231    1.45967373118652
5.30330250000002    9.91870860315101e-06    1.76126518524407    1.76123024663832
5.65685600000003    2.029360568175e-05    1.76290217371454    1.7628306238834
6.01040950000005    1.63539417433697e-05    1.60410642871742    1.60405396264928
6.36396300000006    1.76339627465307e-05    1.45629091125668    1.456239551803
6.71751650000007    2.94146291647146e-05    1.34610347643387    1.346024288494
7.07107000000009    2.4404475528467e-05    1.36620680141932    1.36614011992574
7.4246235000001    7.02524417197182e-06    1.58534157199401    1.58531929732722
7.77817700000012    2.36105083910137e-05    1.72386970536738    1.72378830440901
8.13173050000013    2.36847767978844e-05    1.65073495236753    1.65065675964171
8.48528400000015    2.0323300782454e-05    1.53163828421114    1.53157602958528
8.83883750000016    2.65648383127402e-05    1.42752847097989    1.42745262886858
9.19239100000018    3.62568729681386e-05    1.37137804223699    1.37127860208344
9.54594450000019    1.59419863872853e-05    1.46536415332113    1.46531743243518
9.89949800000021    1.9012552257612e-05    1.64504069203782    1.64497814038284
10.2530515000002    3.01502197012108e-05    1.6675950023644    1.66749444868473
10.6066050000002    2.50647747970077e-05    1.58073569153668    1.58065645195456
10.9601585000002    2.54449775411714e-05    1.48946154966339    1.48938575296068
11.3137120000003    3.59091244469404e-05    1.41446118251787    1.41435960204028
11.6672655000003    3.32856223067819e-05    1.41463100647237    1.41453683586012
12.0208190000003    1.46060552158482e-05    1.54968266201043    1.54963739317057
12.3743725000003    3.12121214515695e-05    1.65153884569935    1.65143575285503
12.7279260000003    3.1328958176039e-05    1.61306517581138    1.61296410767488
13.0814795000003    2.7086733961679e-05    1.53486704112342    1.53478389430518
13.4350330000004    3.23298266705028e-05    1.46237592963168    1.46228137596792
13.7885865000004    4.19839436406683e-05    1.41753183946589    1.4174128173092
14.1421400000004    2.36102761773701e-05    1.47399285655897    1.47392325544541
14.4956935000004    2.45128276641613e-05    1.60194733080687    1.60186879621428
14.8492470000004    3.67810607074698e-05    1.62740067789785    1.62728096725467
15.2028005000004    3.116371367477e-05    1.56902713294657    1.56892934256945
15.5563540000004    3.07683704689781e-05    1.50313421958656    1.50304172445142
15.9099075000005    4.03673676678739e-05    1.44627172343124    1.4461549637797
16.2634610000004    3.94092360696109e-05    1.43990726825957    1.43979378144109
16.6170145000003    1.99262466382016e-05    1.53527666188758    1.53521547850389
16.9705680000003    3.6295715426878e-05    1.61693714657925    1.61681977505827
17.3241215000002    3.69719998721454e-05    1.59367666401023    1.59355882554012
17.6776750000001    3.20454224546233e-05    1.53576837223188    1.53566994669341
18.0312285    3.64913614628308e-05    1.48019225393693    1.48008422941775
18.384782    4.61580972832549e-05    1.44276198164809    1.44262879749981
18.7383354999999    2.94510858862274e-05    1.48021747646744    1.48013029101109
19.0918889999998    2.8306102542597e-05    1.57943773116224    1.57934831824042
19.4454424999997    4.17169906713662e-05    1.6051544008905    1.60502048205486
19.7989959999997    3.58813960822462e-05    1.56206386578824    1.56195177174578
20.1525494999996    3.48062236843447e-05    1.51055585335871    1.51045070352874
20.5061029999995    4.37244206351236e-05    1.46469094740323    1.46456286747729
20.8596564999994    4.41623589017561e-05    1.45546833090695    1.45533978275434
21.2132099999994    2.41008968306035e-05    1.52762449879926    1.52755086633299
21.5667634999993    3.99718860601768e-05    1.59653873632068    1.5964111080933
21.9203169999992    4.14614802214913e-05    1.58183823295952    1.58170706768861
22.2738704999991    3.59786206739283e-05    1.53606841774293    1.53595789047369
22.6274239999991    3.97316178197934e-05    1.49101127924862    1.49089280337523
22.980977499999    4.94184045632995e-05    1.45872569591783    1.45858152724924
23.3345309999989    3.42811259072769e-05    1.48475036578844    1.48464857144961
23.6880844999988    3.11198506044819e-05    1.56554233671776    1.56544490086268
24.0416379999988    4.56078002088889e-05    1.59096327018145    1.59081815612985
24.3951914999987    3.97556124103993e-05    1.55745380493203    1.55732997479535
24.7487449999986    3.80634558115968e-05    1.51520772945773    1.5150923857632
25.1022984999985    4.63884928120514e-05    1.47672549239387    1.47658849260931
25.4558519999985    4.80645749487088e-05    1.46607459289038    1.46593366715962
25.8094054999984    2.76112416931976e-05    1.52292481424019    1.52284071687197
26.1629589999983    4.27426624856718e-05    1.58300490813673    1.58286959023157
26.5165124999982    4.52027084856004e-05    1.57383559213594    1.57369331530429
26.8700659999982    3.92555752232794e-05    1.536165261258    1.53604465989034
27.2236194999981    4.23765700595144e-05    1.49828088615069    1.49815390752173
27.577172999998    5.20640059678981e-05    1.46977711407466    1.46962407707351
27.9307264999979    3.84649960893955e-05    1.48820083487324    1.48808635199824
28.2842799999979    3.33150257582325e-05    1.55606280328146    1.55595912619072
28.6378334999978    4.87810916022531e-05    1.58107188304774    1.58091763774728
28.9913869999977    4.30649464595175e-05    1.55417441846485    1.55404056335308
29.3449404999977    4.07994908281174e-05    1.51839436087316    1.51827046649439
29.6984939999976    4.85766290371247e-05    1.48521841749693    1.48507413069768
30.0520474999975    5.1371009176962e-05    1.47381773544722    1.47366632021674
30.4056009999974    3.07091909004993e-05    1.51977240879479    1.5196790696991
30.7591544999974    4.48787797930387e-05    1.57330830999946    1.57316710002241
31.1127079999973    4.84170095628445e-05    1.56804415290257    1.56789232023636
31.4662614999972    4.20796411984071e-05    1.53618285635671    1.53605357774989
31.8198149999971    4.46076331853721e-05    1.5035033202419    1.5033691907759
32.1733684999971    5.42626765058087e-05    1.47791004775588    1.47774966574899
32.5269219999972    4.21995884753583e-05    1.49093939781773    1.4908135690696
32.8804754999974    3.51057981907827e-05    1.54915006839448    1.54904130391341
33.2340289999975    5.14230757547098e-05    1.5737422934726    1.57358044845682
33.5875824999976    4.59715856169822e-05    1.55171827930353    1.55157561596253
33.9411359999977    4.3165446637687e-05    1.52071316300522    1.52058188414615
34.2946894999978    5.04183160382807e-05    1.49154179961861    1.49139140514957
34.6482429999979    5.42403385926523e-05    1.47975798065855    1.4795974642172
35.001796499998    3.35614589023519e-05    1.51753340400939    1.51743154615795
35.3553499999981    4.65550301862398e-05    1.56597277127004    1.56582697023854
35.7089034999982    5.12355115472465e-05    1.56364068927702    1.56348046962477
36.0624569999983    4.45744669305751e-05    1.53616719414003    1.53603025257654
36.4160104999984    4.65374050922841e-05    1.50743786088301    1.50729756291935
36.7695639999985    5.61262189577521e-05    1.48416727698221    1.48400068493727
37.1231174999986    4.5652954057733e-05    1.49319243272273    1.49305610165559
37.4766709999987    3.66855244796601e-05    1.54386313366926    1.54374986296709
37.8302244999988    5.36396578432559e-05    1.56805836869587    1.56789015748991
38.1837779999989    4.8582125099316e-05    1.54980520977418    1.54965463142843
38.537331499999    4.52591439112034e-05    1.52247612536888    1.52233831967373
38.8908849999991    5.19853999307756e-05    1.49644146791002    1.49628588978144
39.2444384999992    5.69251551104881e-05    1.48449455202843    1.48432555148354
39.5979919999993    3.64169921451173e-05    1.51588301475095    1.51577261097184
39.9515454999994    4.79492322335302e-05    1.56018781221341    1.56003819977174
40.3050989999995    5.37370985512273e-05    1.56015994810467    1.55999228017688
40.6586524999996    4.6820762230697e-05    1.5361370451443    1.53599320566428
41.0122059999997    4.82583893631484e-05    1.51051149323277    1.51036571056445
41.3657594999998    5.78833293859169e-05    1.48915953722559    1.48898715217981
41.7193129999999    4.92556419628962e-05    1.49511937048608    1.49497209161158
42.0728665    3.84675947704915e-05    1.53966443821522    1.53954598839632
42.4264200000001    5.52719433063693e-05    1.56347401812682    1.5633011951845
42.7799735000002    5.10172228701685e-05    1.54826358587008    1.54810561771233
43.1335270000003    4.71665316545469e-05    1.5238636150215    1.52371987107853
43.4870805000005    5.31382823922725e-05    1.50038185945854    1.50022241250139
43.8406340000006    6.10001974849296e-05    1.4884518937118    1.48827031306933
44.1941875000007    3.94734443287363e-05    1.51465945540921    1.51453988247779
44.5477410000008    4.87731296888322e-05    1.55541353788133    1.55526182050865
44.9012945000009    5.61779718096016e-05    1.55727675020771    1.55710179073783
45.254848000001    4.88953855704432e-05    1.53609663948059    1.53594643075018
45.6084015000011    5.00931993877982e-05    1.51300134070088    1.51284976613807
45.9619550000012    6.21553500302852e-05    1.49340106103198    1.49321542683877
46.3155085000013    5.23073891540982e-05    1.49702043761338    1.49686383534363
46.6690620000014    3.7506142353847e-05    1.53614208059865    1.5360268553932
47.0226155000015    5.27612809604746e-05    1.55944058630676    1.55927603882267
47.3761690000016    5.36253920423179e-05    1.54692658811547    1.54676068792244
47.7297225000017    4.90841886006908e-05    1.52500119509235    1.52485149554768
48.0832760000018    5.15347078648312e-05    1.50388874471872    1.50373374777221
48.4368295000019    7.34234760475956e-05    1.49255231429314    1.49233315362649
48.790383000002    2.07964956177434e-05    1.5140337475123    1.5139707756295
49.1439365000021    2.86490496973929e-05    1.55068760306088    1.55059875415391
49.4974900000022    6.85520678005869e-05    1.55431012193845    1.55409703420033
49.8510435000023    5.1980809812099e-05    1.53599181351657    1.53583213761999
50.2045970000024    5.46527370842371e-05    1.51520472949109    1.51503911837077
50.5581505000025    9.1773079070451e-05    1.49818078481756    1.49790582472424
50.9117040000026    2.58289087462727e-06    1.50048091348797    1.50047316235107
51.2652575000027    -1.57041027382062e-05    1.53252882246164    1.53257695719771
51.6188110000028    8.51856650128356e-05    1.55402551425213    1.55376077541033
51.9723645000029    4.6750307842574e-05    1.54502985811948    1.54488540362978
52.325918000003    5.08407641173571e-05    1.52591572652196    1.52576057696685
52.6794715000031    4.96957205714195e-05    1.50701216171351    1.5068623850462
53.0330250000032    4.30503734726488e-05    1.49681661807904    1.49668774659815
53.3865785000033    1.89910212339854e-05    1.513943998733    1.51388649713976
53.7401320000034    7.51935586043047e-05    1.54587683334818    1.54564437086733
54.0936855000036    8.4620572299686e-05    1.55121187107472    1.55094936441561
54.4472390000037    5.58980319257387e-05    1.53581578956385    1.53564410100083
54.8007925000038    5.43074789624595e-05    1.51691185507399    1.51674710470385
55.1543460000039    7.60508222466606e-05    1.50066946138404    1.50044122444873
55.507899500004    4.46969087415766e-05    1.50107338740153    1.50093920671857
55.8614530000041    5.73615410651143e-05    1.53029039641834    1.5301148468573
56.2150065000042    9.68813559591707e-05    1.55196886986041    1.5516681852941
56.5685600000043    5.30848696831792e-05    1.54440380476502    1.5442398445194
56.9221135000044    5.24854225847372e-05    1.52682389692722    1.52666363334384
57.2756670000045    5.2548722623041e-05    1.50924256038584    1.5090839511832
57.6292205000046    4.85666713232668e-05    1.49883544640411    1.49868986657746
57.9827740000047    4.98818470355387e-05    1.51306826729434    1.51291732554386
58.3363275000048    8.6939958904537e-05    1.54320476428091    1.5429364552901
58.6898810000049    8.34630298256386e-05    1.54972436666006    1.54946569886718
59.043434500005    5.76744111208133e-05    1.53593958975401    1.53576243114882
59.3969880000051    5.67112600377199e-05    1.51855580912128    1.51838358046184
59.7505415000052    8.49278368013062e-05    1.50372088890242    1.50346549506797
60.1040950000053    5.03354977238055e-05    1.50292106793347    1.50276977498889
60.4576485000054    0.000116919981208727    1.52786152902893    1.52750429571411
60.8112020000055    0.000137999684044993    1.54867117484239    1.54824380155413
61.1647555000056    5.49756125387746e-05    1.54328640052123    1.54311672361894
61.5183090000057    5.46332229601031e-05    1.52762722412996    1.52746031485128
61.8718625000058    5.41338293874281e-05    1.51144059983959    1.51127696856245
62.2254160000059    4.49213586968759e-05    1.50142066336884    1.50128577771574
62.578969500006    0.000113776538525145    1.51276838108655    1.51242418514799
62.9325230000061    0.000147918560922186    1.54008159319954    1.5396260472773
63.2860765000062    7.55294030644869e-05    1.54774009936187    1.54750631724768
63.6396300000063    5.92869462625348e-05    1.5359483500043    1.53576623742662
63.9931835000064    5.84020758585479e-05    1.52002404199944    1.51984650724902
64.3467370000062    8.65059121239939e-05    1.50637187899535    1.50611128139181
64.7002905000059    8.84039101188545e-05    1.50456461103908    1.50429861576482
65.0538440000057    0.000203006159786655    1.52584627990663    1.52522689325852
65.4073975000054    0.000149656249976381    1.5457644544854    1.54530185709278
65.7609510000052    6.54407980323252e-05    1.54229257571107    1.54209073120602
66.1145045000049    5.71995728210547e-05    1.52837646584447    1.52820163088304
66.4680580000047    5.57542652778832e-05    1.51347209133016    1.51330333569007
66.8216115000044    4.42258620008919e-05    1.50396825768731    1.50383523498511
67.1751650000042    0.000198135893805806    1.51279658615054    1.51219722629775
67.5287185000039    0.000200577796983894    1.53710916817326    1.53649267188738
67.8822720000037    5.01896067924944e-05    1.54561984616949    1.54546470585126
68.2358255000034    5.76741671644848e-05    1.53588092692922    1.53570377583961
68.5893790000032    5.89600731357222e-05    1.52134478850221    1.52116540187887
68.9429325000029    7.6469426562865e-05    1.50852890347547    1.50829820843618
69.2964860000027    0.000140863001897545    1.5057869694477    1.50536280985062
69.6500395000024    0.000207040862526162    1.52412697911499    1.52349599662543
70.0035930000022    0.000102854154588014    1.54340097188033    1.54308351412787
70.3571465000019    8.12221555885566e-05    1.54161198563826    1.54136157987965
70.7107000000017    5.93655604300915e-05    1.52911881814901    1.52893727493521
71.0642535000014    5.83225484838217e-05    1.51524214359164    1.51506540833252
71.4178070000012    6.07822719616573e-05    1.50594915811227    1.50576609921643
71.7713605000009    0.000204073578774103    1.5126583400781    1.51204107884296
72.1249140000007    0.000143436104737789    1.53460938540639    1.53416921175811
72.4784675000004    5.61368382022125e-05    1.54392326934104    1.54374993712983
72.8320210000002    5.76287999139166e-05    1.5359028068018    1.53572579253184
73.1855744999999    6.06987961753269e-05    1.52261547146858    1.52243064083527
73.5391279999996    7.25600587925518e-05    1.51071408684074    1.51049486774137
73.8926814999994    0.000166300605979356    1.50735352448008    1.50685226023153
74.2462349999991    0.000140942460912996    1.52262669079546    1.52219754577451
74.5997884999989    6.54611324462941e-05    1.54072935752414    1.54052765495075
74.9533419999986    9.22985012964557e-05    1.5406948193755    1.54041043797791
75.3068954999984    6.14662270150393e-05    1.52974738733343    1.52955934329142
75.6604489999981    6.11992281044834e-05    1.5170275993175    1.5168419288442
76.0140024999979    8.73700533372154e-05    1.50855074265866    1.50828716137008
76.3675559999976    0.000129941938965396    1.51350224277074    1.51310895904268
76.7211094999974    7.59204068058624e-05    1.53193564015614    1.53170304746067
77.0746629999971    0.000102610781350158    1.54138874559974    1.54107245184779
77.4282164999969    6.5065895167412e-05    1.53532317831425    1.53512339695927
77.7817699999966    6.57897328648804e-05    1.52369727413515    1.52349680005102
78.1353234999964    6.8069028824705e-05    1.5135614528389    1.51335541354747
78.4888769999961    0.000142153957437779    1.5108265246051    1.51039704571827
78.8424304999959    9.59712172005168e-05    1.52228513106074    1.52199296798608
79.1959839999956    0.000120208160496645    1.53691910751781    1.53654965149194
79.5495374999954    8.75078406194798e-05    1.53802271807313    1.5377535635325
79.9030909999951    6.7737358236266e-05    1.52940840520576    1.52920122306967
80.2566444999949    7.25094122448686e-05    1.51887916060318    1.51865891050298
80.6101979999946    0.000116427179523187    1.51236682749267    1.51201470728077
80.9637514999944    8.76135358110347e-05    1.51601731699962    1.5157516929969
81.3173049999941    0.000153827634538406    1.52949178605996    1.52902130222638
81.6708584999939    0.000119461729173434    1.53731570044238    1.53694844353181
82.0244119999936    8.08830702411279e-05    1.53349443450297    1.53324638708969
82.3779654999934    7.5553028341162e-05    1.52443825642945    1.52420792197833
82.7315189999931    7.79358700682616e-05    1.51635280930919    1.51611647117736
83.0850724999928    0.000103245726933334    1.51433846677363    1.51402580110338
83.4386259999926    0.000166938696137762    1.52231752119086    1.521809338622
83.7921794999923    0.000142163438258329    1.53326361693856    1.53282773085054
84.1457329999921    0.00010282034370416    1.53503872413575    1.53472309017091
84.4992864999918    8.18450562478996e-05    1.52895474631057    1.52870449201822
84.8528399999916    8.64110417162096e-05    1.52066323599908    1.52040045451765
85.2063934999913    0.000122759595964404    1.51554971059005    1.51517765972259
85.5599469999911    0.000147902903425911    1.51778413517839    1.51733523221171
85.9135004999908    0.000165495055722988    1.52743899031111    1.52693350676451
86.2670539999906    0.000123834515365496    1.53406395888321    1.53368406579331
86.6206074999903    9.60129936441142e-05    1.5320523331167    1.53175816749857
86.9741609999901    8.91151591962123e-05    1.52523040678724    1.52495858870933
87.3277144999898    9.44713610814846e-05    1.51854467259916    1.51825778173796
87.6812679999896    0.000117433809996798    1.51641225968652    1.51605614536802
88.0348214999893    0.000171934863455147    1.52183620636989    1.52131298292955
88.3883749999891    0.000142207765043791    1.5305114192148    1.53007617989261
88.7419284999888    0.00012545680198268    1.53319774288311    1.53281309096905
89.0954819999886    9.80525803410195e-05    1.52906987907136    1.52877004997605
89.4490354999883    9.80388463044413e-05    1.52240630884856    1.522107828195
89.8025889999881    0.000120292273116437    1.5177183028089    1.51735320715789
90.1561424999878    0.000161278165957014    1.51840528544807    1.51791559318551
90.5096959999876    0.000156497743697137    1.52542588708982    1.52494851037918
90.8632494999873    0.000152441323177719    1.53175939081138    1.53129245513503
91.2168029999871    0.000115604681269069    1.53147484860263    1.53112079820902
91.5703564999868    0.000102692544810164    1.52646122452649    1.52614774434316
91.9239099999865    0.000108327463257931    1.52058830962319    1.52025890235856
92.2774634999863    0.000137683574680525    1.51789282948962    1.51747490920889
92.631016999986    0.000163864191542083    1.52082073941136    1.52032240494864
92.9845704999858    0.000173307413536189    1.52797298128088    1.52744345496103
93.3381239999855    0.000138079463254834    1.53177966602084    1.53135670979419
93.6916774999853    0.000113663074608723    1.52960457997907    1.52925690037841
94.045230999985    0.000110491170239317    1.52429074317141    1.5239539390493
94.3987844999848    0.000121139749587229    1.51965109962017    1.5192829639087
94.7523379999845    0.000149322260515102    1.51873109066272    1.51827759766018
95.1058914999843    0.000181465390835457    1.52332578955743    1.52277302804497
95.459444999984    0.000164875858437277    1.52957010368424    1.52906580846257
95.8129984999838    0.000138976092918947    1.53107642898221    1.53065092207738
96.1665519999835    0.000118627311369109    1.52775116580292    1.5273887427697
96.5201054999833    0.000120340219084953    1.5226522986534    1.52228587012706
96.873658999983    0.000141930146585014    1.51928936835423    1.51885816362967
97.2272124999828    0.00017358223639217    1.51999344864882    1.51946585250591
97.5807659999825    0.000179039178694203    1.52544790764081    1.52490177553881
97.9343194999823    0.000165649723217102    1.53028527205109    1.5297783733552
98.287872999982    0.000136982702197146    1.53007459964478    1.52965546955191
98.6414264999818    0.000125407020590823    1.5261439288015    1.52576119847237
98.9949799999815    0.000129960896893843    1.52158681595168    1.5211913737691
99.3485334999813    0.000156098873271545    1.51932925621887    1.51885499907983
99.702086999981    0.000180345269706914    1.52155445901155    1.52100574767048
100.055640499981    0.00018556226726082    1.52711449963812    1.52654785512812
100.409193999981    0.000163631182689067    1.53037565056741    1.5298748981508
100.76274749998    0.000140115252061527    1.52887360420277    1.52844522720408
101.11630099998    0.000133965947235728    1.52471519088598    1.52430672577678
101.46985449998    0.000143200340216763    1.52088443300591    1.52044891303605
101.823407999979    0.000170242148636232    1.51978317899892    1.51926580477011
102.176961499979    0.000198632304397456    1.52313386565987    1.52252889864657
102.530514999979    0.00018848887331696    1.52827709857875    1.52770108069486
102.884068499979    0.000167161455223844    1.53006962893307    1.52955817709658
103.237621999978    0.000145308074562998    1.52773927961419    1.52729535841321
103.591175499978    0.000142707541771956    1.52370271026309    1.52326788457965
103.944728999978    0.000159336588811778    1.52056260596027    1.52007812063909
104.298282499978    0.000190083144969807    1.5205276420974    1.51994969860227
104.651835999977    0.000200006683989457    1.52446119121064    1.52385150829585
105.005389499977    0.00019367379771263    1.52883770999636    1.52824563305538
105.358942999977    0.000167185550739887    1.52952920869156    1.52901786381478
105.712496499977    0.000150686810138686    1.52678131594885    1.52632125366161
106.066049999976    0.000152272192651014    1.52297445000862    1.52251070730603
106.419603499976    0.000173152983439755    1.52051272864949    1.51998625717895
106.773156999976    0.000202926813163934    1.52132503582339    1.52070772580953
107.126710499976    0.000208172500779306    1.5254933885009    1.5248583891431
107.480263999975    0.000195115176960393    1.52908668966779    1.52849011002945
107.833817499975    0.000169675325640855    1.52893654059089    1.52841778300043
108.187370999975    0.000158261232713232    1.52599174993112    1.52550881568998
108.540924499975    0.000163555738833293    1.52247617060185    1.52197823261259
108.894477999974    0.000186611167662471    1.52062423263017    1.52005680759077
109.248031499974    0.000207528750571409    1.52209735024243    1.52146572340047
109.601584999974    0.000217783673810327    1.5262949073977    1.52563024792518
109.955138499974    0.000196114129956288    1.52915186107815    1.52855220210614
110.308691999973    0.000173423796139816    1.52837210680671    1.52784208653948
110.662245499973    0.000165723275100577    1.52535367178918    1.52484818234819
111.015798999973    0.000172782297066931    1.52215377978684    1.52162786820193
111.369352499973    0.000195654287748222    1.52085819783603    1.52026318939706
111.722905999972    0.000217422728847957    1.52284479922152    1.5221827410243
112.076459499972    0.000223754966771339    1.52689415668288    1.52621100923793
112.430012999972    0.000200273033242386    1.52905168477767    1.52843935177367
112.783566499972    0.000179415669719934    1.52781920141666    1.5272710703495
113.137119999971    0.000172995935900467    1.52478219621736    1.52425472522154
113.490673499971    0.000181573316850659    1.52194774461764    1.52139515475309
113.844226999971    0.000205353395244098    1.52120372532366    1.52057908489599
114.197780499971    0.000231017244543634    1.52362600589603    1.52292220072397
114.55133399997    0.000224691752632252    1.52737294373107    1.5266867217122
114.90488749997    0.000205373759793634    1.52881351014737    1.52818568272945
115.25844099997    0.000184280661717502    1.52725125655933    1.52668847452484
115.61199449997    0.000182649590395243    1.52422944401185    1.5236727459253
115.965547999969    0.000195694832787    1.52180595230699    1.52121044972103
116.319101499969    0.000222122342056292    1.52161548529536    1.52093966581936
116.672654999969    0.000240579871009078    1.52436063581927    1.5236273512625
117.026208499969    0.000233016963664626    1.52772400040954    1.52701219505647
117.379761999968    0.000206730800122684    1.52853957938804    1.5279077175928
117.733315499968    0.000189201982192789    1.5266954392319    1.52611784090803
118.086868999968    0.000190190576915733    1.52376839688976    1.52318889432471
118.440422499968    0.000208944549397483    1.52178570537452    1.52114990056549
118.793975999967    0.000239388343990264    1.52214346032187    1.52141486793383
119.147529499967    0.000244501550077079    1.52505501080055    1.52430943646644
119.501082999967    0.000233841009829841    1.52790358507408    1.52718917909698
119.854636499967    0.000209550092486088    1.52816091133919    1.52752059299735
120.208189999966    0.000195935134960427    1.52612376891063    1.52552584353197
120.561743499966    0.000199481160640147    1.52339832446656    1.52279066715098
120.915296999966    0.000221573940335879    1.52188337473106    1.52120910473958
121.268850499966    0.000245186966282278    1.52272204042328    1.52197552026513
121.622403999965    0.000250770643709204    1.52564627371598    1.52488129095493
121.975957499965    0.00023680051360293    1.52797239158434    1.5272489136101
122.329510999965    0.000213542310771986    1.52774605700352    1.52709371945862
122.683064499965    0.000203713741169265    1.52560043167897    1.52497898673291
123.036617999964    0.000210055591652551    1.52313529842089    1.52249554663178
123.390171499964    0.000232691043423769    1.52204730174257    1.52133913297753
123.743724999964    0.000251725478867255    1.52329590316434    1.52252919138387
124.097278499964    0.000257359645221455    1.52615018763435    1.52536485080667
124.450831999963    0.000239531408541111    1.52796715065945    1.527235333705
124.804385499963    0.000218587086726668    1.52732013510098    1.52665257610309
125.157938999963    0.000212586486680708    1.52509718775328    1.52444889546547
125.511492499963    0.000220041036569725    1.5229534329438    1.52228335588419
125.865045999962    0.0002412881069027    1.52229879582747    1.52156434785186
126.218599499962    0.000258217384444898    1.52388857256354    1.52310178668255
126.572152999962    0.000261568125285451    1.52659912424563    1.52580071374239
126.925706499962    0.000239441935909253    1.52787268596983    1.52714118753373
127.279259999961    0.000222046144454432    1.52683968404685    1.52616177684345
127.632813499961    0.000220309097812752    1.52461670303952    1.5239450771441
127.986366999961    0.000230820092266445    1.52280568308925    1.52210285701908
128.339920499961    0.000252680388649691    1.52265397891264    1.52188468370011
128.69347399996    0.000271833959195201    1.52455575042679    1.52372712362439
129.04702749996    0.000262359896450214    1.52700211353525    1.52620107546274
129.40058099996    0.000241945226744758    1.52765149292147    1.5269124557543
129.75413449996    0.000227895354123934    1.52628064742533    1.52558514139065
130.107687999959    0.000229423787811462    1.52414008803651    1.52344090046247
130.461241499959    0.000246220527071839    1.52273853536315    1.52198886097883
130.814794999959    0.000269864556926426    1.52307072970078    1.52224890586663
131.168348499959    0.000272395609057127    1.52522936522298    1.52439865993967
131.521901999958    0.000263943027599728    1.5272840440727    1.52647802486665
131.875455499958    0.000244850159093203    1.52734302028699    1.52659526301246
132.229008999958    0.000235646083901288    1.52574161538612    1.52502271471882
132.582562499958    0.000240150939814894    1.5237608737904    1.52302918429453
132.936115999957    0.000257889680170581    1.52275915398098    1.52197394873491
133.289669499957    0.000273693933617    1.52357317689055    1.52273941961299
133.643222999957    0.000278993413399132    1.52583435091826    1.52498319291805
133.996776499957    0.000265669408358278    1.52738597354517    1.52657462963858
134.350329999956    0.000249854612588594    1.52696400453437    1.52620115713574
134.703883499956    0.000243982008166271    1.52526333918772    1.52451924710784
135.057436999956    0.000250066714080034    1.52351897138275    1.52275719911061
135.410990499956    0.000266753327994913    1.52290924820371    1.52209698265786
135.764543999955    0.000285068099825502    1.52411223142911    1.52324352751342
136.118097499955    0.000283712230351674    1.52628828277517    1.52542247510966
136.471650999955    0.00026912187058389    1.52734469384755    1.52652283130667
136.825204499955    0.000254116175988865    1.52659208600452    1.52581641962752
137.178757999954    0.000251943500984386    1.52486109571262    1.52409293156065
137.532311499954    0.000261284172627092    1.52336093557635    1.52256508331662
137.885864999954    0.00027834570001488    1.5231592498865    1.52231155618311
138.239418499954    0.000295379221156364    1.52465397286565    1.52375353662973
138.592971999953    0.000288773977362539    1.52662028823183    1.5257388463442
138.946525499953    0.000273211104368507    1.52719508776105    1.52636082237859
139.300078999953    0.000261408930498543    1.52619252861547    1.52539481643128
139.653632499953    0.000261748213813271    1.5245082776076    1.52371041181033
140.007185999952    0.000271971885080214    1.52330159198682    1.52247322686781
140.360739499952    0.000292990113348784    1.52346482884967    1.52257237006549
140.714292999952    0.000296983453122765    1.52512389756147    1.52421829338785
141.067846499952    0.000293635865135471    1.52680530984491    1.52590892346
141.421399999951    0.000276594226836573    1.5270065995674    1.52616211072857
141.774953499951    0.000267964670447428    1.52586606475966    1.5250485274364
142.128506999951    0.000269630455001015    1.52426820601376    1.52344644932453
142.482060499951    0.000283547601367172    1.52329855127167    1.52243494084558
142.83561399995    0.00030127886011217    1.52375129407827    1.52283342250762
143.18916749995    0.000307460438339299    1.52546632215853    1.52452856939224
143.54272099995    0.000296953518893131    1.52688957318014    1.52598301192326
143.89627449995    0.000282291158133492    1.52684774582114    1.52598595785934
144.249827999949    0.000274712152344922    1.52562933190751    1.52479134427799
144.603381499949    0.000277939925246464    1.52412419711121    1.52327720259398
144.956934999949    0.000294447484563978    1.52337473464607    1.52247789100209
145.310488499949    0.000307907213734605    1.52402182974453    1.52308360400047
145.664041999948    0.000315870346673564    1.52571411907468    1.52475056773654
146.017595499948    0.000303702513105514    1.52691623872358    1.52598906371095
146.371148999948    0.000288769232662554    1.5266877493513    1.52580628299187
146.724702499948    0.000282309224613637    1.52541777062947    1.52455673469178
147.078255999947    0.000286174066037211    1.52401448945544    1.52314247215789
147.431809499947    0.000301950392429888    1.52346800061835    1.52254825481468
147.785362999947    0.000318195784647114    1.52427995831217    1.52331022796156
148.138916499947    0.000321825313182726    1.52593550886968    1.52495365550887
148.492469999946    0.00030629981758935    1.52693090936425    1.52599579847053
148.846023499946    0.000293534151225079    1.52652100827371    1.52562509915665
149.199576999946    0.000289032615820493    1.52522936956832    1.52434794226074
149.553130499945    0.000296293608350403    1.52396082812039    1.52305801591238
149.906683999945    0.000312095314285766    1.52358233306994    1.52263162396763
150.260237499945    0.000326734561760847    1.52452838848894    1.52353248165631
150.613790999945    0.000325897041912735    1.52611730924223    1.52512291907765
150.967344499944    0.000312609648615782    1.52689143714858    1.52593709349433
151.320897999944    0.000299399332446718    1.52635451648006    1.52544081099625
151.674451499944    0.000298091868133899    1.52505524301682    1.5241463008323
152.028004999944    0.00030591257848232    1.52391412614728    1.52298204228402
152.381558499943    0.000320706053056069    1.52371840064606    1.52274138255319
152.735111999943    0.000334722054693631    1.52477746442407    1.5237570526867
153.088665499943    0.000331347498862135    1.526280709053    1.52526958549524
153.442218999943    0.000318662576171616    1.52684379551016    1.52587100954606
153.795772499942    0.000306132911146158    1.52617220291813    1.52523806580946
154.149325999942    0.000304845319986147    1.52488785994273    1.52395843341885
154.502879499942    0.000315522750553344    1.52388258942736    1.52292125349845
154.856432999942    0.000332508486693016    1.52387484067234    1.52286177489095
155.209986499941    0.000342480386931924    1.52504175078307    1.52399751463568
155.563539999941    0.000338135105838523    1.52642249696434    1.52539057182932
155.917093499941    0.000322736454627176    1.52677133443587    1.52578616285165
156.270646999941    0.000313183089080977    1.5259914707387    1.52503594054916
156.62420049994    0.000313605301428389    1.52473304422512    1.52377701530899
156.97775399994    0.000323944300554027    1.52387062093677    1.52288364225802
157.33130749994    0.00034075661453528    1.52405018425851    1.52301187770599
157.68486099994    0.000347734194524969    1.52529620563091    1.52423577908252
158.038414499939    0.000342475435570711    1.52652778126747    1.5254825427024
158.391967999939    0.00032728852842565    1.52667943705316    1.52568043468251
158.745521499939    0.000319569481702343    1.5258156629758    1.52484076628185
159.099074999939    0.000321595523735623    1.52459921517496    1.52361892186672
159.452628499938    0.000334850888558639    1.52389662921569    1.52287641455475
159.806181999938    0.000352184040146901    1.52425784121379    1.52318458062955
160.159735499938    0.000353989876616964    1.52552863980136    1.52444897860054
160.513288999938    0.000346199042091042    1.52658692003689    1.52553027998589
160.866842499937    0.00033295282201639    1.52655713342723    1.52554092876435
161.220395999937    0.000326267065471611    1.52562022381333    1.52462502924565
161.573949499937    0.000328940251361696    1.52447530427417    1.52347271148773
161.927502999937    0.000344545578979036    1.52396837178595    1.52291858035694
162.281056499936    0.000358149812923046    1.52451873530725    1.52342711407149
162.634609999936    0.000361935110967917    1.52578669172172    1.52468261977296
162.988163499936    0.000350925271833792    1.52661459221406    1.52554351280138
163.341716999936    0.000337543735380658    1.5263790759475    1.52534898425869
163.695270499935    0.000332109621181114    1.52537540747224    1.52436256015111
164.048823999935    0.000338775829128884    1.52435853574766    1.52332605387389
164.402377499935    0.000353069608370707    1.52406482696368    1.52298900486059
164.755930999935    0.000365225851416814    1.52478552467681    1.52367214912738
165.109484499934    0.000367611993899737    1.52601320007493    1.52489165085948
165.463037999934    0.000354009946161255    1.52661738907981    1.52553689610563
165.816591499934    0.000342617019638476    1.52620190725722    1.5251564599476
166.170144999934    0.000341248567834485    1.52517383649148    1.52413326481027
166.523698499933    0.000347736568014134    1.52430668090631    1.52324693507105
166.877251999933    0.000363209992440108    1.52422297740194    1.52311615337929
167.230805499933    0.000374107271050024    1.52508298705693    1.52394232451825
167.584358999933    0.000371238703782804    1.5261929169451    1.52506017370281
167.937912499932    0.000357262059503939    1.52655540565355    1.52546503454544
168.291465999932    0.000347914756404952    1.52598176532201    1.52492031146915
168.645019499932    0.00034932351279302    1.52496990025574    1.52390485661561
168.998572999932    0.000358521050287356    1.52428701328686    1.52319442704015
169.352126499931    0.000373731476351184    1.52442085524029    1.52328183281521
169.705679999931    0.000382811974938975    1.52537292352286    1.52420550838062
170.059233499931    0.000373836885738739    1.52632585762907    1.52518509027951
170.412786999931    0.000362237705657311    1.52644840062778    1.52534292673921
170.76634049993    0.000354974136716466    1.52575362071124    1.52467079893626
171.11989399993    0.000357778330169362    1.52479314305481    1.52370245738936
171.47344749993    0.000369422920542259    1.52430815175825    1.52318233892086
171.82700099993    0.000383100264894307    1.52466324040019    1.52349548998314
172.180554499929    0.000385580213376545    1.5256585763413    1.52448250229337
172.534107999929    0.000379042084204339    1.52640718559243    1.525250478911
172.887661499929    0.000366247292016906    1.52630346558383    1.52518586587956
173.241214999929    0.000361544789809592    1.52551749855888    1.52441481142293
173.594768499928    0.000366035233173687    1.52465991179962    1.52354416171082
173.948321999928    0.000378746462774837    1.52437907255691    1.52322480336897
174.301875499928    0.000391026347986198    1.52492359186682    1.52373148740491
174.655428999928    0.000390461462166226    1.52590065985255    1.52470951414351
175.008982499927    0.000381461136054032    1.52642750371625    1.52526340223638
175.362535999927    0.000370870262156188    1.52612981166978    1.52499823900975
175.716089499927    0.000368713952280636    1.52529979964313    1.52417541558415
176.069642999927    0.00037509741505104    1.52457216680563    1.52342886949584
176.423196499926    0.000389572623733655    1.52449247967144    1.52330514115568
176.776749999926    0.000397381129622797    1.52518799658662    1.52397631622759
177.130303499926    0.000397160338954647    1.52608734644366    1.5248756249558
177.483856999926    0.000385102862960934    1.52640327307894    1.52522808110774
177.837410499925    0.000377253892714557    1.52595739983744    1.52480648728527
178.190963999925    0.000376351087337115    1.52512516748448    1.52397763432961
178.544517499925    0.000386840296335701    1.52455186461715    1.52337280453493
178.898070999925    0.000400421866018981    1.52464843049111    1.52342791407345
179.251624499924    0.000407943387685347    1.52541922985056    1.52417516798084
179.605177999924    0.000399934700931598    1.52620525095455    1.5249849741044
179.958731499924    0.000389037813290731    1.52633970299105    1.52515255711491
180.312284999924    0.000382333090720424    1.52579505282644    1.5246287748564
180.665838499923    0.000384974508371519    1.52499825793016    1.52382453887285
181.019391999923    0.000395631912548171    1.52456595555128    1.52336009873712
181.372945499923    0.000409692434165483    1.52482221130112    1.52357330672104
181.726498999923    0.00041193862239307    1.52562463713837    1.52436822727949
182.080052499922    0.000404447129862116    1.52628095483278    1.52504685405821
182.433605999922    0.000393527135963682    1.52625230301855    1.52505153215934
182.787159499922    0.00038942929818926    1.52563026900694    1.52444248131635
183.140712999922    0.000392784502357338    1.52488964080408    1.52369220510084
183.494266499921    0.000405390179894296    1.52460496526961    1.52336934641509
183.847819999921    0.000416465842673794    1.52500557822422    1.52373588154308
184.201373499921    0.000417583970194893    1.52581716424668    1.52454338257901
184.554926999921    0.000408159939596025    1.52632191187843    1.52507645330601
184.90848049992    0.000398780754604094    1.52614225964681    1.52492555252233
185.26203399992    0.000396215528209048    1.52546581232237    1.52425746460331
185.61558749992    0.000401921995917025    1.52481621943957    1.52359099752656
185.96914099992    0.00041330001053269    1.52468381261759    1.52342402961429
186.322694499919    0.000422812301925152    1.52521112252942    1.5239219115724
186.676247999919    0.000423660289542936    1.52598244436746    1.52468999559824
187.029801499919    0.000413342791312136    1.52632605859097    1.52506478818098
187.383354999919    0.000404867977454135    1.52601024905464    1.52477508376729
187.736908499918    0.000402743364160325    1.52531283366193    1.52408470903692
188.090461999918    0.00041101233941247    1.52478157299295    1.52352867986467
188.444015499918    0.000423697854406455    1.52481012809092    1.5235185577672
188.797568999918    0.000432061611371191    1.52541926061662    1.52410167968525
189.151122499917    0.000425711247131761    1.52611605001551    1.52481723340251
189.504675999917    0.000416326674028732    1.52628685359877    1.52501651461603
189.858229499917    0.00040923536852519    1.5258512162253    1.52460286252621
190.211782999917    0.000411593622496937    1.5251774125915    1.52392242254501
190.565336499916    0.000421248299410535    1.52478721275479    1.52350312563363
190.918889999916    0.000433643467689342    1.52497034398332    1.52364833040969
191.272443499916    0.000437845967743136    1.5256382413939    1.52430283699088
191.625996999916    0.00043057107953541    1.52620960687631    1.52489588908913
191.979550499915    0.000420565884236504    1.52619588074213    1.52491268856878
192.333103999915    0.000415545399936309    1.52567534486503    1.52440789680453
192.686657499915    0.000419389676110659    1.52505943606908    1.52378078395669
193.040210999915    0.000430738232253051    1.5248167201295    1.52350369198384
193.393764499914    0.000439780726577091    1.52515381364474    1.52381293683191
193.747317999914    0.00044110901409964    1.52584147888299    1.52449594754815
194.100871499914    0.000433941770599187    1.52626007731347    1.52493603586967
194.454424999913    0.000426438597054276    1.52609376438198    1.52479274861761
194.807978499913    0.000422946695597332    1.5255184172438    1.52422853684716
195.161531999913    0.000427850998689327    1.52498527225619    1.52368089739083
195.515085499913    0.000439808274353815    1.52489898046697    1.52355824375574
195.868638999912    0.000445989980016428    1.52535614332399    1.52399616274994
196.222192499912    0.000447019641420051    1.5260014705235    1.52463777486193
196.575745999912    0.000438769997684813    1.52625405771765    1.52491529614732
196.929299499912    0.000430692370680278    1.5259572467687    1.52464337635433
197.282852999911    0.000431090199606839    1.52536773476497    1.52405315930306
197.636406499911    0.000437210732415393    1.52494848821514    1.52361562326714
197.989959999911    0.000448658535624452    1.52502532650333    1.5236575089268
198.343513499911    0.000455679759384692    1.52557057149822    1.52418086149905
198.69706699991    0.000450459814083584    1.52612288467244    1.52474858967532
199.05062049991    0.000441604280977297    1.52620759427567    1.52486022966306
199.40417399991    0.000435556602540379    1.52580483347202    1.52447626340068
199.75772749991    0.00043854320709294    1.52523814569541    1.52390096645029
200.111280999909    0.000448921041309383    1.52495725400818    1.52358869758512
200.464834499909    0.000459117232216761    1.5251811765744    1.52378134534021
200.818387999909    0.000460866054506805    1.52576501284927    1.52435931408496
201.171941499909    0.000455041124636878    1.52619340209696    1.5248050723199
201.525494999908    0.000446162701905949    1.52612705004683    1.5247658554249
201.879048499908    0.000443334589345775    1.52565515339423    1.52430300144813
202.232601999908    0.000446869661816874    1.52514738906871    1.52378491372166
202.586155499908    0.000456209065210272    1.52500297811092    1.523612172243
202.939708999907    0.000465157737087008    1.52535159295998    1.52393319454848
203.293262499907    0.00046583754949764    1.52592811303822    1.52450710577099
203.646815999907    0.000458477621183878    1.52622126087045    1.52482242561894
204.000369499907    0.000451612240053283    1.52603647842993    1.52465874712539
204.353922999906    0.000450513203742989    1.52552864274241    1.5241547201202
204.707476499906    0.000455303248575236    1.52510182343841    1.52371368783182
205.061029999906    0.000465102081964195    1.52508055707341    1.52366258029285
205.414583499906    0.00047325057561775    1.5255105641113    1.52406734960824
205.768136999905    0.000470104584876017    1.52604180397232    1.52460767966322
206.121690499905    0.000463188380344449    1.52621991316034    1.52480671307894
206.475243999905    0.000456100784671554    1.52593823487665    1.52454690621017
206.828797499905    0.000456566777573826    1.52543093024717    1.52403864375046
207.182350999904    0.000465125821369344    1.52509379687701    1.52367573544412
207.535904499904    0.000473516266912541    1.5251720262673    1.52372832235603
207.889457999904    0.000479771222186481    1.52564980564584    1.52418658191471
208.243011499904    0.00047595698390926    1.526129523105    1.52467747020998
208.596564999903    0.000467859923480954    1.52619729848486    1.52476987321737
208.950118499903    0.000463815012711975    1.52584610577656    1.52443134130367
209.303671999903    0.000465039533262056    1.52535218594778    1.52393414725461
209.657225499903    0.000473277351040228    1.52510456050265    1.52366164850731
210.010778999902    0.000483240294273574    1.52528549203247    1.52381204524129
210.364332499902    0.00048549780085347    1.52579228601499    1.52431146735035
210.717885999902    0.000478951164240211    1.52618819126037    1.52472695190055
211.071439499902    0.000472950101065679    1.52614390722744    1.52470100981559
211.424992999901    0.000468267632507681    1.52574175522289    1.52431351306339
211.778546499901    0.000472685990650352    1.52529049200723    1.52384920638827
