#t    a    aDot    H
0    1    1.1696913182914    1.1696913182914
0.3535535    1.49564503313475    1.60737846707411    1.07470585029469
0.707106999999999    2.09600462985364    1.71593346235418    0.818668736659233
1.0606605    2.67015141428803    1.50722553764646    0.564471935779099
1.414214    3.16147605473859    1.28426265966648    0.406222485139988
1.76776750000001    3.58691942540249    1.13220200478305    0.315647459701721
2.121321    3.96929177579377    1.04630565031644    0.263600085208452
2.4748745    4.34547640381025    1.11703158095353    0.257056183753312
2.82842799999999    4.77758043941318    1.32886777458454    0.278146604005219
3.18198149999998    5.26729884623538    1.40427342003756    0.266602192325051
3.53553499999997    5.75177092501601    1.32480721346805    0.23033031578259
3.88908849999997    6.20285835821984    1.22967537110824    0.198243342035807
4.24264199999997    6.62344408740015    1.15297394555249    0.174074685365852
4.59619549999999    7.02319199191063    1.12221913078911    0.159787619658083
4.949749    7.43147389685979    1.20817437074385    0.162575336671017
5.30330250000002    7.88191170007723    1.32712666510928    0.16837624114671
5.65685600000003    8.35465735461869    1.32774326347925    0.158922527534327
6.01040950000005    8.81368018302021    1.26653323237782    0.143700838478101
6.36396300000006    9.25065005937772    1.20676878947737    0.130452322996915
6.71751650000007    9.6683777896302    1.16021699540813    0.120001206060909
7.07107000000009    10.0774652451703    1.16884849378323    0.115986358210802
7.4246235000001    10.5054182353868    1.25910347946228    0.119852770375297
7.77817700000012    10.9629835276536    1.31296218733343    0.119763218107693
8.13173050000013    11.4236599818656    1.28480930583785    0.112469148055651
8.48528400000015    11.869522489036    1.23759374764546    0.104266515252711
8.83883750000016    12.2993216225389    1.1947922292097    0.0971429372999078
9.19239100000018    12.716405567076    1.17105851358375    0.0920903715603201
9.54594450000019    13.1351457393421    1.21052226469451    0.0921590280546928
9.89949800000021    13.5766972542186    1.28259139714791    0.0944700594799942
10.2530515000002    14.033854706071    1.29135394155297    0.0920170522354299
10.6066050000002    14.4848105200941    1.25727311732045    0.0867994176089701
10.9601585000002    14.9227211075598    1.220434983792    0.0817836757113776
11.3137120000003    15.3483684339609    1.18931122189184    0.0774877946805272
11.6672655000003    15.7672698895185    1.18938261567603    0.0754336434912357
12.0208190000003    16.1964987366041    1.24486250727156    0.0768599761909139
12.3743725000003    16.6455088355596    1.28512211314698    0.0772053366372068
12.7279260000003    17.0983016239441    1.27006502818217    0.0742801861913346
13.0814795000003    17.5418616323834    1.2388975103387    0.0706252013783769
13.4350330000004    17.9745528920538    1.20928736437279    0.0672777437989786
13.7885865000004    18.3980995796644    1.19060146122281    0.0647132849818246
14.1421400000004    18.8215717664349    1.21408107495297    0.0645047655965737
14.4956935000004    19.260299838161    1.26568058008601    0.065714479562685
14.8492470000004    19.7111186862876    1.27569615422241    0.0647196221851109
15.2028005000004    20.1584383002729    1.25260813223712    0.0621381534411901
15.5563540000004    20.5965599624408    1.22602374348402    0.0595256560182745
15.9099075000005    21.0256833456398    1.20261037889719    0.0571972077733482
16.2634610000004    21.4492904396413    1.19996136115275    0.0559441052154833
16.6170145000003    21.879513885441    1.23906281595712    0.0566311857952937
16.9705680000003    22.3245715747974    1.27158843443123    0.0569591416422407
17.3241215000002    22.7734159820624    1.26240907158109    0.0554334524331104
17.6776750000001    23.2157099550167    1.2392612203373    0.0533802852783101
18.0312285    23.6498025109374    1.21663151937509    0.0514436227876503
18.384782    24.0767325114214    1.20115027438206    0.0498884254253464
18.7383354999999    24.5028909408088    1.21664188505387    0.0496529935179034
19.0918889999998    24.9402722242847    1.2567568305612    0.0503906621090319
19.4454424999997    25.387635396401    1.26694688163731    0.0499040915727392
19.7989959999997    25.8328822476096    1.24982553413996    0.0483811880594783
20.1525494999996    26.2710670999041    1.22904672545787    0.046783281424543
20.5061029999995    26.7021437053188    1.21024416850619    0.0453238579592064
20.8596564999994    27.1285230722762    1.20642792196921    0.0444708294202021
21.2132099999994    27.5594553374871    1.2359710752276    0.0448474420155321
21.5667634999993    28.0022279754688    1.26354213871983    0.0451229144990443
21.9203169999992    28.4486903947916    1.25771150625234    0.0442098208669247
22.2738704999991    28.890185607936    1.23938227264349    0.0428997684356528
22.6274239999991    29.3251031959985    1.22106972743108    0.0416390598617809
22.980977499999    29.7541191160752    1.20777717146741    0.0405919317172757
23.3345309999989    30.1820173321016    1.21850333023281    0.0403718319032575
23.6880844999988    30.6186198066647    1.25121634289109    0.0408645572789255
24.0416379999988    31.0637951834941    1.26133392493085    0.0406046304863954
24.3951914999987    31.5076988768365    1.24797988963446    0.039608728473406
24.7487449999986    31.9459029378596    1.23093774394067    0.0385319440284738
25.1022984999985    32.3782316063303    1.21520594649379    0.0375315724857625
25.4558519999985    32.8064457057965    1.21081567254904    0.0369078590045219
25.8094054999984    33.2379032833751    1.23406839933619    0.0371283467797274
26.1629589999983    33.6791799882838    1.25817522950372    0.0373576562713643
26.5165124999982    34.1240409287758    1.2545260428289    0.0367637011527259
26.8700659999982    34.5649859106388    1.2394213412952    0.0358577129034419
27.2236194999981    35.0004466996242    1.22404284489992    0.0349722063665281
27.577172999998    35.4308802419953    1.21234364520736    0.0342171472152814
27.9307264999979    35.8600047844568    1.21991837221727    0.0340189127009274
28.2842799999979    36.2961039755509    1.24742246383551    0.0343679438618476
28.6378334999978    36.7397607132463    1.25740680889191    0.034224686946275
28.9913869999977    37.1827199156208    1.24666531934792    0.033528082995999
29.3449404999977    37.620927360922    1.23223145588528    0.0327538830732077
29.6984939999976    38.0541275911644    1.21869537518485    0.0320253137393645
30.0520474999975    38.4836507798588    1.21400895196338    0.0315460962606685
30.4056009999974    38.9155155474427    1.23279049671661    0.031678637154728
30.7591544999974    39.3557320177147    1.25431587329487    0.0318712372756852
31.1127079999973    39.7994361281598    1.25221569743498    0.0314631517241266
31.4662614999972    40.239978286397    1.23942843938515    0.0308009221715742
31.8198149999971    40.6758236861269    1.22617426177599    0.0301450382723091
32.1733684999971    41.1072852746198    1.21569323752165    0.0295736687402279
32.5269219999972    41.5373267560346    1.22104029328181    0.0293962175383474
32.8804754999974    41.9730769557792    1.24464857224619    0.029653498445146
33.2340289999975    42.4156111513375    1.25448885745255    0.0295761117994168
33.5875824999976    42.8578671011296    1.24567984622997    0.0290653719022135
33.9411359999977    43.2960716551169    1.23317199246708    0.0284823067157257
34.2946894999978    43.7299138958356    1.22128694401382    0.0279279521776081
34.6482429999979    44.160421755555    1.21645303265623    0.0275462276920672
35.001796499998    44.592614734199    1.23188205767005    0.0276252483738141
35.3553499999981    45.0320372158311    1.25138833751559    0.0277888457836783
35.7089034999982    45.474861484199    1.25045619246618    0.0274977460437273
36.0624569999983    45.9150951696046    1.23942212104675    0.0269937831222713
36.4160104999984    46.3512271760855    1.22777761051544    0.0264885675162643
36.7695639999985    46.7834697998115    1.21826404239073    0.02604048069978
37.1231174999986    47.2142276099808    1.2219625332729    0.0258812352786343
37.4766709999987    47.6497242387912    1.24252289060172    0.026076182191002
37.8302244999988    48.0913895244487    1.25222137367794    0.0260383695721942
38.1837779999989    48.5330988820664    1.24491172770369    0.0256507776420536
38.537331499999    48.9712979633489    1.23388659339863    0.025196117822364
38.8908849999991    49.4056331740045    1.22329124410748    0.0247601572031087
39.2444384999992    49.8369118163885    1.21839835523052    0.0244477097561622
39.5979919999993    50.2693787264348    1.2312120104803    0.0244922861923666
39.9515454999994    50.7081817693097    1.24907478247437    0.0246326083659808
40.3050989999995    51.1503094592351    1.24906362852525    0.0244194735423978
40.6586524999996    51.5902983222734    1.23940995846584    0.0240240897760179
41.0122059999997    52.0266522477482    1.22902867876741    0.0236230590604762
41.3657594999998    52.4595104610255    1.22031124604569    0.02326196404277
41.7193129999999    52.8908496030919    1.2227507393112    0.0231183796155113
42.0728665    53.3261567803088    1.24083215553725    0.023268733965757
42.4264200000001    53.76712285443    1.25038954655212    0.0232556529003318
42.7799735000002    54.2083911637463    1.24429240368576    0.0229538707379665
43.1335270000003    54.6465835813708    1.23444870894724    0.0225896776714156
43.4870805000005    55.0813108144495    1.22490075494243    0.0222380465684397
43.8406340000006    55.5132182965227    1.2200212677293    0.0219771309458691
44.1941875000007    55.945927891647    1.23071501795063    0.0219982948595331
44.5477410000008    56.3842283540243    1.24716219389513    0.0221189901910952
44.9012945000009    56.8257782431341    1.24790895108886    0.0219602615163417
45.254848000001    57.2655642695541    1.23939365799595    0.0216429135695235
45.6084015000011    57.7020960451389    1.23004119471702    0.02131709728109
45.9619550000012    58.135465333641    1.22204789637394    0.0210206951877064
46.3155085000013    58.5673188021916    1.223527865483    0.0208909659944551
46.6690620000014    59.0024914022491    1.23941198985594    0.0210060958512116
47.0226155000015    59.4428499610728    1.24877563489474    0.0210080040864885
47.3761690000016    59.88373100218    1.24375503541311    0.0207694980689803
47.7297225000017    60.321913770006    1.2349093874015    0.0204719862189707
48.0832760000018    60.7569735269509    1.22633141716207    0.020184208428652
48.4368295000019    61.1894769135716    1.2217005829143    0.019965860872449
48.790383000002    61.6224912284573    1.23046078666177    0.019967722208763
49.1439365000021    62.0603371926055    1.24526607721438    0.0200654094635301
49.4974900000022    62.5013003360187    1.24671974474557    0.0199471009089886
49.8510435000023    62.9408780454566    1.23935136806177    0.0196907225724861
50.2045970000024    63.3775603371879    1.23093652537045    0.0194222768882471
50.5581505000025    63.8114488569385    1.22400195458077    0.0191815415024491
50.9117040000026    64.2439822147801    1.22494118776698    0.0190670183500107
51.2652575000027    64.6791602727815    1.23795348154187    0.0191399127063626
51.6188110000028    65.1187848912646    1.24660559691192    0.0191435635507251
51.9723645000029    65.5591398964083    1.24299230010466    0.0189598628363451
52.325918000003    65.9972766977896    1.23527961471157    0.0187171301077782
52.6794715000031    66.4326233750763    1.22760423659806    0.0184789366162322
53.0330250000032    66.8657009719761    1.22344457090587    0.01829704247651
53.3865785000033    67.2990905692889    1.23042431654003    0.0182829263535623
53.7401320000034    67.7365374799926    1.24333295353585    0.0183554252961792
54.0936855000036    68.1768854642002    1.24547656384001    0.0182683112518247
54.4472390000037    68.6162279355938    1.23928035147978    0.0180610387479041
54.8007925000038    69.0530276687894    1.23162975567903    0.0178359993364303
55.1543460000039    69.4872291168571    1.22501814736927    0.0176293998615077
55.507899500004    69.9200236059257    1.22518300159671    0.017522634267144
55.8614530000041    70.3550692275725    1.23704906791054    0.0175829415206621
56.2150065000042    70.7943480469917    1.24578042602234    0.0175971735087584
56.5685600000043    71.2345082223643    1.24274044142976    0.0174457643134201
56.9221135000044    71.6726620100752    1.23564715713152    0.0172401459981747
57.2756670000045    72.1082422327784    1.22851233627744    0.0170370584310123
57.6292205000046    72.54165869126    1.22426935206437    0.0168767763813467
57.9827740000047    72.9751548381962    1.23006839943734    0.0168559888932706
58.3363275000048    73.4123007773207    1.24225792985229    0.0169216591320356
58.6898810000049    73.852334584679    1.24487925786401    0.016856329117621
59.043434500005    74.2915866181784    1.23933029889292    0.0166819737645725
59.3969880000051    74.7285135387143    1.23229696466448    0.0164903181705342
59.7505415000052    75.1630623686276    1.2262629770577    0.0163147021743693
60.1040950000053    75.5962629620054    1.2259368123739    0.0162168970308764
60.4576485000054    76.0312754259464    1.23606695976752    0.0162573487402752
60.8112020000055    76.470083516575    1.24445617634467    0.0162737651002425
61.1647555000056    76.9099221257786    1.24229078742508    0.0161525425210214
61.5183090000057    77.3480657114885    1.23597217773296    0.0159793547047859
61.8718625000058    77.7838640872691    1.22940660476491    0.0158054195325856
62.2254160000059    78.2176553211617    1.22532471752138    0.0156655771959693
62.578969500006    78.6513589016733    1.22994649521292    0.015637956068255
62.9325230000061    79.0882154339394    1.2410002390006    0.0156913420310663
63.2860765000062    79.5278498053308    1.24408203080097    0.0156433505224428
63.6396300000063    79.9669668454251    1.23933383315566    0.0154980722921662
63.9931835000064    80.4040042424285    1.23289255087353    0.0153337207828132
64.3467370000062    80.8388560141354    1.22734342341309    0.0151825926779379
64.7002905000059    81.2724106199736    1.22660695050985    0.0150925380599994
65.0538440000057    81.707402430713    1.23525150471741    0.0151179876971966
65.4073975000054    82.1457968441896    1.24328776012852    0.0151351354286177
65.7609510000052    82.5853475834531    1.24189072615551    0.0150376642164105
66.1145045000049    83.0234814484156    1.23627523870879    0.0148906696893567
66.4680580000047    83.459480631558    1.2302325354705    0.0147404767698173
66.8216115000044    83.893628476963    1.22636383577114    0.01461808075339
67.1751650000042    84.3275612133087    1.22995796113141    0.0145854800427609
67.5287185000039    84.7641629863344    1.23980206814365    0.0146264886535071
67.8822720000037    85.2033929269296    1.24322960315844    0.0145913156794663
68.2358255000034    85.6423623260837    1.23930663151991    0.0144707198384047
68.5893790000032    86.0794980532044    1.23342806377276    0.0143289411726169
68.9429325000029    86.5146060222843    1.22822184619696    0.0141966992935343
69.2964860000027    86.9484369700398    1.2271051175216    0.0141130210074326
69.6500395000024    87.3833866126202    1.23455537709533    0.0141280330844608
70.0035930000022    87.8214372533621    1.24233689950847    0.014146169071731
70.3571465000019    88.2607644837554    1.2416166822487    0.0140675949218321
70.7107000000017    88.6989039681743    1.23657543973225    0.0139412707982947
71.0642535000014    89.1350876130058    1.23095172268925    0.013809956950215
71.4178070000012    89.5695282136384    1.22717120163092    0.0137007666123227
71.7713605000009    90.0036219555938    1.22990176033621    0.0136650251802424
72.1249140000007    90.4399942762279    1.23879352008573    0.0136974082097144
72.4784675000004    90.8788982240745    1.24254708938577    0.0136725589071524
72.8320210000002    91.3177597967781    1.23931545895377    0.0135714614737789
73.1855744999999    91.7549950017671    1.23394305843851    0.013448238522761
73.5391279999996    92.1903548654056    1.22911109621577    0.0133323176595884
73.8926814999994    92.6244862093855    1.22774326488891    0.0132550615407841
74.2462349999991    93.0594443219854    1.23394760455842    0.0132597783443555
74.5997884999989    93.4971506517025    1.24126119633385    0.0132759253911151
74.9533419999986    93.9362114526997    1.24124728373338    0.0132137251922108
75.3068954999984    94.3743329571067    1.23682957085179    0.013105571526677
75.6604489999981    94.8106913583335    1.23167674302858    0.0129909056181597
76.0140024999979    95.2454683136911    1.22823073673421    0.0128954244068498
76.3675559999976    95.6798531434925    1.2302447897759    0.012857929327409
76.7211094999974    96.1160777383047    1.23771387653049    0.0128772824032668
77.0746629999971    96.5545708100949    1.24152678005742    0.0128582911160081
77.4282164999969    96.9932109703526    1.23908158662545    0.0127749310929009
77.7817699999966    97.4304865853741    1.23438133254483    0.0126693540780297
78.1353234999964    97.8661190202066    1.23026885388475    0.0125709373805937
78.4888769999961    98.3007312903636    1.22915683482829    0.0125040456840303
78.8424304999959    98.7359593077354    1.233809195565    0.0124960470756102
79.1959839999956    99.1733287772065    1.23972541617804    0.0125005929665131
79.5495374999954    99.611890448553    1.24017043912243    0.0124500241240071
79.9030909999951    100.049801569485    1.23669252654237    0.0123607694082581
80.2566444999949    100.486271103983    1.23242815636579    0.0122646421528616
80.6101979999946    100.921468960122    1.22978324410957    0.0121855464132762
80.9637514999944    101.356371159849    1.23126654993938    0.0121478949556862
81.3173049999941    101.792616754218    1.23672623731364    0.0121494689570636
81.6708584999939    102.230576137766    1.23988535778207    0.0121283221187289
82.0244119999936    102.668772688321    1.23834342349082    0.0120615391717028
82.3779654999934    103.105973951657    1.2346814392504    0.0119748778070736
82.7315189999931    103.541866509039    1.2314027811034    0.011892800686531
83.0850724999928    103.976974524297    1.23058460366349    0.0118351645572832
83.4386259999926    104.41251319166    1.23382232156452    0.0118168051304321
83.7921794999923    104.849575703468    1.23825022387987    0.0118097781089917
84.1457329999921    105.287618537783    1.23896679702716    0.0117674500974922
84.4992864999918    105.725282727481    1.23650909673587    0.0116954910390083
84.8528399999916    106.161856750403    1.23315174897458    0.0116157703597238
85.2063934999913    106.597418349884    1.23107664691929    0.0115488411068131
85.5599469999911    107.032718616448    1.23198382098889    0.0115103478348869
85.9135004999908    107.46894198697    1.23589602730614    0.0115000297244574
86.2670539999906    107.906469942343    1.23857335627859    0.0114782121678189
86.6206074999903    108.344316581024    1.23776101615647    0.0114243280609078
86.9741609999901    108.781473377857    1.23500218898075    0.0113530562754093
87.3277144999898    109.217597846828    1.23229244605295    0.0112829110907673
87.6812679999896    109.653050151853    1.23142692015666    0.011230211275029
88.0348214999893    110.088727667185    1.23362725584752    0.011205754503558
88.3883749999891    110.52552382321    1.23713839937769    0.0111932371508734
88.7419284999888    110.96321092496    1.23822362394    0.0111588662009552
89.0954819999886    111.400748649777    1.2365556514251    0.0111000659009267
89.4490354999883    111.837465727699    1.23385830177073    0.0110326024802361
89.8025889999881    112.273318596664    1.23195710266588    0.0109728394783771
90.1561424999878    112.708843395182    1.23223588871939    0.010932912197483
90.5096959999876    113.144957839507    1.23508132812775    0.0109159201763077
90.8632494999873    113.582141807426    1.23764267493141    0.0108964548056312
91.2168029999871    114.019772206222    1.23752771629674    0.0108536238263877
91.5703564999868    114.456980866988    1.2355003943854    0.0107944520729688
91.9239099999865    114.893358214856    1.23312136856969    0.0107327471990478
92.2774634999863    115.329089224089    1.23202793372943    0.0106827162341979
92.631016999986    115.764812065326    1.2332156094582    0.0106527673431742
92.9845704999858    116.201321895055    1.23611204236545    0.0106376762519261
93.3381239999855    116.638701780907    1.23765086596376    0.0106109794353555
93.6916774999853    117.076179805862    1.2367718382867    0.0105638212686607
94.045230999985    117.513082292188    1.23462170042949    0.0105062489754093
94.3987844999848    117.949223703611    1.2327412946844    0.0104514574659863
94.7523379999845    118.384937431787    1.23236808245861    0.0104098385250126
95.1058914999843    118.820913841473    1.23423084937844    0.0103873199546766
95.459444999984    119.257754739493    1.23675790019075    0.0103704610479405
95.8129984999838    119.695192934663    1.23736673180679    0.0103376476654515
96.1665519999835    120.132471095427    1.23602231606186    0.0102888278646997
96.5201054999833    120.569105620599    1.23395798091077    0.0102344458355172
96.873658999983    121.005099805791    1.23259456771245    0.0101863026408864
97.2272124999828    121.440874505429    1.23288014366719    0.0101521019894506
97.5807659999825    121.877116851197    1.23509024271136    0.0101338977703199
97.9343194999823    122.314181950064    1.23704699670267    0.0101136840959923
98.287872999982    122.75158907929    1.23696184243685    0.0100769517666924
98.6414264999818    123.188667005225    1.23537197993216    0.0100282924555045
98.9949799999815    123.625098322059    1.23352617157143    0.00997795907395713
99.3485334999813    124.061015622131    1.23261074805426    0.00993552037175469
99.702086999981    124.496908410188    1.23351305587397    0.00990798142400324
100.055640499981    124.933411267022    1.23576474283664    0.009891387182212
100.409193999981    125.370610318586    1.23708352610784    0.00986741248977111
100.76274749998    125.807926871892    1.2364762853378    0.00982828599184284
101.11630099998    126.244804024639    1.23479358229867    0.0097809457730845
101.46985449998    126.68107410401    1.23324143338031    0.00973500929087296
101.823407999979    127.116965815542    1.23279486493046    0.00969811430772628
102.176961499979    127.553013841512    1.23415309652404    0.00967560906132331
102.530514999979    127.98973599024    1.2362350498909    0.0096588608479134
102.884068499979    128.42699547752    1.23695983319309    0.00963161855958553
103.237621999978    128.864196341152    1.23601750781054    0.009591628574149
103.591175499978    129.300910313149    1.23438353450744    0.00954659585549656
103.944728999978    129.737081238739    1.23311094633057    0.00950469160055657
104.298282499978    130.172998938486    1.23309676915374    0.00947275379079539
104.651835999977    130.60920993166    1.2346907269477    0.00945332053990483
105.005389499977    131.046079630663    1.23646177053573    0.00943532056831112
105.358942999977    131.483336316174    1.23674136693634    0.00940606925247454
105.712496499977    131.92042210245    1.23562992677777    0.00936647948122983
106.066049999976    132.35700845745    1.23408850979523    0.0093239377663327
106.419603499976    132.793120841429    1.23309072198662    0.00928580271457796
106.773156999976    133.229093588994    1.23342005651902    0.00925788822315393
107.126710499976    133.665449342212    1.23510865453243    0.00924029852598848
107.480263999975    134.102419401262    1.23656244875372    0.00922103012216111
107.833817499975    134.539646008504    1.23650173497286    0.00919061237083006
108.187370999975    134.976625064857    1.23531038606948    0.00915203195720666
108.540924499975    135.413114047187    1.2338866117281    0.00911201710713287
108.894477999974    135.849197098555    1.23313593436822    0.00907724124032625
109.248031499974    136.285236727001    1.23373309522053    0.00905258063785646
109.601584999974    136.721715465638    1.23543308495349    0.00903611456853015
109.955138499974    137.158751757677    1.23658880032052    0.00901574842635814
110.308691999973    137.595934850649    1.23627347573533    0.00898481104893991
110.662245499973    138.032822539538    1.23505209274313    0.00894752472651463
111.015798999973    138.469238768337    1.2337559644382    0.00890996423041156
111.369352499973    138.905312791846    1.23323079666218    0.00887821186875849
111.722905999972    139.341428267364    1.23403597971109    0.00885620303348161
112.076459499972    139.77801367663    1.23567558715177    0.0088402714751009
112.430012999972    140.215087445618    1.23654829455936    0.00881893893935599
112.783566499972    140.652218348639    1.23604983775601    0.00878798679656922
113.137119999971    141.089021395009    1.23482071419998    0.00875206803471149
113.490673499971    141.52537680686    1.23367246245413    0.00871696999003736
113.844226999971    141.961458646181    1.23337087906423    0.00868806851399175
114.197780499971    142.397659139737    1.23435246420786    0.00866834800280369
114.55133399997    142.834345203997    1.2358693068974    0.00865246593970329
114.90488749997    143.271434483797    1.23645198457011    0.00863013614001296
115.25844099997    143.708501687113    1.23582007450896    0.00859949174892679
115.61199449997    144.145220643218    1.23459687510209    0.00856495185614176
115.965547999969    144.581523981874    1.23361499354823    0.00853231422365474
116.319101499969    145.017622743704    1.23353779240661    0.00850612338740852
116.672654999969    145.453911938559    1.23465000539395    0.00848825575702269
117.026208499969    145.890683666613    1.23601132697461    0.00847217447962013
117.379761999968    146.327775081625    1.23634120670147    0.00844912188415227
117.733315499968    146.764779606679    1.23559517611226    0.00841888073844138
118.086868999968    147.201420575832    1.23441014127791    0.0083858575307838
118.440422499968    147.637687292423    1.23360678717917    0.00835563608318917
118.793975999967    148.073823764889    1.23375178229734    0.00833200461045898
119.147529499967    148.510209516089    1.23493117654408    0.00831546316288977
119.501082999967    148.947049605518    1.23608397169208    0.00829881474635325
119.854636499967    149.3841241699    1.23618805662374    0.0082752304737402
120.208189999966    149.82105712602    1.23536382046369    0.00824559540668957
120.561743499966    150.257625065179    1.23426023368922    0.00821429350526348
120.915296999966    150.693872126115    1.23364637345191    0.00818644020520944
121.268850499966    151.130059831207    1.23398623996513    0.00816506154595146
121.622403999965    151.566536816544    1.23517054438486    0.00814936179402123
121.975957499965    152.003426802492    1.23611180383667    0.0081321311620351
122.329510999965    152.440473569338    1.23602024943102    0.00810821575458311
122.683064499965    152.877333736894    1.23515198727888    0.00807936635920544
123.036617999964    153.313841686481    1.23415367698714    0.00804985162077489
123.390171499964    153.750081112827    1.23371281169589    0.00802414413551135
123.743724999964    154.186325672562    1.23421874202442    0.00800472244630483
124.097278499964    154.62288704807    1.235374513107    0.00798959673235785
124.450831999963    155.059815166909    1.23610968391136    0.00797182482502507
124.804385499963    155.496827064881    1.23584794173918    0.00794773735944804
125.157938999963    155.933615908009    1.23494825306702    0.00791970509935173
125.511492499963    156.370070384837    1.23407999454809    0.0078920473176928
125.865045999962    156.806313315729    1.23381473318626    0.007868399601373
126.218599499962    157.242622117464    1.23445881768633    0.00785066288683591
126.572152999962    157.679265269329    1.23555620035903    0.00783588253185095
126.925706499962    158.116220866869    1.2360714728404    0.00781748682117281
127.279259999961    158.553186891806    1.23565354531392    0.00779330626862204
127.632813499961    158.989902370014    1.23475370136701    0.00776623976089621
127.986366999961    159.426309090955    1.23402013074716    0.0077403794755302
128.339920499961    159.862564763954    1.23395866175194    0.00771887191709923
128.69347399996    160.298950813907    1.23472901902676    0.00770266438275178
129.04702749996    160.735678824738    1.23571926971107    0.00768789654385609
129.40058099996    161.172646417642    1.23598199538726    0.00766868338306301
129.75413449996    161.609551535466    1.23542731369568    0.00764451916336492
130.107687999959    162.046188543776    1.23456068625099    0.00761857281152577
130.461241499959    162.482555487823    1.23399292354663    0.00759461789508291
130.814794999959    162.918836219897    1.23412751760131    0.00757510639184514
131.168348499959    163.355306502034    1.23500176729549    0.00756021823680464
131.521901999958    163.792110117551    1.23583333992602    0.00754513351735368
131.875455499958    164.229072873709    1.2358572006049    0.00752520354027247
132.229008999958    164.665912478129    1.23520913831874    0.00750130442742847
132.582562499958    165.102478989898    1.23440709402952    0.00747661150566397
132.936115999957    165.538819083381    1.23400127794949    0.00745445258569793
133.289669499957    165.975139532451    1.23433106454085    0.00743684305985789
133.643222999957    166.411697109766    1.23524667614135    0.00742283563953186
133.996776499957    166.848554774525    1.23587457840396    0.00740716382035251
134.350329999956    167.285494248514    1.23570384985011    0.0073867961797954
134.703883499956    167.72226847388    1.23501552184081    0.00736345586712084
135.057436999956    168.158779601619    1.23430910690262    0.0073401407278692
135.410990499956    168.595111410608    1.23406209252359    0.00731967897644477
135.764543999955    169.031483341166    1.23454940420751    0.00730366544625148
136.118097499955    169.468118895676    1.23543040385736    0.00729004612730663
136.471650999955    169.905007307527    1.23585787768965    0.0072738166889499
136.825204499955    170.341913246363    1.23555335214815    0.00725337251766795
137.178757999954    170.778628106593    1.23485266154008    0.00723072128656134
137.532311499954    171.215096208903    1.23424508732113    0.00720873985209344
137.885864999954    171.651432781141    1.23416338054834    0.00718993928889556
138.239418499954    172.087865264817    1.23476879328304    0.00717522290943013
138.592971999953    172.524570091196    1.23556476488763    0.00716167421390771
138.946525499953    172.961471376198    1.23579734898609    0.00714492851589002
139.300078999953    173.398335176125    1.235391649889    0.00712458772244949
139.653632499953    173.834993724776    1.23470979489417    0.00710276894449122
140.007185999952    174.271430946887    1.23422104664717    0.00708217657903617
140.360739499952    174.707784689738    1.23428717438434    0.0070648664945085
140.714292999952    175.144277512493    1.23495906716031    0.00705109572918947
141.067846499952    175.581034024135    1.23563963591531    0.00703743227611621
141.421399999951    176.017933355851    1.23572108485993    0.00702042718773262
141.774953499951    176.454756635026    1.23525951312251    0.00700043193325462
142.128506999951    176.891371495175    1.23461257324464    0.00697949573689816
142.482060499951    177.327791043969    1.23421981481083    0.006960103701426
142.83561399995    177.764166913988    1.23440321373458    0.00694404972140338
143.18916749995    178.200710039257    1.23509769741447    0.00693093589325422
143.54272099995    178.63749899816    1.23567373249582    0.0069172135717627
143.89627449995    179.074391027743    1.23565680745955    0.00690024296811999
144.249827999949    179.511184377214    1.2351636862811    0.00688070601598616
144.603381499949    179.947769591655    1.23455425037185    0.00686062546467428
144.956934999949    180.384183283998    1.2342506773934    0.00684234423951788
145.310488499949    180.820585545986    1.23451279043375    0.00682728012801282
145.664041999948    181.257168807902    1.23519800804352    0.00681461602962911
146.017595499948    181.693978325842    1.23568452232905    0.00680091070554373
146.371148999948    182.130859631908    1.23559206429602    0.0067840895650149
146.724702499948    182.56762437647    1.23507804232343    0.00676504416673897
147.078255999947    183.004184668739    1.23450981748038    0.0067458010302606
147.431809499947    183.440596572474    1.23428845924215    0.0067285458197608
147.785362999947    183.87702500905    1.2346173327441    0.00671436430235556
148.138916499947    184.313644994605    1.23528762192037    0.00670209534381748
148.492469999946    184.750471951414    1.23569045855515    0.00668842923919631
148.846023499946    185.187340256566    1.23552458829184    0.00667175513498975
149.199576999946    185.624077481067    1.23500176905473    0.00665324124873131
149.553130499945    186.060619006762    1.23448808342583    0.0066348703450297
149.906683999945    186.497035080832    1.23433477349945    0.00661852223529699
150.260237499945    186.933491359997    1.23471793883823    0.00660511891077029
150.613790999945    187.370144723261    1.23536120598076    0.00659315926667686
150.967344499944    187.806982710736    1.23567448672722    0.00657949171480184
151.320897999944    188.243835044673    1.23545720948969    0.0065630686348719
151.674451499944    188.680546628274    1.234931270564    0.00654509059164951
152.028004999944    189.117071543412    1.23446916775887    0.00652753956945392
152.381558499943    189.553493569394    1.2343898900453    0.00651209253283115
152.735111999943    189.98997882601    1.23481879821457    0.00649938910380846
153.088665499943    190.426665298935    1.23542733863752    0.00648768037132892
153.442218999943    190.863511262363    1.23565520899244    0.00647402534313591
153.795772499942    191.300345481702    1.23538342344315    0.00645782118339831
154.149325999942    191.737030381805    1.2348634985061    0.00644040171085952
154.502879499942    192.173540056525    1.23445639429968    0.00642365433834743
154.856432999942    192.609970681936    1.23445325576643    0.00640908282886834
155.209986499941    193.046488436264    1.2349258078051    0.00639703844295938
155.563539999941    193.483206075652    1.23548472146131    0.00638548815951623
155.917093499941    193.920056210007    1.23562588773296    0.00637183131998906
156.270646999941    194.356870467638    1.2353102730645    0.00635588682865826
156.62420049994    194.793529000945    1.23480081155833    0.00633902377502666
156.97775399994    195.230025505851    1.23445154661363    0.00632306195430288
157.33130749994    195.666468206721    1.23452427447114    0.00630932977829842
157.68486099994    196.103018816371    1.23502882785419    0.00629785729617281
158.038414499939    196.539764289203    1.23552732922727    0.00628639875343101
158.391967999939    196.976614735358    1.23558870060112    0.0062727684819904
158.745521499939    197.413408381682    1.23523911166049    0.00625711861107359
159.099074999939    197.850043434536    1.23474661982731    0.00624082056487319
159.452628499938    198.286532397272    1.23446208091447    0.00622564763219118
159.806181999938    198.722992661683    1.23460837564541    0.00621271026119897
160.159735499938    199.159578289876    1.23512292497604    0.00620167473531361
160.513288999938    199.596346470302    1.23555126159819    0.00619024988907817
160.866842499937    200.033191683897    1.23553920756374    0.00617667096726728
161.220395999937    200.469961321035    1.23515999927675    0.00616132208106105
161.573949499937    200.906571220755    1.2346964421566    0.00614562497709408
161.927502999937    201.343055640053    1.23449113880414    0.00613128242680033
162.281056499936    201.779540609165    1.23471402976853    0.00611912400058486
162.634609999936    202.216166690928    1.23522738462265    0.00610845020373967
162.988163499936    202.652956204244    1.2355624598595    0.00609693775507639
163.341716999936    203.089789228348    1.23546714887426    0.00608335433095131
163.695270499935    203.526526733399    1.2350608922123    0.00606830427480402
164.048823999935    203.963109164244    1.23464915492121    0.00605329640237536
164.402377499935    204.399591576004    1.23453020496206    0.00603978802229169
164.755930999935    204.836104880845    1.23482206194933    0.0060283418427022
165.109484499934    205.27276939762    1.23531906812569    0.00601793930948941
165.463037999934    205.70957639856    1.23556359167782    0.00600634940438522
165.816591499934    206.146395405592    1.23539544570037    0.00599280643869487
166.170144999934    206.583103252355    1.23497928585522    0.00597812341092881
166.523698499933    207.01966466052    1.23462815491398    0.00596382066862384
166.877251999933    207.456153946087    1.23459425618377    0.00595110934383082
167.230805499933    207.892701296492    1.23494250354295    0.0059402879266151
167.584358999933    208.329402691927    1.23539180705762    0.00592999255551312
167.937912499932    208.766217795858    1.2355385083653    0.00591828755346552
168.291465999932    209.203014956638    1.23530634472669    0.00590482094621215
168.645019499932    209.639690803075    1.23489671643249    0.00589056734295841
168.998572999932    210.076235730589    1.23462018989115    0.00587701024629213
169.352126499931    210.512737536382    1.23467439239675    0.00586508164230855
169.705679999931    210.949322894422    1.23505988661395    0.00585477056606663
170.059233499931    211.386057435631    1.23544561095544    0.00584449904569345
170.412786999931    211.822874294468    1.23549520461545    0.00583268076561888
170.76634049993    212.259645651604    1.23521399794175    0.00581935390568394
171.11989399993    212.696289832859    1.2348251467535    0.00580557915572414
171.47344749993    213.132823445223    1.23462875057981    0.00579276683254335
171.82700099993    213.569345139103    1.23477254601817    0.00578160009440461
172.180554499929    214.00597143699    1.23517552450706    0.00577168719271341
172.534107999929    214.44273420284    1.23547852494183    0.00576134476896381
172.887661499929    214.879544851351    1.23543654858671    0.00574943766490827
173.241214999929    215.316286418551    1.23511841479223    0.00573629814695625
173.594768499928    215.752901287235    1.23477119815763    0.00572308038867926
173.948321999928    216.189430108872    1.23465747175357    0.00571099831814996
174.301875499928    216.625977172121    1.23487796638649    0.00570050730991192
174.655428999928    217.062642954531    1.23527351621111    0.00569086186087701
175.008982499927    217.499425396055    1.23548674768945    0.00568041384679381
175.362535999927    217.936223860941    1.23536626620196    0.00566847605375696
175.716089499927    218.372935696999    1.23503028288505    0.00565560140931891
176.069642999927    218.809527261345    1.23473566677473    0.00564297031408491
176.423196499926    219.246057280356    1.23470339744873    0.00563158769085584
176.776749999926    219.682633260977    1.23498501877012    0.00562167796533549
177.130303499926    220.119333921918    1.23534907878043    0.00561217888846892
177.483856999926    220.556128330117    1.23547694154077    0.00560164412974993
177.837410499925    220.992910851869    1.23529648256499    0.0055897561501102
178.190963999925    221.429595813906    1.23495958131612    0.0055772110172391
178.544517499925    221.866172280095    1.23472744547821    0.00556519019005488
178.898070999925    222.302711582328    1.23476654898451    0.00555443764133853
179.251624499924    222.739317455635    1.23507863306372    0.00554495114366023
179.605177999924    223.176044649875    1.23539679898992    0.00553552600561609
179.958731499924    223.612842530636    1.23545121433064    0.00552495643966144
180.312284999924    224.049608219864    1.23523076905752    0.00551320209337463
180.665838499923    224.486270501519    1.23490819817918    0.0055010410900422
181.019391999923    224.922838466367    1.23473315155595    0.00548958549507448
181.372945499923    225.35939188653    1.23483691688462    0.00547941182547373
181.726498999923    225.796027078384    1.23516178581527    0.00547025473298736
182.080052499922    226.232776003812    1.23542743810909    0.00546086849099296
182.433605999922    226.669572405556    1.23541584214326    0.00545029413975716
182.787159499922    227.106318347174    1.23516406562324    0.00543870410393015
183.140712999922    227.54295923332    1.23486421958209    0.00542694981089646
183.494266499921    227.979522052553    1.23474894827637    0.00541605200835425
183.847819999921    228.41609269274    1.23491116207775    0.00540641050076504
184.201373499921    228.852757326489    1.23523971934466    0.00539753041988666
184.554926999921    229.289524261526    1.23544401406071    0.00538813981161898
184.90848049992    229.726315159394    1.23537130436433    0.0053775785482267
185.26203399992    230.16303997637    1.23509749101938    0.005366185166594
185.61558749992    230.599662725453    1.23483449070698    0.00535488420109767
185.96914099992    231.036225897073    1.23478087635725    0.00534453361832248
186.322694499919    231.472818418451    1.23499438157808    0.00533537540181277
186.676247999919    231.909511481544    1.23530661957567    0.00532667509704092
187.029801499919    232.346291022857    1.23544569228719    0.0053172602276042
187.383354999919    232.78307158777    1.23531787368864    0.00530673414206099
187.736908499918    233.219774118432    1.23503555967508    0.00529558681009574
188.090461999918    233.656382058035    1.23482046184575    0.00528477095711878
188.444015499918    234.092951384775    1.23483202424092    0.00527496456828912
188.797568999918    234.529568895148    1.23507864551883    0.00526619586322182
189.151122499917    234.966288634111    1.23536069632133    0.00525760824458112
189.504675999917    235.403075243169    1.23542982544488    0.00524814650007734
189.858229499917    235.83984061974    1.23525350281847    0.00523767951832256
190.211782999917    236.276520416614    1.23498073369243    0.0052268449337025
190.565336499916    236.713118065984    1.23482274548001    0.00521653702831882
190.918889999916    237.149699292401    1.23489689609429    0.00520724630804482
191.272443499916    237.58634643034    1.23516729287733    0.00519881428977434
191.625996999916    238.02309052488    1.23539856195331    0.00519024670769989
191.979550499915    238.459876589833    1.23539300659431    0.00518071645536944
192.333103999915    238.896621243165    1.23518231239968    0.00517036325575501
192.686657499915    239.333277804269    1.23493296824932    0.00515988825114104
193.040210999915    239.769869260196    1.23483469344261    0.00515008285758614
193.393764499914    240.206466688062    1.23497117927697    0.00514129030872732
193.747317999914    240.643143461628    1.23524956137737    0.00513311762640908
194.100871499914    241.079906437235    1.23541898856763    0.00512452077331991
194.454424999913    241.516688099952    1.23535167639907    0.0051149743983232
194.807978499913    241.953412319087    1.23511878669373    0.00510477936580974
195.161531999913    242.390051054497    1.23490294041928    0.00509469318170009
195.515085499913    242.826642531156    1.2348680012321    0.00508538926519836
195.868638999912    243.263261503299    1.2350530933219    0.00507702266955403
196.222192499912    243.699966735649    1.23531432053688    0.00506899667276885
196.575745999912    244.136741424086    1.23541655230843    0.00506034669383257
196.929299499912    244.573512018434    1.23529642060871    0.00505081850611691
197.282852999911    245.010214380568    1.23505778600233    0.00504084202825904
197.636406499911    245.44683843372    1.23488804683467    0.00503118334998695
197.989959999911    245.883436341577    1.23491915788173    0.00502237635952917
198.343513499911    246.320081515788    1.23513989956532    0.00501436948203572
198.69706699991    246.756812508778    1.23536346257789    0.00500640063395999
199.05062049991    247.193592531288    1.23539774739784    0.00499769324417854
199.40417399991    247.630347150064    1.23523472808694    0.00498822031428316
199.75772749991    248.067027641346    1.23500532213242    0.00497851461306655
200.111280999909    248.503642723464    1.23489159605537    0.00496930983595103
200.464834499909    248.940253121206    1.23498225759498    0.00496095847140351
200.818387999909    249.37692576338    1.23521860933572    0.00495321933075618
201.171941499909    249.813677266462    1.23539200341307    0.00494525366637692
201.525494999908    250.250455851183    1.23536514846698    0.00493651507752543
201.879048499908    250.68719278565    1.23517413889469    0.00492715293976274
202.232601999908    251.123853999784    1.2349685781706    0.00491776690465916
202.586155499908    251.560465416991    1.23491010932413    0.00490899914371329
202.939708999907    251.997091997663    1.23505125114708    0.00490105358500938
203.293262499907    252.43379025758    1.23528462835017    0.00489349950769152
203.646815999907    252.87055591262    1.23540327863838    0.00488551652120887
204.000369499907    253.307329148624    1.23532849009076    0.00487679726537228
204.353922999906    253.744049163555    1.23512292616662    0.00486759366471096
204.707476499906    254.180697230973    1.23495012993983    0.00485855198051345
205.061029999906    254.617310624927    1.23494151969776    0.00485018680256557
205.414583499906    255.05395520341    1.23511560758955    0.0048425659841445
205.768136999905    255.490674555526    1.23533064560559    0.00483513007961908
206.121690499905    255.927448558991    1.23540273318474    0.00482715996326585
206.475243999905    256.364214191579    1.23528872530945    0.00481849125941709
206.828797499905    256.800919287109    1.23508336975573    0.00480949746279872
207.182350999904    257.237558846906    1.23494688018433    0.00480080313979073
207.535904499904    257.674178160233    1.23497855295843    0.00479279127530764
207.889457999904    258.110840385881    1.23517197411771    0.00478543238351053
208.243011499904    258.547577307311    1.23536614940875    0.00477809988503736
208.596564999903    258.984356151598    1.23539358039649    0.00477014750525451
208.950118499903    259.421112557333    1.23525143423376    0.004761568640489
209.303671999903    259.857804118288    1.23505149121313    0.00475279738241354
209.657225499903    260.294438726152    1.23495123810726    0.00474443958215533
210.010778999902    260.731067535404    1.23502449045858    0.00473677533764125
210.364332499902    261.167749372673    1.23522964909971    0.00472964082306004
210.717885999902    261.60450171236    1.23538989443024    0.00472235717024695
211.071439499902    262.041280487188    1.23537197120035    0.00471441739600548
211.424992999901    262.478024687161    1.23520919492323    0.00470595279888834
211.778546499901    262.914703023903    1.23502651469806    0.00469744179573622
