#t    E^kin_cmplxscal0    E^grad_cmplxscal0    E^kin_U10    E^grad_U10    Vpot_term_0    E_tot
0    0.500000557912804    2.41834428587258e-12    7.25984375906358e-12    1.50062395060023e-13    1.00000000000011    1.50000055792274
0.3535535    0.277893243001326    6.49766191304158e-13    1.47963991056189e-12    2.73478452854839e-14    0.288199521442146    0.566092764445629
0.707106999999999    0.122883069750973    2.22911020173027e-13    2.59562961913192e-13    7.88234885435925e-15    0.0443749991234269    0.167258068874891
1.0606605    0.0463835561715786    6.27422840479132e-14    6.34615467050826e-14    4.54169791979997e-15    0.0026120735925756    0.048995629764285
1.414214    0.0180940496626372    9.31045490273513e-15    1.47440806213171e-14    4.66570107135374e-15    6.64295060660617e-06    0.0181006926132725
1.76776750000001    0.00844611784889102    1.05022814684547e-14    7.38098945096326e-15    3.22941597035279e-15    4.38782592883313e-05    0.00848999610820047
2.121321    0.00370356619648456    1.84726870090794e-14    1.26636427338495e-14    1.07555078360621e-15    0.00113145875841648    0.00483502495493325
2.4748745    0.000341227376228558    1.06855042556515e-14    2.08858177387039e-14    4.46866884712869e-16    0.00349518395496534    0.00383641133122591
2.82842799999999    0.000732299994649359    8.2032039263705e-15    1.4559108320847e-14    2.92851186185646e-16    0.00298378856215213    0.00371608855682454
3.18198149999998    0.00208264185705457    5.93682116105752e-15    6.02966221865745e-15    2.13474938394942e-16    0.00072596811449959    0.00280860997156634
3.53553499999997    0.0017221392280787    1.97976277255037e-15    2.57941136012983e-15    3.09651934817787e-16    3.59362747410451e-05    0.00175807550282462
3.88908849999997    0.0011198348914077    3.1451843027786e-16    7.55592031421262e-16    4.5425162066967e-16    4.51929397087608e-12    0.00111983489592852
4.24264199999997    0.000733317808015641    2.28444520413822e-15    2.01954793944568e-15    1.34925983190054e-16    2.39287656248627e-05    0.000757246573644943
4.59619549999999    0.000320422075364375    1.71371852974937e-15    4.01047671243279e-15    7.20939257254411e-17    0.000247047559915174    0.000567469635285346
4.949749    2.19555202923053e-06    2.87086081557425e-15    2.92520040928338e-15    4.1714038570282e-17    0.000522496944241998    0.000524692496277067
5.30330250000002    0.000194445246729687    2.31376682629344e-15    1.90436688640637e-15    3.82083608606182e-17    0.000305864267702327    0.00050030951443627
5.65685600000003    0.000349548086261014    1.21947269504898e-15    1.10133729469859e-15    5.66320553475064e-17    4.71361127429787e-05    0.00039668419900637
6.01040950000005    0.000290820773247291    3.17261481153355e-16    5.14186070393985e-16    8.32655687092162e-17    6.12216885586873e-07    0.000291432990133793
6.36396300000006    0.00021775337211046    4.3950313211592e-16    2.08339949956105e-16    1.44934720280968e-16    2.6480306046563e-07    0.000218018175171718
6.71751650000007    0.000147411364776613    6.00049027043599e-16    1.56325758611374e-15    4.39630166083745e-17    2.14721800544045e-05    0.000168883544833225
7.07107000000009    3.92019142823782e-05    2.06159371459853e-15    9.58690478026575e-16    2.05763731575507e-17    0.000106022253706958    0.000145224167992377
7.4246235000001    8.77858873685799e-06    2.09358936860651e-15    6.87699792476858e-16    1.76036669038775e-17    0.00013391755799665    0.000142696146736307
7.77817700000012    8.43000571911526e-05    1.46990103606686e-15    4.37264553376838e-16    2.09519364216475e-17    4.65330847753043e-05    0.000130833141968385
8.13173050000013    0.000102811880006413    4.86265206951066e-16    3.23970006424614e-16    2.71617045591627e-17    3.45173589643149e-06    0.000106263615903682
8.48528400000015    8.45968017048645e-05    5.50146163032913e-17    2.51321604872847e-16    5.6932689231398e-17    1.00018449428453e-10    8.45969017236772e-05
8.83883750000016    6.70500801869235e-05    1.14432979269573e-15    3.06613679336881e-16    5.61434275961567e-17    1.33887347954445e-06    6.8388953667975e-05
9.19239100000018    3.79540096504817e-05    1.28960227960398e-15    1.15292830080001e-15    1.56592740208831e-17    1.95392728393496e-05    5.74932824922895e-05
9.54594450000019    2.12209436972446e-06    2.43759077085295e-15    2.81204122594459e-16    1.88855980964646e-17    5.18464892881881e-05    5.39685836606503e-05
9.89949800000021    1.56248305975735e-05    1.99198537922194e-15    2.84163889999653e-16    1.7373030114405e-17    3.74553612021772e-05    5.30801918020442e-05
10.2530515000002    3.99955777747799e-05    2.47528362917055e-16    1.15071783698394e-15    1.04332694837013e-17    7.13528398845528e-06    4.71308617646438e-05
10.6066050000002    3.92244775930094e-05    8.20613741893599e-17    4.56598502384782e-16    1.45588212659794e-17    1.42774581958329e-07    3.9367252175521e-05
10.9601585000002    3.29089057260226e-05    2.32025622693902e-16    1.96503636338523e-16    9.66038120879303e-17    1.89911429739052e-08    3.29278968695217e-05
11.3137120000003    2.51761829555109e-05    1.15998753594359e-16    2.16987179130785e-15    8.5214011301166e-18    2.76597012768956e-06    2.79421530854948e-05
11.6672655000003    8.72940237866184e-06    3.0860847174911e-15    1.82224380463911e-16    3.03432742700515e-17    1.63627053120539e-05    2.50921076940144e-05
12.0208190000003    6.33759016169005e-07    2.93230952822336e-15    3.98974856664376e-16    2.37446909289528e-17    2.40547242052933e-05    2.46884832248173e-05
12.3743725000003    1.3894652499438e-05    1.42466374005287e-15    1.0917347088144e-15    1.95261384380431e-17    9.68960824679491e-06    2.35842607487688e-05
12.7279260000003    1.98234131007645e-05    1.01063963882541e-15    1.42918624618615e-16    3.51043927671604e-17    8.66644270189762e-07    2.06900573721429e-05
13.0814795000003    1.77700291800283e-05    5.56493664614697e-17    4.69604429913691e-16    5.38518415512527e-17    2.15047007565652e-10    1.7770244227615e-05
13.4350330000004    1.5138624023192e-05    2.05299863644415e-15    2.31136211461975e-16    1.39437131132337e-16    2.19828195860579e-07    1.53584522214762e-05
13.7885865000004    9.59579794943745e-06    3.57773402653051e-15    9.16478737653848e-16    5.18485585609341e-17    3.96712774806416e-06    1.35629257020477e-05
14.1421400000004    9.3913518319864e-07    4.27241804942184e-15    1.03291650913289e-15    4.08238659053313e-17    1.19374352160363e-05    1.28765704045811e-05
14.4956935000004    3.05237958856925e-06    3.45792762872115e-15    1.34024277557595e-15    3.55490139348551e-17    9.70976479969212e-06    1.27621443930951e-05
14.8492470000004    9.7234084766376e-06    1.81617866589338e-16    2.8421467043735e-15    4.5317644159339e-18    2.0951998610664e-06    1.18186083407323e-05
15.2028005000004    1.03617994081906e-05    9.51764187217771e-17    1.09391626022785e-15    9.24335682947469e-18    5.47706234896739e-08    1.04165700328786e-05
15.5563540000004    9.1540495874676e-06    3.90295845471076e-16    5.43750246654001e-16    2.47853262526155e-16    2.69630038749764e-09    9.156745889037e-06
15.9099075000005    7.44728979097838e-06    2.58739013885772e-16    5.94155936475378e-15    5.64977954673558e-18    6.65369587445601e-07    8.11265938462993e-06
16.2634610000004    2.99244772006106e-06    7.56714341934015e-15    1.17421224313916e-15    9.61367861927377e-17    4.46512438021434e-06    7.4575721091129e-06
16.6170145000003    7.12921638499042e-08    6.11156481618274e-15    3.39320152636329e-15    6.16767109054318e-17    7.2732977628326e-06    7.34458993624894e-06
16.9705680000003    3.8934602919526e-06    2.2124144857069e-15    5.3153160066211e-15    3.5809399716723e-17    3.24291969548106e-06    7.1363799949972e-06
17.3241215000002    6.1642422313138e-06    3.55811433299236e-15    2.04902640917512e-16    1.35959667334833e-16    3.3113338856095e-07    6.49537562377373e-06
17.6776750000001    5.7956235256717e-06    1.34331552527208e-16    1.62539990612654e-15    1.44952154440182e-16    2.49940282339436e-10    5.79587346785873e-06
18.0312285    5.1308011188126e-06    6.48610519339485e-15    3.80481682627384e-16    6.03928946487108e-16    5.63063285148054e-08    5.18710745479792e-06
18.384782    3.48973208146898e-06    1.40270379092437e-14    9.98651983244533e-16    2.65857121609051e-16    1.21693296035785e-06    4.70666505711838e-06
18.7383354999999    4.69713461884194e-07    1.00355579472671e-14    8.79547327864819e-15    1.17169227139561e-16    4.03201737176725e-06    4.50173085259964e-06
19.0918889999998    8.84885809890194e-07    7.83352847295539e-15    9.96825449119625e-15    9.55631721687894e-17    3.59041312579604e-06    4.47529895358358e-06
19.4454424999997    3.38288619807718e-06    1.35797454955188e-15    1.00406039359767e-14    2.0109849516601e-17    8.52962656496904e-07    4.23584886599277e-06
19.7989959999997    3.8178508232567e-06    4.3768835192509e-16    4.17374523219862e-15    3.36921309737725e-17    2.74033290661842e-08    3.84525415696801e-06
20.1525494999996    3.47601595664483e-06    1.07675862468821e-15    2.34141891104613e-15    1.02942458387707e-15    5.02890484515639e-10    3.47651885157695e-06
20.5061029999995    2.9397274773527e-06    2.37636452587014e-15    2.35846222505018e-14    6.51123382133755e-17    2.18710750398408e-07    3.15843825377721e-06
20.8596564999994    1.31124445072677e-06    2.39553945016305e-14    1.24659665582006e-14    3.61062863684307e-16    1.63459233496115e-06    2.94583682247034e-06
21.2132099999994    6.43616474332308e-09    1.44285158210613e-14    2.69195876249011e-14    1.699442350251e-16    2.89666413845541e-06    2.90310034471678e-06
21.5667634999993    1.44225434567215e-06    3.55568558274067e-15    3.00267844997308e-14    6.6930121665743e-17    1.40432487911819e-06    2.84657925843974e-06
21.9203169999992    2.48747419333183e-06    1.68746257714106e-14    1.27294487296268e-15    6.83708928022356e-16    1.59963964604993e-07    2.6474381767681e-06
22.2738704999991    2.41702321538891e-06    5.61460124386471e-16    7.91865267526832e-15    5.71101461001811e-16    2.56274821000297e-10    2.41727949926112e-06
22.6274239999991    2.19190847613666e-06    2.82822464569609e-14    7.86261338316302e-16    3.30307143113213e-15    1.83196606280991e-08    2.21022816913634e-06
22.980977499999    1.56949797269073e-06    6.85634511271126e-14    1.22520467072519e-15    1.5297938823664e-15    4.70788697360198e-07    2.04028674136938e-06
23.3345309999989    2.64877741607495e-07    2.40351455662327e-14    6.88702987182062e-14    3.22612955044822e-16    1.69658234441642e-06    1.96146017925197e-06
23.6880844999988    3.1894869819121e-07    1.70280022677394e-14    7.30373692690259e-14    2.34898522492165e-16    1.63379036123476e-06    1.95273914972624e-06
24.0416379999988    1.45127562438404e-06    1.54149805907176e-14    4.31130913913834e-14    2.72619359902259e-16    4.21782940664776e-07    1.87305862384951e-06
24.3951914999987    1.7163363540035e-06    3.4724257337172e-15    2.07304830999171e-14    2.79424923816681e-16    1.61219037810047e-08    1.73245828226684e-06
24.7487449999986    1.59477486901215e-06    3.6254889874053e-15    1.31870229811242e-14    5.31336996810518e-15    1.02611905987139e-10    1.59487750304402e-06
25.1022984999985    1.3863564898819e-06    2.37002499735213e-14    1.15758052764393e-13    8.91155419778367e-16    8.66200318123035e-08    1.47297666204366e-06
25.4558519999985    6.71667846524136e-07    8.08902567628792e-14    1.16389593349115e-13    1.36516820823734e-15    7.15811160999949e-07    1.3874792061691e-06
25.8094054999984    8.05382113491282e-13    2.68024834207294e-14    2.03477891559545e-13    3.61795492372227e-16    1.36794475896518e-06    1.36794579498947e-06
26.1629589999983    6.33978560798043e-07    4.56141860741478e-15    1.84969458166227e-13    8.32794859210401e-17    7.14822586447236e-07    1.34880133685943e-06
26.5165124999982    1.18271554786867e-06    9.56006100429649e-14    1.45665753520569e-14    3.87635454413086e-15    8.96946231808828e-08    1.2724102850931e-06
26.8700659999982    1.17954308241124e-06    3.18170540145178e-15    4.77036085208914e-14    2.67685720911556e-15    2.53609098174805e-10    1.17979674507159e-06
27.2236194999981    1.08759413173448e-06    1.48499150418705e-13    1.97663908176639e-15    2.0786255673628e-14    6.89361147384844e-09    1.09448791447037e-06
27.577172999998    8.11175549742434e-07    3.76413906168971e-13    2.02981275425866e-14    9.35621375226451e-15    2.11239433669432e-07    1.02241538948011e-06
27.9307264999979    1.6353989470607e-07    3.90136930373213e-14    5.20794038268077e-13    6.11175318597283e-16    8.2304713533793e-07    9.86587590462906e-07
28.2842799999979    1.31278309370456e-07    2.17970082622849e-14    5.2810408028874e-13    3.47257777779888e-16    8.51615924451951e-07    9.82894784070753e-07
28.6378334999978    7.14086856259439e-07    1.67054996930255e-13    1.97376177381022e-13    3.20264669964094e-15    2.37202572999792e-07    9.51289796893052e-07
28.9913869999977    8.80782131209736e-07    3.32503807965297e-14    1.19578387123272e-13    2.68993839025772e-15    1.05643234335324e-08    8.91346610161975e-07
29.3449404999977    8.30939644242049e-07    1.29764159236121e-14    8.74578714297751e-14    3.14053725957319e-14    2.0082573571392e-11    8.30959858655281e-07
29.6984939999976    7.37619252025032e-07    2.32001523219356e-13    6.40319223641231e-13    1.04764698878818e-14    3.87877560643289e-08    7.76407890886577e-07
30.0520474999975    3.83059450808907e-07    2.40363201410597e-13    1.02151508476051e-12    4.50178273081987e-15    3.53558400023749e-07    7.36619117212725e-07
30.4056009999974    1.31616757701655e-09    2.64092519780233e-14    1.47005310710866e-12    3.63160097957339e-16    7.25138839739771e-07    7.26456504142307e-07
30.7591544999974    3.12537871862174e-07    7.99507153511622e-14    1.16166127061587e-12    8.72423437635486e-16    4.06399423646879e-07    7.18938537993462e-07
31.1127079999973    6.29377993577105e-07    5.94020712896093e-13    1.76785704217692e-13    2.34628388730215e-14    5.5726696443546e-08    6.85105484289906e-07
31.4662614999972    6.4203117983415e-07    2.05371159375508e-14    3.29731030509962e-13    1.38094326803471e-14    2.48311620584214e-10    6.42279855532313e-07
31.8198149999971    5.9925003426351e-07    8.71367187546927e-13    1.34360905256229e-14    1.44072243496839e-13    2.84960445938248e-09    6.02100667598414e-07
32.1733684999971    4.62371847656095e-07    2.17078147282364e-12    4.09605290840081e-13    5.88104012814934e-14    1.05006227472043e-07    5.67380714325304e-07
32.5269219999972    1.08060944619891e-07    6.1795755337944e-14    3.77335928045805e-12    7.1876855708483e-16    4.40993003389617e-07    5.49057783883312e-07
32.8804754999974    5.87519915216008e-08    1.34300576514719e-13    3.66011813438216e-12    1.19157632683377e-15    4.88422247713917e-07    5.47178034845805e-07
33.2340289999975    3.86884793472927e-07    1.72180501391972e-12    8.61782962689835e-13    3.37961040842702e-14    1.4612205591992e-07    5.33009466776928e-07
33.5875824999976    4.96724988557448e-07    3.43730169347659e-13    7.49324639201696e-13    2.69310779426577e-14    7.47014949812412e-09    5.04196258041459e-07
33.9411359999977    4.74417777007406e-07    4.42972801252583e-14    6.44184628574927e-13    2.03956763768006e-13    3.2267580269786e-12    4.74421896204106e-07
34.2946894999978    4.28186783104554e-07    2.22750625203513e-12    3.79433433995268e-12    1.14979467730533e-13    1.8929075371076e-08    4.47121995295689e-07
34.6482429999979    2.36194421639357e-07    4.53472942898286e-13    8.57279262897157e-12    9.8532882647463e-15    1.90336396292292e-07    4.26539854050508e-07
35.001796499998    2.96398097707814e-09    8.53725956559804e-13    9.92847308939572e-12    7.70230756829678e-15    4.17757904974402e-07    4.20732675852834e-07
35.3553499999981    1.67111321054832e-07    1.98737569724079e-12    7.03278269438728e-12    2.45884705998814e-14    2.50331377035577e-07    4.17451742837271e-07
35.7089034999982    3.63517056910124e-07    3.82800577646221e-12    2.08516384497776e-12    1.4597475474081e-13    3.73028137281301e-08    4.0082592978263e-07
36.0624569999983    3.78656574224961e-07    1.37889592429737e-13    2.50475746911258e-12    7.48939950978603e-14    2.42537206226716e-10    3.78901828972245e-07
36.4160104999984    3.56756617061412e-07    5.48644514207745e-12    1.92998690793247e-13    1.07127500735371e-12    1.25304539742567e-09    3.58016413177677e-07
36.7695639999985    2.83378492164603e-07    1.2596948006992e-11    5.92039929395522e-12    3.69374904385662e-13    5.6238273309467e-08    3.39635652196275e-07
37.1231174999986    7.51926477807205e-08    2.95612073204918e-12    2.57116639827727e-11    3.19884162861469e-14    2.54186132635856e-07    3.29407480189708e-07
37.4766709999987    2.76696320698102e-08    5.08238403321535e-12    2.34713383670334e-11    5.13462347106095e-14    3.00611870298643e-07    3.28310107437088e-07
37.8302244999988    2.25030940995054e-07    1.69949168201129e-11    3.11244640540021e-12    3.33583341688735e-13    9.63111344324652e-08    3.21362516374087e-07
38.1837779999989    3.00622644289213e-07    3.68281937452675e-12    4.88409585505193e-12    2.74301363135882e-13    5.5872205371891e-09    3.06218706042995e-07
38.537331499999    2.90190496652506e-07    1.22192221429589e-13    5.10845296397861e-12    1.41786981655332e-12    3.15020922506808e-13    2.90197460188431e-07
38.8908849999991    2.65452492736549e-07    2.11083829888314e-11    2.33657695761768e-11    1.22338154761536e-12    9.83438068191056e-09    2.75332570952572e-07
39.2444384999992    1.54469394215646e-07    8.68485957122749e-13    6.89608868210619e-11    1.4477990559099e-14    1.09260013355923e-07    2.63799251422338e-07
39.5979919999993    3.99219340255215e-09    2.31108260147305e-11    6.04953792465172e-11    2.39050801985198e-13    2.5616085813043e-07    2.60236896789045e-07
39.9515454999994    9.48258439101994e-08    3.22609513576665e-11    3.85659730636228e-11    4.20868166477198e-13    1.63788337185339e-07    2.58685428888126e-07
40.3050989999995    2.23384940364758e-07    2.4467369115554e-11    2.38544106895035e-11    9.00473950946973e-13    2.64152165660204e-08    2.49849379184534e-07
40.6586524999996    2.37461453149726e-07    9.1124123508573e-13    2.03627162471705e-11    4.09186992109185e-13    2.37030030172833e-10    2.37720166324373e-07
41.0122059999997    2.25389617569967e-07    3.61265141327017e-11    2.73245039596735e-12    8.38809391167066e-12    5.73044037313401e-10    2.26009908665721e-07
41.3657594999998    1.83556707520848e-07    7.07806190603925e-11    7.25191638966069e-11    2.24720001419075e-12    3.18452026875391e-08    2.15547457191358e-07
41.7193129999999    5.44313633027512e-08    6.80717832335366e-11    1.59598619018079e-10    8.34344123373891e-13    1.54780214174865e-07    2.09440082223991e-07
42.0728665    1.33598019888391e-08    9.78872636978986e-11    1.31285646072186e-10    1.06640823030097e-12    1.95137815244368e-07    2.08727856551207e-07
42.4264200000001    1.38083191159673e-07    1.60734712894611e-10    6.90019824855064e-12    3.12624750184471e-12    6.68265429942167e-08    2.05080495312534e-07
42.7799735000002    1.92119157694969e-07    4.04725783058395e-11    3.15426592962413e-11    2.84446269213809e-12    4.36066833088939e-09    1.96554685726153e-07
43.1335270000003    1.87274374425946e-07    1.66107617960792e-13    4.28648632621495e-11    1.02687606896989e-11    6.47259815754576e-15    1.87327680630114e-07
43.4870805000005    1.729834230989e-07    1.97710225914069e-10    1.45219331129816e-10    1.28064464058059e-11    5.34558274727231e-09    1.78684741849622e-07
43.8406340000006    1.05507003328058e-07    4.31691651923692e-11    5.25422418934812e-10    6.76951644757895e-13    6.57324013025811e-08    1.71808673166411e-07
44.1941875000007    4.46891275012502e-09    3.77256405587281e-10    3.03842927400127e-10    4.18215119787729e-12    1.64340331766458e-07    1.69494526000768e-07
44.5477410000008    5.60989277977906e-08    4.24081477746825e-10    1.64324088702197e-10    5.67133956979146e-12    1.12009617610912e-07    1.68702622314722e-07
44.9012945000009    1.43784963510836e-07    1.41303962192852e-10    2.69977669625907e-10    5.06333031415623e-12    1.95121273065081e-08    1.63713435779477e-07
45.254848000001    1.56173761671795e-07    5.13874824983675e-12    1.72280009764087e-10    1.94738401705218e-12    2.3209657161906e-10    1.56585224385445e-07
45.6084015000011    1.49007580907965e-07    2.38961081918799e-10    3.57448561512736e-11    6.69592332264716e-11    2.66854917318677e-10    1.4961610099658e-07
45.9619550000012    1.23463931663126e-07    3.52361450360729e-10    8.04589048716801e-10    1.22650920451301e-11    1.86868342861072e-08    1.43319981540356e-07
46.3155085000013    4.02457264456488e-08    1.05551683616551e-09    7.95412942162552e-10    1.40644356008294e-11    9.73685966745347e-08    1.39479317334112e-07
46.6690620000014    6.38823197388652e-09    1.40914143639475e-09    4.8670155646596e-10    1.61462311795307e-11    1.30652256542089e-07    1.38952477740016e-07
47.0226155000015    8.75452050500122e-08    1.3998860271856e-09    5.10398389594989e-11    2.71468768338675e-11    4.78987743500421e-08    1.36922052143033e-07
47.3761690000016    1.27695615401344e-07    4.81169871749636e-10    1.50055795226781e-10    3.21390294428846e-11    3.50816681575595e-09    1.31867146913519e-07
47.7297225000017    1.25822035022129e-07    9.42061719445711e-13    3.73766621424434e-10    6.62235612806116e-11    1.10791039775878e-16    1.26262967377345e-07
48.0832760000018    1.15382699712974e-07    1.73537726248715e-09    7.86008472403702e-10    1.28052269916944e-10    2.95391421782756e-09    1.2098605193561e-07
48.4368295000019    7.24218797319351e-08    1.16862776241389e-09    3.28351995762444e-09    2.17687042488359e-11    3.98141080576222e-08    1.16709904213844e-07
48.790383000002    4.43293823510528e-09    4.74205270659773e-09    5.76498607984633e-10    5.73349451521846e-11    1.05300199860923e-07    1.15109024355763e-07
49.1439365000021    3.30442288006392e-08    4.64693608697482e-09    1.21245808010774e-10    6.53843739781499e-11    7.67240987972958e-08    1.14601893866899e-07
49.4974900000022    9.37613795864809e-08    2.33693656916622e-10    3.05527569458776e-09    9.26200277401006e-12    1.45934947269181e-08    1.11653105667677e-07
49.8510435000023    1.05830870482923e-07    4.82780452926067e-11    1.17482662270524e-09    9.35138362162305e-12    2.27218127247816e-10    1.0729054466179e-07
50.2045970000024    1.00916310758291e-07    1.0587125233551e-09    4.78747312718233e-10    3.7672302503813e-10    1.20528919175207e-10    1.02951022538578e-07
50.5581505000025    8.12310478690556e-08    6.73419853117278e-10    6.51532042992213e-09    2.79908174151259e-11    1.05986849092448e-08    9.9046463878755e-08
50.9117040000026    2.78204180956255e-08    1.03248678796423e-08    6.68686333981706e-10    1.62738558812698e-10    5.75944177086941e-08    9.65711285767563e-08
51.2652575000027    2.69799275384706e-09    1.07137928777276e-08    9.77514111398264e-10    1.41557335948737e-10    8.14785279168792e-08    9.60093849958008e-08
51.6188110000028    5.25400675290102e-08    3.20227361482232e-09    6.32329392382243e-09    7.12987688948482e-11    3.25975054214744e-08    9.47344392580242e-08
51.9723645000029    8.35774691185979e-08    4.09694853521668e-09    9.54500864982343e-10    2.84261099771909e-10    2.77475053540519e-09    9.1687930153974e-08
52.325918000003    8.653035715405e-08    7.03257325667576e-11    1.50915130143446e-09    6.22197459620162e-11    5.24360569666643e-14    8.81721063700702e-08
52.6794715000031    7.85621244819023e-08    3.85942188779058e-09    3.99146912864186e-10    3.54752817480094e-10    1.64428056383126e-09    8.48197266638685e-08
53.0330250000032    4.94558172244357e-08    6.24978116147204e-09    2.27724643101248e-09    1.47880431021077e-10    2.39547814827535e-08    8.20855067306948e-08
53.3865785000033    4.18460981440211e-09    8.21039175024347e-09    2.15504180940914e-09    1.22125773009388e-10    6.62384306953422e-08    8.09105998424063e-08
53.7401320000034    1.89464856854909e-08    4.82355801888681e-09    5.00363740513433e-09    8.24433025090573e-11    5.16384285476053e-08    8.04945529596264e-08
54.0936855000036    6.16267051727614e-08    2.37476607910048e-09    3.76223872973982e-09    7.86586249683336e-11    1.08618256537004e-08    7.87041942602704e-08
54.4472390000037    7.36226363083038e-08    1.2793757786303e-09    5.38665262390783e-10    2.86511886611322e-10    2.23567341076321e-10    7.59507565770125e-08
54.8007925000038    7.16895105349684e-08    3.352386381126e-10    9.13438472605396e-10    1.40842893106697e-10    5.69622863496579e-11    7.31359928251428e-08
55.1543460000039    5.9691021601096e-08    7.40801767604894e-10    3.33797920888935e-09    3.20029355517689e-11    6.75646049226145e-09    7.05582660054035e-08
55.507899500004    2.28548011272474e-08    4.56321343169001e-09    1.31206718073621e-09    8.99097702930042e-11    4.00302907070288e-08    6.88502822169954e-08
55.8614530000041    1.25909647903084e-09    3.72301126869077e-09    2.7546833194487e-09    6.05089978374266e-11    6.06712826167519e-08    6.84685826817596e-08
56.2150065000042    3.65435356572004e-08    1.23983176159612e-09    4.02671006927751e-09    3.13436770148925e-11    2.58842623302974e-08    6.77256834953863e-08
56.5685600000043    6.01717959557272e-08    1.91457473704974e-09    1.08104950837692e-09    1.44499004673261e-10    2.43901379587655e-09    6.57509330017037e-08
56.9221135000044    6.24060612106587e-08    1.32457327759513e-10    7.76831565338871e-10    1.11804148695781e-10    4.20820588150486e-13    6.34275750730411e-08
57.2756670000045    5.73103965134671e-08    2.20371610163871e-09    4.78685877340663e-10    2.58748107900264e-10    9.44399319063823e-10    6.11959459194105e-08
57.6292205000046    3.79052637059651e-08    4.04333215631459e-09    1.42238543660111e-09    1.13728810382495e-10    1.58502605309211e-08    5.93349706401844e-08
57.9827740000047    4.28271894579885e-09    4.54633349894671e-09    2.26457066841261e-09    7.96674459036077e-11    4.73143340362304e-08    5.84876245952922e-08
58.3363275000048    1.20101117690763e-08    2.85495660364659e-09    3.7061001269164e-09    5.73441065357485e-11    3.96115169627383e-08    5.82400295689134e-08
58.6898810000049    4.37542837284712e-08    1.72571026107254e-09    2.5356670820341e-09    6.15494989862942e-11    9.02776365462949e-09    5.71049742251936e-08
59.043434500005    5.33548314415678e-08    8.22192245761698e-10    6.96051455526645e-10    1.64849675045705e-10    2.35247751223856e-10    5.52731725691257e-08
59.3969880000051    5.20376735338506e-08    3.66067506641507e-10    6.94957422911243e-10    2.58976987324433e-10    2.31164239782639e-11    5.3380791874706e-08
59.7505415000052    4.29754230158935e-08    6.37681449447189e-10    3.93113750273668e-09    3.38028644964446e-11    4.06650402598302e-09    5.16445488585568e-08
60.1040950000053    1.77463938547838e-08    4.91469069941721e-09    1.68570235181444e-09    1.20859418296715e-10    2.59798980472801e-08    5.04475443715923e-08
60.4576485000054    4.52596318618001e-10    2.93609801253521e-09    4.55211451737892e-09    6.30118677560111e-11    4.21105434428809e-08    5.0114364159169e-08
60.8112020000055    2.39065964140012e-08    9.83288175569806e-10    5.15190712035866e-09    3.02046041714424e-11    1.95668843265429e-08    4.9638880640644e-08
61.1647555000056    4.2344742963088e-08    1.94024447128615e-09    1.79341102163631e-09    1.62019834766202e-10    2.11199770936546e-09    4.83524160001422e-08
61.5183090000057    4.56340921716265e-08    1.54461083741461e-10    8.50433451992835e-10    1.4625551758039e-10    1.30468144170095e-12    4.67865469063828e-08
61.8718625000058    4.19827804670705e-08    1.91359715835206e-09    5.00760386406963e-10    3.38809840826552e-10    5.26172584690778e-10    4.52621204373468e-08
62.2254160000059    2.84963517318412e-08    4.06389379083186e-09    1.09452006875392e-09    1.63066575832675e-10    1.01558755030578e-08    4.39737076703174e-08
62.578969500006    4.09575285784328e-09    2.93958706666622e-09    3.75387690180301e-09    7.35741339892663e-11    3.24680959999209e-08    4.33308869602227e-08
62.9325230000061    7.21838204024679e-09    1.72157412362979e-09    4.81786562088066e-09    4.5127326298213e-11    2.93407156764267e-08    4.31436647874822e-08
63.2860765000062    3.05386579614368e-08    2.61432143509031e-09    1.77052410919953e-09    1.08401064647937e-10    7.38161921188212e-09    4.24135237822567e-08
63.6396300000063    3.89655954995989e-08    1.03798018599888e-09    7.03257911912535e-10    2.2176093588289e-10    2.46206512411726e-10    4.11748010458049e-08
63.9931835000064    3.85364377742413e-08    3.25518364085483e-10    6.69383227253022e-10    3.29279753718909e-10    8.61620198696252e-12    3.98692353212857e-08
64.3467370000062    3.16845926634509e-08    7.77400292013981e-10    3.69519424280808e-09    4.96947480578881e-11    2.45876785756086e-09    3.86656498038917e-08
64.7002905000059    1.40912859078287e-08    3.81616782283219e-09    2.66403264427348e-09    1.26921147423668e-10    1.71032094519036e-08    3.78016169742616e-08
65.0538440000057    1.85925668166013e-10    1.67408818804946e-09    5.85640022332554e-09    4.41928290335432e-11    2.97572243557974e-08    3.7517831264372e-08
65.4073975000054    1.58355466430915e-08    1.75490356516608e-09    4.45161263171626e-09    5.1898604345804e-11    1.51127106655183e-08    3.7206672109838e-08
65.7609510000052    3.03764830376999e-08    1.48338594133376e-09    2.47204965310131e-09    1.44375358332035e-10    1.86888487919586e-09    3.63451788696629e-08
66.1145045000049    3.39851969882205e-08    2.16370366387051e-10    8.50700783763686e-10    2.08086817068026e-10    3.17493362973526e-12    3.5263529889069e-08
66.4680580000047    3.12181354881816e-08    1.7590536426143e-09    5.19968136377939e-10    4.14095545888388e-10    2.84499749328071e-10    3.41957525623903e-08
66.8216115000044    2.15835840298403e-08    4.09442392409825e-09    9.6541058579408e-10    2.12799114100336e-10    6.42760735445027e-09    3.32838250082833e-08
67.1751650000042    3.80328839001179e-09    1.72123250067159e-09    5.17320110835253e-09    5.05469852332017e-11    2.20370310597475e-08    3.27853000440166e-08
67.5287185000039    4.23576940826301e-09    1.57734683713872e-09    5.18801734730682e-09    4.42650342896676e-11    2.1585592815855e-08    3.26309914428532e-08
67.8822720000037    2.11516295114308e-08    3.67866625337622e-09    1.08149745501871e-09    1.85394968132494e-10    6.0527706747358e-09    3.2149958862694e-08
68.2358255000034    2.86517646877332e-08    1.45473192428866e-09    5.96754561280296e-10    3.35441140061571e-10    2.58241171735947e-10    3.12969334850996e-08
68.5893790000032    2.9122726063727e-08    2.63808896466052e-10    7.00744200287335e-10    2.85566858854323e-10    2.86295081579761e-12    3.03757089701505e-08
68.9429325000029    2.41813947962529e-08    1.11845674384621e-09    2.60301538148146e-09    1.07690575846084e-10    1.50686048839125e-09    2.95174179858179e-08
69.2964860000027    1.15978928575909e-08    2.11128516639947e-09    3.45738816827484e-09    8.24369175972528e-11    1.16273904957559e-08    2.88763936056184e-08
69.6500395000024    1.69877079946388e-10    1.73185071710333e-09    4.77976916153898e-09    4.87816162737072e-11    2.19164291075164e-08    2.86467076823788e-08
70.0035930000022    1.06975705570419e-08    2.91310545891267e-09    2.54027453544034e-09    9.66949905613114e-11    1.21927844155129e-08    2.84404299574691e-08
70.3571465000019    2.24960336325782e-08    1.0499145488363e-09    2.47874537372026e-09    1.01706608962404e-10    1.72087317975115e-09    2.78472733438483e-08
70.7107000000017    2.58176234223296e-08    3.16859344294632e-10    6.72032794367551e-10    2.67821353274175e-10    6.7158147553325e-12    2.70810527290213e-08
71.0642535000014    2.39214776829488e-08    1.34019644500979e-09    5.31550785453333e-10    3.71889897961903e-10    1.48801395316686e-10    2.63139162066905e-08
71.4178070000012    1.70354319091928e-08    3.15552929606315e-09    1.13037561294876e-09    1.82997066859055e-10    4.1443601063269e-09    2.56486939913907e-08
71.7713605000009    3.62964932664241e-09    1.59434291326735e-09    4.4676963548533e-09    5.51743236556408e-11    1.55154162721816e-08    2.52622791906003e-08
72.1249140000007    2.46890112139481e-09    2.69696521268612e-09    3.30177739078651e-09    7.72566612828379e-11    1.65959547602172e-08    2.51408551463675e-08
72.4784675000004    1.49829267193486e-08    3.01013365518361e-09    1.48310449659194e-09    1.54975247876131e-10    5.18153719982752e-09    2.48126773188278e-08
72.8320210000002    2.14761091294587e-08    1.35801063338654e-09    8.2136686932642e-10    2.77274896293692e-10    2.79846449440938e-10    2.42126079779063e-08
73.1855744999999    2.24025894375632e-08    2.43968403679833e-10    5.67199567923792e-10    3.34209219247469e-10    7.66073907595356e-13    2.35487327023219e-08
73.5391279999996    1.84962873288465e-08    1.22584871368335e-09    2.1842002923318e-09    1.32784546263962e-10    8.86768618628316e-10    2.29258894997539e-08
73.8926814999994    9.44666638217584e-09    1.57925273365594e-09    3.66667986869979e-09    7.69702988251406e-11    7.67526037216511e-09    2.24448296555218e-08
74.2462349999991    2.77798519722566e-10    2.95060329667738e-09    3.22394672000243e-09    7.98315664634851e-11    1.57202827772961e-08    2.22524628801619e-08
74.5997884999989    6.99566670136634e-09    3.50809623113364e-09    1.83671047321312e-09    1.27464047751578e-10    9.63372201554524e-09    2.21016594690099e-08
74.9533419999986    1.655256012695e-08    1.26468278515404e-09    2.17289346381641e-09    1.3096117452053e-10    1.56858410543354e-09    2.16896816558745e-08
75.3068954999984    1.96478542024591e-08    4.78800319798638e-10    6.68404760002563e-10    3.3252338944541e-10    1.21571903803155e-11    2.11397398620861e-08
75.6604489999981    1.82268758617253e-08    1.32658259865674e-09    5.44927223125143e-10    4.09845424388462e-10    7.24602056941893e-11    2.05806913135898e-08
76.0140024999979    1.29569920463179e-08    2.64072117342677e-09    1.7966563618855e-09    1.93983585011624e-10    2.50514889630596e-09    2.00935020629478e-08
76.3675559999976    3.22052996609063e-09    3.23349606310154e-09    3.14088445199984e-09    1.05412816450844e-10    1.00938373252395e-08    1.97941606228823e-08
76.7211094999974    1.41996040149274e-09    4.00467045594133e-09    2.42442506908341e-09    1.37891536887828e-10    1.1689165354936e-08    1.96761128183413e-08
77.0746629999971    1.02601411121456e-08    2.35874630505184e-09    2.5654900934631e-09    1.94963669108513e-10    4.05995755116789e-09    1.94392987309369e-08
77.4282164999969    1.5788317890707e-08    1.276386504259e-09    1.31530891572656e-09    3.63160602379192e-10    2.7316157892941e-10    1.90163354920012e-08
77.7817699999966    1.69039839984562e-08    3.86894995507548e-10    7.16075550712977e-10    5.28404446030459e-10    4.24499746309881e-13    1.85357834904535e-08
78.1353234999964    1.31325481401093e-08    1.93766726296223e-09    2.26159472726523e-09    2.76657581695722e-10    4.78274852824619e-10    1.80867425648571e-08
78.4888769999961    6.6914227951689e-09    2.85287989675419e-09    3.56004045816998e-09    2.14724166746544e-10    4.4151906001501e-09    1.77342579169897e-08
78.8424304999959    5.83988852870498e-10    4.36197050609904e-09    2.96845662023995e-09    2.31908557606707e-10    9.411072618469e-09    1.75573971552852e-08
79.1959839999956    4.45858125121836e-09    3.4394468489857e-09    3.0557542155706e-09    2.72680326540296e-10    6.18823439037197e-09    1.74146970326869e-08
79.5495374999954    1.13181083424741e-08    2.25129554213636e-09    2.01496820980395e-09    4.02770592760664e-10    1.13629274927953e-09    1.71234354364546e-08
79.9030909999951    1.40744610967653e-08    8.87622436311924e-10    1.10532511731191e-09    6.49580953295462e-10    1.50389788737385e-11    1.67320285825584e-08
80.2566444999949    1.30657001735499e-08    1.55515178511092e-09    9.52113422388061e-10    7.18112420410602e-10    3.8772678417315e-11    1.63298504798768e-08
80.6101979999946    8.94811604171239e-09    2.49366244589391e-09    2.759120967761e-09    4.26687180096149e-10    1.35218800064975e-09    1.59797746361132e-08
80.9637514999944    2.68743190604261e-09    4.6017116174952e-09    2.60160878872098e-09    3.47862108681853e-10    5.50747584645597e-09    1.57460902673966e-08
81.3173049999941    1.27510458632007e-09    3.84096493480155e-09    3.50247019992779e-09    3.58733064731459e-10    6.63612082927224e-09    1.56133936150531e-08
81.6708584999939    6.67726772582779e-09    3.00785265253174e-09    2.75728441150512e-09    4.49291102073171e-10    2.53542751866096e-09    1.54271234105988e-08
82.0244119999936    1.0847924248914e-08    1.7415160920482e-09    1.67958523806722e-09    6.43787867328039e-10    2.16086676177593e-10    1.51289001225351e-08
82.3779654999934    1.20325265150769e-08    8.43077166778793e-10    1.02365203981028e-09    8.86304425901619e-10    6.81045604800548e-13    1.47862411931724e-08
82.7315189999931    9.23881586125397e-09    2.38725357159391e-09    1.96819601314557e-09    6.2136957767785e-10    2.46003279291722e-10    1.4461638302963e-08
83.0850724999928    4.88026433934e-09    4.01131134081294e-09    2.54125780447616e-09    4.70650342268884e-10    2.29799132709921e-09    1.42014751539972e-08
83.4386259999926    1.06991172961555e-09    4.03474350344205e-09    3.47894015139606e-09    4.21678380366137e-10    5.03252250799572e-09    1.40377962728155e-08
83.7921794999923    2.98986060008841e-09    3.75979098165838e-09    3.02786936709439e-09    4.89381921687294e-10    3.63824229147941e-09    1.39051451620079e-08
84.1457329999921    7.52459587319262e-09    2.48925899335295e-09    2.22216359315684e-09    6.6471964760331e-10    7.91350602079471e-10    1.36920887093852e-08
84.4992864999918    9.88267292432801e-09    1.32138051458878e-09    1.30496248591862e-09    8.84382919238113e-10    2.05612052007383e-11    1.34139600492743e-08
84.8528399999916    9.44970188097754e-09    1.52925564570545e-09    1.19795547708359e-09    9.26429468431482e-10    1.96492769988789e-11    1.31229917491969e-08
85.2063934999913    6.43514508020901e-09    2.3967045112706e-09    2.73090988943198e-09    6.2006666790058e-10    6.82645107463713e-10    1.28654712562759e-08
85.5599469999911    2.51823586586797e-09    3.72127662850756e-09    3.00764168730172e-09    5.13649327695978e-10    2.91467033469541e-09    1.26754738440686e-08
85.9135004999908    1.25484599332973e-09    3.84472144327999e-09    3.11490376427399e-09    5.06795673427793e-10    3.82854222203392e-09    1.25498090963454e-08
86.2670539999906    4.4322818027924e-09    3.21831989508987e-09    2.44377324869665e-09    6.06455343325273e-10    1.70125895401129e-09    1.24020892439155e-08
86.6206074999903    7.54200163205522e-09    2.01100263988184e-09    1.65677001328111e-09    7.82871134460357e-10    1.94852497159309e-10    1.21874979168378e-08
86.9741609999901    8.67873068747839e-09    1.16978129913817e-09    1.14693254274726e-09    9.42748165122881e-10    1.33619762062748e-12    1.19395288921073e-08
87.3277144999898    7.05306386731618e-09    2.1736379288109e-09    1.5624156100087e-09    7.90834031265729e-10    1.18380008919512e-10    1.1698331446321e-08
87.6812679999896    4.13836096005763e-09    3.37919522324481e-09    2.16261888599168e-09    6.07643413972896e-10    1.20909613401952e-09    1.14969146172865e-08
88.0348214999893    1.39250045591179e-09    3.58525331938675e-09    2.89502354219703e-09    5.44279190429718e-10    2.93817647408464e-09    1.13552329820099e-08
88.3883749999891    2.07534069936799e-09    3.55968911691383e-09    2.56235618713836e-09    5.67128395486811e-10    2.47665815250989e-09    1.12411725514169e-08
88.7419284999888    5.17951915680869e-09    2.46363652171681e-09    2.09148167561111e-09    6.674292288519e-10    6.82584496195308e-10    1.10846510791838e-08
89.0954819999886    7.14397206781772e-09    1.545691027693e-09    1.30224489938823e-09    8.56594289839772e-10    3.42467905015584e-11    1.08827490752403e-08
89.4490354999883    7.21193781526397e-09    1.39947598490647e-09    1.0955342642139e-09    9.52492080786866e-10    7.62722788903682e-12    1.06670673730602e-08
89.8025889999881    5.21220914063963e-09    2.18944123976652e-09    2.05592686823396e-09    6.97487527240236e-10    3.14517046881311e-10    1.04695818227617e-08
90.1561424999878    2.55366101144276e-09    3.05955946248149e-09    2.50390249648571e-09    5.94302688914093e-10    1.60108801658215e-09    1.03125136759062e-08
90.5096959999876    1.19433797290783e-09    3.46357635625606e-09    2.46995642164834e-09    5.56982912394731e-10    2.51662787356835e-09    1.02014815367753e-08
90.8632494999873    2.96146363564196e-09    2.8321044076727e-09    2.25780513997881e-09    6.24156432488215e-10    1.41158173097877e-09    1.00871113467605e-08
91.2168029999871    5.29818458286272e-09    2.05003669913156e-09    1.59634822879383e-09    7.42413154689705e-10    2.4503920902583e-10    9.93202187450363e-09
91.5703564999868    6.46111877310447e-09    1.29105809809859e-09    1.08824856765306e-09    9.04921048436435e-10    4.01835482964315e-12    9.7493648421222e-09
91.9239099999865    5.72055342591665e-09    1.7470141714847e-09    1.21962778054216e-09    8.37315388322889e-10    4.05283062813776e-11    9.56503907254777e-09
92.2774634999863    3.80606180270764e-09    2.45480949092343e-09    1.93426996886321e-09    6.46433828596591e-10    5.62475507981589e-10    9.40405059907245e-09
92.631016999986    1.68504703074649e-09    3.05230664727952e-09    2.22418507454513e-09    5.71343161439636e-10    1.74776604733906e-09    9.28064796134983e-09
92.9845704999858    1.45015433035882e-09    2.97829961833947e-09    2.25505427023846e-09    5.81800337790901e-10    1.91949252753691e-09    9.18480108426457e-09
93.3381239999855    3.45755543986972e-09    2.4471723638544e-09    1.77171585103063e-09    6.51946263366077e-10    7.42597083808264e-10    9.07098700192909e-09
93.6916774999853    5.14317320180394e-09    1.67223005887364e-09    1.24427543138922e-09    7.90577669010181e-10    7.36532873332246e-11    8.9239096484102e-09
94.045230999985    5.64576593799186e-09    1.25237163162195e-09    9.69066129421694e-10    8.92298373293644e-10    1.94532193814759e-12    8.7614473942673e-09
94.3987844999848    4.49436199926001e-09    1.87229724037924e-09    1.39332327631152e-09    7.34956351809946e-10    1.11177381764722e-10    8.60611624952544e-09
94.7523379999845    2.72809728477606e-09    2.53682363402202e-09    1.78905737808448e-09    6.18613055980868e-10    8.01912389475525e-10    8.47450374233895e-09
95.1058914999843    1.21906744259565e-09    2.78335492516672e-09    2.0987493350465e-09    5.66643117801551e-10    1.7077192713008e-09    8.37553409191122e-09
95.459444999984    1.89971300490172e-09    2.58919351402893e-09    1.89391665535567e-09    5.91996553889864e-10    1.31277585281591e-09    8.2875955809921e-09
95.8129984999838    3.67406052543759e-09    1.98820139709765e-09    1.48901242139146e-09    6.76405914597584e-10    3.47892890627208e-10    8.17557314915149e-09
96.1665519999835    4.82768255181116e-09    1.3571399013486e-09    1.04677161829738e-09    7.91692214633489e-10    1.67281964429629e-11    8.0400144825336e-09
96.5201054999833    4.75006922876985e-09    1.36124331698673e-09    9.63439682924755e-10    8.14486048113383e-10    8.46743020253e-12    7.89770570699725e-09
96.873658999983    3.54209977828496e-09    1.83935919183683e-09    1.51032919646403e-09    6.60674340951803e-10    2.14503609553294e-10    7.76696611709093e-09
97.2272124999828    1.94171217675902e-09    2.37081624179572e-09    1.7933107032524e-09    5.78884032492391e-10    9.74421788869992e-10    7.65914494316952e-09
97.5807659999825    1.11843255306739e-09    2.55726520254216e-09    1.84201549064916e-09    5.53085282502651e-10    1.506284915572e-09    7.57708344433336e-09
97.9343194999823    2.22232764720345e-09    2.19601771964771e-09    1.62664342305569e-09    5.97235492268412e-10    8.51024371907799e-10    7.49324865408307e-09
98.287872999982    3.67726487516866e-09    1.65761921689619e-09    1.20240511221624e-09    6.95925366435236e-10    1.53205788638217e-10    7.38642035935453e-09
98.6414264999818    4.39383549934984e-09    1.17491867976453e-09    9.05912938524167e-10    7.85714106418492e-10    3.22731292019711e-12    7.26360853697723e-09
98.9949799999815    3.9585280982289e-09    1.430401542596e-09    9.78473564474919e-10    7.47795850672108e-10    2.49313144903584e-11    7.14013037046229e-09
99.3485334999813    2.77839879593598e-09    1.87101809645025e-09    1.41854850512527e-09    6.25022992858961e-10    3.36502521992114e-10    7.02949091236258e-09
99.702086999981    1.39161147186857e-09    2.28369731421769e-09    1.6350354878141e-09    5.58855841133339e-10    1.07217437334873e-09    6.94137448838242e-09
100.055640499981    1.22517694175891e-09    2.24451667536472e-09    1.63279762093646e-09    5.55070417087638e-10    1.21225137411895e-09    6.86981302926667e-09
100.409193999981    2.42735129987232e-09    1.88454725411707e-09    1.37069122285334e-09    6.01884659077889e-10    5.04776271880625e-10    6.78925070780124e-09
100.76274749998    3.57700975606272e-09    1.36564375519253e-09    1.00656180493212e-09    6.83195347441095e-10    5.66747911848506e-11    6.68908545481332e-09
101.11630099998    3.90925082212057e-09    1.09784890658823e-09    8.26383007938995e-10    7.44163174239354e-10    1.4649351009468e-12    6.5791108459881e-09
101.46985449998    3.27250448615452e-09    1.43770013002521e-09    1.04519220731479e-09    6.57871981736571e-10    5.92567232373458e-11    6.47252552846844e-09
101.823407999979    2.13294295689704e-09    1.86636578982442e-09    1.35296114854448e-09    5.64437371009909e-10    4.62527400071044e-10    6.37923466634689e-09
102.176961499979    1.07679651667071e-09    2.08040214185847e-09    1.55789230885672e-09    5.26493767465801e-10    1.06437994111458e-09    6.30596467596629e-09
102.530514999979    1.36900618361233e-09    1.98080998855907e-09    1.45057221476549e-09    5.35419151270359e-10    9.0565977645581e-10    6.24146731466307e-09
102.884068499979    2.50171294682418e-09    1.58618156423782e-09    1.212387596862e-09    5.8610422015388e-10    2.77996442988727e-10    6.16438277106662e-09
103.237621999978    3.33868676532101e-09    1.17067332923088e-09    8.78772404012692e-10    6.64575587960115e-10    1.9446801633822e-11    6.07215488815852e-09
103.591175499978    3.41315566927603e-09    1.08147322239353e-09    7.74135838649138e-10    7.02948519570133e-10    3.02444789711269e-12    5.97473769778594e-09
103.944728999978    2.71442729381658e-09    1.37632119306503e-09    1.09048967861623e-09    6.02426091663023e-10    9.87865359656911e-11    5.88245079312656e-09
104.298282499978    1.63824616795013e-09    1.76117447404606e-09    1.33561572871026e-09    5.3097089589144e-10    5.37552510511699e-10    5.80355977710959e-09
104.651835999977    9.53715279694875e-10    1.92159380441829e-09    1.40137120972855e-09    5.10626222283087e-10    9.53809555710788e-10    5.74111607183559e-09
105.005389499977    1.45316166572568e-09    1.74392679228257e-09    1.30017373266362e-09    5.34564028705573e-10    6.49450178700212e-10    5.68127639807767e-09
105.358942999977    2.45243651571967e-09    1.379209541604e-09    1.04456042292901e-09    5.7863784081172e-10    1.54067144323982e-10    5.60891146538838e-09
105.712496499977    3.05769965470839e-09    1.02561517310216e-09    7.84274911160217e-10    6.51012255707142e-10    6.58155833405689e-12    5.52518355301196e-09
106.066049999976    2.96108897027298e-09    1.05973404916518e-09    7.50675075172464e-10    6.60306857406389e-10    7.22527771670999e-12    5.43903022973372e-09
106.419603499976    2.24847557316455e-09    1.34184524847815e-09    1.07119829301335e-09    5.57970328338272e-10    1.39541177275949e-10    5.35903062027028e-09
106.773156999976    1.2987098405028e-09    1.65126514886197e-09    1.26661632437512e-09    5.03146169960182e-10    5.72000679887875e-10    5.29173816358794e-09
107.126710499976    8.96722713905263e-10    1.74078358320834e-09    1.27857556681117e-09    4.95176069943531e-10    8.25973311960977e-10    5.23723124582927e-09
107.480263999975    1.50704163395853e-09    1.53860856862002e-09    1.15213716298187e-09    5.19268473151012e-10    4.64558283918245e-10    5.18161412262968e-09
107.833817499975    2.3606100306801e-09    1.19304263969188e-09    9.01965520699909e-10    5.72973910815706e-10    8.57508486333007e-11    5.1143429505209e-09
108.187370999975    2.77836145593376e-09    9.25309702130332e-10    7.11379932959682e-10    6.21522604785565e-10    2.25216577005325e-12    5.03882586157939e-09
108.540924499975    2.57048174713103e-09    1.03343533738749e-09    7.47189476752445e-10    5.98533344620964e-10    1.30190054420926e-11    4.96265891133403e-09
108.894477999974    1.88207845701386e-09    1.29531060029838e-09    1.01321829521457e-09    5.27053617062869e-10    1.75397466458121e-10    4.8930584360478e-09
109.248031499974    1.0673437708948e-09    1.55560700404177e-09    1.14365336897431e-09    4.89323186917835e-10    5.79287879457549e-10    4.83521521028626e-09
109.601584999974    8.74726562185325e-10    1.55626341752345e-09    1.16646654690682e-09    4.81483225561745e-10    7.07892215417314e-10    4.78683196759466e-09
109.955138499974    1.53072713950402e-09    1.35316280951646e-09    1.01269920203413e-09    5.07963578718777e-10    3.30611719542294e-10    4.73516444931569e-09
110.308691999973    2.22212557091359e-09    1.05427391325523e-09    7.88028206764799e-10    5.61890617753107e-10    4.67802829220535e-11    4.67309859160878e-09
110.662245499973    2.50779059767699e-09    8.44540514476641e-10    6.48935362512737e-10    6.03095537100227e-10    8.11726262620622e-13    4.60517373802922e-09
111.015798999973    2.22957011118023e-09    9.99852784718221e-10    7.25163452708177e-10    5.63815652334169e-10    1.93851653965798e-11    4.53778716633738e-09
111.369352499973    1.56608091742228e-09    1.2753991593556e-09    9.39340429901166e-10    4.93571045599587e-10    2.02661497314235e-10    4.47705304959287e-09
111.722905999972    8.93487876300307e-10    1.44938455074649e-09    1.06993762519999e-09    4.584049258868e-10    5.55633425273944e-10    4.42684840340753e-09
112.076459499972    8.56977595393125e-10    1.41599429968905e-09    1.07498718996494e-09    4.58589250055142e-10    5.76820455408506e-10    4.38336879051077e-09
112.430012999972    1.50846132514737e-09    1.21254096559367e-09    9.11013469162167e-10    4.82028866110346e-10    2.21244930993399e-10    4.33528955700695e-09
112.783566499972    2.08232360440017e-09    9.33124129426311e-10    7.10678348436051e-10    5.29900986374231e-10    2.23461619795565e-11    4.27837323061632e-09
113.137119999971    2.26385511301471e-09    7.82479651956784e-10    5.98312070770325e-10    5.72213790236159e-10    4.30217217728392e-13    4.21729084319571e-09
113.490673499971    1.91126077391988e-09    9.82149948706924e-10    7.21040208001565e-10    5.15999840742815e-10    2.72538958566306e-11    4.15770466722781e-09
113.844226999971    1.29932873855791e-09    1.23822044461142e-09    8.84513070229218e-10    4.6068971670025e-10    2.21897622535095e-10    4.10464959263389e-09
114.197780499971    7.51186014911432e-10    1.35213225913906e-09    1.01602727466232e-09    4.32971600094253e-10    5.08516557317502e-10    4.06083370612457e-09
114.55133399997    8.70096253989634e-10    1.30536812795682e-09    9.7500663621386e-10    4.29694468557358e-10    4.41150711066242e-10    4.02131619778392e-09
114.90488749997    1.47367706422104e-09    1.07950679819883e-09    8.27391989427645e-10    4.57597075993816e-10    1.38195137564761e-10    3.9763680654061e-09
115.25844099997    1.93870471726337e-09    8.38371453853144e-10    6.34033284321052e-10    5.04054226580648e-10    9.20199680862916e-12    3.92436567882684e-09
115.61199449997    2.03847555950319e-09    7.39563533581588e-10    5.64844948224799e-10    5.25893574192749e-10    5.8648423764373e-13    3.86936409973997e-09
115.965547999969    1.64825787829063e-09    9.30002486692505e-10    7.34793739064726e-10    4.65109868982651e-10    3.85269756493136e-11    3.81669094867982e-09
116.319101499969    1.07022532251668e-09    1.16077235279126e-09    8.7744454630039e-10    4.21121692420234e-10    2.40752058515531e-10    3.7703159725441e-09
116.672654999969    6.63258889037338e-10    1.25619942027775e-09    9.55080226674648e-10    3.98562290940952e-10    4.58765025989179e-10    3.73186585291986e-09
117.026208499969    8.87520341576926e-10    1.1753612614803e-09    8.96912788910728e-10    4.03092444264617e-10    3.32680800473084e-10    3.69556763670566e-09
117.379761999968    1.42644902112444e-09    9.69042162003715e-10    7.37449877634645e-10    4.36170880563172e-10    8.46389593938559e-11    3.65375090071982e-09
117.733315499968    1.8136973551768e-09    7.40940599063201e-10    5.60697666716359e-10    4.87283671965688e-10    3.57872300201655e-12    3.60619801592407e-09
118.086868999968    1.81527758019618e-09    7.17282722820008e-10    5.28398622259668e-10    4.94314724548022e-10    1.48705568699815e-12    3.55676070551088e-09
118.440422499968    1.4058557360046e-09    8.94167878811136e-10    7.29572619773955e-10    4.28470063871268e-10    5.21345523150544e-11    3.51020085077601e-09
118.793975999967    8.8660118639745e-10    1.08344733579223e-09    8.62052755563021e-10    3.89531310550372e-10    2.47999117331125e-10    3.4696317056342e-09
119.147529499967    6.15011312453295e-10    1.17155550488834e-09    8.77896266166747e-10    3.77955944127254e-10    3.93135000116069e-10    3.43555402775171e-09
119.501082999967    8.9568882309333e-10    1.06829920941775e-09    8.07474530060942e-10    3.8788682702775e-10    2.42492352964264e-10    3.40184174256404e-09
119.854636499967    1.37492893181669e-09    8.63870008351562e-10    6.5433335887248e-10    4.19328341944769e-10    5.04720937827326e-11    3.36293273476823e-09
120.208189999966    1.67888902076541e-09    6.62550723437281e-10    5.10166625743302e-10    4.66513064801195e-10    1.41385683618185e-12    3.31953329158337e-09
120.561743499966    1.5912452741297e-09    7.09731864692266e-10    5.14368717713977e-10    4.5649349506595e-10    3.39977295542282e-12    3.27523912455732e-09
120.915296999966    1.19533845390063e-09    8.68798291856702e-10    7.05678413653477e-10    3.98824754342884e-10    6.54749046204019e-11    3.23411481837409e-09
121.268850499966    7.46083051751114e-10    1.04083660200023e-09    7.965155711035e-10    3.71214241177076e-10    2.43900487322503e-10    3.19854995335442e-09
121.622403999965    5.91130051649672e-10    1.07924428522046e-09    8.07722781129582e-10    3.60000996543386e-10    3.29802979986517e-10    3.16790109452962e-09
121.975957499965    8.9890631734711e-10    9.57198196595521e-10    7.32555616001927e-10    3.72977800891084e-10    1.74861383264497e-10    3.13649931410014e-09
122.329510999965    1.32052346512995e-09    7.59998678875096e-10    5.86423351122635e-10    4.04095984969138e-10    2.93277748723847e-11    3.10036925496921e-09
122.683064499965    1.53156795485706e-09    6.13149005084919e-10    4.77584618680136e-10    4.37956344628771e-10    5.8010109429436e-13    3.06083802434518e-09
123.036617999964    1.39308878561347e-09    6.92117972982604e-10    5.0786155699533e-10    4.21816096337874e-10    6.31543384441045e-12    3.02119984577369e-09
123.390171499964    1.02197442719208e-09    8.49282544890778e-10    6.61206635733394e-10    3.73815645893712e-10    7.85088836899125e-11    2.98478813739988e-09
123.743724999964    6.42498928611688e-10    9.81781755007911e-10    7.41837293669018e-10    3.47891483812956e-10    2.39450442146167e-10    2.95345990324774e-09
124.097278499964    5.79304386763838e-10    9.76462441318235e-10    7.49740281175866e-10    3.42399017526845e-10    2.7777850508877e-10    2.92568463187355e-09
124.450831999963    9.10432708534679e-10    8.48143673986995e-10    6.52935548052637e-10    3.60101173897791e-10    1.24781988502889e-10    2.89639509297499e-09
124.804385499963    1.26704399374057e-09    6.65615586278269e-10    5.19144899132028e-10    3.95062119945706e-10    1.601228992115e-11    2.86287888901772e-09
125.157938999963    1.39817636155153e-09    5.65815360091889e-10    4.40886951427786e-10    4.21664870536006e-10    3.0641885073731e-13    2.82684996245794e-09
125.511492499963    1.20262030100535e-09    6.81490414829816e-10    5.13897658382414e-10    3.83131001660261e-10    1.0310667537512e-11    2.79145004341535e-09
125.865045999962    8.61780028792768e-10    8.35428008328124e-10    6.21101254737051e-10    3.48913257909041e-10    9.19892233350726e-11    2.75921177310206e-09
126.218599499962    5.59172604429591e-10    9.20672560061398e-10    6.87210692961444e-10    3.30696743279797e-10    2.33719102857247e-10    2.73147170358948e-09
126.572152999962    5.81784139206221e-10    8.8628548638926e-10    6.76435418276547e-10    3.32508064569267e-10    2.29114991060219e-10    2.70612809950151e-09
126.925706499962    9.1434728083182e-10    7.55336760342295e-10    5.73255546050009e-10    3.53101393253309e-10    8.26485179715526e-11    2.67868949844899e-09
127.279259999961    1.20140266573366e-09    5.97358662989402e-10    4.58674337164725e-10    3.83072719283474e-10    7.07445214643185e-12    2.64758283731769e-09
127.632813499961    1.26294213970523e-09    5.41366280417221e-10    4.15958261334789e-10    3.94112886727452e-10    4.29800386201147e-13    2.61480936857089e-09
127.986366999961    1.03570542051486e-09    6.63465963083763e-10    5.14864073986161e-10    3.52535989082466e-10    1.65981568032863e-11    2.58316960347054e-09
128.339920499961    7.23193175416081e-10    8.02362984575912e-10    5.93985281905028e-10    3.25327578706287e-10    1.09852277653281e-10    2.55472129825659e-09
128.69347399996    4.97879572639655e-10    8.45137330417658e-10    6.48771538297613e-10    3.15154496381767e-10    2.23131895668221e-10    2.53007483340491e-09
129.04702749996    6.06092548661213e-10    7.99955595181713e-10    6.06597805078847e-10    3.19581310646339e-10    1.74525421437528e-10    2.50675268100564e-09
129.40058099996    9.17908406229483e-10    6.66569391487756e-10    5.09302965000451e-10    3.39907944972498e-10    4.71451336365531e-11    2.48083384132674e-09
129.75413449996    1.1312333813968e-09    5.36483988219018e-10    4.15779304211125e-10    3.66289420189953e-10    2.19567837474789e-12    2.45198177239165e-09
130.107687999959    1.12513409613298e-09    5.27393531526901e-10    3.97278173659326e-10    3.7138589116933e-10    1.05971301996193e-12    2.4222514055085e-09
130.461241499959    8.92946980259095e-10    6.30624765556019e-10    5.12534757791865e-10    3.30538599778451e-10    2.74058965247211e-11    2.39405099991015e-09
130.814794999959    6.06920356877311e-10    7.42507429629796e-10    5.83751097171971e-10    3.05128641953834e-10    1.30606840444147e-10    2.36891436607706e-09
131.168348499959    4.62961627833156e-10    7.89222520278225e-10    5.85035146109443e-10    3.00471374501914e-10    2.09316729377733e-10    2.34700739810047e-09
131.521901999958    6.36013501862338e-10    7.13785676080073e-10    5.34268189265234e-10    3.1468380292153e-10    1.26487476433887e-10    2.32523864656306e-09
131.875455499958    9.07508859934901e-10    5.87047374894778e-10    4.50931804015641e-10    3.30897231138862e-10    2.43816970768925e-11    2.30076696706107e-09
132.229008999958    1.05693491111434e-09    4.83901644308602e-10    3.78619917994016e-10    3.54075501126123e-10    5.72326888451084e-13    2.27410430143153e-09
132.582562499958    9.91726345511602e-10    5.18889338258029e-10    3.93391734171477e-10    3.40556688169742e-10    2.64112034218263e-12    2.24720522645303e-09
132.936115999957    7.60578335811776e-10    6.21554480702023e-10    4.85251842591677e-10    3.12111319368341e-10    4.25686978156373e-11    2.22206467628945e-09
133.289669499957    5.11537712218359e-10    7.14149597503078e-10    5.32007180742933e-10    2.95165105910188e-10    1.47037206301002e-10    2.19989680267556e-09
133.643222999957    4.51726214240518e-10    7.20000051843236e-10    5.32909582822107e-10    2.92733841918136e-10    1.82741008056561e-10    2.18011069888056e-09
133.996776499957    6.53679005096675e-10    6.37841131638851e-10    4.80107124383045e-10    3.02501523755288e-10    8.54901737297421e-11    2.1596189586036e-09
134.350329999956    8.81657005911103e-10    5.21595541211486e-10    4.01804221139463e-10    3.20001954116421e-10    1.15624658582427e-11    2.13662118823672e-09
134.703883499956    9.72432605967176e-10    4.51131218651872e-10    3.57020597690547e-10    3.31317403256322e-10    2.19631575495285e-13    2.11212145714141e-09
135.057436999956    8.71229440967849e-10    5.08615768625571e-10    3.8257821914422e-10    3.19396317773621e-10    6.0401940966789e-12    2.08785994060794e-09
135.410990499956    6.53952719765747e-10    6.07577665155997e-10    4.5071255193321e-10    2.94919467980198e-10    5.82715008705906e-11    2.06543390570574e-09
135.764543999955    4.51863528539894e-10    6.65930439643032e-10    4.97539728682303e-10    2.78855201220055e-10    1.51538767551936e-10    2.04572766563722e-09
136.118097499955    4.5621991182235e-10    6.56800423486528e-10    4.90427440568374e-10    2.75998218085768e-10    1.48175999339813e-10    2.02762199330283e-09
136.471650999955    6.58264834346924e-10    5.74330470393622e-10    4.3450076454317e-10    2.87373200605781e-10    5.38255996723957e-11    2.00829486956189e-09
136.825204499955    8.41856153776293e-10    4.71121011672458e-10    3.6236463222681e-10    3.06595140390204e-10    4.91309699485617e-12    1.98685003506062e-09
137.178757999954    8.89754844584809e-10    4.27167607842122e-10    3.32204619532161e-10    3.14994534159499e-10    2.61790065939222e-13    1.96438339618453e-09
137.532311499954    7.62633247775038e-10    4.94228469831083e-10    3.79967485094151e-10    2.94703586252462e-10    1.09471251036546e-11    1.94247991405639e-09
137.885864999954    5.53191193441969e-10    5.84739940066713e-10    4.40213976050832e-10    2.72960826129204e-10    7.13779154867222e-11    1.92248385117544e-09
138.239418499954    4.01921996869078e-10    6.21795590879195e-10    4.7617279309286e-10    2.61147411845697e-10    1.43820291090184e-10    1.90485808377701e-09
138.592971999953    4.62676914402206e-10    5.99496999578802e-10    4.52372511395997e-10    2.62762968945714e-10    1.10791838984149e-10    1.88810123330687e-09
138.946525499953    6.53966595757052e-10    5.15193518892491e-10    3.94434759565512e-10    2.76037322119697e-10    3.02257457832528e-11    1.86985794211801e-09
139.300078999953    7.97693826408519e-10    4.25216424502704e-10    3.33782555214033e-10    2.91499334713883e-10    1.72152272057074e-12    1.84991366355971e-09
139.653632499953    8.09588101748824e-10    4.07792713286499e-10    3.15388297341527e-10    2.96039921605426e-10    5.64946813500268e-13    1.82937398079578e-09
140.007185999952    6.64835914515563e-10    4.77398599298343e-10    3.74938464769528e-10    2.75944883870533e-10    1.65287031515925e-11    1.80964656560556e-09
140.360739499952    4.74867182881625e-10    5.5384814672945e-10    4.26226210562869e-10    2.5750083888526e-10    7.93092360553973e-11    1.7917516151146e-09
140.714292999952    3.69815008156027e-10    5.93810979137535e-10    4.36587186166918e-10    2.47957255545484e-10    1.27703978257187e-10    1.77587440726315e-09
141.067846499952    4.64577501335512e-10    5.49909286589485e-10    4.16945622662583e-10    2.4912997777149e-10    7.9658178457438e-11    1.76022056681651e-09
141.421399999951    6.37038789599733e-10    4.67779496754564e-10    3.59184757933291e-10    2.61982804346095e-10    1.71124724515871e-11    1.74309832108527e-09
141.774953499951    7.46526828787456e-10    3.93835251776338e-10    3.05849551741944e-10    2.77739403493095e-10    6.91411711995259e-13    1.72464244751083e-09
142.128506999951    7.29996657578771e-10    3.96978952931545e-10    3.00903834489013e-10    2.76866338590874e-10    1.13816938613457e-12    1.70588395297634e-09
142.482060499951    5.89203076326216e-10    4.61596662129111e-10    3.57801879349233e-10    2.57700865756103e-10    2.17285000826376e-11    1.6880309836433e-09
142.83561399995    4.18150728759817e-10    5.30507197596296e-10    3.99221212928222e-10    2.4191812443742e-10    8.21570266289581e-11    1.67195429035071e-09
143.18916749995    3.54350327570934e-10    5.48016034006244e-10    4.08159468982515e-10    2.35987735606485e-10    1.10960471391385e-10    1.65747403755756e-09
143.54272099995    4.58170174551752e-10    5.06403078408901e-10    3.80066466186855e-10    2.38560626562586e-10    5.96880697363626e-11    1.64288841544646e-09
143.89627449995    6.11346184871928e-10    4.27746413374623e-10    3.26328084649376e-10    2.50747758793981e-10    1.07489174955536e-11    1.62691735918546e-09
144.249827999949    6.98613918866888e-10    3.63535692919252e-10    2.84556671277136e-10    2.6283474718398e-10    3.38047739447126e-13    1.6098790779867e-09
144.603381499949    6.58762902411663e-10    3.84887764918822e-10    2.8850136283821e-10    2.58790119492204e-10    1.78710790572476e-12    1.59272925756662e-09
144.956934999949    5.21323493914388e-10    4.47811510067446e-10    3.47441974959156e-10    2.35162815124442e-10    2.48040917732606e-11    1.57654388583869e-09
145.310488499949    3.73100342184543e-10    5.07252769797595e-10    3.76619912125705e-10    2.2562771673645e-10    7.93996761774901e-11    1.56200041702178e-09
145.664041999948    3.38542729900956e-10    5.0860710819007e-10    3.84708995840194e-10    2.21327291575834e-10    9.55125352700282e-11    1.54869866077708e-09
146.017595499948    4.49045614022908e-10    4.63549667291893e-10    3.50048869299192e-10    2.26560602935937e-10    4.59005492016703e-11    1.5351053027516e-09
146.371148999948    5.87168397138345e-10    3.88045598937805e-10    2.99156014554882e-10    2.38820327123611e-10    7.05659864654151e-12    1.52024693640118e-09
146.724702499948    6.53680160568602e-10    3.36505625485566e-10    2.61570447465448e-10    2.52576111129124e-10    1.85768618636973e-13    1.50451811326738e-09
147.078255999947    5.96134440462277e-10    3.70380489101211e-10    2.78735835103892e-10    2.40944966449973e-10    2.63503048246569e-12    1.48883076159982e-09
147.431809499947    4.64720693347302e-10    4.33816176711298e-10    3.25130615536595e-10    2.22498814407686e-10    2.79716847936848e-11    1.47413798479657e-09
147.785362999947    3.38053826362995e-10    4.76930899884035e-10    3.57140982482578e-10    2.10840987668719e-10    7.79564547595768e-11    1.4609231511579e-09
148.138916499947    3.27435056343439e-10    4.71206746182165e-10    3.56395683778114e-10    2.09155581429559e-10    8.44973303664758e-11    1.44869039809975e-09
148.492469999946    4.39743042612268e-10    4.25222532722567e-10    3.15407637242163e-10    2.195462952747e-10    3.60988752429018e-11    1.4360183830946e-09
148.846023499946    5.59247770886114e-10    3.56366628662834e-10    2.71333641977123e-10    2.30645441016796e-10    4.57659157807969e-12    1.42217007412095e-09
149.199576999946    6.04124027638196e-10    3.19465871202573e-10    2.46177810328043e-10    2.37759475158466e-10    1.26311641818667e-13    1.4076534959691e-09
149.553130499945    5.4177216514726e-10    3.53987518688815e-10    2.68117337960086e-10    2.25773662549758e-10    3.65846305013585e-12    1.39330914739606e-09
149.906683999945    4.17871867395315e-10    4.12605067569237e-10    3.10600043817867e-10    2.08076823476736e-10    3.07728598550408e-11    1.3799266621142e-09
150.260237499945    3.10395323294394e-10    4.46128162671613e-10    3.35836634727325e-10    1.99767935548576e-10    7.57649714539833e-11    1.36789302769589e-09
150.613790999945    3.16436960136675e-10    4.40148984840032e-10    3.26524730466019e-10    2.00407071369255e-10    7.30833574416155e-11    1.3566011042536e-09
150.967344499944    4.27386433268557e-10    3.89458221915124e-10    2.93607680668852e-10    2.07203679404702e-10    2.70847677005791e-11    1.34474078295781e-09
151.320897999944    5.29822523658031e-10    3.29248373183384e-10    2.51591422210716e-10    2.18598469251591e-10    2.60726111877536e-12    1.3318680494225e-09
151.674451499944    5.61305834413378e-10    3.0031742173392e-10    2.34255795302885e-10    2.22453237159847e-10    1.27961441760836e-13    1.31846025005179e-09
152.028004999944    4.91462916724463e-10    3.39148347095395e-10    2.59242880947289e-10    2.10608485622968e-10    4.86861319864866e-12    1.30533124358876e-09
152.381558499943    3.74479935936011e-10    3.93710529817664e-10    2.93850919026251e-10    1.97212220003361e-10    3.38933028817631e-11    1.29314690766505e-09
152.735111999943    2.83065656058266e-10    4.2043380762591e-10    3.15865678814238e-10    1.90346331917625e-10    7.24473891478528e-11    1.28215886356389e-09
153.088665499943    3.08537588920744e-10    4.06261788574791e-10    3.05712152185e-10    1.90652134129492e-10    6.05356853939904e-11    1.27169934920402e-09
153.442218999943    4.16350917196907e-10    3.55958208620821e-10    2.72492243656646e-10    1.97006225526236e-10    1.87859321512576e-11    1.26059352715187e-09
153.795772499942    5.03775159301417e-10    3.0174399179387e-10    2.34080685156732e-10    2.07699638900324e-10    1.30102847015863e-12    1.2486005036225e-09
154.149325999942    5.18698527625516e-10    2.8542014326051e-10    2.19002403831323e-10    2.12935593038702e-10    1.6975612168802e-13    1.23622642387774e-09
154.502879499942    4.44333143085487e-10    3.24317247835942e-10    2.50824783651471e-10    1.98212928969893e-10    6.51076442885163e-12    1.22419886797165e-09
154.856432999942    3.34939192391777e-10    3.73077061080576e-10    2.84548747637834e-10    1.83754736751938e-10    3.67738655672113e-11    1.21309360342934e-09
155.209986499941    2.63503438138662e-10    3.95583241597442e-10    2.9935218853003e-10    1.77321120980162e-10    6.72951202321624e-11    1.20305510947846e-09
155.563539999941    3.03394757172074e-10    3.76145872648038e-10    2.84690975985145e-10    1.80647527907214e-10    4.84406609191366e-11    1.19331979463161e-09
155.917093499941    4.03137540145223e-10    3.28879332212326e-10    2.50064194187023e-10    1.88331526899256e-10    1.24972511080742e-11    1.1829098445519e-09
156.270646999941    4.78486037304909e-10    2.78528704971878e-10    2.16605176431382e-10    1.97529543934569e-10    5.85467421782148e-13    1.17173493006452e-09
156.62420049994    4.79180000733598e-10    2.72306016933008e-10    2.09763902167915e-10    1.98764652223746e-10    2.90534333356756e-13    1.16030510639162e-09
156.97775399994    3.99729753608012e-10    3.13988735425516e-10    2.40453821023764e-10    1.86693816912225e-10    8.42264894030439e-12    1.14928877590982e-09
157.33130749994    2.99750390507526e-10    3.56316999866965e-10    2.69405764868696e-10    1.74802780501925e-10    3.88888562309098e-11    1.13916479197602e-09
157.68486099994    2.47354204172049e-10    3.74009677363149e-10    2.76617295054564e-10    1.70463147259709e-10    6.15178939720967e-11    1.12996221782157e-09
158.038414499939    2.98313969478092e-10    3.49289133967735e-10    2.62685651594596e-10    1.7220057938535e-10    3.83784994834326e-11    1.12086783390921e-09
158.391967999939    3.90328464631675e-10    3.03490388837937e-10    2.30055767276304e-10    1.79047161347197e-10    8.17985411522919e-12    1.11110163620834e-09
158.745521499939    4.51286890179676e-10    2.59548200013464e-10    2.01826735529021e-10    1.87783163416643e-10    2.49506879548435e-13    1.10069449601835e-09
159.099074999939    4.40158514565372e-10    2.6315423235412e-10    1.99361973787162e-10    1.86990333048592e-10    4.70854907009785e-13    1.09013590866226e-09
159.452628499938    3.60857624835015e-10    3.0009433320769e-10    2.3543820513126e-10    1.73489112688635e-10    1.0162803665316e-11    1.08004207952792e-09
159.806181999938    2.7009519878909e-10    3.38537833865337e-10    2.58992073324549e-10    1.64181229902294e-10    3.89951055051528e-11    1.07080144138642e-09
160.159735499938    2.35405463522036e-10    3.52206941376852e-10    2.60110176706882e-10    1.61490689325056e-10    5.31107194577877e-11    1.06232399038861e-09
160.513288999938    2.92728219022757e-10    3.25348979805428e-10    2.44001574621776e-10    1.63267826879528e-10    2.84562529817374e-11    1.05380285331123e-09
160.866842499937    3.77695313030656e-10    2.77915241757843e-10    2.121892952869e-10    1.72018777515286e-10    4.81618196840452e-12    1.04463480955909e-09
161.220395999937    4.26647079640957e-10    2.407134799188e-10    1.88085322448185e-10    1.7940118951663e-10    9.18176583487562e-14    1.03493888918292e-09
161.573949499937    3.99893041442225e-10    2.56838696674205e-10    1.91110258313271e-10    1.7651859432009e-10    8.35637849010294e-13    1.0251962285988e-09
161.927502999937    3.20528588062528e-10    2.9286042401536e-10    2.26944908127977e-10    1.63388717774226e-10    1.22428414808296e-11    1.01596547946092e-09
162.281056499936    2.39887051654332e-10    3.27925933287362e-10    2.46450646535228e-10    1.5508538211137e-10    3.81904199786792e-11    1.00753943356697e-09
162.634609999936    2.27570234473805e-10    3.27945388702559e-10    2.47970355373005e-10    1.52297972170686e-10    4.39048885562331e-11    9.99688839276288e-10
162.988163499936    2.90610053542134e-10    2.98161721776835e-10    2.26529482425825e-10    1.56865629366468e-10    1.94906416935555e-11    9.91657528804818e-10
163.341716999936    3.65211765142148e-10    2.54244043774777e-10    1.96033018147802e-10    1.65115068051549e-10    2.42379049661983e-12    9.83027685612896e-10
163.695270499935    3.98013205195906e-10    2.27648124366493e-10    1.766896880743e-10    1.71593948070601e-10    4.1845615103894e-14    9.73986811322403e-10
164.048823999935    3.61333010705668e-10    2.49748840300938e-10    1.87948375502357e-10    1.64400309057396e-10    1.58712894929188e-12    9.65017664515652e-10
164.402377499935    2.84045086604902e-10    2.8706088848639e-10    2.16116044087366e-10    1.54103269328086e-10    1.52641043902924e-11    9.56589392897037e-10
164.755930999935    2.19735880095129e-10    3.11375694242281e-10    2.32534606964486e-10    1.468182548978e-10    3.84223124648627e-11    9.48886748664558e-10
165.109484499934    2.22897649239937e-10    3.04387657659106e-10    2.30891140752652e-10    1.46418215035039e-10    3.69967909154044e-11    9.41591453602139e-10
165.463037999934    2.89112896610753e-10    2.72558923511396e-10    2.07191189719853e-10    1.51726358118524e-10    1.34250147537638e-11    9.34014382714289e-10
165.816591499934    3.53782925297556e-10    2.31881498000695e-10    1.80169955087531e-10    1.5891083216418e-10    1.14673253549913e-12    9.25891943085462e-10
166.170144999934    3.72692737871772e-10    2.14549060220933e-10    1.66646822761378e-10    1.63530781753504e-10    5.22219684914759e-14    9.17471624576079e-10
166.523698499933    3.22853698700832e-10    2.4489472689427e-10    1.86065330321086e-10    1.52805666160132e-10    2.60856956702209e-12    9.09227991643341e-10
166.877251999933    2.5311211838625e-10    2.78103936110598e-10    2.08038626896613e-10    1.44426072228472e-10    1.78418556721291e-11    9.01522609294062e-10
167.230805499933    2.02318690429989e-10    2.9384071110745e-10    2.22318680047822e-10    1.39552901697331e-10    3.64280388446604e-11    8.94459022127253e-10
167.584358999933    2.225841617077e-10    2.81614664459119e-10    2.12132085791591e-10    1.42347547256448e-10    2.89548531864527e-11    8.87633312401311e-10
167.937912499932    2.85735479271857e-10    2.5023407567998e-10    1.90054822003079e-10    1.46154205095678e-10    8.28267885799624e-12    8.8046126090859e-10
168.291465999932    3.38230131142872e-10    2.14667034867755e-10    1.66308016323594e-10    1.53168066576608e-10    4.45929093080488e-13    8.7281917800391e-10
168.645019499932    3.4337828138926e-10    2.07030500896517e-10    1.59212940937591e-10    1.55247144102549e-10    1.2434350059574e-13    8.64993210826513e-10
168.998572999932    2.89257195367455e-10    2.36042952577806e-10    1.84588853233817e-10    1.43366022009486e-10    4.17072721866189e-12    8.57425750407226e-10
169.352126499931    2.23492408131631e-10    2.6710951716025e-10    2.03355237966976e-10    1.35966673953113e-10    2.0461247982961e-11    8.5038508519493e-10
169.705679999931    1.91624225426319e-10    2.7527157732441e-10    2.10458827035371e-10    1.3332156514243e-10    3.32022065370321e-11    8.43878401465562e-10
170.059233499931    2.22531255774386e-10    2.62650894494649e-10    1.96083238116868e-10    1.35040411200311e-10    2.11580777628107e-11    8.37463877349025e-10
170.412786999931    2.83340481727208e-10    2.28325934417241e-10    1.73950428608188e-10    1.40541474723942e-10    4.50484611062477e-12    8.30663165587204e-10
170.76634049993    3.23058409854863e-10    1.98665998577626e-10    1.55483750527761e-10    1.46142481166854e-10    1.33483698242721e-13    8.23484123825346e-10
171.11989399993    3.11733207709208e-10    2.04289413719968e-10    1.55850644772734e-10    1.44010108153564e-10    3.40696454387689e-13    8.16224070809862e-10
171.47344749993    2.56695650525739e-10    2.29912672723843e-10    1.80816007498064e-10    1.35549231746148e-10    6.30759750008772e-12    8.09281159993882e-10
171.82700099993    1.98875534112139e-10    2.55779773227286e-10    1.9589657047833e-10    1.29991843408708e-10    2.2306250743748e-11    8.02849971970212e-10
172.180554499929    1.84222047881021e-10    2.60984100405038e-10    1.95355891699711e-10    1.27895191394145e-10    2.83766001044426e-11    7.96833831484358e-10
172.534107999929    2.24719372657823e-10    2.39173336691178e-10    1.82142120751622e-10    1.30639043459357e-10    1.40861647851913e-11    7.90760038345172e-10
172.887661499929    2.78118301065777e-10    2.07161146046841e-10    1.60676418778844e-10    1.36293011418106e-10    2.06763412375281e-12    7.84316511433321e-10
173.241214999929    3.04804934919067e-10    1.85806924545815e-10    1.45665916646973e-10    1.41261890083945e-10    3.93350876128776e-14    7.77579001283413e-10
173.594768499928    2.80423246682225e-10    2.01053883578507e-10    1.52263743108178e-10    1.36307159655634e-10    8.15243949813983e-13    7.70863276974359e-10
173.948321999928    2.28236356971273e-10    2.2578511347715e-10    1.72406792729496e-10    1.29309800720677e-10    8.75766555161e-12    7.64495729450205e-10
174.301875499928    1.80950511098321e-10    2.46899556664205e-10    1.84500976454611e-10    1.23155506619702e-10    2.3097558109624e-11    7.58604108946463e-10
174.655428999928    1.80578914095081e-10    2.44410039240649e-10    1.82779937463879e-10    1.22179843359275e-10    2.30524361902715e-11    7.53001170349157e-10
175.008982499927    2.24677239196561e-10    2.20024351329673e-10    1.66814270004426e-10    1.27005412470056e-10    8.72073976983802e-12    7.47242012770554e-10
175.362535999927    2.71048304045573e-10    1.91055796581686e-10    1.46899550959075e-10    1.31324215190571e-10    8.12627895809349e-13    7.41140494672715e-10
175.716089499927    2.85758986911222e-10    1.77237309118998e-10    1.38381671341888e-10    1.33418152733664e-10    3.67753129683722e-14    7.34832895418741e-10
176.069642999927    2.5345686961341e-10    1.97295504485407e-10    1.48919100671731e-10    1.27268997966239e-10    1.68803251787427e-12    7.28628505254662e-10
176.423196499926    2.03547775827864e-10    2.20489703527926e-10    1.66759723557852e-10    1.20580381191122e-10    1.14065767324722e-11    7.22784160837237e-10
176.776749999926    1.67480525293056e-10    2.34858451168288e-10    1.75452994221142e-10    1.16676566133948e-10    2.29031017171227e-11    7.17371638533557e-10
177.130303499926    1.80049273724648e-10    2.25192473477305e-10    1.71197086727856e-10    1.17578322256082e-10    1.80985262266546e-11    7.12115682412545e-10
177.483856999926    2.24809204207941e-10    2.01531537281688e-10    1.54160865666944e-10    1.20896339774399e-10    5.25660708348406e-12    7.06654554014455e-10
177.837410499925    2.61480251057943e-10    1.76898493114611e-10    1.36888569849264e-10    1.2531611208861e-10    3.07196122900343e-13    7.00890622233329e-10
178.190963999925    2.65365909166846e-10    1.71400009457106e-10    1.31673764926465e-10    1.2646876381101e-10    9.15641517076656e-14    6.95000011513135e-10
178.544517499925    2.29703950649501e-10    1.90073663391283e-10    1.48346690005565e-10    1.18452619731125e-10    2.69521251059615e-12    6.8927213628807e-10
178.898070999925    1.83403310878927e-10    2.1254807366023e-10    1.6195615582625e-10    1.13144645949972e-10    1.28464788887267e-11    6.83898665204106e-10
179.251624499924    1.58500684360658e-10    2.21077814126172e-10    1.68991545082837e-10    1.09516046733387e-10    2.07989383484054e-11    6.78885028651458e-10
179.605177999924    1.78073842930927e-10    2.11886485151413e-10    1.58786562543476e-10    1.11587459497326e-10    1.36101707976591e-11    6.73944520920801e-10
179.958731499924    2.20021629466361e-10    1.87908329859363e-10    1.41762884951642e-10    1.15961379948944e-10    3.11334650152246e-12    6.68767570727833e-10
180.312284999924    2.50789660757766e-10    1.64616925457125e-10    1.27219306297419e-10    1.20601881298793e-10    1.12314722596578e-13    6.633400885337e-10
180.665838499923    2.45568557097983e-10    1.6606775381895e-10    1.26122920886733e-10    1.19891139653371e-10    1.9634470096615e-13    6.57846716158003e-10
181.019391999923    2.06437189929822e-10    1.85788641996557e-10    1.44589148756168e-10    1.12037096415112e-10    3.70310275511901e-12    6.52555179852777e-10
181.372945499923    1.65819049533794e-10    2.039363363829e-10    1.56897641263268e-10    1.07307781220701e-10    1.3643298818103e-11    6.47604107218766e-10
181.726498999923    1.5200856320371e-10    2.09174129667136e-10    1.56553342404431e-10    1.068826647959e-10    1.83259561196679e-11    6.42944656190845e-10
182.080052499922    1.77019959058804e-10    1.96473254543464e-10    1.47530882314399e-10    1.07409929013041e-10    9.84412275501125e-12    6.3827814768472e-10
182.433605999922    2.16103810324559e-10    1.7263872720743e-10    1.31173299165672e-10    1.11796158644401e-10    1.66240350465555e-12    6.33374398846718e-10
182.787159499922    2.38805230917135e-10    1.5427196355604e-10    1.19245481815976e-10    1.15903205326538e-10    3.9402264900628e-14    6.2826528388059e-10
183.140712999922    2.24712789497366e-10    1.62211772178837e-10    1.22760284123159e-10    1.13048106617598e-10    4.16942286282654e-13    6.23149894703242e-10
183.494266499921    1.86850061142706e-10    1.80669704479167e-10    1.39352682512585e-10    1.06316724066105e-10    5.07025130418786e-12    6.18259423504751e-10
183.847819999921    1.51517792578316e-10    1.97070418482534e-10    1.4827902987378e-10    1.02164537695543e-10    1.46620973517951e-11    6.13693875981968e-10
184.201373499921    1.47571807743612e-10    1.96915735560409e-10    1.47741541518733e-10    1.01003443747479e-10    1.61136295722889e-11    6.09346158142522e-10
184.554926999921    1.76103833661982e-10    1.81466238428955e-10    1.36503611158024e-10    1.03885078398913e-10    6.96918760352452e-12    6.04927949251399e-10
184.90848049992    2.10794464431436e-10    1.58945065425506e-10    1.21938554587497e-10    1.07769603656389e-10    8.33237319810813e-13    6.00280925420639e-10
185.26203399992    2.25135600476316e-10    1.4647694065451e-10    1.12863521462301e-10    1.10974243773287e-10    2.65376066659453e-14    5.95476843973079e-10
185.61558749992    2.05194132152096e-10    1.5848835748476e-10    1.19894736441778e-10    1.06332224758563e-10    8.11826960416935e-13    5.90721277797614e-10
185.96914099992    1.67776808907968e-10    1.78123166844008e-10    1.34033368428166e-10    9.97975394670258e-11    6.47390684971107e-12    5.86204790496879e-10
186.322694499919    1.40669642522791e-10    1.88350212269601e-10    1.40788058153584e-10    9.73849847378492e-11    1.47918493118726e-11    5.81984746995698e-10
186.676247999919    1.44809903799258e-10    1.83008211938095e-10    1.39648519871669e-10    9.70316838164705e-11    1.34063373474528e-11    5.77904656772945e-10
187.029801499919    1.75600141326519e-10    1.66433751174398e-10    1.27314221433265e-10    9.97501475146727e-11    4.61409650744467e-12    5.73712357956299e-10
187.383354999919    2.05285819725364e-10    1.46371510385019e-10    1.12943366572524e-10    1.04354885891654e-10    3.54789899607867e-13    5.69310372474169e-10
187.736908499918    2.10005730053162e-10    1.41001794166092e-10    1.08279683445199e-10    1.05473121166827e-10    4.20431606032533e-14    5.64802371991883e-10
188.090461999918    1.85366843741675e-10    1.54976812911563e-10    1.18977210805481e-10    9.96965155817452e-11    1.37075077772691e-12    5.60388133818192e-10
188.444015499918    1.52578910023812e-10    1.70914566343507e-10    1.29419813507761e-10    9.5450419014451e-11    7.8520479842374e-12    5.56215756873768e-10
188.797568999918    1.31727699275227e-10    1.78077654068401e-10    1.35267350760273e-10    9.27339652877355e-11    1.4489979749957e-11    5.52296649141593e-10
189.151122499917    1.43602626844953e-10    1.72098693246555e-10    1.28910730763755e-10    9.32726881972605e-11    1.05746187708327e-11    5.48459357823356e-10
189.504675999917    1.74765017691015e-10    1.54279594377961e-10    1.16214127507211e-10    9.65153355375991e-11    2.69711687578619e-12    5.44471191989572e-10
189.858229499917    1.98206077709602e-10    1.36893467133397e-10    1.04874130330599e-10    1.00213592012322e-10    1.15171460426965e-13    5.40302438646347e-10
190.211782999917    1.95897798668783e-10    1.36646873320915e-10    1.03758527607281e-10    9.96759683321931e-11    1.00678894340223e-13    5.36079846823513e-10
190.565336499916    1.67933455519113e-10    1.51211349205164e-10    1.16607763290198e-10    9.39845236227418e-11    2.25225156955796e-12    5.31989343206774e-10
190.918889999916    1.3802031729602e-10    1.64800829376735e-10    1.25915155268178e-10    9.01704757601937e-11    9.2262339938064e-12    5.28133011694933e-10
191.272443499916    1.26663307147012e-10    1.68571143364472e-10    1.27717183985262e-10    8.84032951532207e-11    1.31314678153131e-11    5.2448639746528e-10
191.625996999916    1.45077626027098e-10    1.59003957967416e-10    1.19229726377098e-10    9.02275996589658e-11    7.3111540149656e-12    5.20850064045544e-10
191.979550499915    1.72699689778301e-10    1.42016165026084e-10    1.07859320652104e-10    9.32148563108732e-11    1.26004425178451e-12    5.17050076019148e-10
192.333103999915    1.89073900056489e-10    1.28910304300816e-10    9.89612668505776e-11    9.61307886046712e-11    3.32307403803746e-14    5.13109490552934e-10
192.686657499915    1.78421242200727e-10    1.34994843599951e-10    1.01370382480218e-10    9.40830001415753e-11    2.96097202674781e-13    5.09165565625146e-10
193.040210999915    1.51925586583846e-10    1.47736089699518e-10    1.13080551478572e-10    8.90175135953642e-11    3.61551279289588e-12    5.05375254150195e-10
193.393764499914    1.26404525318323e-10    1.59657369762438e-10    1.19259457895026e-10    8.59433017339852e-11    1.05481787054862e-11    5.01812833415258e-10
193.747317999914    1.23115878186765e-10    1.59516122665654e-10    1.18988597151123e-10    8.52239476324978e-11    1.15590809266314e-11    4.98403626562671e-10
194.100871499914    1.44828242725034e-10    1.47520168782932e-10    1.107116923078e-10    8.70633322934153e-11    4.82101309797617e-12    4.94944449207158e-10
194.454424999913    1.70639022293084e-10    1.30196694478323e-10    9.98764864867611e-11    9.00887974883003e-11    5.2656090268612e-13    4.91327561649155e-10
194.807978499913    1.79493555961631e-10    1.22350096445939e-10    9.42509294177959e-11    9.14919912234296e-11    2.27157305185067e-14    4.87609288779314e-10
195.161531999913    1.6343788458464e-10    1.32057557895628e-10    9.89511209068798e-11    8.88448782549232e-11    6.3989976542903e-13    4.839313414075e-10
195.515085499913    1.372496984977e-10    1.44917409079459e-10    1.08883231687847e-10    8.44827100396507e-11    4.88864300561185e-12    4.80421692310268e-10
195.868638999912    1.16582649648286e-10    1.53882643617239e-10    1.14097578004e-10    8.18643504036512e-11    1.06917222287367e-11    4.77118943901913e-10
196.222192499912    1.21995610060424e-10    1.49014303805129e-10    1.11778206106984e-10    8.21057224305069e-11    9.01376881458298e-12    4.73907611217627e-10
196.575745999912    1.45053047836632e-10    1.36036078114941e-10    1.03569400092535e-10    8.31668203192249e-11    2.78561016640597e-12    4.7061095652974e-10
196.929299499912    1.65561289660672e-10    1.21272618045084e-10    9.34427374175884e-11    8.67162071690938e-11    1.82023835803951e-13    4.67174876128242e-10
197.282852999911    1.68601136895417e-10    1.17361039954501e-10    9.02127761106906e-11    8.74567604484266e-11    4.17505487951185e-14    4.63673463957831e-10
197.636406499911    1.47543130990757e-10    1.29822238453516e-10    9.78829479316514e-11    8.37685806855583e-11    1.23388424961179e-12    4.60250782311094e-10
197.989959999911    1.23455548350833e-10    1.41198950922993e-10    1.06469792985902e-10    7.9776713869454e-11    6.10209597764207e-12    4.57003102106824e-10
198.343513499911    1.10731237171149e-10    1.44844004149365e-10    1.09814286141653e-10    7.85635919513274e-11    9.97398245149986e-12    4.53927101864995e-10
198.69706699991    1.2137314095491e-10    1.39428810794093e-10    1.04777147149359e-10    7.88645125068653e-11    6.44630356314884e-12    4.50889914968376e-10
199.05062049991    1.44299840689816e-10    1.25384912890327e-10    9.5457752508473e-11    8.12030646295569e-11    1.39875229388632e-12    4.47744323012059e-10
199.40417399991    1.58847035585001e-10    1.14276510490036e-10    8.72446010006544e-11    8.4063251799315e-11    5.05090996365235e-14    4.44481907974643e-10
199.75772749991    1.55616977901918e-10    1.15067235355035e-10    8.73594015491533e-11    8.30238292622502e-11    1.26416488161026e-13    4.41193860556517e-10
200.111280999909    1.34057535259188e-10    1.26023347266637e-10    9.71315067001791e-11    7.87126959063584e-11    2.08649526276732e-12    4.3801158039513e-10
200.464834499909    1.12667853397008e-10    1.35843356565198e-10    1.03655120373301e-10    7.5734436742223e-11    7.10101174864038e-12    4.35001778826371e-10
200.818387999909    1.07142872797569e-10    1.38123866713367e-10    1.03608946366076e-10    7.45182596479491e-11    8.73282219839546e-12    4.32126767723357e-10
201.171941499909    1.2208205423261e-10    1.29350147329548e-10    9.78067987874619e-11    7.58463673886158e-11    4.15283382848835e-12    4.29238201566724e-10
201.525494999908    1.42728256230577e-10    1.15829570172311e-10    8.7914741335844e-11    7.91854422104193e-11    5.80354507466639e-13    4.26238364456619e-10
201.879048499908    1.52971606937897e-10    1.06902871050388e-10    8.33697405697859e-11    7.98840575467808e-11    1.90530189619677e-14    4.23147329123813e-10
202.232601999908    1.42916116120408e-10    1.13011267976142e-10    8.47708428572699e-11    7.90291482597875e-11    3.41675809956952e-13    4.20069051023564e-10
202.586155499908    1.210501681522e-10    1.2417755647586e-10    9.40397875330056e-11    7.47169507348193e-11    3.12857308355245e-12    4.17113035979437e-10
202.939708999907    1.04347317435237e-10    1.31666029404813e-10    9.81341287923007e-11    7.25723863904679e-11    7.59708718566025e-12    4.14316949208479e-10
203.293262499907    1.04894919142912e-10    1.30105480430871e-10    9.73469042308542e-11    7.21223263701002e-11    7.1427111920712e-12    4.11612341366809e-10
203.646815999907    1.21582845087525e-10    1.20068841621328e-10    9.05382058016426e-11    7.40657107670434e-11    2.60484915872341e-12    4.08860452436263e-10
204.000369499907    1.3930077926416e-10    1.07902394687273e-10    8.25530123827317e-11    7.6003135989138e-11    2.44866433111625e-13    4.06004188756415e-10
204.353922999906    1.44183703671092e-10    1.02874029537729e-10    7.94378769936288e-11    7.65660880529816e-11    2.12990898309733e-14    4.03082997345262e-10
204.707476499906    1.30961157270145e-10    1.1048965282624e-10    8.41410695664753e-11    7.39629583722524e-11    6.49682478761141e-13    4.00204520513874e-10
205.061029999906    1.10427856180112e-10    1.21220134416693e-10    9.08823356721591e-11    7.09855549694019e-11    3.93730500144401e-12    3.9745318623981e-10
205.414583499906    9.81111176574529e-11    1.25761942969754e-10    9.42858534172749e-11    6.91713961635609e-11    7.5130108766866e-12    3.94843321084729e-10
205.768136999905    1.03073434921495e-10    1.22657646537024e-10    9.11337175666496e-11    6.96415870747117e-11    5.78319958784419e-12    3.92289585687724e-10
206.121690499905    1.20059257685797e-10    1.12215412828379e-10    8.50085599979058e-11    7.07233342609356e-11    1.66275621033924e-12    3.89669320983356e-10
206.475243999905    1.34955494585315e-10    1.01494313452056e-10    7.67960277381478e-11    7.36073604097517e-11    1.01454308282382e-13    3.86954650493553e-10
206.828797499905    1.36074199570055e-10    9.92487849173684e-11    7.5385848443101e-11    7.34513876865728e-11    4.08497938910311e-14    3.84201070410988e-10
207.182350999904    1.21168633507668e-10    1.07550575409263e-10    8.19261994181935e-11    6.98693035929953e-11    9.93526719459839e-13    3.8150823864758e-10
207.535904499904    1.0212893257141e-10    1.17101324830073e-10    8.7626937429526e-11    6.75058133394544e-11    4.57906733691556e-12    3.78942075507379e-10
207.889457999904    9.34670962768578e-11    1.20029787198462e-10    8.9523433450181e-11    6.61377123655977e-11    7.33942346253136e-12    3.7649745275363e-10
208.243011499904    1.01503304215877e-10    1.14990904071846e-10    8.67921132620762e-11    6.60727863319869e-11    4.72131464926654e-12    3.74080422531052e-10
208.596564999903    1.18878488599519e-10    1.04247688719329e-10    7.92377989265186e-11    6.81766367397132e-11    1.04514842459558e-12    3.71585761409676e-10
208.950118499903    1.30609275124779e-10    9.51024443117741e-11    7.30621701500897e-11    7.01941094935818e-11    3.97501511298134e-14    3.69007749231354e-10
209.303671999903    1.27295750700285e-10    9.63487855065152e-11    7.30924123747524e-11    6.959048450575e-11    8.65436587800901e-14    3.66413976746083e-10
209.657225499903    1.11298960955553e-10    1.04926522518171e-10    8.03799247468047e-11    6.58455968869202e-11    1.44548471918116e-12    3.6389648982663e-10
210.010778999902    9.52189979977511e-11    1.12250531761039e-10    8.46946916839395e-11    6.41172447839802e-11    5.21924705543667e-12    3.61500713282146e-10
210.364332499902    8.99537736844746e-11    1.13804437065428e-10    8.49349663323108e-11    6.36502579517214e-11    6.86325649249232e-12    3.59206691526427e-10
210.717885999902    1.01018450721011e-10    1.07491868278084e-10    8.003532691741e-11    6.48202213839003e-11    3.54528006018095e-12    3.56911147360586e-10
211.071439499902    1.17100371815359e-10    9.71510622281989e-11    7.32257197905732e-11    6.6498052812644e-11    5.5620802068897e-13    3.54531414667464e-10
211.424992999901    1.24627423924751e-10    9.07589014875402e-11    6.93232115366401e-11    6.73622979856318e-11    1.63009055751147e-14    3.52088135840138e-10
211.778546499901    1.18618501508215e-10    9.40098492753005e-11    7.03119982330986e-11    6.65132012666063e-11    1.94720849389886e-13    3.49648271132611e-10
