#tSpectra
0
3.53553499999997
7.07107000000009
10.6066050000002
14.1421400000004
17.6776750000001
21.2132099999994
24.7487449999986
28.2842799999979
31.8198149999971
35.3553499999981
38.8908849999991
42.4264200000001
45.9619550000012
49.4974900000022
53.0330250000032
56.5685600000043
60.1040950000053
63.6396300000063
67.1751650000042
70.7107000000017
74.2462349999991
77.7817699999966
81.3173049999941
84.8528399999916
88.3883749999891
91.9239099999865
95.459444999984
98.9949799999815
102.530514999979
106.066049999976
109.601584999974
113.137119999971
116.672654999969
120.208189999966
123.743724999964
127.279259999961
130.814794999959
134.350329999956
137.885864999954
141.421399999951
144.956934999949
148.492469999946
152.028004999944
155.563539999941
159.099074999939
162.634609999936
166.170144999934
169.705679999931
173.241214999929
176.776749999926
180.312284999924
183.847819999921
187.383354999919
190.918889999916
194.454424999913
197.989959999911
201.525494999908
205.061029999906
208.596564999903
