#t    <EB>_U1_0    <(EB)^2>_U1_0
0    0.0651436585847628    159.323364432885
0.3535535    0.0271934504851243    147.573625742888
0.707106999999999    0.00105158508145287    111.92620675192
1.0606605    -0.0637521273075059    113.68351890632
1.414214    -0.0526320143555545    103.823475258816
1.76776750000001    0.114137497951163    98.7861154156057
2.121321    -0.00669884827241476    126.378941576283
2.4748745    -0.0714265539449769    177.537277546608
2.82842799999999    -0.026527728077485    172.500740778358
3.18198149999998    0.148972947918164    112.151225858316
3.53553499999997    -0.0319652381929125    142.112633568088
3.88908849999997    -0.124924457029804    110.127189134685
4.24264199999997    0.316337071847856    153.920197359246
4.59619549999999    -0.123756451385831    254.65376829976
4.949749    0.236445047828598    169.040416853491
5.30330250000002    0.297370528977117    161.102748272406
5.65685600000003    -0.23377658535278    229.473597010481
6.01040950000005    -0.540261031788227    242.882886584114
6.36396300000006    0.225716378481384    241.573205474245
6.71751650000007    -0.188262096074795    772.631196089233
7.07107000000009    0.396842315336056    308.064763073852
7.4246235000001    0.362442689915324    262.184450308879
7.77817700000012    -0.184624700345854    282.316952333036
8.13173050000013    0.698246729521447    365.062546086946
8.48528400000015    -1.04323437538992    846.408716644255
8.83883750000016    1.94509966859459    1330.54169006745
9.19239100000018    1.50460789463708    1816.35113931139
9.54594450000019    1.11294139809925    729.243241455403
9.89949800000021    0.807417679611869    883.360185435778
10.2530515000002    -1.99981637383013    2798.67899089633
10.6066050000002    -2.0208610105001    2024.23224672448
10.9601585000002    -1.32947062985684    6670.24630042882
11.3137120000003    -4.2789203011125    8591.81065792052
11.6672655000003    4.18783771368165    3452.00726368242
12.0208190000003    1.80330358868444    6871.50197031864
12.3743725000003    -3.81120388542142    18014.2506504825
12.7279260000003    6.405911381951    5788.34969397539
13.0814795000003    -10.9683276738246    32119.6447447049
13.4350330000004    20.8557688718698    52513.247959489
13.7885865000004    21.1971668774934    90570.3001359691
14.1421400000004    1.09343156457614    96257.3615904375
14.4956935000004    -2.96215892667795    129878.773012262
14.8492470000004    -17.1410183382779    45710.9766228506
15.2028005000004    -17.5674122412788    43461.1842682056
15.5563540000004    -20.9257974309119    608878.029576551
15.9099075000005    -36.8558432732346    207252.071298234
16.2634610000004    16.6225022603986    716318.209997241
16.6170145000003    -22.4376724732732    1533187.40332617
16.9705680000003    -69.2250290781608    1661856.87393287
17.3241215000002    68.606342961001    348476.861748713
17.6776750000001    -125.216018123015    2841396.8442416
18.0312285    220.559471463899    3548290.99048186
18.384782    246.383306050676    4662113.38120479
18.7383354999999    -132.554572486878    18360747.263274
19.0918889999998    -174.958644008032    19660196.2084426
19.4454424999997    -118.156646612816    4913855.61849375
19.7989959999997    -163.639497460877    4028871.99751135
20.1525494999996    -287.58855639314    73845667.1301442
20.5061029999995    -220.99779166782    53910489.282004
20.8596564999994    -250.877869669482    176821653.21948
21.2132099999994    -725.694099100757    208321475.8374
21.5667634999993    -978.206969818805    109989011.792169
21.9203169999992    694.03814534254    54705432.272419
22.2738704999991    -1507.4871490053    310444412.842513
22.6274239999991    2313.302354549    236733050.278646
22.980977499999    2386.61197558522    198275607.739557
23.3345309999989    -2826.36310856468    2098434152.3034
23.6880844999988    -3176.4858065787    1845793519.10579
24.0416379999988    -46.2512030657535    1354173704.56647
24.3951914999987    -1276.66730566122    753061010.010075
24.7487449999986    -3942.74292220515    10140365358.2438
25.1022984999985    324.444748560908    16447067809.2932
25.4558519999985    -7679.03337770085    28636023377.4795
25.8094054999984    -11275.549056754    15585650674.8541
26.1629589999983    -10622.5353650542    4188097217.68303
26.5165124999982    5615.76214299085    13645064862.0111
26.8700659999982    -18289.8778727722    37050558705.8507
27.2236194999981    23429.3285097567    15944273107.4192
27.577172999998    17303.7332877917    61304589559.4051
27.9307264999979    -38093.8269284494    126781862050.771
28.2842799999979    -39126.737838444    84609383225.1565
28.6378334999978    17133.0395725335    281932524353.003
28.9913869999977    -5689.45651305298    154748598363.178
29.3449404999977    -53455.5077315642    1472934380350.99
29.6984939999976    41445.1556107217    3900267588803.6
30.0520474999975    -126289.090209224    3061046485159.29
30.4056009999974    -119084.741344812    462721268904.888
30.7591544999974    -79206.5327641856    773465837631.473
31.1127079999973    22878.4368399652    3367858207404.27
31.4662614999972    -221868.04612529    4528264883176.53
31.8198149999971    224824.974797562    2066737688227.89
32.1733684999971    37291.6613566634    25206516594612.6
32.5269219999972    -360388.760406784    3826956956846.53
32.8804754999974    -324086.004077916    5810682315579.98
33.2340289999975    392944.157104864    42333362930594.1
33.5875824999976    60220.2137108444    30515870854422.3
33.9411359999977    -715795.047356339    218183671895127
34.2946894999978    939595.058969232    779276505260268
34.6482429999979    -1564200.1080744    181299254063380
35.001796499998    -710135.268495855    154117226356591
35.3553499999981    -69264.9220822491    381573869992796
35.7089034999982    -359904.003682444    726394988989464
36.0624569999983    -2680217.95136871    546504514820944
36.4160104999984    1978306.4149823    561455454503133
36.7695639999985    -1726295.18591514    6.5770201841555e+15
37.1231174999986    -1690199.22320484    2.61299967292574e+15
37.4766709999987    -682845.100755059    4.15906493552736e+15
37.8302244999988    6188005.61545154    4.36410695727623e+15
38.1837779999989    2373339.83444523    5.58840036266194e+15
38.537331499999    -9501727.94422556    3.24966946964547e+16
38.8908849999991    16206404.4263202    1.37360887469889e+17
39.2444384999992    -14754934.4605211    5.96344850373559e+15
39.5979919999993    3890857.62069582    7.78157078588124e+16
39.9515454999994    10899405.6103558    9.57425194829336e+16
40.3050989999995    -12502257.1585125    1.34116312850463e+17
40.6586524999996    -32066608.5429908    6.31801917746167e+16
41.0122059999997    14520452.693145    1.55959063485861e+17
41.3657594999998    -45139714.2832795    1.25313735099816e+18
41.7193129999999    21059424.8865904    1.08237415734035e+18
42.0728665    37225319.2940114    1.23358730791392e+18
42.4264200000001    76998570.1837187    2.51508473870521e+17
42.7799735000002    49433631.0926286    9.30521097672168e+17
43.1335270000003    -126067423.705841    4.7963239635225e+18
43.4870805000005    247723832.305961    2.16630328156731e+19
43.8406340000006    -76467006.5247803    4.1168113841048e+18
44.1941875000007    197843198.145724    1.67417431348957e+19
44.5477410000008    248471188.516044    1.34631722819144e+19
44.9012945000009    -249161669.628424    2.0370083186843e+19
45.254848000001    -365893947.8991    6.10134265584919e+18
45.6084015000011    35066966.228632    3.79822075387584e+19
45.9619550000012    -785394789.869977    1.77564973240492e+20
46.3155085000013    759149654.849174    2.13968553840478e+20
46.6690620000014    899918036.744409    1.64331875206096e+20
47.0226155000015    562765975.255833    2.8572411567488e+19
47.3761690000016    872717073.396113    1.16427561627436e+20
47.7297225000017    -1708422559.77499    6.09962516738223e+20
48.0832760000018    3535056790.47126    2.64763477768858e+21
48.4368295000019    1279019502.35899    1.89092451753829e+21
48.790383000002    3030052814.15755    1.03665177740065e+21
49.1439365000021    2183326387.64226    2.75249716200932e+20
49.4974900000022    -2938081412.85638    9.34119830798369e+20
49.8510435000023    -1491978514.60306    3.41889844201685e+20
50.2045970000024    -3570560871.12126    6.56191967267732e+21
50.5581505000025    -8514547108.38954    7.73498599723818e+21
50.9117040000026    7493576936.42573    5.07466682549894e+21
51.2652575000027    -1103906543.40702    5.61973935505867e+21
51.6188110000028    -8535360004.88285    1.92963355287634e+22
51.9723645000029    -4036806633.04506    1.35777457793706e+22
52.325918000003    -2538284741.40412    3.94387251058592e+21
52.6794715000031    8566916968.62474    8.91815308522379e+21
53.0330250000032    14779080229.9662    2.32581286183843e+22
53.3865785000033    -6410516316.02803    1.66173517536526e+22
53.7401320000034    -14485439028.8547    3.10385486847089e+22
54.0936855000036    11531534008.2101    2.05364369980063e+22
54.4472390000037    14493311981.9685    1.21512256037024e+22
54.8007925000038    -13440823842.5612    1.08899108292556e+22
55.1543460000039    8320398902.39342    9.49224957087269e+21
55.507899500004    -11204995717.9265    1.10588973015373e+22
55.8614530000041    -19681416122.7892    1.73904001961937e+22
56.2150065000042    -10891196830.9082    1.21012203696367e+22
56.5685600000043    -19994259019.5545    1.83626226546956e+22
56.9221135000044    9265043744.75791    1.10160578740255e+22
57.2756670000045    -11532606168.3382    1.66831207392498e+22
57.6292205000046    -2194910304.81939    2.16399661793308e+22
57.9827740000047    -12253367777.785    2.46911373081451e+22
58.3363275000048    -7588663236.23397    3.08710277263904e+22
58.6898810000049    11210063099.2661    2.2164735214216e+22
59.043434500005    6764464146.0955    1.76991611265251e+22
59.3969880000051    -1061014840.5926    3.06624084351987e+22
59.7505415000052    11698373568.2884    2.08655550595115e+22
60.1040950000053    -9495504066.87877    3.94429447769864e+22
60.4576485000054    -4544582442.63094    5.45172388379484e+22
60.8112020000055    5478467480.22771    2.67375746083538e+22
61.1647555000056    -10733848881.9622    6.51597063274861e+22
61.5183090000057    14988031070.4806    2.53374194059557e+22
61.8718625000058    -25884284950.0502    3.75349523174371e+22
62.2254160000059    -26233870919.926    3.89716598740942e+22
62.578969500006    13714437035.462    5.76484193226757e+22
62.9325230000061    24273046275.6454    4.6538494111447e+22
63.2860765000062    -15821442823.4254    4.25318679082819e+22
63.6396300000063    -21524524913.9934    3.81692818701274e+22
63.9931835000064    45102566026.0615    6.33130815473417e+22
64.3467370000062    -18045780810.2322    5.08722063062698e+22
64.7002905000059    56850072301.4769    1.06162903564096e+23
65.0538440000057    32761343702.3518    8.12617494116342e+22
65.4073975000054    -36405631760.3586    7.72338570778533e+22
65.7609510000052    53624713355.7406    1.27781320867069e+23
66.1145045000049    -25054397271.4268    6.31275856916525e+22
66.4680580000047    12561612403.614    7.54780203123181e+22
66.8216115000044    15607690771.0056    7.2472199143594e+22
67.1751650000042    -6843095900.04284    9.63007396736762e+22
67.5287185000039    -28368644507.4522    9.02703753719287e+22
67.8822720000037    16656957263.2678    8.0469025562228e+22
68.2358255000034    17880532034.6117    9.01550104712649e+22
68.5893790000032    -2615198303.02952    9.89977278067783e+22
68.9429325000029    -1405756922.44887    1.23050407689267e+23
69.2964860000027    10200694206.6902    1.48239030121583e+23
69.6500395000024    8746450651.05104    1.1066676848092e+23
70.0035930000022    -6861531045.3452    1.24881174672705e+23
70.3571465000019    16802499896.8995    1.55679738664261e+23
70.7107000000017    5558567153.89658    1.06958155398822e+23
71.0642535000014    -1765576359.54786    1.35628965684975e+23
71.4178070000012    24248521449.4511    1.4444255271577e+23
71.7713605000009    -19470346257.0606    1.57151185989957e+23
72.1249140000007    -43114228510.5526    1.65923028289418e+23
72.4784675000004    33645897157.1582    1.93597594580176e+23
72.8320210000002    37441411709.5006    2.07702776443194e+23
73.1855744999999    -25626424237.3391    1.69318596399653e+23
73.5391279999996    8569109664.88497    2.30505276300893e+23
73.8926814999994    -12112800457.747    2.29672419204318e+23
74.2462349999991    19386962628.4008    2.08634233719144e+23
74.5997884999989    2846198827.48356    2.40195142540837e+23
74.9533419999986    3427337247.04844    3.98890654282091e+23
75.3068954999984    6968399985.67831    5.68361531532912e+23
75.6604489999981    -3919181750.11344    4.01397200476623e+23
76.0140024999979    24726654010.3438    5.54033193869696e+23
76.3675559999976    -11367042990.266    4.48182569387839e+23
76.7211094999974    -12945343915.0735    5.65193055611336e+23
77.0746629999971    -8704914161.79533    9.32267432495561e+23
77.4282164999969    -14991614689.1718    1.59300650718266e+24
77.7817699999966    22811406504.1504    1.6060904618048e+24
78.1353234999964    -36966054736.1218    1.91672524947586e+24
78.4888769999961    -36592438763.0375    1.73132744537714e+24
78.8424304999959    -19475769363.0239    1.90808593905062e+24
79.1959839999956    -13031717725.2803    2.75162423295847e+24
79.5495374999954    -46760050386.4599    4.11633223395033e+24
79.9030909999951    23527401772.348    5.66990767432932e+24
80.2566444999949    4661490200.74048    7.49406250779921e+24
80.6101979999946    68327781240.4351    5.17838717914071e+24
80.9637514999944    8816050788.13497    4.33308020375778e+24
81.3173049999941    -24731805710.8427    4.76468842762811e+24
81.6708584999939    5077731723.55433    6.43772487153433e+24
82.0244119999936    -26273488518.8976    8.28819652422421e+24
82.3779654999934    -75633757086.7366    7.17144889547749e+24
82.7315189999931    -23825472510.0375    5.04365995083975e+24
83.0850724999928    -29719746088.8227    4.27652522913015e+24
83.4386259999926    -42323578349.8003    4.61877227866344e+24
83.7921794999923    -42020832444.5183    5.39350620650765e+24
84.1457329999921    21166086693.0187    7.91740965639541e+24
84.4992864999918    23170510004.7774    8.27428646833312e+24
84.8528399999916    28117327848.2426    7.09948933883344e+24
85.2063934999913    -2718328616.80724    6.51488810242074e+24
85.5599469999911    37317724662.9785    6.09939396817048e+24
85.9135004999908    -3290440816.01638    5.80901155090491e+24
86.2670539999906    -13830698109.4465    7.17288262406849e+24
86.6206074999903    -4950490342.13041    7.89939817349614e+24
86.9741609999901    74356189171.556    7.23108926309783e+24
87.3277144999898    3704431567.0821    6.97015611124866e+24
87.6812679999896    -6501845084.70612    6.77948165819287e+24
88.0348214999893    -37501773369.4204    6.35239464345526e+24
88.3883749999891    -8654251074.4066    6.59625956170241e+24
88.7419284999888    -25513087919.5909    7.00780380866131e+24
89.0954819999886    -69076287501.0202    7.75125497173013e+24
89.4490354999883    -130573506.643784    6.85236418155635e+24
89.8025889999881    44563812396.3304    7.15137001782479e+24
90.1561424999878    80320124573.6948    6.83963392581963e+24
90.5096959999876    42918073775.8571    7.332437868151e+24
90.8632494999873    4228608014.33002    7.92721508740089e+24
91.2168029999871    -12309167728.2691    8.04711718126439e+24
91.5703564999868    -23783106911.9979    7.45694686138796e+24
91.9239099999865    38144870869.2154    7.41764468354569e+24
92.2774634999863    46942664399.279    7.39612803211052e+24
92.631016999986    30881913742.1182    7.2604089035022e+24
92.9845704999858    8714890711.6262    7.22769590269924e+24
93.3381239999855    4180408025.57352    7.43155059452642e+24
93.6916774999853    17884077133.0176    7.27647736381713e+24
94.045230999985    -3006703544.82602    7.24517106372358e+24
94.3987844999848    14056698102.7318    7.3680059485507e+24
94.7523379999845    3026067347.29195    7.52147513031615e+24
95.1058914999843    -7797912582.33231    7.55286071210854e+24
95.459444999984    -14867158294.1517    7.50895426988813e+24
95.8129984999838    28492183807.0477    7.70199603727403e+24
96.1665519999835    -26294009965.6765    7.92304740006041e+24
96.5201054999833    31532495001.5431    7.63700128174642e+24
96.873658999983    38496452111.898    8.23053425208953e+24
97.2272124999828    21323671140.9597    7.75447171966819e+24
97.5807659999825    6353050036.75933    8.03556273622035e+24
97.9343194999823    -14654982329.2989    7.60177358929102e+24
98.287872999982    -31559446738.9373    7.80151662565726e+24
98.6414264999818    16398619685.7297    7.65011115984137e+24
98.9949799999815    -57200714169.1334    7.62624107271403e+24
99.3485334999813    20650376049.1195    8.05482181892162e+24
99.702086999981    5326376986.36425    7.76617616315573e+24
100.055640499981    11156511417.6598    7.81470763505752e+24
100.409193999981    -10528495150.6457    7.66648909075082e+24
100.76274749998    -2790378919.32714    7.26830376004127e+24
101.11630099998    -20883668977.75    7.32548361120797e+24
101.46985449998    -19870688536.6618    7.76850164271013e+24
101.823407999979    -13935713451.7524    8.04162330680977e+24
102.176961499979    -17169193387.4481    8.09929106322583e+24
102.530514999979    -34647399704.8318    7.96552236524564e+24
102.884068499979    -62266604755.5947    7.9130956621005e+24
103.237621999978    -13717721711.7176    7.65658899547387e+24
103.591175499978    4169359748.8971    7.68977942427633e+24
103.944728999978    63764140694.7753    8.31949518100892e+24
104.298282499978    21995028743.6788    8.54766621438928e+24
104.651835999977    -7181201469.97884    8.3867052449202e+24
105.005389499977    27700606802.6415    8.21933939387148e+24
105.358942999977    50048240609.3043    7.96395027394392e+24
105.712496499977    -3894689076.59178    8.0245877189791e+24
106.066049999976    -4131557328.42502    8.05727528167946e+24
106.419603499976    -63438975918.7229    8.23575237068885e+24
106.773156999976    -16644546122.1843    8.50627009002707e+24
107.126710499976    1059889437.10153    8.66400644684057e+24
107.480263999975    12428227329.2264    8.54562042773566e+24
107.833817499975    -34660442529.1983    8.3823381524181e+24
108.187370999975    10362621453.5005    8.24495876230633e+24
108.540924499975    -1682696496.17578    8.35660161464621e+24
108.894477999974    2973129108.35481    8.86607002455587e+24
109.248031499974    -23127428437.7713    9.20739039657587e+24
109.601584999974    17966339370.2596    9.28363716240525e+24
109.955138499974    29337579857.2108    9.07761939724197e+24
110.308691999973    -29451935892.6588    8.91675328917311e+24
110.662245499973    5483655577.01271    8.68842747384323e+24
111.015798999973    -2257603845.15572    8.64374948389441e+24
111.369352499973    -26658768267.5272    9.1059611871924e+24
111.722905999972    -4557451892.44134    9.19474813345948e+24
112.076459499972    -4869139918.072    9.32438285069246e+24
112.430012999972    -9649710007.77715    8.81439817920232e+24
112.783566499972    18523547280.7923    8.74013858931592e+24
113.137119999971    -10583992092.7382    8.55045918316674e+24
113.490673499971    4654969395.72175    8.69394417484445e+24
113.844226999971    -27770837515.9206    9.12333673211398e+24
114.197780499971    -2090312950.82292    9.35690313319444e+24
114.55133399997    4306372408.69662    9.16322307956014e+24
114.90488749997    -9564643920.65211    9.15992116528037e+24
115.25844099997    -15374524186.5887    8.66320829042289e+24
115.61199449997    48333684750.4756    8.32173558638412e+24
115.965547999969    -8342518923.43133    8.57650723504571e+24
116.319101499969    -25920564635.6187    8.889415286885e+24
116.672654999969    -13093494259.479    9.25632370288924e+24
117.026208499969    9196026591.35958    9.07016001526228e+24
117.379761999968    2889500108.19296    8.80235696730546e+24
117.733315499968    -30120163617.0146    8.29891261269969e+24
118.086868999968    -62951901053.7757    8.24647865854968e+24
118.440422499968    -67467799748.7447    8.83789243906582e+24
118.793975999967    -17736156699.2191    8.97994083380264e+24
119.147529499967    -10051021440.2198    9.27173224587108e+24
119.501082999967    -39914974987.1085    9.09431774427851e+24
119.854636499967    5867217214.51595    8.79159378831832e+24
120.208189999966    -82194077562.2894    8.53951729559841e+24
120.561743499966    -36008578071.5299    8.66500850460928e+24
120.915296999966    -23528761397.3095    9.05871142146438e+24
121.268850499966    -12740516028.9518    9.53499117366905e+24
121.622403999965    17967263599.268    9.54187101122485e+24
121.975957499965    -21169838748.359    9.32091921366444e+24
122.329510999965    -21548515562.6653    9.02502070520443e+24
122.683064499965    24489151409.855    8.8745533446781e+24
123.036617999964    -7503263354.36344    8.89849405523055e+24
123.390171499964    -7920287126.6561    9.52498118759223e+24
123.743724999964    29116542301.0536    9.59557992541077e+24
124.097278499964    -20479153877.474    9.57637247706623e+24
124.450831999963    4496842955.19146    9.65874182556899e+24
124.804385499963    -55510974516.9266    9.22341624455881e+24
125.157938999963    -16919326193.9255    8.70264987642792e+24
125.511492499963    15834858744.1493    9.04381816352798e+24
125.865045999962    -4032422539.63378    9.64201677455513e+24
126.218599499962    55019593804.6849    9.80065157630256e+24
126.572152999962    -8819201592.84777    9.77818307498212e+24
126.925706499962    -27459659182.7797    9.50630060104172e+24
127.279259999961    -37309147134.9167    9.13923903838714e+24
127.632813499961    -41545773617.9644    9.0681461151524e+24
127.986366999961    10455958179.9418    9.548087155454e+24
128.339920499961    27885706149.82    9.74827653849768e+24
128.69347399996    29342861675.5723    9.90115094282752e+24
129.04702749996    8894843511.50649    9.61525325214919e+24
129.40058099996    -22001397400.4487    9.3340826646665e+24
129.75413449996    8634589170.66937    9.09730867784683e+24
130.107687999959    10554135904.1209    9.13201802238806e+24
130.461241499959    -12952464428.6507    9.63819201716666e+24
130.814794999959    34851771818.8469    9.97218328633502e+24
131.168348499959    -52652136679.9877    1.00561029797691e+25
131.521901999958    -14954271209.1415    9.85176207900703e+24
131.875455499958    -27396229174.0816    9.47569586989387e+24
132.229008999958    24992067476.5766    9.45964989916417e+24
132.582562499958    -20246807202.9429    9.5598885722451e+24
132.936115999957    63287451591.3515    1.00748200461542e+25
133.289669499957    6126858667.74507    1.01177229845216e+25
133.643222999957    -5187963509.39817    1.01106672403494e+25
133.996776499957    -58767853746.8943    1.00266791493131e+25
134.350329999956    -31210140645.3541    9.64901473096525e+24
134.703883499956    -43683369166.1343    9.49945781806858e+24
135.057436999956    14031120821.7254    9.71259166054642e+24
135.410990499956    9565716806.05079    1.01665861248166e+25
135.764543999955    6117733248.45549    1.02147061917007e+25
136.118097499955    -6050763194.08808    1.0310666321985e+25
136.471650999955    -31215404881.0633    1.01649616709387e+25
136.825204499955    27706826047.868    9.88901914154255e+24
137.178757999954    -18073851377.2445    9.67435941284275e+24
137.532311499954    4984995780.47896    1.01511554226045e+25
137.885864999954    28636025129.7571    1.01465726044773e+25
138.239418499954    8466503563.55248    1.03856831009686e+25
138.592971999953    -16186698533.969    1.03792742072515e+25
138.946525499953    -1398511367.65694    1.01635648778387e+25
139.300078999953    -252635540.260496    9.8883164930249e+24
139.653632499953    -7252739796.04176    9.74149575790535e+24
140.007185999952    12057659986.2058    1.01448596374203e+25
140.360739499952    3849866622.35994    1.03344853610887e+25
140.714292999952    -52833964797.066    1.03876734085296e+25
141.067846499952    7861308203.63351    1.04910722268168e+25
141.421399999951    -6592336178.78863    1.02202891351406e+25
141.774953499951    -17373420794.2781    9.80358551235215e+24
142.128506999951    39438863446.7135    9.77910047486465e+24
142.482060499951    -7776268174.77756    1.00855462387591e+25
142.83561399995    8506410486.83634    1.06553368600779e+25
143.18916749995    -21832497949.879    1.06507543762047e+25
143.54272099995    -41985427817.852    1.03998235650587e+25
143.89627449995    -46808652824.0445    1.00909426746833e+25
144.249827999949    12031953474.3347    9.84915289283239e+24
144.603381499949    23393205040.0766    1.00340276840587e+25
144.956934999949    -38154253294.7531    1.03713524535425e+25
145.310488499949    25055634023.3485    1.04643257054288e+25
145.664041999948    -14734624870.4978    1.04941333046732e+25
146.017595499948    8614386224.57545    1.02323627655008e+25
146.371148999948    10263143117.8205    9.92448274994176e+24
146.724702499948    41807074313.6864    9.81468631153708e+24
147.078255999947    -32307836537.8951    1.01059861024233e+25
147.431809499947    -19478887104.5424    1.04407126225742e+25
147.785362999947    -22055770465.6701    1.04426572549185e+25
148.138916499947    -4341435142.34417    1.03987725953325e+25
148.492469999946    9886230033.816    1.02578168246594e+25
148.846023499946    -8392332808.58292    9.92316651024369e+24
149.199576999946    -23124595077.6324    9.82666505370686e+24
149.553130499945    -33148906616.1742    1.00404593893011e+25
149.906683999945    10493913742.6361    1.04336422660715e+25
150.260237499945    15335606904.3046    1.06154630185738e+25
150.613790999945    35477630452.2207    1.05158019542179e+25
150.967344499944    -24187454058.8346    1.04296410523565e+25
151.320897999944    56714225300.9798    1.01452390376193e+25
151.674451499944    14886008366.4633    9.87758040884333e+24
152.028004999944    13310387931.4772    1.00844795100175e+25
152.381558499943    27625196352.613    1.04843464452049e+25
152.735111999943    -11177724667.268    1.04547713656145e+25
153.088665499943    15108901357.1801    1.04770869995339e+25
153.442218999943    -1351007745.71439    1.03087725923514e+25
153.795772499942    11327045681.2838    1.00482282364946e+25
154.149325999942    -17446410834.9466    1.0162252405987e+25
154.502879499942    5710719563.05791    1.00704747925229e+25
154.856432999942    15616518031.0748    1.04652408599293e+25
155.209986499941    24965687548.1236    1.03714524560351e+25
155.563539999941    34926939761.2438    1.04389529535326e+25
155.917093499941    -19585856049.6976    1.02200603382066e+25
156.270646999941    17568076341.5521    9.87456607018783e+24
156.62420049994    14821074628.1194    9.84742859101026e+24
156.97775399994    -19689543981.5281    1.03076535520276e+25
157.33130749994    13837587484.0326    1.05264420652648e+25
157.68486099994    12234112392.5389    1.05774900930105e+25
158.038414499939    12272367261.4962    1.03882563312423e+25
158.391967999939    -9272598188.12067    1.02296911121982e+25
158.745521499939    -34175092896.1784    9.99671209533429e+24
159.099074999939    -49188124547.44    9.95811428894659e+24
159.452628499938    -21608177259.2873    1.04402095757748e+25
159.806181999938    -7065642479.3626    1.04761763860391e+25
160.159735499938    -41737192287.0832    1.04887438828531e+25
160.513288999938    -8273361739.96797    1.02220983338367e+25
160.866842499937    35336460290.2374    1.01958313327912e+25
161.220395999937    -19745656132.9676    1.00108177135201e+25
161.573949499937    46677131010.5899    1.00136844391653e+25
161.927502999937    -49339514897.8621    1.05009184169505e+25
162.281056499936    -14339606713.5018    1.05643227455168e+25
162.634609999936    22412971221.4806    1.05395878549721e+25
162.988163499936    -54691795208.0432    1.03442731515288e+25
163.341716999936    -17389413500.4457    1.00652752524358e+25
163.695270499935    -56755951905.1038    1.0072655934732e+25
164.048823999935    24273042187.7886    1.01424109704932e+25
164.402377499935    21601760124.7705    1.04984421831965e+25
164.755930999935    8087389641.25381    1.05468218959092e+25
165.109484499934    -20699085016.922    1.05853940624108e+25
165.463037999934    -15480531859.3018    1.04192821137664e+25
165.816591499934    -1460630557.87081    1.01935401066158e+25
166.170144999934    2119875829.60255    9.99028673611112e+24
166.523698499933    27499603833.9981    1.02219150241787e+25
166.877251999933    17434269531.8646    1.05371288904687e+25
167.230805499933    -25858501736.0235    1.0626315609756e+25
167.584358999933    -31065339891.4041    1.07345164709344e+25
167.937912499932    7096425395.13196    1.03816868036284e+25
168.291465999932    9357037166.2557    1.02795445286219e+25
168.645019499932    -10409274039.3547    1.01107805139012e+25
168.998572999932    -21674326393.5415    1.03883748758113e+25
169.352126499931    14014232277.9431    1.06316313257855e+25
169.705679999931    -42824613578.8106    1.07853109441111e+25
170.059233499931    9832533679.62195    1.05959805292204e+25
170.412786999931    -6604527102.19561    1.03560424279462e+25
170.76634049993    -9622139803.03827    1.00897923515336e+25
171.11989399993    -44248882301.1903    1.01459669927051e+25
171.47344749993    2661211527.00833    1.07422051622871e+25
171.82700099993    -26633190969.5251    1.08202646807836e+25
172.180554499929    8049287886.47989    1.07849642229996e+25
172.534107999929    -36021618037.9836    1.06988673019903e+25
172.887661499929    6362507749.12492    1.06169035337637e+25
173.241214999929    -1179010582.82112    1.04602357336128e+25
173.594768499928    20372484520.8572    1.05407288537861e+25
173.948321999928    -21548773989.9256    1.07392894190533e+25
174.301875499928    -2458597284.46337    1.08629820532483e+25
174.655428999928    24187303714.777    1.07909904728285e+25
175.008982499927    -15882977423.5956    1.07241445368121e+25
175.362535999927    28530573890.2367    1.06002308548628e+25
175.716089499927    -3991734709.21139    1.03765700706302e+25
176.069642999927    -15216169728.287    1.05454432257422e+25
176.423196499926    -20166992704.8506    1.0817002040956e+25
176.776749999926    1494048786.82901    1.10059032103665e+25
177.130303499926    39740056864.7185    1.08659655147351e+25
177.483856999926    -18292365817.1488    1.08342350017428e+25
177.837410499925    -14674806995.3971    1.03851766512385e+25
178.190963999925    320076322.738897    1.03070091424944e+25
178.544517499925    -11881470793.7874    1.05884240609672e+25
178.898070999925    -1032106684.87173    1.0917714284143e+25
179.251624499924    36726343344.3712    1.07459725116267e+25
179.605177999924    -3399034608.65941    1.08255389225245e+25
179.958731499924    14418830750.1309    1.06430054459504e+25
180.312284999924    55240581292.2042    1.04340065512022e+25
180.665838499923    20680379739.6582    1.03345054952557e+25
181.019391999923    -1939683231.7372    1.05650988066111e+25
181.372945499923    7668701147.94157    1.09585568005913e+25
181.726498999923    -22230788188.4054    1.08977965821744e+25
182.080052499922    9173584086.05747    1.06160882866602e+25
182.433605999922    5944309577.94932    1.04651783637839e+25
182.787159499922    -31540701812.5027    1.02052905169188e+25
183.140712999922    7399090286.75757    1.03533332857884e+25
183.494266499921    31343801161.4017    1.07789217251165e+25
183.847819999921    12498430086.7272    1.08089212523229e+25
184.201373499921    2103846500.69312    1.08859736029419e+25
184.554926999921    9326259788.82332    1.06446049762615e+25
184.90848049992    -29801593638.5321    1.05279948775622e+25
185.26203399992    -22688352414.1715    1.04109224866674e+25
185.61558749992    6388773098.46934    1.04564615101792e+25
185.96914099992    -3363464736.10391    1.0804922508006e+25
186.322694499919    -23210152414.0983    1.07556487843894e+25
186.676247999919    8408638444.94921    1.10357534815875e+25
187.029801499919    17294838199.3562    1.06588855213333e+25
187.383354999919    -12532753335.7116    1.05244259239926e+25
187.736908499918    -19425165235.835    1.04075129449846e+25
188.090461999918    23277614319.2657    1.06050826066816e+25
188.444015499918    4127776601.52335    1.09782990492244e+25
188.797568999918    -40402780420.2211    1.10128588305134e+25
189.151122499917    2623973663.17656    1.07826909622778e+25
189.504675999917    -20528399812.2602    1.05847020915149e+25
189.858229499917    -6101706817.89748    1.03076808521428e+25
190.211782999917    19322712299.1142    1.0416349399844e+25
190.565336499916    -53692966780.6345    1.06750050155174e+25
190.918889999916    -14842325896.014    1.07240026695971e+25
191.272443499916    7176373682.58054    1.08484690847879e+25
191.625996999916    22834029047.4393    1.07559707049836e+25
191.979550499915    20463347755.2524    1.06295199276031e+25
192.333103999915    -8582658123.36726    1.03156821307641e+25
192.686657499915    -42867866758.8634    1.03876830446483e+25
193.040210999915    -10424473968.58    1.06176608903886e+25
193.393764499914    10663341716.7488    1.08631715671847e+25
193.747317999914    35048418245.3688    1.08178369816953e+25
194.100871499914    28568251457.0789    1.06554766479068e+25
194.454424999913    2292050343.71322    1.0401980637094e+25
194.807978499913    -24574501762.8365    1.02729832393125e+25
195.161531999913    -9206096576.40457    1.03962231802101e+25
195.515085499913    -57712816395.2517    1.07704916844485e+25
195.868638999912    4651166880.94146    1.08854445676957e+25
196.222192499912    24061100148.9902    1.08521570142859e+25
196.575745999912    17198413800.3913    1.05930465047355e+25
196.929299499912    -12699003055.7824    1.04073363134262e+25
197.282852999911    -16167842817.7562    1.04878118705628e+25
197.636406499911    -41639253167.225    1.06491861405822e+25
197.989959999911    -46913551616.9427    1.08172976952134e+25
198.343513499911    -18463298836.4293    1.0906655625826e+25
198.69706699991    -3922608616.4867    1.06860464457567e+25
199.05062049991    -24967515604.1203    1.06147195610435e+25
199.40417399991    -14624768350.5849    1.05012373641393e+25
199.75772749991    -46612425556.1138    1.04939570851222e+25
200.111280999909    -11690157280.5486    1.06105905008619e+25
200.464834499909    -9777607977.01765    1.08380491555106e+25
200.818387999909    13395492224.8911    1.09185415507317e+25
201.171941499909    -19544045230.5558    1.0738321933179e+25
201.525494999908    34207044269.7391    1.05045620002404e+25
201.879048499908    -25013915171.0154    1.03689003215817e+25
202.232601999908    18507567857.8396    1.05441271477049e+25
202.586155499908    13317980494.6561    1.07549012111415e+25
202.939708999907    2531389671.96716    1.08292682661854e+25
203.293262499907    33467563158.4749    1.07857479355791e+25
203.646815999907    22462848799.8877    1.08030765843071e+25
204.000369499907    38811758051.6834    1.04826249107216e+25
204.353922999906    -35123659029.165    1.04797452690841e+25
204.707476499906    4448799842.49179    1.04477497998577e+25
205.061029999906    14406343043.94    1.09298707525276e+25
205.414583499906    -1871960110.80198    1.08433607105504e+25
205.768136999905    -15111132533.1475    1.0795309433703e+25
206.121690499905    -23755495364.5968    1.06212673556514e+25
206.475243999905    -9304321228.78278    1.04149495091861e+25
206.828797499905    -15189880160.6331    1.04222991150045e+25
207.182350999904    6602965074.63983    1.05731435772873e+25
207.535904499904    2260820476.74193    1.08824305673524e+25
207.889457999904    -55294395524.1431    1.08890784355425e+25
208.243011499904    24404221085.4736    1.06394651102626e+25
208.596564999903    -21966066683.2659    1.05485314142832e+25
208.950118499903    -10190947569.5501    1.04244532434039e+25
209.303671999903    11908675340.8484    1.04347093528246e+25
209.657225499903    10416348201.4478    1.05726194300388e+25
210.010778999902    1322104485.78869    1.08779027066151e+25
210.364332499902    37633163512.1832    1.08724217057569e+25
210.717885999902    20984090194.8141    1.05856042401313e+25
211.071439499902    -37592647535.5063    1.05082865397833e+25
211.424992999901    15367743940.7277    1.02651697827211e+25
211.778546499901    39097510285.7228    1.04162789544236e+25
