#t    rel_diff_friedmann    LHS_friedmann    RHS_friedmann
0    -8.11459698808458e-17    0.684090057864489    0.684090057864489
0.5    -1.90613508779555e-05    1.29183574428552    1.29188499349307
1    -7.20040501928129e-06    1.47221858020893    1.4722397815017
1.5    5.15107613360167e-06    1.13586849525414    1.13585679342423
2    2.09326096844785e-06    0.824668151525055    0.824664699040975
2.49999999999999    3.16759397796269e-06    0.6409428207659    0.640938760285523
2.99999999999998    1.75129361394726e-05    0.54737941101102    0.547360238905442
3.49999999999997    5.80476067014626e-06    0.623881270473295    0.623874027552415
3.99999999999996    -6.51587060773515e-06    0.882946975123646    0.882958481535107
4.49999999999995    1.03252560958297e-05    0.985994893720449    0.985974532631109
4.99999999999994    1.19836275321075e-05    0.877559871491975    0.877538839042746
5.49999999999993    9.651880449658e-06    0.756053144020019    0.756038549491765
5.99999999999992    1.73376715881402e-05    0.664676521376652    0.664653473889762
6.49999999999991    2.69775198822884e-05    0.629689705461245    0.629655731444682
6.9999999999999    3.96621248149008e-06    0.729844566549046    0.729838777134749
7.49999999999988    9.9186202807604e-06    0.880635065701632    0.880617596505258
7.99999999999987    2.02935466257909e-05    0.88145376430636    0.881417989386231
8.49999999999986    1.63538793900094e-05    0.802055675591774    0.80202944257722
8.99999999999985    1.76338811754206e-05    0.728147677384169    0.728121997697759
9.49999999999984    2.94145362096918e-05    0.673053756932959    0.673014162969388
9.99999999999983    2.44044278910307e-05    0.68310533200383    0.683071991227859
10.4999999999998    7.02516826560819e-06    0.792672983954343    0.792661846710401
10.9999999999998    2.36104357192555e-05    0.861937383079808    0.861896682606409
11.4999999999998    2.36847186072302e-05    0.825369962774935    0.825330866390291
11.9999999999998    2.03232309376649e-05    0.765821447415222    0.765790320115564
12.4999999999998    2.65647536184199e-05    0.713766375153292    0.713728454104861
12.9999999999998    3.62567987206307e-05    0.685691035119999    0.685641314999002
13.4999999999998    1.5941932447698e-05    0.732684156332218    0.732660795901977
13.9999999999997    1.90124714872749e-05    0.822522717099493    0.82249144131471
14.4999999999997    3.01501582180459e-05    0.833799974928619    0.833749698042142
14.9999999999997    2.50647111147512e-05    0.790370202596064    0.790330582787519
15.4999999999997    2.54449031370613e-05    0.744732991611134    0.744695093257785
15.9999999999997    3.59090435651773e-05    0.707232686048826    0.707181895773988
16.4999999999998    3.328556121519e-05    0.707317561973876    0.707270476617123
16.9999999999999    1.46059843859269e-05    0.774843567689863    0.774820933314358
17.4999999999999    3.12120525465804e-05    0.825771846192639    0.825720299733
18    3.13288963279934e-05    0.806534974929399    0.806484440811348
18.5000000000001    2.70866656066786e-05    0.767435791070358    0.767394217643148
19.0000000000002    3.23297516957636e-05    0.731190125051443    0.731142848189522
19.5000000000002    4.19838707499152e-05    0.708768003962773    0.708708492812742
20.0000000000003    2.36102105370123e-05    0.736998580122154    0.736963779560519
20.5000000000004    2.45127578214487e-05    0.80097601098186    0.800936743682454
21.0000000000005    3.67809972837985e-05    0.813702734142752    0.813642878748184
21.5000000000006    3.11636477266596e-05    0.784515876600907    0.784466981371832
22.0000000000006    3.07683006000798e-05    0.751569321122061    0.751523073523433
22.5000000000007    4.03672957840229e-05    0.723137987636037    0.723079607742597
23.0000000000008    3.94091638323558e-05    0.719955750825379    0.71989900735332
23.5000000000009    1.99261776964367e-05    0.767640591890992    0.767610000214885
24.000000000001    3.62956528278413e-05    0.808470951717038    0.808412265885108
24.500000000001    3.69719339567697e-05    0.7968406705555    0.796781751252569
25.0000000000011    3.20453544469327e-05    0.76788643761748    0.767837224808385
25.5000000000012    3.64912938843964e-05    0.740098296003996    0.740044283686129
26.0000000000013    4.61580274255327e-05    0.72138310947278    0.72131651730384
26.5000000000013    2.94510058392622e-05    0.740110928569811    0.740067335831103
27.0000000000014    2.83060436137152e-05    0.789721202532728    0.789676496032589
27.5000000000015    4.17169256576975e-05    0.802579555355365    0.802512595845419
28.0000000000016    3.5881327099921e-05    0.781034216721051    0.780978169643681
28.5000000000017    3.48061569705656e-05    0.755280134036687    0.755227559068815
29.0000000000017    4.37243560087574e-05    0.732347615871443    0.732283575815796
29.5000000000018    4.41622767281769e-05    0.727736313595041    0.727672039448601
30.0000000000019    2.41008212133057e-05    0.763814526227829    0.763777710000456
30.500000000002    3.99718275407393e-05    0.798271723794901    0.798207909586324
31.000000000002    4.14614112664631e-05    0.790921426869549    0.790855844151584
31.5000000000021    3.59785526586686e-05    0.768036448446932    0.767981184755632
32.0000000000022    3.97315570518316e-05    0.745507813259264    0.745448575240453
32.5000000000021    4.94183449211465e-05    0.729364985757771    0.729292901299186
33.000000000002    3.42810091779311e-05    0.74237739577756    0.742326498629729
33.5000000000019    3.11197809388882e-05    0.782773502979011    0.782724785015228
34.0000000000018    4.56077284749177e-05    0.79548396686295    0.795411409738582
34.5000000000017    3.97555396377132e-05    0.778729169619598    0.778667254484328
35.0000000000016    3.80633912609993e-05    0.757606069084591    0.757548397167321
35.5000000000015    4.63884317420788e-05    0.738364897277761    0.738296397276092
36.0000000000014    4.80644480676419e-05    0.733039461727426    0.732968998839906
36.5000000000013    2.7611054172064e-05    0.761464694853436    0.761422646328561
37.0000000000012    4.27425430942199e-05    0.791504798823752    0.791437139859723
37.5000000000011    4.52026511172912e-05    0.786920089188138    0.786848950655291
38.000000000001    3.92555118828174e-05    0.768084861984695    0.768024561222979
38.5000000000009    4.23765199122778e-05    0.749142618630636    0.749079129206905
39.0000000000008    5.20640017687896e-05    0.734890702388206    0.734814183670418
39.5000000000007    3.84645077521861e-05    0.744102640603053    0.744045399721219
40.0000000000006    3.33145993167637e-05    0.77803374014231    0.777981902104658
40.5000000000005    4.87809694702864e-05    0.790538263617738    0.790461140934052
41.0000000000004    4.30648634383493e-05    0.777089466032578    0.777022538411339
41.5000000000003    4.07994274797251e-05    0.75919938140891    0.759137434136115
42.0000000000002    4.85765781022536e-05    0.742611357917805    0.742539214385035
42.5000000000001    5.13701721961953e-05    0.736911026662228    0.736835320058623
43    3.07074898895981e-05    0.759888498675907    0.759841831572156
43.4999999999999    4.48777886909823e-05    0.786656511901571    0.786585908260679
43.9999999999998    4.8417127831249e-05    0.784024366866538    0.783948450126221
44.4999999999997    4.207963918995e-05    0.768093653235636    0.768029013748058
44.9999999999996    4.46076085302604e-05    0.751753828578162    0.751686763688774
45.4999999999995    5.42628520996032e-05    0.738957129880949    0.738876938389474
45.9999999999994    4.21946607155866e-05    0.745471885020106    0.745408977807931
46.4999999999993    3.51007286542764e-05    0.774577413902042    0.774523039347374
46.9999999999992    5.14228998804063e-05    0.786873515237778    0.786792592763061
47.4999999999991    4.59713845346035e-05    0.775861402186396    0.775790070619876
47.999999999999    4.31653915644753e-05    0.760358768398675    0.760293128864097
48.4999999999989    5.04187948680185e-05    0.745772971484673    0.745697773327138
48.9999999999988    5.42295457332656e-05    0.739880960860949    0.739800718395653
49.4999999999987    3.35435106934454e-05    0.758768975523127    0.758718073680065
49.9999999999986    4.65454386368683e-05    0.782988946056915    0.782916060321529
50.4999999999985    5.12373820701602e-05    0.781822737664441    0.78174262466858
50.9999999999984    4.45751299157027e-05    0.768085817334085    0.768017345336045
51.4999999999983    4.65371872311718e-05    0.75372101024938    0.753650861402362
51.9999999999982    5.61230633459476e-05    0.742085246413425    0.742001954893415
52.4999999999981    4.56048610772963e-05    0.74659787577412    0.746529781894721
52.999999999998    3.66355311836607e-05    0.771934351895722    0.771877793517727
53.4999999999979    5.36467825251095e-05    0.784032175560932    0.783948058466313
53.9999999999978    4.85803528758592e-05    0.77490503186136    0.774829745199026
54.4999999999977    4.52593747573501e-05    0.761240120084773    0.761171216699547
54.9999999999976    5.19965611483655e-05    0.748221979559408    0.748144173665222
55.4999999999975    5.67979150705026e-05    0.742247094986495    0.742162783600281
55.9999999999974    3.62751350685946e-05    0.7579433399421    0.757888352942699
56.4999999999973    4.78864453274401e-05    0.780098736143147    0.780024027409726
56.9999999999972    5.37508020933075e-05    0.780083678496994    0.779999822757469
57.4999999999971    4.68282549262109e-05    0.768070781178864    0.767998849718604
57.999999999997    4.82515358283605e-05    0.755256902511309    0.755184021416951
58.4999999999969    5.77812436867198e-05    0.744575924443142    0.744489884368778
58.9999999999968    4.8918165522182e-05    0.747555142603041    0.74748200812824
59.4999999999967    3.81574250330073e-05    0.76983907296724    0.769780325055481
59.9999999999966    5.54579078143533e-05    0.78174717957068    0.781660476253027
60.4999999999965    5.09992394989614e-05    0.774136312340728    0.774057355641064
60.9999999999964    4.71733459047575e-05    0.761932531239679    0.761860648816909
61.4999999999963    5.33115625752277e-05    0.750183729335694    0.750103746666037
61.9999999999962    5.97596807606696e-05    0.744201912804085    0.744112971581723
62.4999999999961    3.90970565255398e-05    0.75732481232408    0.757265596297261
62.999999999996    4.89296463495233e-05    0.777736566159052    0.777660461132574
63.4999999999959    5.61380406353179e-05    0.778657839496096    0.7785704197528
63.9999999999958    4.8964465754174e-05    0.768051629408818    0.767976418616063
64.4999999999961    4.99709735604307e-05    0.756492334727738    0.756416733188706
64.9999999999963    6.03503713778099e-05    0.746638481195325    0.746548366814511
65.4999999999966    5.21730940199783e-05    0.748434604453174    0.748356512229515
65.9999999999969    3.90302840349503e-05    0.768116981833261    0.768057024525466
66.4999999999971    5.5677488231856e-05    0.779811493052411    0.779724661996491
66.9999999999974    5.36548567997204e-05    0.773493583593943    0.773410584672312
67.4999999999976    4.92393852124684e-05    0.762488691564485    0.762413606312828
67.9999999999979    5.36449467564505e-05    0.751861029409034    0.751780366646402
68.4999999999981    6.70193025636443e-05    0.746014986883835    0.745914998776722
68.9999999999984    3.48204068670059e-05    0.756922784866758    0.756870073983501
69.4999999999986    4.28306507302221e-05    0.77561909156855    0.775552653873299
69.9999999999989    6.2287413227242e-05    0.777345718720763    0.777248887044153
70.4999999999992    5.20540416694672e-05    0.768021378171448    0.767941425099684
70.9999999999994    5.36836400450118e-05    0.757525853284617    0.757444524160196
71.4999999999997    7.61288670064279e-05    0.748644881360046    0.748530903063869
71.9999999999999    3.36339170557394e-05    0.749682339791534    0.749631911980349
72.5000000000002    1.01906011630219e-05    0.766499349152279    0.766483727133159
73.0000000000004    5.99493016692098e-05    0.777630782643346    0.777537551387742
73.5000000000007    5.52609502102561e-05    0.772777213496385    0.772691809409658
74.000000000001    5.35545665674665e-05    0.762946878221679    0.762865164019094
74.5000000000012    5.13165358861647e-05    0.753571948194237    0.753494610759082
75.0000000000015    5.80508032714625e-05    0.748423058126902    0.748336170051402
75.5000000000017    1.31606917131125e-05    0.756892004299644    0.756872082117176
76.000000000002    7.34643841718933e-05    0.772957100861104    0.772843539569002
76.5000000000022    9.00152093856601e-05    0.775751412864351    0.77561176658292
77.0000000000025    6.22433441214847e-05    0.767966857483401    0.767871261782828
77.5000000000027    6.06442118208356e-05    0.758453530188242    0.758361544133582
78.000000000003    8.15164156645369e-05    0.750352979335858    0.750230657136408
78.5000000000033    5.58964967799776e-05    0.75046558469236    0.750381692587358
79.0000000000035    7.78297643726702e-05    0.765105090305846    0.764986003676533
79.5000000000038    0.000104871842972633    0.776024484549985    0.775861735382017
80.000000000004    6.35487267762684e-05    0.772200107824109    0.772101969393344
80.5000000000043    6.16492148200552e-05    0.763460003784903    0.763365876168237
81.0000000000045    6.3284360842824e-05    0.754677163076906    0.754581650597536
81.5000000000048    6.82237077275933e-05    0.749303594896957    0.749201361332795
82.000000000005    6.30113531396914e-05    0.756329930222506    0.756234621483392
82.5000000000053    8.65300569149065e-05    0.771659758241032    0.771526226269962
83.0000000000056    9.02749461632731e-05    0.775070493977626    0.774930567715229
83.5000000000058    6.83282863040003e-05    0.768096244250757    0.7679912860222
84.0000000000061    6.79389855498669e-05    0.7593619170161    0.759258743468992
84.5000000000063    9.37428362763978e-05    0.751916862804574    0.751775902379878
85.0000000000066    7.10440043635118e-05    0.751271572405202    0.751164833306639
85.5000000000068    0.000127417316026485    0.763711285528054    0.763516690238421
86.0000000000071    0.000128411313547338    0.774390533235226    0.774191677759376
86.5000000000073    7.34068780289033e-05    0.771760550937665    0.771647254189165
87.0000000000076    6.96367026988473e-05    0.763988992437515    0.763882596497914
87.5000000000079    7.00567854635598e-05    0.756038693013399    0.755932769153047
88.0000000000081    6.24194756993953e-05    0.750924072262198    0.750830333539559
88.5000000000084    0.000154576175891109    0.756197266141368    0.755963522109388
89.0000000000086    0.000153998958954019    0.769669522686463    0.769432502576849
89.5000000000089    8.82970786983917e-05    0.773816912083927    0.773680272603226
90.0000000000091    7.69512683110052e-05    0.768150115312157    0.768031904157402
90.5000000000094    7.70617963215609e-05    0.760335505245783    0.760218328635941
91.0000000000096    9.66205707550993e-05    0.75359394922133    0.753448337935392
91.5000000000099    0.000125637539756554    0.752233395999376    0.752044402237695
92.0000000000102    0.000177411873165645    0.762401992757278    0.762131522410648
92.5000000000104    0.000127761685929299    0.772576479369271    0.772379093240629
93.0000000000107    9.42744708637228e-05    0.771293164053451    0.771147751252322
93.5000000000109    8.20124950164999e-05    0.764634603939698    0.764509195041504
94.0000000000112    8.22824533277992e-05    0.757471417917479    0.757346774960224
94.5000000000114    9.38138414016092e-05    0.752503870204911    0.75236269289183
95.0000000000117    0.000163310507382759    0.755997392408839    0.755750508092173
95.500000000012    0.00013882239564424    0.767496619452274    0.76728355759131
96.0000000000122    0.000101738289283098    0.772448444055437    0.772291284878028
96.5000000000125    9.03927337355847e-05    0.768347200654824    0.768208307201932
97.0000000000127    9.07098969359443e-05    0.76154722843459    0.761409081224703
97.500000000013    9.80924861019352e-05    0.755561731991603    0.755413516673023
98.0000000000132    0.000154592146679031    0.753474202089286    0.753241275709139
98.5000000000135    0.000131772061387526    0.760707755521344    0.760507301877416
99.0000000000137    0.000125754883056537    0.770195396129776    0.770001708822958
99.500000000014    0.000118294919521838    0.770812467913164    0.770630123085914
100.000000000014    9.73171878797415e-05    0.765465853558065    0.765316882086977
100.500000000015    9.84486012851421e-05    0.759118085962155    0.758968632448098
101.000000000015    0.000131415695220047    0.754405045891785    0.754206790618473
101.500000000015    0.000132268488904692    0.755873181828925    0.755673251866231
102.000000000015    0.000151265065615329    0.764851618470429    0.764620262805951
102.500000000016    0.000150842150739531    0.770772330903899    0.770539836061673
103.000000000016    0.000114393416524265    0.76852895468697    0.768353145492736
103.500000000016    0.000107001217956438    0.762915596005523    0.762752347677352
104.000000000016    0.00010770106563618    0.757524095664611    0.757360940931853
104.500000000017    0.00012683910178482    0.754713280720037    0.754521850691587
105.000000000017    0.000171087634912195    0.759106883395173    0.758847180224523
105.500000000017    0.000184628951782839    0.767589758109079    0.76730637184551
106.000000000017    0.000138769170049767    0.769996733023881    0.769783059060075
106.500000000018    0.000117844613223524    0.766328200225019    0.766147606206335
107.000000000018    0.000117666744908266    0.760894660769321    0.760715617840818
107.500000000018    0.000139462415279472    0.756521940208823    0.756310956879081
108.000000000018    0.000176163612101314    0.756001777838941    0.755735464745739
108.500000000019    0.000194289902924388    0.762227321405032    0.761931192795266
109.000000000019    0.000173837865113405    0.76877106321369    0.768503826628748
109.500000000019    0.000143338957488857    0.768629697263945    0.768409379685036
110.000000000019    0.000126240633450203    0.764357081686515    0.764164120201747
110.50000000002    0.000128704608179015    0.759494523560822    0.759299047829312
111.00000000002    0.00015967898606298    0.756169565850078    0.755928115625472
111.50000000002    0.000180187264598712    0.757963204303379    0.757690102879878
112.00000000002    0.000190193909232731    0.764692838083033    0.764402013555612
112.500000000021    0.000173953725802918    0.768836206837214    0.76856876951351
113.000000000021    0.000145260434646247    0.767039465099088    0.766816656492181
113.500000000021    0.000137443105298117    0.762716473669575    0.762506842240763
114.000000000021    0.000142858336471194    0.75858619675891    0.758369486993429
114.500000000022    0.000171032506745977    0.756582207681759    0.756323451634376
115.000000000022    0.000207780599980253    0.759957924097443    0.759642180675943
115.500000000022    0.000217835672431486    0.766192423353565    0.765858687969531
116.000000000022    0.000174737575215405    0.768311822076282    0.768043363096555
116.500000000023    0.000151462338286292    0.765715568380349    0.765483649366447
117.000000000023    0.000148058520932785    0.761530560693171    0.761305091898825
117.500000000023    0.000164605830874634    0.758073474549505    0.757823948994581
118.000000000023    0.000204358667613572    0.757455673864274    0.757146151853205
118.500000000024    0.000224803838386853    0.761713485370781    0.761371090112025
119.000000000024    0.00021267377189014    0.766925456861753    0.766599316363944
119.500000000024    0.000181462092051202    0.767545660931581    0.767267150587896
120.000000000024    0.000160473383801269    0.764561486310854    0.764316142144398
120.500000000025    0.000162170146892434    0.760698755120046    0.760452069867313
121.000000000025    0.000189198306747682    0.757924369540888    0.757637627777225
121.500000000025    0.000220599972934941    0.758536709728249    0.758202117184083
122.000000000026    0.00024322503894958    0.763126526194724    0.762755393505373
122.500000000026    0.000211797087386368    0.767085802153247    0.76676093788121
123.000000000026    0.000181671336587649    0.766639513064858    0.766361010810696
123.500000000026    0.000170046231255529    0.763524754538104    0.763265129672374
124.000000000027    0.000174985392777593    0.760070914911038    0.759804958834298
124.500000000027    0.000201827210197707    0.758051184700862    0.757745255734061
125.000000000027    0.000231569291522074    0.759668334812311    0.759316584550702
125.500000000027    0.000247812901312171    0.764228079820051    0.763849402505726
126.000000000028    0.000217757578218958    0.766984441890713    0.766650481263975
126.500000000028    0.00019122119294405    0.765771702547923    0.765478894981967
127.000000000028    0.000183463099093041    0.762710234125936    0.762430427093676
127.500000000028    0.00019000021543072    0.759723764427297    0.759435123911239
128.000000000029    0.000217703708552085    0.758394921414834    0.758064782513419
128.500000000028    0.00025278962099545    0.760679582928947    0.760295096316237
129.000000000028    0.000249283804837259    0.76489007058032    0.764508816206708
129.500000000027    0.000225804745865668    0.766676163888855    0.766330003820745
130.000000000027    0.000200370718060417    0.765112979540036    0.764806428489675
130.500000000026    0.000195956512420626    0.762122553077609    0.761823925840485
131.000000000026    0.000207987138669995    0.759578272665999    0.75926237334594
131.500000000025    0.000240551491713435    0.758922747044642    0.758557714855886
132.000000000025    0.000270191075033483    0.761470063881557    0.761058690200722
132.500000000024    0.000259827026017412    0.765254437574499    0.764856873303118
133.000000000024    0.000230749762246535    0.766278894752719    0.76592533899007
133.500000000024    0.000210476912373832    0.764524043105214    0.764202281508545
134.000000000023    0.000208884140300613    0.761703926850418    0.76138577756691
134.500000000023    0.00022658653192168    0.75955283309379    0.759208702184695
135.000000000022    0.000261970357530145    0.759422786954657    0.759024998645373
135.500000000022    0.000274175466445038    0.762167148289693    0.761749327779043
136.000000000021    0.000271908979567194    0.765412571596335    0.764996439643768
136.500000000021    0.000238805885925289    0.765868907604759    0.765503206930266
137.00000000002    0.000220687720701919    0.764009359843737    0.763672219278082
137.50000000002    0.000222323172735921    0.761425086868379    0.761086597240241
138.000000000019    0.000243097970437041    0.759584995094268    0.759215777708901
138.500000000019    0.000273508155248098    0.759834319698524    0.759418791582702
139.000000000019    0.000289607995101885    0.762661619653539    0.762220001744398
139.500000000018    0.000277645620186738    0.765451598180961    0.765026667593678
140.000000000018    0.000246632641385854    0.765552298714126    0.765174771453569
140.500000000017    0.000232489182567522    0.763666086422681    0.763311080749286
141.000000000017    0.000235842006563678    0.761255965820818    0.760896978216199
141.500000000016    0.000257260199933288    0.75968322510381    0.759292453117137
142.000000000016    0.000292533140531123    0.760163349467882    0.759718733588889
142.500000000015    0.000296918469264726    0.763004398850747    0.762551433148332
143.000000000015    0.000283958277207119    0.765412502837865    0.764977935805454
143.500000000014    0.000258283940669555    0.765306587018781    0.764911356298298
144.000000000014    0.000245225950118344    0.763455694479781    0.763081347983152
144.500000000014    0.000248575123971877    0.7612030905281    0.760824752268389
145.000000000013    0.000272246111898518    0.759787505773581    0.759373919982072
145.500000000013    0.00029982127630957    0.760434608600165    0.759978756324575
146.000000000012    0.000311615198519049    0.763127278106867    0.762651822149644
146.500000000012    0.000295913859408376    0.765340011675894    0.764887196237029
147.000000000011    0.000270439045151883    0.76515000623704    0.764736265254586
147.500000000011    0.000258340051000846    0.763350314418462    0.762956008365192
148.00000000001    0.000261478993959918    0.761261296545332    0.760863292938992
148.50000000001    0.000283591562362808    0.759921872521315    0.759490979856635
149.000000000009    0.00030981334183085    0.760551253267962    0.760080141373896
149.500000000009    0.000326360468850889    0.763148372519619    0.762650412112894
150.000000000009    0.000305820488480675    0.765219014132637    0.764751117919492
150.500000000008    0.000282446056403843    0.765035211831687    0.76460317150259
151.000000000008    0.000270127817032581    0.763360504095708    0.762948205655825
151.500000000007    0.000272691725091344    0.761373154995961    0.760958027879543
152.000000000007    0.000295387935405621    0.760099874949408    0.75965095888827
152.500000000006    0.000319633194235169    0.76067618344696    0.760190064110248
153.000000000006    0.000335367543507673    0.763054411325158    0.762542775544215
153.500000000005    0.000317976528608097    0.765070814572556    0.764584420111065
154.000000000005    0.000295267816327678    0.764947692652044    0.76449609712404
154.500000000004    0.000282414436280369    0.763408952066197    0.762977878389928
155.000000000004    0.000285616458657389    0.761481108717624    0.761046249845262
155.500000000004    0.00030850509375551    0.760264765957212    0.759795819523775
156.000000000003    0.000333892087692735    0.760735839903195    0.76022800211068
156.500000000003    0.000347307131893911    0.762983225039205    0.762453430009654
157.000000000002    0.000333213409568277    0.764928240425337    0.764418641536386
157.500000000002    0.000308657081640453    0.76488044416101    0.76440841832373
158.000000000001    0.00029582528559411    0.763448984546388    0.762997423101902
158.500000000001    0.000297698283895189    0.761621091172521    0.761167759544928
159    0.000319157347980182    0.760432248487033    0.75994700827552
159.5    0.000345566722377497    0.760792431683125    0.760266804228429
159.999999999999    0.000358990216029697    0.762896520835415    0.762348972626218
160.499999999999    0.000347767781602115    0.764770866482438    0.764239126069281
160.999999999999    0.000322245766392862    0.764837076937659    0.764344304711376
161.499999999998    0.000308001009128758    0.763481320521273    0.763011159297062
161.999999999998    0.000308651610999841    0.761753866150787    0.761283778128267
162.499999999997    0.000329149616266905    0.760573339790067    0.760072819690196
162.999999999997    0.000356778895949007    0.760831596293421    0.760288892604787
163.499999999996    0.000369470161370184    0.762762066576256    0.762198639098247
163.999999999996    0.00036210453221708    0.764639656619653    0.764086098095354
164.499999999995    0.000333350732052893    0.764798083748129    0.76428836166218
164.999999999995    0.000320212164203451    0.763563256107727    0.763074408157298
165.499999999994    0.000322088086215791    0.76191352581126    0.761422877304518
165.999999999994    0.000341089249304251    0.76074512489206    0.760226337877611
166.499999999994    0.00037216640205372    0.760867041111486    0.760300913506896
166.999999999993    0.000381125826022031    0.762615845479129    0.762034761757051
167.499999999993    0.000373301159320584    0.764470343100363    0.763899800753791
167.999999999992    0.000349140580347449    0.764750626931902    0.764216802356308
168.499999999992    0.000334040405747662    0.763673450690428    0.763163425480801
168.999999999991    0.000331782609447048    0.76209704084951    0.761591507486958
169.499999999991    0.000348276899100234    0.760906505278332    0.760376677488784
169.99999999999    0.00037816382218112    0.760905788385001    0.760330511851263
170.49999999999    0.00039421032529711    0.762444882216238    0.761843991803364
170.999999999989    0.00038784920760491    0.764278989012806    0.763686368859507
171.499999999989    0.000365608492715458    0.76472090370405    0.764161931155259
171.999999999989    0.000347881899410853    0.763804883437019    0.763273640459577
172.499999999988    0.000344939021286331    0.762284502234058    0.761758800228909
172.999999999988    0.000357703187648953    0.761086177044435    0.760541885835927
173.499999999987    0.000386082595322821    0.760916111674219    0.760328785496198
173.999999999987    0.000410909231667365    0.762249483244009    0.761623309845442
174.499999999986    0.000402334103120728    0.764074679645158    0.763460100309479
174.999999999986    0.000380914428853336    0.764694241002317    0.764111896685552
175.499999999985    0.000361264180795311    0.763931647862154    0.763379884912446
175.999999999985    0.000357269360819526    0.762508147366665    0.761963500355496
176.499999999984    0.0003685167288607    0.761286325487588    0.760725438690965
176.999999999984    0.000393239711527874    0.760976546494518    0.760378289357736
177.499999999984    0.000420206386799552    0.762077785494884    0.76143759460178
177.999999999983    0.000418658673920637    0.763841926471166    0.763202616027985
178.499999999983    0.000394134439823227    0.764608994318947    0.764006514301752
178.999999999982    0.00037480871505967    0.764030225135474    0.763457709345482
179.499999999982    0.000369363192621666    0.762693477708575    0.762130263943173
179.999999999981    0.000379119358231122    0.761489777131686    0.760912604917633
180.499999999981    0.000401924513588998    0.761069251419136    0.760457712434277
180.99999999998    0.000426985453838691    0.761970905429379    0.761320482164918
181.49999999998    0.000427518669739698    0.763638235511404    0.7629855753306
181.999999999979    0.000407758183589992    0.76452045522592    0.763897230406659
182.499999999979    0.000387167706592345    0.764063178595447    0.763471766394056
182.999999999979    0.000379789728349058    0.762831818673209    0.762252607273369
183.499999999978    0.000387733184296612    0.76166040924678    0.761069996137875
183.999999999978    0.000412273105227788    0.761136785866303    0.760509452046741
184.499999999977    0.000435149690730886    0.761900929290409    0.761238135797296
184.999999999977    0.000444083349525555    0.763502266858762    0.762824450577613
185.499999999976    0.00042020492707052    0.76442274751279    0.763780588941246
185.999999999976    0.000399316002437294    0.764101824412601    0.763491831820445
186.499999999975    0.000391282403073823    0.762965449404063    0.762368613026625
186.999999999975    0.000397446775537683    0.761803730204801    0.761198417911895
187.499999999974    0.000420714758465767    0.761222215687095    0.760581970206595
187.999999999974    0.000442887145708439    0.761813397188233    0.761138901191753
188.499999999974    0.000454142739872006    0.76332630084275    0.762633297369884
188.999999999973    0.000434733128171482    0.764345212615747    0.763680929031261
189.499999999973    0.000413789844807646    0.764138193278882    0.763506069596425
189.999999999972    0.000404961577986745    0.763131266570582    0.762513439083133
190.499999999972    0.000408410057471965    0.761978499018501    0.761356353743736
190.999999999971    0.000429851865667321    0.761312410378714    0.760658188477305
191.499999999971    0.000452177273203429    0.761709260745343    0.761020716856246
191.99999999997    0.000463732491264738    0.763119275111423    0.762411836768409
192.49999999997    0.000450473700374811    0.764238328562416    0.763550100055587
192.999999999969    0.000428707250374581    0.764211878772594    0.763556913214573
193.499999999969    0.000417307570221239    0.76330639771883    0.762669596384514
193.999999999969    0.000420218435735879    0.762180372196222    0.761540076772658
194.499999999968    0.000438556359049885    0.761446008483253    0.760778427277049
194.999999999968    0.000463544993167967    0.761649430699774    0.760943640305077
195.499999999967    0.000470477368861182    0.762876199485062    0.762158705075743
195.999999999967    0.000467705787285577    0.764077418428864    0.763363025693414
196.499999999966    0.000442631072311214    0.764244878565925    0.763568620838392
196.999999999966    0.000428908758471219    0.763477067338279    0.762822424118343
197.499999999965    0.000430802183515586    0.762382234680395    0.761725645677623
197.999999999965    0.000446664656786611    0.761590409631743    0.76091036234697
198.499999999964    0.000470673086846669    0.76159924526559    0.76088265401039
198.999999999964    0.000486441933249728    0.762655945403934    0.761914330491553
199.499999999964    0.000481469173945157    0.763910824317016    0.763175579287729
199.999999999963    0.000457602957090778    0.7642544022225    0.763555271997705
200.499999999963    0.000443183665325536    0.763630781167756    0.762954223629899
200.999999999962    0.000441249664210946    0.76258840421787    0.761915717286168
201.499999999962    0.00045250490134021    0.761731845469134    0.761042782486347
201.999999999961    0.000478143033754457    0.76156608586502    0.760838158880837
202.499999999961    0.000496484047391309    0.762456325398303    0.761699606292482
202.99999999996    0.000492537889026118    0.763729064450522    0.76297710381724
203.49999999996    0.000472895062509097    0.76425765485976    0.763535169176736
203.999999999959    0.000456300755748819    0.763767008745008    0.763070311721773
204.499999999959    0.000452738131704917    0.762793742726007    0.76210336365902
204.999999999959    0.000461142485885712    0.761904765704825    0.761202396281876
205.499999999958    0.000481723775997422    0.761580010863865    0.760846621757719
205.999999999958    0.000505233481539785    0.762261177222291    0.761491326439861
206.499999999957    0.00050636166866852    0.763518593565869    0.762745751805118
206.999999999957    0.000489948638661382    0.76421399247885    0.763465507987286
207.499999999956    0.00046883554033167    0.763898914984865    0.76318296472666
207.999999999956    0.000462952297800457    0.763011183060374    0.762305034412622
208.499999999955    0.000468204684050135    0.762097443678826    0.761384142464129
208.999999999955    0.000490458143991129    0.76163600607467    0.760889271153022
209.499999999954    0.000511332011551924    0.762091155913641    0.76131219101585
209.999999999954    0.000518293616094968    0.763282196438266    0.762491397724805
210.499999999954    0.000500595394966106    0.764111407713924    0.763346769184565
210.999999999953    0.000485058025162442    0.764001004507562    0.763260194206607
211.499999999953    0.000474730660715669    0.763225967271506    0.762501657588085
211.999999999952    0.000477625795000665    0.762307586674809    0.761579738779498
212.499999999952    0.000496383205925306    0.76173376519246    0.760977916686109
212.999999999951    0.000519182872027047    0.761950584391921    0.761159811562136
213.499999999951    0.000530958985571482    0.762992589878259    0.762182784308762
213.99999999995    0.000519999811828429    0.763954929323712    0.763160829416527
214.49999999995    0.000501368392812815    0.764080015251572    0.763314228054614
214.999999999949    0.000489134280997032    0.76347413356737    0.762727615971953
215.499999999949    0.000489176183308034    0.762559254799283    0.761813567919927
215.999999999949    0.000501393623393232    0.761897514386859    0.761133876159411
216.499999999948    0.000524966062205102    0.761859226614728    0.761059745838702
216.999999999948    0.000538158825111216    0.762693919659139    0.761873460269154
217.499999999947    0.000534545667424187    0.763741880059521    0.762925806462095
217.999999999947    0.000520659380777075    0.764107858199088    0.763312592413086
218.499999999946    0.000503032296284575    0.763683384814533    0.762915456293984
218.999999999946    0.000498980446881956    0.762837146957561    0.76207624499179
219.499999999945    0.000508152992172152    0.762083493547216    0.761309376901844
219.999999999945    0.000529141453862968    0.761832817475728    0.761027009213004
220.499999999944    0.000549543198793191    0.762418222517442    0.761580719264018
220.999999999944    0.00055095545743518    0.763465541974887    0.762624734208685
221.499999999944    0.000532857772720422    0.764074058120615    0.763260206186337
221.999999999943    0.000516198310835088    0.763848763810948    0.763060575789049
222.499999999943    0.000509475222854154    0.763101192203083    0.762324025850168
222.999999999942    0.00051413574228369    0.762304409977048    0.761520956890943
223.499999999942    0.000535461072714177    0.761883352942211    0.761067871845695
223.999999999941    0.000557054685123318    0.762213803261549    0.761365086502851
224.499999999941    0.000565286400042083    0.763182018158769    0.762319672799629
224.99999999994    0.000550048326918117    0.763967482641361    0.763127506597486
225.49999999994    0.000532607946152433    0.763967182732541    0.763153825948581
225.999999999939    0.000520923835900203    0.763348141950387    0.762553263537035
226.499999999939    0.000523758447122851    0.762536691413414    0.76173833949024
226.999999999939    0.000539674429134875    0.761992658287805    0.761170646001084
227.499999999938    0.000562739207280977    0.762078528323671    0.76122130778145
227.999999999938    0.000573967601946199    0.762906357262087    0.762031092570888
228.499999999937    0.000566723354380721    0.763787682238692    0.762922459945746
228.999999999937    0.000548910284115599    0.764025724159126    0.763187421157625
229.499999999936    0.000534110539306312    0.763566506857868    0.762751284439205
229.999999999936    0.000532915734452112    0.762782493766374    0.761969929209026
230.499999999935    0.000544679291452138    0.762160458046241    0.761330643992249
230.999999999935    0.000565265516214092    0.762024543758291    0.76116353806093
231.499999999934    0.000583644751918572    0.762638967118878    0.761749265926775
231.999999999934    0.000579637770894829    0.763572204098813    0.762687526310872
232.499999999934    0.000565272513286198    0.764020385692162    0.763157114228548
232.999999999933    0.000548031098512937    0.763738416288863    0.762901769990543
233.499999999933    0.00054340614688894    0.763030100923039    0.762201280814775
233.999999999932    0.000549549864337397    0.762346091461841    0.761508657291394
234.499999999932    0.000569969302139917    0.762043199430523    0.761175011809656
234.999999999931    0.00058722780586066    0.762435857485258    0.761540935936675
235.499999999931    0.000592673886679253    0.763313283041931    0.762409027270285
235.99999999993    0.000580122279878486    0.763937547468747    0.763051706981106
236.49999999993    0.000562370785595539    0.763864697442506    0.763006029952038
236.999999999929    0.000553452646887715    0.763266291247383    0.762421895082334
237.499999999929    0.000558395652911049    0.762551233705864    0.761700098388079
237.999999999929    0.000574078325479104    0.762114051869939    0.761239527597926
238.499999999928    0.000594895203391028    0.762277979914686    0.761371568106919
238.999999999928    0.000606716456231132    0.763053852138348    0.762128498907216
239.499999999927    0.000597159896095743    0.763800349535848    0.762888672078331
239.999999999927    0.000578176720853124    0.763941046367122    0.763058170966898
240.499999999926    0.000567180409014235    0.763487044081821    0.762621465233308
240.999999999926    0.000566984321572515    0.762781371759639    0.7619168917491
241.499999999925    0.000579079564983568    0.762260549000495    0.76137824091284
241.999999999925    0.000597998410325842    0.762212368867463    0.761301310109325
242.499999999924    0.000611999160268066    0.762791138285185    0.761858054259644
242.999999999924    0.000610439386073972    0.763607167956238    0.762675464922848
243.499999999924    0.000593644288367193    0.763957196909757    0.763050697395011
243.999999999923    0.000581206600243869    0.763670594274441    0.762783409132692
244.499999999923    0.000576548839556736    0.763022885916606    0.762143552976131
244.999999999922    0.000582666976127206    0.762425138620191    0.761537176106537
245.499999999922    0.000601984589380497    0.762192264710974    0.761275160798395
245.999999999921    0.000621774430268645    0.762567048207774    0.761619348079599
246.499999999921    0.000624221515501338    0.763360780766696    0.762408362839568
246.99999999992    0.000612989781342328    0.763896131563083    0.762960184243915
247.49999999992    0.000594809369034604    0.763806186041642    0.762898088035675
247.999999999919    0.000586530112235961    0.763275050890357    0.762380208140045
248.499999999919    0.00059178528718905    0.762635753996031    0.761733654607778
248.999999999919    0.000605372819938617    0.762250136228496    0.761327803554693
249.499999999918    0.000626392765161877    0.762409835113102    0.761455297019252
249.999999999918    0.000637596246994203    0.763096674656879    0.762124199551647
250.499999999917    0.000626826073277478    0.76376442291516    0.762807527813709
250.999999999917    0.000612129763065099    0.763889439394027    0.762954812583826
251.499999999916    0.000600262514099466    0.763492632207104    0.762576590059057
251.999999999916    0.00059976956305389    0.762866307783705    0.761951768312469
252.499999999915    0.000610787508317808    0.762384017052726    0.761453276269256
252.999999999915    0.00063035163612533    0.762318500315872    0.761358048310519
253.499999999914    0.000641068919737525    0.762847974741268    0.761870525099671
253.999999999914    0.000642147649285039    0.763570964928415    0.762590943646396
254.499999999914    0.000628631760244359    0.76390298205752    0.762943158080823
254.999999999913    0.000612517618676093    0.763678013557011    0.762743053759761
255.499999999913    0.000608574621433861    0.763104042326852    0.762175795726828
255.999999999912    0.000616239709252628    0.762554741510892    0.761615487292243
256.499999999912    0.000633364370620815    0.762314535695736    0.761349501181981
256.999999999911    0.000650118514356268    0.762631848277825    0.761640890349515
257.499999999911    0.000654847590145124    0.763330024447116    0.762330949035253
257.99999999991    0.000643916678837451    0.763838233035912    0.762855169690425
258.49999999991    0.000628485137770205    0.763804087662093    0.762844611643983
258.999999999909    0.000620639045162074    0.763348607542606    0.762401667348842
259.499999999909    0.000622826980261384    0.762765804146558    0.761816253307553
259.999999999909    0.000637640297362856    0.762390885358488    0.761419242615362
260.499999999908    0.00065513519253844    0.762481654130391    0.761483251088788
260.999999999908    0.000671690152329684    0.763063668337486    0.762039271711366
261.499999999907    0.000661812841576488    0.763691425826217    0.762681252786479
261.999999999907    0.000643490678897101    0.763872544828111    0.762890087305444
262.499999999906    0.000634065573934276    0.763564539617629    0.762596853218165
262.999999999906    0.000630849174687981    0.763004869475119    0.762042794414994
263.499999999905    0.000639288792374746    0.7625351941195    0.761560856595775
263.999999999905    0.000655964292828457    0.762419526429191    0.7614199421498
264.499999999904    0.000672635827333762    0.762824644190477    0.761799127618353
264.999999999904    0.000678569035684025    0.76348099791373    0.762445551406633
265.499999999904    0.000661796884333734    0.763854949222449    0.762844584227898
265.999999999903    0.000646757784961659    0.763724221518573    0.762736970858961
266.499999999903    0.000640492337801587    0.763239528204715    0.762262455872612
266.999999999902    0.000644218702993086    0.762717022434729    0.761734941967447
267.499999999902    0.000661412242970546    0.762447618172063    0.761439700442624
267.999999999901    0.000681004782719829    0.76265556093966    0.761617523678863
268.499999999901    0.000686805864111303    0.763242717838522    0.762195038242309
268.9999999999    0.000677538010402809    0.763751702161148    0.762717461281208
269.4999999999    0.000662665122874883    0.763813750805856    0.762802115715085
269.999999999899    0.000652530595729157    0.763458256389152    0.762462546378687
270.499999999899    0.000652494172360784    0.762914449047329    0.761919503779292
270.999999999899    0.000665382389847737    0.762562234395308    0.761548118206502
271.499999999898    0.000682547133538124    0.762567298337465    0.761527032120969
271.999999999898    0.000696269189974381    0.76301601722355    0.761954227426573
272.499999999897    0.0006928692709346    0.763588162165398    0.762530761259565
272.999999999897    0.000677870019649463    0.763833147907272    0.762798290224308
273.499999999896    0.000664891750255567    0.763628782551697    0.762613996319139
273.999999999896    0.000662151499538553    0.763138773805865    0.762128815584353
274.499999999895    0.00067032911665738    0.762698704009366    0.761676870676933
274.999999999895    0.000685935729376034    0.762541702180277    0.761496310054758
275.499999999894    0.000701874418059955    0.762831744135405    0.761761671019365
275.999999999894    0.000704456186228409    0.763387112641908    0.762312324235274
276.499999999894    0.00069254140528313    0.763776935839865    0.762719773663506
276.999999999893    0.000679926226968027    0.763737642704645    0.762699777868572
277.499999999893    0.000671533122673736    0.763348084098661    0.762323545065353
277.999999999892    0.000675303270241465    0.762866798389284    0.76183716081948
278.499999999892    0.000688522524309824    0.76258987313845    0.761540475063728
278.999999999891    0.000706700688342549    0.762702975265372    0.761625731119309
279.499999999891    0.000717103143435122    0.763184512789305    0.762090733115862
279.99999999989    0.000710978174896681    0.763675907976961    0.762590765682917
280.49999999989    0.000696310545555574    0.763803483265385    0.762740534567513
280.999999999889    0.000683319025036453    0.763529438182066    0.762486682334405
281.499999999889    0.000681302848371951    0.763056239381903    0.762017202501971
281.999999999889    0.000693026078664552    0.762695399423557    0.761638995934968
282.499999999888    0.000709908502719444    0.762645840106788    0.761563790729931
282.999999999888    0.000722406867649948    0.763008816930786    0.761907207122421
283.499999999887    0.000723683240766219    0.763525946325364    0.762421643628227
283.999999999887    0.000709020792923078    0.763790881395059    0.762708561549626
284.499999999886    0.000696657492086599    0.763647020800698    0.762583760692118
284.999999999886    0.000690930663272043    0.76324288803788    0.762188920426681
285.499999999885    0.000697271128033893    0.762827706268051    0.761764652034586
285.999999999885    0.000712134986529059    0.76264126898362    0.761555834899578
286.499999999884    0.000729335789869992    0.762852761048243    0.761740820384298
286.999999999884    0.000735079214324757    0.763352817925338    0.762231392682419
287.499999999884    0.000725195867533573    0.763728710190934    0.762621807103384
287.999999999883    0.000709557626470591    0.763748917379672    0.762665838148729
288.499999999883    0.000701401529714771    0.763432791759675    0.76236259654029
288.999999999882    0.000704005946121143    0.762994787420076    0.761921237471217
289.499999999882    0.000716682575254627    0.762713913561584    0.761621448968415
289.999999999881    0.000731711242629935    0.762760142598283    0.761644718423154
290.499999999881    0.000745530753764414    0.763145818624903    0.762008768975602
290.99999999988    0.000741123839495438    0.763604403909642    0.762473391274707
291.49999999988    0.000725566872258424    0.763788284475129    0.76268072912733
291.999999999879    0.000715501471785045    0.76360031660942    0.762508383588325
292.499999999879    0.000712644197794151    0.763199906569411    0.762112901247099
292.999999999879    0.000718384612771152    0.762835675920092    0.761740443894619
293.499999999878    0.000734721830001278    0.762709858424639    0.761589922100421
293.999999999878    0.000751195796632638    0.762957781477358    0.761812380540819
294.499999999877    0.000752326794240627    0.763417590688296    0.762269775203301
294.999999999877    0.000743150591720829    0.763750251645608    0.762615931713262
295.499999999876    0.000728823363918997    0.763727440004407    0.762615005968441
295.999999999876    0.000723721426694756    0.763410250972232    0.762306057388813
296.499999999875    0.000725270835547937    0.763013649183567    0.761907668225545
296.999999999875    0.000737504105643404    0.762766531870243    0.761642274117148
297.499999999874    0.000752484513851905    0.762819123422317    0.761671967484904
297.999999999874    0.000760276308025203    0.763198266288079    0.762038664785259
298.499999999874    0.000758639406555157    0.763633734842522    0.762475967883308
298.999999999873    0.000744303891826999    0.763787457242782    0.762651322918073
299.499999999873    0.000734921676742567    0.76359449771695    0.76247295766382
