#tSpectra
0
4.99999999999994
9.99999999999983
14.9999999999997
20.0000000000003
25.0000000000011
30.0000000000019
35.0000000000016
40.0000000000006
44.9999999999996
49.9999999999986
54.9999999999976
59.9999999999966
64.9999999999963
69.9999999999989
75.0000000000015
80.000000000004
85.0000000000066
90.0000000000091
95.0000000000117
100.000000000014
105.000000000017
110.000000000019
115.000000000022
120.000000000024
125.000000000027
130.000000000027
135.000000000022
140.000000000018
145.000000000013
150.000000000009
155.000000000004
159.999999999999
164.999999999995
169.99999999999
174.999999999986
179.999999999981
184.999999999977
189.999999999972
194.999999999968
199.999999999963
204.999999999959
209.999999999954
214.999999999949
219.999999999945
224.99999999994
229.999999999936
234.999999999931
239.999999999927
244.999999999922
249.999999999918
254.999999999913
259.999999999909
264.999999999904
269.999999999899
274.999999999895
279.99999999989
284.999999999886
289.999999999881
294.999999999877
