#t    rhoGW_over_rho    rhoGW
0    0    0
4.99999999999994    2.4019850415587e-27    1.05571547463365e-30
9.99999999999983    3.31949269633128e-27    1.20517291015838e-31
14.9999999999997    3.04892301944592e-27    3.00068441159649e-32
20.0000000000003    1.068452154248e-26    3.43948949817468e-32
25.0000000000011    7.43309206793212e-26    1.0770282524633e-31
30.0000000000019    5.99382957273768e-24    4.35015902675743e-30
35.0000000000016    1.15519041807993e-22    4.60595367369061e-29
40.0000000000006    7.6603519044567e-21    1.88232426749795e-27
44.9999999999996    8.03513527870541e-19    1.20948624455815e-25
49.9999999999986    1.07527519542632e-17    1.12218565006011e-24
54.9999999999976    2.59385548238192e-15    1.78542435104392e-22
59.9999999999966    1.59156491223041e-14    8.16002741990806e-22
64.9999999999963    2.94624415969849e-12    1.05554956749312e-19
69.9999999999989    2.62866490183949e-11    7.33932457382947e-19
75.0000000000015    1.54009034476793e-09    3.16042796037231e-17
80.000000000004    3.3246392557634e-09    5.46478447173443e-17
85.0000000000066    7.85031646983191e-09    9.89771697118007e-17
90.0000000000091    3.59844184066496e-08    3.70480512970358e-16
95.0000000000117    1.40519932407733e-07    1.15117790609222e-15
100.000000000014    3.62654537706197e-07    2.45794839547671e-15
105.000000000017    7.68257753736605e-07    4.26098021486104e-15
110.000000000019    1.42466285882105e-06    6.62253374598445e-15
115.000000000022    2.20737003246444e-06    8.56080784508222e-15
120.000000000024    3.0787618209731e-06    1.01547687751876e-14
125.000000000027    3.74487440911518e-06    1.04448723155702e-14
130.000000000027    4.5259383032687e-06    1.0888475989255e-14
135.000000000022    5.10231496054209e-06    1.04943581496308e-14
140.000000000018    5.47452059759314e-06    9.83019301569715e-15
145.000000000013    6.05322505863974e-06    9.38864007846515e-15
150.000000000009    6.1657419135418e-06    8.42165668073866e-15
155.000000000004    6.49162182978744e-06    7.74921517111396e-15
159.999999999999    6.72818013880636e-06    7.09496742821369e-15
164.999999999995    7.06555882224382e-06    6.60156605036421e-15
169.99999999999    7.45848845377769e-06    6.16900387110832e-15
174.999999999986    7.29353254177254e-06    5.40437616887796e-15
179.999999999981    7.43317718527909e-06    4.90503034316479e-15
184.999999999977    7.65311582202798e-06    4.54158725157951e-15
189.999999999972    7.79597662917429e-06    4.16009743222007e-15
194.999999999968    8.12798295149996e-06    3.90448147730204e-15
199.999999999963    8.23549375583673e-06    3.59015674086207e-15
204.999999999959    8.42990360133869e-06    3.32147894067181e-15
209.999999999954    8.53851799466733e-06    3.06251334174556e-15
214.999999999949    8.73371668164923e-06    2.85389398351035e-15
219.999999999945    8.71038814346479e-06    2.5921039800825e-15
224.99999999994    8.80332072529665e-06    2.40262315057452e-15
229.999999999936    8.66283303180052e-06    2.16325557260737e-15
234.999999999931    8.86712220102529e-06    2.03176452333398e-15
239.999999999927    9.09373385665576e-06    1.92022876432472e-15
244.999999999922    9.35366346916824e-06    1.81604872739936e-15
249.999999999918    9.12533000329647e-06    1.63625033360128e-15
254.999999999913    9.38274038465389e-06    1.55626304215715e-15
259.999999999909    9.33901249211502e-06    1.43140911007556e-15
264.999999999904    9.50023330848291e-06    1.35170522456135e-15
269.999999999899    9.27984668362075e-06    1.22575598365404e-15
274.999999999895    9.21120937831378e-06    1.12961059047375e-15
279.99999999989    9.45650729288757e-06    1.08101827601446e-15
284.999999999886    9.65060123311336e-06    1.02763512118574e-15
289.999999999881    9.76781547806649e-06    9.69875984548618e-16
294.999999999877    9.65893615797636e-06    8.97128392109992e-16
