#t    a    aDot    H
0    1    0.827097369034921    0.827097369034921
0.5    1.49564536420931    1.1365895232165    0.759932501657823
1    2.09600561237732    1.21335014740549    0.578886879042892
1.5    2.67015321570409    1.06577131470787    0.399142381957598
2    3.16147857636079    0.908112411282356    0.287242943245782
2.49999999999999    3.58692253771861    0.800589046119106    0.223196636587615
2.99999999999998    3.96929538329952    0.739850938372738    0.18639351998987
3.49999999999997    4.34548040255041    0.789861551459048    0.181766221059349
3.99999999999996    4.77758481338284    0.939652582140679    0.196679414148452
4.49999999999995    5.26730374644219    0.992972755779558    0.188516327058272
4.99999999999994    5.75177643385233    0.936781656252926    0.162868231584847
5.49999999999993    6.20286444326344    0.869513164949226    0.140179295050298
5.99999999999992    6.62345070107616    0.815276959920156    0.123089458458216
6.49999999999991    7.02319908462428    0.793529902058671    0.112986958293113
6.9999999999999    7.43148141965561    0.854309409142288    0.114958157182862
7.49999999999988    7.88191968785661    0.938421582073661    0.119060028424224
7.99999999999987    8.35466589133971    0.938857691189863    0.112375252751048
8.49999999999986    8.81368928074882    0.895575611320325    0.101611888369661
8.99999999999985    9.25065969050022    0.853315696201687    0.0922437669043195
9.49999999999984    9.66838792494745    0.820398535428336    0.0848537048571926
9.99999999999983    10.0774758513281    0.826501864489022    0.0820147700359014
10.4999999999998    10.5054293026019    0.89032184290533    0.0847487348931874
10.9999999999998    10.9629951057358    0.928405828870009    0.084685418529857
11.4999999999998    11.4236721050173    0.908498741207127    0.0795277326638349
11.9999999999998    11.86953514604    0.875112248466002    0.0737275923360792
12.4999999999998    12.2993347923276    0.84484695368646    0.0686904591143811
12.9999999999998    12.7164192281044    0.828064632211761    0.0651177518889647
13.4999999999998    13.1351598743743    0.855969716948105    0.0651662960431899
13.9999999999997    13.5767118812877    0.906930381616744    0.0668004439916511
14.4999999999997    14.03386986146    0.913126483532604    0.0650659078747938
14.9999999999997    14.4848262074987    0.889027672570468    0.0613764818324312
15.4999999999997    14.9227373118164    0.862979137413608    0.0578298149582964
15.9999999999997    15.3483851388759    0.840971275400549    0.0547921665889432
16.4999999999998    15.7672870803986    0.841021736921155    0.0533396603126916
16.9999999999999    16.1965164151007    0.880251991017267    0.0543482294869635
17.4999999999999    16.6455270282087    0.908719894242797    0.0545924375180682
18    17.0983203444989    0.898072922946349    0.0525240435815842
18.5000000000001    17.5418808721103    0.876034126658521    0.0499395779189973
19.0000000000002    17.9745726375524    0.855096558905159    0.0475725668780961
19.5000000000002    18.3981198186042    0.841883604759454    0.0457592195865656
20.0000000000003    18.8215924945336    0.858486214287774    0.0456117735275114
20.5000000000004    19.2603210713593    0.894972631414984    0.0464671709313214
21.0000000000005    19.7111404420624    0.902054729017454    0.045763700566636
21.5000000000006    20.1584605762691    0.88572900855787    0.0439383258065134
22.0000000000006    20.596582747664    0.866930978291848    0.0420910103832721
22.5000000000007    21.0257066291138    0.8503752040341    0.0404445481445369
23.0000000000008    21.4493142146125    0.848502062947038    0.0395584704693724
23.5000000000009    21.8795381602999    0.87615100975288    0.0400443100459333
24.000000000001    22.3245963671883    0.899150127463172    0.0402762098214104
24.500000000001    22.7734412949145    0.892659325025791    0.0391973840697115
25.0000000000011    23.2157357796684    0.876291297239382    0.0377455750511604
25.5000000000012    23.6498288374887    0.860289658198909    0.0363761473332617
26.0000000000013    24.0767593318473    0.849342751468911    0.0352764564268187
26.5000000000013    24.5029182574489    0.860297000209702    0.0351099812345075
27.0000000000014    24.9403000535802    0.888662592063337    0.0356315918474993
27.5000000000015    25.3876637463205    0.895868045727363    0.0352875339251019
28.0000000000016    25.8329111115323    0.883761402597472    0.0342106779519303
28.5000000000017    26.2710964686844    0.86906854392314    0.0330807869005043
29.0000000000017    26.7021735707025    0.855773110042284    0.0320488183396888
29.5000000000018    27.1285534315731    0.853074623696568    0.0314456362683803
30.0000000000019    27.5594862033727    0.873964831230541    0.0317119421160902
30.500000000002    28.0022593617518    0.893460532869192    0.0319067301436958
31.000000000002    28.4487222977511    0.889337633786825    0.0312610747322431
31.5000000000021    28.8902180183134    0.876376887216301    0.0303347273689928
32.0000000000022    29.3251361058164    0.863427943293049    0.0294432714711866
32.5000000000021    29.7541525196085    0.854028679704476    0.0287028400201168
33.000000000002    30.1820512354041    0.861613251858141    0.028547206587717
33.5000000000019    30.6186542274967    0.884744880165469    0.0288956161688823
34.0000000000018    31.0638301246128    0.89189907885531    0.0287118193499465
34.5000000000017    31.5077343283198    0.882456327315748    0.0280076097544906
35.0000000000016    31.9459388913716    0.870405692240458    0.0272462078889016
35.5000000000015    32.3782680551596    0.859281616978835    0.0265388381958838
36.0000000000014    32.8064826492534    0.856177237333151    0.0260978065368015
36.5000000000013    33.2379407370949    0.872619444462153    0.0262537156367294
37.0000000000012    33.6792179651199    0.889665554477497    0.0264158614193146
37.5000000000011    34.1240794206371    0.88708516456321    0.0259958709399419
38.000000000001    34.5650249071437    0.8764045081951    0.0253552401755675
38.5000000000009    35.0004861937646    0.865530252868515    0.0247290922782299
39.0000000000008    35.4309202288065    0.857257663942531    0.0241951848387373
39.5000000000007    35.860045271542    0.862613842111899    0.0240550126353705
40.0000000000006    36.2961449834735    0.88206220877119    0.0243018152250828
40.5000000000005    36.7398022432258    0.889122187113637    0.0242005164107157
41.0000000000004    37.1827619544485    0.881526781233887    0.0237079424684433
41.5000000000003    37.6209698997771    0.871320481458407    0.0231605002151624
42.0000000000002    38.0541706234273    0.86174901097582    0.0226453236756473
42.5000000000001    38.4836943030705    0.858435219840279    0.0223064660341558
43    38.9155595798076    0.87171583596715    0.0224001876210837
43.4999999999999    39.3557765784896    0.886936588433227    0.0225363762461745
43.9999999999998    39.7994812073739    0.885451504525537    0.0222478152393977
44.4999999999997    40.2400238694523    0.87640952370204    0.0217795478090498
44.9999999999996    40.6758697644139    0.867037385917217    0.0213157675776552
45.4999999999995    41.1073318374819    0.859626157047905    0.020911747822662
45.9999999999994    41.5373738043528    0.863407137461873    0.0207862716966328
46.4999999999993    41.9731245258582    0.880100797580619    0.020968198282175
46.9999999999992    42.4156592603217    0.887058913059205    0.0209134769688471
47.4999999999991    42.8579157269689    0.880829950777331    0.0205523282184033
47.999999999999    43.2961207794927    0.871985532218669    0.020140038334143
48.4999999999989    43.7299635028834    0.863581479354828    0.0197480493963341
48.9999999999988    44.1604718104911    0.860163333827331    0.0194781282572933
49.4999999999987    44.5926652589978    0.87107346161109    0.0195340075896299
49.9999999999986    45.0320883029867    0.884866626140299    0.0196496911310598
50.4999999999985    45.4749131393029    0.884207406474545    0.0194438503657161
50.9999999999984    45.9151473415034    0.876405053233997    0.019087492994753
51.4999999999983    46.3512798305395    0.868171071995249    0.0187302502793728
51.9999999999982    46.7835228589696    0.861443698922585    0.0184133995535017
52.4999999999981    47.2142809812838    0.864058953876482    0.018300796621662
52.999999999998    47.649778105003    0.878597946671697    0.0184386576729819
53.4999999999979    48.0914441059855    0.885455913956721    0.0184119219211909
53.9999999999978    48.5331540903739    0.880286903152239    0.0181378465844822
54.4999999999977    48.9713536721797    0.872490756446608    0.017816349580352
54.9999999999976    49.4056892633953    0.864998254078821    0.0175080697582677
55.4999999999975    49.8369678922468    0.86153763410921    0.0172871197937233
55.9999999999974    50.2694347957277    0.870599414163655    0.017318663273247
56.4999999999973    50.7082387243982    0.88323198319759    0.0174179187724898
56.9999999999972    51.1503675506707    0.88322345898249    0.017267196723612
57.4999999999971    51.5903571059062    0.876396474878159    0.0169876024133554
57.999999999997    52.0267113939185    0.869055178059085    0.0167040190466598
58.4999999999969    52.4595691833444    0.862888129738231    0.0164486316447332
58.9999999999968    52.8909066990176    0.864612712492154    0.0163470956815383
59.4999999999967    53.3262139118533    0.877404737260542    0.0164535351921077
59.9999999999966    53.7671826313238    0.884164678988411    0.0164443185548895
60.4999999999965    54.2084528773203    0.879850164710292    0.0162308665532567
60.9999999999964    54.6466458724858    0.872887467683939    0.0159733036446694
61.4999999999963    55.0813724453877    0.86613147347022    0.0157245804709927
61.9999999999962    55.5132749415359    0.862671381699941    0.0155399115366274
62.4999999999961    55.9459789194804    0.870244110766674    0.0155550788023419
62.999999999996    56.3842834571665    0.881893738587055    0.0156407722952976
63.4999999999959    56.8258409981263    0.88241591072243    0.0155284267724525
63.9999999999958    57.2656299005157    0.876385548379717    0.0153038663837665
64.4999999999961    57.7021608460901    0.869765678058026    0.0150733640699863
64.9999999999963    58.1355212329209    0.864082450461369    0.0148632442289355
65.4999999999966    58.5673517789699    0.865121150159429    0.0147713892447169
65.9999999999969    59.0025176871971    0.876422832788638    0.0148539904252054
66.4999999999971    59.4428996160171    0.883069359140272    0.0148557584647558
66.9999999999974    59.8837979377226    0.879484839888638    0.0146865240712234
67.4999999999976    60.3219828124136    0.873205984613301    0.0144757506948794
67.9999999999979    60.7570322001689    0.867099203902895    0.0142715858971875
68.4999999999981    61.1894823415479    0.863721591071935    0.0141155237472154
68.9999999999984    61.6224311399115    0.870013094652465    0.0141184480806532
69.4999999999986    62.0603074760905    0.880692393272788    0.0141909125025216
69.9999999999989    62.5013456545859    0.881672115199729    0.0141064501246468
70.4999999999992    62.9409520265847    0.876368289117907    0.0139236579826081
70.9999999999994    63.3776259061733    0.870359611473681    0.0137329159783012
71.4999999999997    63.8114551990619    0.865242671948192    0.0135593628016951
71.9999999999999    64.2438243396605    0.865841983153701    0.0134774352562816
72.5000000000002    64.6789330062753    0.875499485523709    0.0135360842368684
73.0000000000004    65.118707200171    0.881833761342434    0.013541942081739
73.5000000000007    65.5591924452241    0.879077478665211    0.0134089125548594
74.000000000001    65.997359311239    0.873468304073868    0.0132348977775709
74.5000000000012    66.432697106492    0.86808521943081    0.0130671379793487
75.0000000000015    66.8657649752432    0.865114476891297    0.012938077911942
75.5000000000017    67.2991321556959    0.869995404757775    0.0129272900985565
76.000000000002    67.7365922222831    0.879179788701437    0.01297939208126
76.5000000000022    68.1769685593413    0.880767513515542    0.0129188424203537
77.0000000000025    68.6163176987301    0.876337182529305    0.0127715565614726
77.5000000000027    69.0531266210151    0.870892375777996    0.0126119180751615
78.000000000003    69.4873357682464    0.86622917252645    0.0124660006452901
78.5000000000033    69.9201216716473    0.866294167527613    0.0123897691653889
79.0000000000035    70.3551605596951    0.874702858292944    0.0124326751774061
79.5000000000038    70.7944468599184    0.880922519038982    0.0124433844476823
80.000000000004    71.2346172572068    0.878749172303513    0.0123359850328193
80.5000000000043    71.6727826044787    0.873761983485722    0.0121909873139364
81.0000000000045    72.1083748511608    0.868721568212109    0.0120474434489092
81.5000000000048    72.5417777449779    0.865623240732917    0.0119327547193016
82.000000000005    72.9752193006709    0.869672311978774    0.0119173648303209
82.5000000000053    73.4123484074833    0.878441664677303    0.0119658570217835
83.0000000000056    73.8524288371823    0.880380880061366    0.0119208114604096
83.5000000000058    74.2917209932306    0.876411001899655    0.011796886519556
84.0000000000061    74.7286762108045    0.871413746171186    0.0116610355001203
84.5000000000063    75.1632639296371    0.867131398811376    0.0115366384251638
85.0000000000066    75.5964502485027    0.866759235546528    0.0114656076138138
85.5000000000068    76.031408325258    0.87390576467263    0.0114940099614374
86.0000000000071    76.4701925307529    0.87999462113994    0.0115076815163771
86.5000000000073    76.9100617624763    0.878499032974804    0.0114224200688838
87.0000000000076    77.3482483806338    0.874064638592315    0.0113003805114113
87.5000000000079    77.7841098687635    0.869504855083282    0.0111784380710958
88.0000000000081    78.2179789457686    0.866558752919961    0.0110787668589696
88.5000000000084    78.6516976632313    0.869596036180805    0.0110562907351882
89.0000000000086    79.0884572159111    0.877308111604164    0.0110927452941599
89.5000000000089    79.5280208082234    0.879668637660754    0.0110611156762221
90.0000000000091    79.9671563113418    0.876441735263763    0.0109600212848816
90.5000000000094    80.4042691918695    0.871972192931508    0.0108448494302052
91.0000000000096    80.8392413157272    0.86809789149688    0.0107385704933378
91.5000000000099    81.2728570579913    0.867313897040383    0.0106716304610963
92.0000000000102    81.7077545827263    0.873156339241305    0.0106863337965953
92.5000000000104    82.1460016408209    0.878963298078635    0.0107000131536755
93.0000000000107    82.5855316966282    0.878232978231546    0.0106342232130644
93.5000000000109    83.0237474117793    0.874433876253487    0.0105323344646983
94.0000000000112    83.4599106974669    0.870328339144187    0.0104281005319911
94.5000000000114    83.8942679438963    0.867469809391031    0.0103400366991836
95.0000000000117    84.3282409293486    0.869481105262696    0.0103106752338301
95.500000000012    84.7645830657768    0.876068844014142    0.0103353170903267
96.0000000000122    85.2035943013095    0.878890461920846    0.0103151805874854
96.5000000000125    85.6425896240933    0.876554162989843    0.0102350263675732
97.0000000000127    86.0799160132972    0.872666733887909    0.0101378669299945
97.500000000013    86.515340248531    0.869230540185745    0.0100471261823478
98.0000000000132    86.9494553320013    0.868028917772494    0.00998314382140839
98.5000000000135    87.3842765352774    0.87218561987764    0.00998103611380858
99.0000000000137    87.8218581131562    0.877607768954774    0.00999304487299733
99.500000000014    88.2609736298589    0.877959263242415    0.00994730997331078
100.000000000014    88.6992545172805    0.874909054449698    0.00986377009830728
100.500000000015    89.1357848796813    0.871273829494583    0.00977468062541503
101.000000000015    89.5706990577989    0.868564934758355    0.00969697617518738
101.500000000015    90.00498741598    0.86940967433594    0.00965957220034653
102.000000000015    90.4408920509339    0.874557956038609    0.00966993951747049
102.500000000016    90.8792277007643    0.877936404817512    0.00966047387317453
103.000000000016    91.3180265570931    0.876657832159714    0.00960005231400416
103.500000000016    91.7555864551821    0.873450396992023    0.00951931572491948
104.000000000016    92.1914940055911    0.870358601764015    0.00944076903354262
104.500000000017    92.626142650786    0.868742355776462    0.00937901904273124
105.000000000017    93.0609533664283    0.871267400626911    0.00936233048458345
105.500000000017    93.497843221424    0.876121999557755    0.00937050491617118
106.000000000017    93.9364440561372    0.877494577204829    0.00934136464310307
106.500000000018    94.3747554575156    0.875401736475899    0.00927580402441388
107.000000000018    94.8116848236189    0.872292760929105    0.00920026642867763
107.500000000018    95.2471656947458    0.869782697119702    0.00913184860436936
108.000000000018    95.6818208235585    0.869483627125285    0.00908723955753989
108.500000000019    96.1173269112102    0.873056310557934    0.00908323544374504
109.000000000019    96.5549094385978    0.876795907388766    0.0090808008881863
109.500000000019    96.9934377390005    0.876715288599409    0.00903891344648038
110.000000000019    97.4312330322187    0.874275175037308    0.00897325372807507
110.50000000002    97.867655034045    0.871489829866547    0.00890477890334027
111.00000000002    98.302873034398    0.869580108931936    0.00884592771390979
111.50000000002    98.7377682327247    0.870610822528286    0.00881740430345011
112.00000000002    99.1739925185755    0.874467173816738    0.00881750498905193
112.500000000021    99.6119648139815    0.876833055283167    0.0088024873008036
113.000000000021    100.050231233217    0.875807892804745    0.00875368184570442
113.500000000021    100.487542076066    0.873336403494996    0.00869099179313102
114.000000000021    100.923586762187    0.870968539477121    0.00862998004152831
114.500000000022    101.358685312403    0.86981734156187    0.0085815767921709
115.000000000022    101.793939879221    0.871755656188959    0.00856392489791929
115.500000000022    102.230736242427    0.875324181862677    0.00856224080972045
116.000000000022    102.668840921723    0.876533982271242    0.00853748785319914
116.500000000023    103.106812847431    0.87505175182977    0.00848684706339045
117.000000000023    103.543746926212    0.872657183946349    0.00842790810504691
117.500000000023    103.979548685631    0.870674149466667    0.00837351345021738
118.000000000023    104.414673126636    0.870319294204302    0.00833522021515846
118.500000000024    104.850339239799    0.872761986666915    0.00832388328921717
119.000000000024    105.287531631533    0.875742802917473    0.00831763067617777
119.500000000024    105.725610187103    0.876096833079302    0.00828651479550573
120.000000000024    106.163280231059    0.874392066701691    0.00823629474144568
120.500000000025    106.599917966919    0.872180460180143    0.00818181173883086
121.000000000025    107.035573604676    0.870588519072523    0.00813363716149122
121.500000000025    107.470845919135    0.87094012981849    0.00810396645127202
122.000000000026    107.906915540664    0.873571134020993    0.0080955991526956
122.500000000026    108.344357425425    0.875834346296859    0.00808380212047226
123.000000000026    108.782305857197    0.875579529834302    0.00804891496769441
123.500000000026    109.219685493192    0.873799035555718    0.00800038044066871
124.000000000027    109.656073366845    0.871820460250296    0.00795049862248571
124.500000000027    110.091642811942    0.870661349033516    0.00790851445936521
125.000000000027    110.527108735224    0.871589544919116    0.00788575359378188
125.500000000027    110.96353617806    0.87420139545762    0.00787827628397506
126.000000000028    111.401132029768    0.875776479411678    0.00786146840211332
126.500000000028    111.838918916257    0.87508382601207    0.00782450183256256
127.000000000028    112.27604436578    0.87333283124244    0.00777844317704354
127.500000000028    112.712258659794    0.871621342342704    0.00773315478464118
128.000000000029    113.147811576917    0.870858726438929    0.00769664666335087
128.500000000028    113.583480609146    0.872169469156624    0.00767866475370536
129.000000000028    114.02017577817    0.874579939502571    0.00767039634462673
129.500000000027    114.457813226624    0.875600459050162    0.00764998416767314
130.000000000027    114.895448009063    0.874707367946581    0.00761307243327504
130.500000000026    115.332386948952    0.872996307596778    0.00756939425855446
131.000000000026    115.76849233788    0.871537877929582    0.00752828218049113
131.500000000025    116.204089358193    0.871161722669587    0.00749682500401751
132.000000000025    116.639959121994    0.872622520842522    0.00748133424780989
132.500000000024    117.076839175003    0.874788224414629    0.00747191528725014
133.000000000024    117.514466005062    0.87537357439708    0.00744907077533223
133.500000000024    117.951950727261    0.874370655446084    0.00741293933720421
134.000000000023    118.388734285904    0.872756510631928    0.00737195575150127
134.500000000023    118.824776048812    0.871523283162183    0.00733452493783091
135.000000000022    119.26044431116    0.871448671440067    0.007307105691862
135.500000000022    119.696504827858    0.873021848689764    0.00729362858126309
136.000000000021    120.133518835272    0.874878603919615    0.00728255205043364
136.500000000021    120.57109729039    0.875139364675569    0.00725828481570369
137.00000000002    121.008437231079    0.874076289487215    0.00722326731497301
137.50000000002    121.445105363491    0.872596749288226    0.00718511253851279
138.000000000019    121.881109844535    0.87154173456827    0.00715075318628097
138.500000000019    122.31684813019    0.871684759358866    0.00712644883091715
139.000000000019    122.753051709868    0.873304998069712    0.00711432413211044
139.500000000018    123.190150622811    0.874900907635237    0.00710203618724397
140.000000000018    123.627683149086    0.874958455421813    0.007077366760701
140.500000000017    124.064922140566    0.873879903889934    0.0070437307243044
141.000000000017    124.5015116456    0.872499837146585    0.00700794573185745
141.500000000016    124.937506448191    0.871598086909219    0.00697627247163485
142.000000000016    125.373313182283    0.871873471019667    0.00695421895528942
142.500000000015    125.809618317885    0.873501230022458    0.00694304014034417
143.000000000015    126.246765586474    0.874878564623608    0.0069299087430826
143.500000000014    126.684247572935    0.874818030803424    0.00690549967784883
144.000000000014    127.121418914045    0.87375951753316    0.00687342483271024
144.500000000014    127.557968374634    0.872469535587404    0.00683978858165087
145.000000000013    127.993969965338    0.871657906390793    0.00681014821734841
145.500000000013    128.429831616263    0.872029018209925    0.00678992573014865
146.000000000012    128.866203040042    0.873571564387753    0.00677890357424677
146.500000000012    129.30335349224    0.874837134371818    0.00676577297296718
147.000000000011    129.740799360284    0.87472853288151    0.00674212381297601
147.500000000011    130.177928100041    0.873699212783474    0.00671157718927623
148.00000000001    130.614469893804    0.872502891998263    0.00667998647246093
148.50000000001    131.050502080132    0.871734978374342    0.00665190109566548
149.000000000009    131.486404842775    0.872095896830138    0.0066325936728816
149.500000000009    131.922800017775    0.873583637964688    0.00662193068860716
150.000000000009    132.359933405538    0.874767977313206    0.0066090088957132
150.500000000008    132.797343385933    0.874662913259552    0.00658644887735157
151.000000000008    133.234457047806    0.87370504410568    0.0065576508019407
151.500000000007    133.671017809908    0.872566991695171    0.00652772011458791
152.000000000007    134.107091608748    0.871837069038366    0.00650105120154209
152.500000000006    134.543043550646    0.872167520288941    0.00648244232679804
153.000000000006    134.979441295548    0.873529857145798    0.00647157706952675
153.500000000005    135.416536731624    0.874683265286673    0.00645920569524065
154.000000000005    135.853910589653    0.874612881595077    0.00643789257003317
154.500000000004    136.291017275162    0.873732769252817    0.00641078764192371
155.000000000004    136.72760078669    0.872628849349839    0.00638224355820619
155.500000000004    137.163717702224    0.871931629175827    0.0063568678640568
156.000000000003    137.599704539144    0.872201719731849    0.00633868889946437
156.500000000003    138.036098827328    0.873489109857247    0.0063279759228049
157.000000000002    138.473158933414    0.874601761046327    0.00631603819673736
157.500000000002    138.910501698021    0.874574436032183    0.00629595621167239
158.000000000001    139.347604661176    0.873755677833562    0.0062703315206465
158.500000000001    139.784216350207    0.872709052991042    0.00624325890130977
159    140.220377088756    0.872027664978028    0.00621897960255845
159.5    140.65639446742    0.872234161038838    0.00620116962574975
159.999999999999    141.092787460348    0.873439477488518    0.00619053243762717
160.499999999999    141.529810000912    0.874511787503427    0.00617899358091266
160.999999999999    141.96712119433    0.874549642351799    0.00616022664258072
161.499999999998    142.404222633352    0.8737741816518    0.00613587269740945
161.999999999998    142.84085894144    0.872785120262019    0.00611019232683158
162.499999999997    143.277061668788    0.872108559635821    0.00608686798485486
162.999999999997    143.713108944155    0.872256611493098    0.00606942969852558
163.499999999996    144.149487484213    0.873362505822328    0.00605872779060681
163.999999999996    144.586468266484    0.874436765363656    0.00604784649523358
164.499999999995    145.023755301752    0.874527348770826    0.00603023516355091
164.999999999995    145.460864913507    0.873821066413329    0.00600725883853994
165.499999999994    145.897538298459    0.872876581087648    0.00598280540760069
165.999999999994    146.333791125466    0.872207042445806    0.00596039394412997
166.499999999994    146.76987136753    0.872276929140904    0.00594316068422935
166.999999999993    147.206231020459    0.873278790237762    0.00593234935901858
167.499999999993    147.643159938473    0.874339947103164    0.00592198072343835
167.999999999992    148.080413021211    0.874500215512782    0.00590557655581037
168.499999999992    148.517532036889    0.873884117426577    0.00588404685589256
168.999999999991    148.954248271155    0.872981695598201    0.00586073714399223
169.499999999991    149.390551843602    0.872299550199547    0.00583905434068388
169.99999999999    149.826663073098    0.872299139277921    0.00582205544317797
170.49999999999    150.263002309501    0.873180898907115    0.00581101725299351
170.999999999989    150.699874723108    0.874230512515324    0.00580113629239315
171.499999999989    151.137091778511    0.874483220939116    0.00578602651836558
171.999999999989    151.574226570053    0.87395931452043    0.00576588338464333
172.499999999988    152.010990218682    0.87308905744721    0.00574359167183366
172.999999999988    152.447346963502    0.872402531544032    0.0057226481727681
173.499999999987    152.883485247969    0.872305056545139    0.00570568531408285
173.999999999987    153.319798022982    0.873069002567385    0.00569443094646208
174.499999999986    153.756606867116    0.874113653734546    0.00568504776181745
174.999999999986    154.193791177134    0.874467975973001    0.00567122689764098
175.499999999985    154.630941121226    0.874031834581644    0.00565237350457843
175.999999999985    155.067759120751    0.873217124984769    0.00563119716139573
176.499999999984    155.504178425665    0.872517235066212    0.00561089254256469
176.999999999984    155.940358480925    0.872339696732023    0.0055940598394785
177.499999999984    156.376654439797    0.872970667030046    0.00558248716956744
177.999999999983    156.813398057103    0.873980506917154    0.00557337904634206
178.499999999983    157.250535201843    0.87441923258752    0.00556067571703419
178.999999999982    157.687692126149    0.874088225029644    0.00554316074542063
179.499999999982    158.124551433975    0.873323237815515    0.00552300847588601
179.999999999981    158.561026577788    0.872633816174737    0.00550345715469139
180.499999999981    158.997254521961    0.872392830907692    0.00548684210636604
180.99999999998    159.433550128679    0.872909448585235    0.00547506749916003
181.49999999998    159.870244662764    0.873863968539385    0.00546608263709576
181.999999999979    160.307336307542    0.874368603751255    0.00545432681929053
182.499999999979    160.744482493232    0.874107075017384    0.00543786674017995
182.999999999979    161.181368638572    0.873402437982176    0.00541875556312383
183.499999999978    161.617891090127    0.872731579150646    0.00539996886027898
183.999999999978    162.054158182816    0.872431536492293    0.00538358007147269
184.499999999977    162.490452635954    0.872869365535536    0.00537181939846722
184.999999999977    162.927114010764    0.873786167697087    0.00536304944086445
185.499999999976    163.36416725187    0.87431272866909    0.00535192474198518
185.999999999976    163.80130424975    0.874129180620691    0.0053365214924534
186.499999999975    164.238216797395    0.873478934722563    0.00531836591845181
186.999999999975    164.674781499906    0.872813685848705    0.00530022677363748
187.499999999974    165.111083383562    0.872480495877756    0.00528420308315062
187.999999999974    165.547378390558    0.872819223658733    0.00527232283678686
188.499999999974    165.983999388069    0.873685470202378    0.00526367284451141
188.999999999973    166.421012706812    0.87426838706186    0.00525335336471051
189.499999999973    166.85814383964    0.874149983285981    0.00523888114281129
189.999999999972    167.295088018449    0.873573847233639    0.00522175431198138
190.499999999972    167.731702965743    0.87291379816022    0.00520422664723377
190.999999999971    168.168046616702    0.872532183004566    0.00518845405270889
191.499999999971    168.60433863973    0.872759566401505    0.00517637667833919
191.99999999997    169.040907804874    0.873566983757641    0.0051677845031808
192.49999999997    169.47787342807    0.874207257212165    0.00515823829700812
192.999999999969    169.915000732261    0.874192129209932    0.00514487905978012
193.499999999969    170.35198221761    0.873674079802548    0.00512864052668614
193.999999999969    170.788655597736    0.873029422296994    0.00511175299812223
194.499999999968    171.225050640522    0.872608737340655    0.00509626794722142
194.999999999968    171.661354404727    0.872725289366461    0.00508399396237335
195.499999999967    172.097876263693    0.873427844464019    0.00507518084142846
195.999999999967    172.534778606045    0.874115220339324    0.00506631316538925
196.499999999966    172.971887271991    0.87421100345736    0.00505406408662641
196.999999999966    173.408898092489    0.873771747848532    0.00503879418795741
197.499999999965    173.845627430895    0.873145024998937    0.0050225308390113
197.999999999965    174.282075520857    0.872691474480955    0.00500735070931902
198.499999999964    174.718394840097    0.872696536755813    0.00499487496754139
198.999999999964    175.154875222838    0.873301749342078    0.00498588319754751
199.499999999964    175.591717350971    0.874019922151101    0.00497756918912138
199.999999999963    176.028802990895    0.87421645044148    0.00496632616701198
200.499999999963    176.465839988969    0.873859703366482    0.00495200489466464
200.999999999962    176.902623483262    0.87326307846941    0.00493640547140915
201.499999999962    177.339121320008    0.872772504991498    0.00492148883165257
201.999999999961    177.775461665626    0.872677538306687    0.00490887510644234
202.499999999961    178.211904804532    0.873187451466352    0.00489971448553951
202.99999999996    178.64868600333    0.873915936718471    0.00489181284379657
203.49999999996    179.085745579192    0.874218310755248    0.00488156278394958
203.999999999959    179.522804641184    0.873937645799177    0.00486811493139235
204.499999999959    179.959639212756    0.873380640228536    0.00485320288509795
204.999999999959    180.396194000222    0.872871563120729    0.00483863624705772
205.499999999958    180.832561161786    0.872685516588802    0.00482593129789293
205.999999999958    181.268977704757    0.873075699594423    0.00481646507113011
206.499999999957    181.705695526973    0.873795510154332    0.00480885041946646
206.999999999957    182.142715777456    0.874193338157441    0.00479949656194619
207.499999999956    182.579787180588    0.874013109160764    0.00478702008944883
207.999999999956    183.016674921163    0.873505113356741    0.00477281708747586
208.499999999955    183.453289177583    0.872981926318538    0.00475860602026867
208.999999999955    183.889697942342    0.872717598123626    0.00474587542363176
209.499999999954    184.326099034322    0.872978324996469    0.00473605381750046
209.999999999954    184.762751786899    0.87366022940172    0.00472855172891871
210.499999999954    185.199720414559    0.874134662231125    0.00471995670552
210.999999999953    185.636792249445    0.874071509950738    0.00470850362882927
211.499999999953    186.073726698429    0.873628048583324    0.00469506396246483
211.999999999952    186.510406677793    0.873102277327696    0.00468125233803188
212.499999999952    186.946862542763    0.872773604775293    0.00466856513612605
212.999999999951    187.38325761663    0.87289780867632    0.00465835539299991
213.499999999951    187.81984483348    0.873494470433705    0.00465070382316704
213.99999999995    188.256744588043    0.874045152908997    0.00464283579757869
214.49999999995    188.693807095458    0.874116705738754    0.00463246101816446
214.999999999949    189.130792017022    0.873770069049844    0.00461992497219174
215.499999999949    189.567545737084    0.873246388368874    0.00460651840468517
215.999999999949    190.004063386139    0.872867409396673    0.00459394074969215
216.499999999948    190.440470171984    0.872845476940064    0.00458329826717929
216.999999999948    190.876995575718    0.873323490843536    0.00457532081437808
217.499999999947    191.31381385671    0.873923268977043    0.00456800923759533
217.999999999947    191.750849164246    0.874132631926694    0.00455868975671627
218.499999999946    192.187868952029    0.873889801299073    0.00454706015558766
218.999999999946    192.624697607042    0.873405488279963    0.00453423418248125
219.499999999945    193.061284097816    0.87297393635046    0.00452174520867767
219.999999999945    193.497717944568    0.872830348622072    0.00451080435414806
220.499999999944    193.934198436581    0.873165632922782    0.00450238091044225
220.999999999944    194.370931700749    0.87376515264394    0.00449534889295677
221.499999999944    194.807921286203    0.874113298217465    0.00448705213035593
221.999999999943    195.244964144367    0.873984418517257    0.00447634807047325
222.499999999943    195.681856841196    0.873556633655244    0.0044641677453223
222.999999999942    196.118515873216    0.873100458124406    0.00445190222981719
223.499999999942    196.554992453158    0.872859297333889    0.00444078924905408
223.999999999941    196.991448818609    0.873048568672757    0.00443191099871886
224.499999999941    197.428104255491    0.873602895003656    0.00442491659583141
224.99999999994    197.865032754851    0.874052334040337    0.00441741687184952
225.49999999994    198.302079076647    0.874052162478042    0.0044076802752038
225.999999999939    198.739026715431    0.873697969524015    0.00439620734771454
226.499999999939    199.175758059076    0.873233469018117    0.00438423569980396
226.999999999939    199.61228756971    0.872921908470514    0.00437308704337986
227.499999999938    200.048739815832    0.872971092490279    0.00436379201035683
227.999999999938    200.485330562583    0.873445108327986    0.00435665345627536
228.499999999937    200.92218927841    0.873949473504443    0.00434969117469373
228.999999999937    201.359216983182    0.874085650356489    0.00434092694365957
229.499999999936    201.796207501357    0.873822926489038    0.00433022472180584
229.999999999936    202.233009065215    0.873374200309566    0.00431865304455775
230.499999999935    202.669598672856    0.873018017022696    0.00430759237073291
230.999999999935    203.106070080376    0.872940171923764    0.00429795215661607
231.499999999934    203.542611019417    0.87329202854422    0.00429046293633775
231.999999999934    203.979393854895    0.873826186434587    0.00428389441659093
232.499999999934    204.416388827826    0.87408259660753    0.00427599079320272
232.999999999933    204.853404767892    0.873921287238652    0.00426608133864723
233.499999999933    205.290269626142    0.873515941997076    0.00425502847060337
233.999999999932    205.726923382914    0.873124327608526    0.00424409364244175
234.499999999932    206.163429781344    0.87295085739721    0.00423426627274808
234.999999999931    206.599944793333    0.873175731159117    0.00422640834697501
235.499999999931    207.036654883725    0.873678020235104    0.0042199195148597
235.99999999993    207.473596879622    0.874035209513179    0.00421275392463698
236.49999999993    207.910620482645    0.873993533982092    0.00420369835823296
236.999999999929    208.347539332861    0.873651126736172    0.00419323947637513
237.499999999929    208.784260347825    0.873241795670514    0.00418250779161099
237.999999999929    209.220809754085    0.872991438600597    0.00417258416897773
238.499999999928    209.657312132406    0.873085322242154    0.00416434472693597
238.999999999928    210.093956665916    0.873529537072644    0.00415780420786545
239.499999999927    210.530839031622    0.873956720630861    0.00415120523269084
239.999999999927    210.96785466706    0.874037211088362    0.00414298762466789
240.499999999926    211.404819564763    0.873777456840025    0.00413319553754236
240.999999999926    211.841608397795    0.873373557969119    0.00412276683780226
241.499999999925    212.27821334552    0.873075339819248    0.00411288245769321
241.999999999925    212.714727408684    0.873047747186523    0.004104312653017
242.499999999924    213.151320514874    0.873379149215955    0.00409746065427264
242.999999999924    213.588129892842    0.873846192390994    0.00409126758509195
243.499999999924    214.025117792284    0.87404645008704    0.00408384987287017
243.999999999923    214.462112239296    0.873882483103101    0.00407476394771317
244.499999999923    214.898964602208    0.873511812121969    0.00406475579693413
244.999999999922    215.335630230564    0.873169593275093    0.00405492389875366
245.499999999922    215.77216943174    0.873036233332257    0.00404610212536444
245.999999999921    216.208727672551    0.873250850676811    0.00403892507058897
246.499999999921    216.645465507608    0.873705202437696    0.00403288017310021
246.99999999992    217.082407994813    0.874011516836639    0.00402617386139149
247.49999999992    217.519415113419    0.873960059751955    0.00401784851847021
247.999999999919    217.956327032623    0.873656139960315    0.00400839999395635
248.499999999919    218.39306136309    0.873290188881125    0.00399870849115134
248.999999999919    218.829642789607    0.873069376526571    0.00398972170953084
249.499999999918    219.266185358095    0.87316083003826    0.00398219556112703
249.999999999918    219.702856381736    0.873554047931139    0.00397607050867527
250.499999999917    220.139738991864    0.873936166384685    0.00396991551996427
250.999999999917    220.576739042689    0.874007688406702    0.00396237469190961
251.499999999916    221.013695209776    0.873780654516397    0.00395351362134842
251.999999999916    221.45049731792    0.873422181870661    0.00394409672793262
252.499999999915    221.887132366033    0.87314604566059    0.00393509094623935
252.999999999915    222.323681826548    0.87310852722664    0.00392719533993603
253.499999999914    222.760300358492    0.873411686858647    0.00392085881305174
253.999999999914    223.197113086092    0.873825477385739    0.00391503933587477
254.499999999914    223.63408704264    0.874015435823373    0.00390823888871971
254.999999999913    224.071074534664    0.873886728104399    0.00390004256425882
255.499999999913    224.507939976308    0.873558264986859    0.00389099051498599
255.999999999912    224.94463606269    0.873243804164044    0.00388203879607371
256.499999999912    225.381212739847    0.873106256818571    0.00387390877085386
256.999999999911    225.817797708362    0.873287952669579    0.00386722375973841
257.499999999911    226.254538750746    0.873687601175109    0.00386152519193266
257.99999999991    226.691467238735    0.873978393918243    0.00385536519995184
258.49999999991    227.128464406181    0.873958859250304    0.00384786143619311
258.999999999909    227.565385766434    0.873698235973157    0.00383932834526027
259.499999999909    228.002149593585    0.873364645578557    0.00383051057691927
259.999999999909    228.438770716011    0.873149978731311    0.00382224950692274
260.499999999908    228.875343867888    0.873201954951082    0.00381518576966121
260.999999999908    229.312020162691    0.873535155753611    0.00380937359992668
261.499999999907    229.748883446197    0.873894401988144    0.00380369379332716
261.999999999907    230.185870052913    0.873998023354807    0.00379692299598539
262.499999999906    230.62283517441    0.873821800836778    0.00378896478389031
262.999999999906    231.059667739689    0.873501499412061    0.00378041528388305
263.499999999905    231.496345304395    0.873232611690322    0.00377212266803654
263.999999999905    231.932933507445    0.873166379580198    0.00376473649677772
264.499999999904    232.369563909432    0.87339833076923    0.00375866062695562
264.999999999904    232.806357499841    0.873773997045992    0.0037532222334031
265.499999999904    233.243309036628    0.873987957138111    0.00374710837686179
265.999999999903    233.68029494353    0.873913165891539    0.00373978116598459
266.499999999903    234.117187580794    0.873635809822786    0.00373161756661412
266.999999999902    234.553927024303    0.873336717672359    0.00372339414117705
267.499999999902    234.990548094758    0.873182465566082    0.00371581951974501
267.999999999901    235.427157603652    0.873301529220956    0.00370943411163798
268.499999999901    235.863888742212    0.873637635314849    0.00370399063618295
268.9999999999    236.300787705958    0.873928888503606    0.00369837484245327
269.4999999999    236.737773186333    0.873964387607331    0.00369169810057918
269.999999999899    237.174711593434    0.87376098355852    0.00368403940575388
270.499999999899    237.611514098137    0.87344974042433    0.00367595713423039
270.999999999899    238.048181964053    0.87324809441264    0.0036683669969994
271.499999999898    238.484793513989    0.873250993894347    0.00366166320723138
271.999999999898    238.921473760535    0.873507880458757    0.00365604592467169
272.499999999897    239.358311708442    0.873835317531512    0.00365074148164912
272.999999999897    239.795276482104    0.873975484728989    0.00364467347960548
273.499999999896    240.232243856632    0.873858559809136    0.00363755733110766
273.999999999896    240.669106257374    0.873578144075197    0.00362978928895421
274.499999999895    241.105826976993    0.87332623000192    0.00362216973746244
274.999999999895    241.542458903693    0.873236338101133    0.00361524984909303
275.499999999894    241.979109181116    0.873402395311236    0.00360941239211487
275.999999999894    242.415889038724    0.873720271392342    0.0036042203126907
276.499999999894    242.852814715865    0.87394332530197    0.00359865429735485
276.999999999893    243.289791336602    0.87392084464478    0.00359209829497397
277.499999999893    243.726701791074    0.87369793641662    0.00358474442888726
277.999999999892    244.163479527606    0.8734224627231    0.00357720353761729
278.499999999892    244.60014537147    0.873263919521727    0.00357016925805794
278.999999999891    245.036782635061    0.873328675393962    0.00356407175282998
279.499999999891    245.473509986648    0.873604322785381    0.00355885375506668
279.99999999989    245.910387668548    0.873885523382188    0.00355367470104622
280.49999999989    246.347358733102    0.873958513469252    0.00354766748043813
280.999999999889    246.784305710873    0.873801715598033    0.00354075075025946
281.499999999889    247.221139714856    0.873530903507084    0.00353339890154463
281.999999999889    247.657848126669    0.873324338046042    0.00352633419312988
282.499999999888    248.094493043031    0.873295963638209    0.00352001349536904
282.999999999888    248.531185002123    0.873503758967748    0.00351466460420364
283.499999999887    248.968013834105    0.873799717512751    0.00350968666237981
283.999999999887    249.404960904657    0.873951303789324    0.00350414562973918
284.499999999886    249.841924639743    0.873868995216502    0.00349768757375916
284.999999999886    250.278805434886    0.873637732723284    0.00349065807312467
285.499999999885    250.715561088883    0.873400083734855    0.00348362933653415
285.999999999885    251.152226978615    0.87329334646705    0.00347714753308323
286.499999999884    251.588895700082    0.873414426860607    0.00347159370619362
286.999999999884    252.025672136854    0.873700645487537    0.00346671288714232
287.499999999884    252.462583290961    0.873915734033284    0.00346156536402903
287.999999999883    252.899553945809    0.873927295248107    0.00345563003814301
288.499999999883    253.336479172626    0.873746411586151    0.0034489561647013
288.999999999882    253.773289638609    0.873495728335334    0.0034420317819076
289.499999999882    254.20999186022    0.873334937788237    0.00343548627415262
289.999999999881    254.646655489634    0.87336140434432    0.00342969909683291
290.499999999881    255.083385529048    0.873582176228947    0.00342469257422282
290.99999999988    255.520244427405    0.873844610848887    0.00341986449178258
291.49999999988    255.957201144324    0.873949818053147    0.00341443731274574
291.999999999879    256.394157400536    0.873842272157522    0.0034081988490573
292.499999999879    256.831023612544    0.87361313324    0.00340150936966998
292.999999999879    257.267773974788    0.87340464615211    0.00339492441147216
293.499999999878    257.704450957357    0.873332616146127    0.00338889224808399
293.999999999878    258.141145621224    0.873474545408942    0.003383709107306
294.499999999877    258.577947703212    0.873737712753831    0.00337901093467058
294.999999999877    259.014871198636    0.873928058621308    0.00337404587843568
295.499999999876    259.451840371441    0.873915007311585    0.00336831300198317
295.999999999876    259.888757755086    0.873733512561028    0.00336195193708385
296.499999999875    260.32556625066    0.873506524980533    0.00335543887433423
296.999999999875    260.762278758732    0.873365062199217    0.00334927684462863
297.499999999874    261.198959441044    0.873395170253601    0.00334379268632093
297.999999999874    261.635705593923    0.873612194447902    0.00333904041294658
298.499999999874    262.072578159416    0.873861393381423    0.00333442514099992
298.999999999873    262.509539400731    0.873949344780796    0.00332920985186248
299.499999999873    262.94649357564    0.873838942664465    0.00332325763611331
