#t    a    aDot    H
0    1    1.16969131829286    1.16969131829286
0.0707107    1.086138150011    1.2666679672773    1.16621257366245
0.1414214    1.17910146959645    1.36223418704488    1.15531548570719
0.2121321    1.27868027308878    1.45320607811476    1.13648901034846
0.2828428    1.38442710167663    1.53608635840352    1.10954658179056
0.3535535    1.49564503313536    1.60737846707623    1.07470585029567
0.424264200000001    1.61140145386693    1.6639841954266    1.03263168308151
0.494974900000001    1.73057102501169    1.70361766678054    0.984425164964863
0.5656856    1.8519058442669    1.7251442650784    0.931550742938187
0.6363963    1.97412425711802    1.72875630354937    0.875707948633965
0.707106999999999    2.09600462985517    1.7159334623571    0.818668736660027
0.777817699999999    2.21646872141491    1.68919462281295    0.762110742413106
0.848528399999999    2.33464187671464    1.65170516439475    0.707476885799318
0.919239099999998    2.44988315049467    1.60683651372823    0.655882919723654
0.989949799999998    2.56178543867945    1.55777237530928    0.608080736110471
1.0606605    2.67015141429058    1.50722553764928    0.564471935779615
