#t    <phi>    <pi>    <phi^2>    <pi^2>    rms(phi)    rms(pi)
0    0.707106781186547    -0.500000278955977    0.50000000000003    0.250000278956715    1.74930660322405e-07    8.12802809985232e-07
0.0707107    0.671159339834252    -0.516538268734253    0.450454859446777    0.266811783067306    1.68208983607895e-07    5.7147325480381e-07
0.1414214    0.634106078872214    -0.531170974732814    0.402090519262717    0.282142604398857    1.52186027752604e-07    4.98906230797648e-07
0.2121321    0.596103433842351    -0.543279011781762    0.355339303838658    0.29515208464291    1.24251515899513e-07    5.85144614585708e-07
0.2828428    0.557351833150959    -0.552245652577812    0.310641065916743    0.304975260791325    9.20412513955116e-08    4.80521426176943e-07
0.3535535    0.518093705589731    -0.557509829333346    0.268421087771709    0.310817209803459    1.01619531719586e-07    4.02904478737929e-07
0.424264200000001    0.478607451294219    -0.558626046886706    0.229065092434361    0.312063060260415    1.15786435923203e-07    3.83432937832859e-07
0.494974900000001    0.439197183793973    -0.555322253804888    0.192894166252567    0.308382805571128    1.02227061186573e-07    4.33109387482588e-07
0.5656856    0.400178769798732    -0.54754468476207    0.160143047797633    0.299805181811334    7.97427752438343e-08    3.7437280431686e-07
0.6363963    0.361863462117013    -0.535479500005327    0.130945165215319    0.286738294926029    8.71557673953491e-08    2.73763048792018e-07
0.707106999999999    0.324541016089486    -0.519545115037697    0.105326871124402    0.269927126559664    7.73388620263132e-08    3.60877820550683e-07
0.777817699999999    0.288464396811005    -0.500355449498808    0.0832117082275412    0.250355575843275    6.40124214288906e-08    3.48117414981507e-07
0.848528399999999    0.253837932828378    -0.478660811527968    0.0644336961425888    0.229116172492676    6.97121153297957e-08    2.49614696025794e-07
0.919239099999998    0.220810123820879    -0.455277512096121    0.0487571107817954    0.207277613020493    5.76664793935533e-08    2.44649401713296e-07
0.989949799999998    0.189471468496541    -0.431018276893157    0.0358994373742388    0.185776755016034    5.73431561535504e-08    2.96408937145789e-07
1.0606605    0.159856888069647    -0.406633273470099    0.0255542246633147    0.165350619093097    5.59952771987993e-08    2.98469775452933e-07
