#t    <phi>    <pi>    <phi^2>    <pi^2>    rms(phi)    rms(pi)
0    -2.70901650611117e-23    -8.27180612553028e-25    3.63166149140023e-14    5.13177830242205e-13    1.90569186685577e-07    7.16364313908925e-07
0.0707107    8.1879560676067e-18    2.59215670982934e-16    3.07760904784485e-14    4.41154736546069e-13    1.75431155951412e-07    6.64194803160992e-07
0.1414214    2.55721928909209e-17    1.44893553151043e-16    2.58278873374851e-14    3.85316400413927e-13    1.60710570086367e-07    6.20738592657108e-07
0.2121321    3.19833298475877e-17    1.87764561577781e-16    2.15862266921911e-14    3.38238395289887e-13    1.46922519350136e-07    5.81582664193051e-07
0.2828428    7.83231433341241e-17    1.25287040025567e-15    1.81405512971807e-14    2.9479243979292e-13    1.34686863862742e-07    5.42947916280116e-07
0.3535535    2.03184397371297e-16    2.0581027525685e-15    1.54848123782309e-14    2.53062188768939e-13    1.24437986074313e-07    5.03052868761266e-07
0.424264200000001    3.28647456530171e-16    1.23039892470339e-15    1.35054939626945e-14    2.13784949723958e-13    1.16213140232482e-07    4.62368845970355e-07
0.494974900000001    3.64382638167512e-16    -1.24700884499312e-16    1.20178068772567e-14    1.78966840193002e-13    1.09625758274489e-07    4.23044725995967e-07
0.5656856    3.40569256717294e-16    -3.06098397433485e-16    1.08235707999491e-14    1.50448548920867e-13    1.0403639170958e-07    3.87876976528469e-07
0.6363963    3.42241009776671e-16    3.84226538004681e-16    9.76340991807174e-15    1.28970362390424e-13    9.88099687180992e-08    3.59124438586995e-07
0.707106999999999    3.85825174243268e-16    7.40596574691327e-16    8.74553991118932e-15    1.13927829691245e-13    9.35175914531021e-08    3.37531968398913e-07
0.777817699999999    4.36983667331963e-16    6.9751209329206e-16    7.74667549575316e-15    1.03707578443101e-13    8.80152003676249e-08    3.22036610408041e-07
0.848528399999999    4.90926853044374e-16    9.0039094574842e-16    6.79165011062717e-15    9.6327652298477e-14    8.24114683198107e-08    3.10366963928955e-07
0.919239099999998    5.70472363200782e-16    1.3422560343837e-15    5.9241215774163e-15    9.00783115286633e-14    7.69683154123585e-08    3.00130490834676e-07
0.989949799999998    6.71487091539472e-16    1.40110079234634e-15    5.18076153520344e-15    8.39314572710718e-14    7.19775071477433e-08    2.8970926335047e-07
1.0606605    7.51367970546411e-16    7.45172819546668e-16    4.57697527835897e-15    7.76160327074524e-14    6.76533463943874e-08    2.78596541090252e-07
