#t    <phi>    <pi>    <phi^2>    <pi^2>    rms(phi)    rms(pi)
0    1.68484050942486e-07    6.54205933169945e-07    3.6024529600385e-14    5.45576514161132e-13    8.73936735604743e-08    3.4291560356212e-07
0.0707107    1.55215348912211e-07    6.02546729380294e-07    3.05399352666576e-14    4.63065978422164e-13    8.03002536030747e-08    3.16233169252175e-07
0.1414214    1.43162736040564e-07    5.55598861108507e-07    2.59410504982624e-14    3.94057547159059e-13    7.37935058636064e-08    2.92177091323036e-07
0.2121321    1.32237854550777e-07    5.13359104826556e-07    2.21086832746637e-14    3.35975071024829e-13    6.79840650334421e-08    2.69142156706275e-07
0.2828428    1.22294857747675e-07    4.74920517119989e-07    1.89360633587725e-14    2.86784866069214e-13    6.30874878818968e-08    2.47457811530968e-07
0.3535535    1.13343044679526e-07    4.39162024606901e-07    1.63186406313574e-14    2.45115830976528e-13    5.89236357850773e-08    2.28588160497642e-07
0.424264200000001    1.05434190391121e-07    4.0658513928233e-07    1.41535245932738e-14    2.10098837812876e-13    5.51103991079971e-08    2.11630249084681e-07
0.494974900000001    9.83851433501607e-08    3.77698481903983e-07    1.23455898779176e-14    1.81089078140599e-13    5.16328717571081e-08    1.96043196535931e-07
0.5656856    9.20775365213333e-08    3.521135993685e-07    1.08150486324806e-14    1.57429922213312e-13    4.83402099772348e-08    1.82882299179204e-07
0.6363963    8.64338423085112e-08    3.29664077361879e-07    9.50211417725458e-15    1.38344172001324e-13    4.50700020084535e-08    1.72237533942127e-07
0.707106999999999    8.12476426754858e-08    3.10491784659543e-07    8.36685208356446e-15    1.22956676507698e-13    4.20199077014817e-08    1.62946396605233e-07
0.777817699999999    7.63491312391956e-08    2.94123864966078e-07    7.38485433885503e-15    1.10397956186508e-13    3.9441912959124e-08    1.54561017866486e-07
0.848528399999999    7.18500618882698e-08    2.7994588205204e-07    6.54093889295391e-15    9.99213310136966e-14    3.71282574275404e-08    1.46804748342149e-07
0.919239099999998    6.78499297969131e-08    2.67396562682294e-07    5.82334903952788e-15    9.09785137288271e-14    3.49247199857328e-08    1.39562143844673e-07
0.989949799999998    6.42281159736837e-08    2.56064863306502e-07    5.22014601252727e-15    8.32275606958198e-14    3.30891996125369e-08    1.32884711218568e-07
1.0606605    6.09863022862908e-08    2.45557606425102e-07    4.71820147954097e-15    7.64795941647869e-14    3.16049428568717e-08    1.27204780144309e-07
