#t    <phi>    <pi>    <phi^2>    <pi^2>    rms(phi)    rms(pi)
0    0.707106781186549    -0.500000278955979    0.500000000000029    0.250000278956662    1.62893449077805e-07    7.78333726191107e-07
0.0707107    0.671159339834253    -0.51653826873426    0.450454859446776    0.26681178306729    1.60411255980421e-07    5.50745446609327e-07
0.1414214    0.634106078872212    -0.531170974732833    0.402090519262713    0.282142604398866    1.44702007042622e-07    4.88203330870467e-07
0.2121321    0.596103433842346    -0.543279011781783    0.355339303838652    0.295152084642914    1.25514584182584e-07    5.69372543301631e-07
0.2828428    0.557351833150954    -0.552245652577822    0.310641065916741    0.304975260791331    1.11203309222129e-07    4.76112927601363e-07
0.3535535    0.518093705589725    -0.557509829333356    0.268421087771706    0.310817209803466    1.15665753244915e-07    3.98068163955405e-07
0.424264200000001    0.478607451294214    -0.558626046886704    0.229065092434357    0.31206306026042    1.14769829733531e-07    3.92779295302923e-07
0.494974900000001    0.439197183793971    -0.55532225380488    0.192894166252565    0.308382805571134    1.00417058454417e-07    4.49273165844047e-07
0.5656856    0.400178769798725    -0.547544684762062    0.16014304779763    0.299805181811339    9.51796907982843e-08    3.91602256593306e-07
0.6363963    0.36186346211701    -0.535479500005318    0.130945165215317    0.286738294926022    8.84294407753629e-08    2.7663763652407e-07
0.707106999999999    0.324541016089484    -0.519545115037682    0.1053268711244    0.269927126559649    7.22270538914045e-08    3.61286743098922e-07
0.777817699999999    0.288464396811002    -0.500355449498787    0.0832117082275408    0.250355575843258    7.37745582578335e-08    3.54067550124395e-07
0.848528399999999    0.253837932828379    -0.478660811527955    0.0644336961425887    0.229116172492661    6.42554273402934e-08    2.4546755374791e-07
0.919239099999998    0.220810123820879    -0.455277512096109    0.0487571107817954    0.207277613020482    5.70252426613532e-08    2.4287863750373e-07
0.989949799999998    0.189471468496542    -0.431018276893147    0.0358994373742395    0.185776755016025    5.94126454245831e-08    2.95204776526031e-07
1.0606605    0.15985688806965    -0.406633273470091    0.0255542246633154    0.165350619093088    5.39297325831583e-08    2.93119727611572e-07
