#t    <phi>    <pi>    <phi^2>    <pi^2>    rms(phi)    rms(pi)
0    1.00000000000002    0.70710717569052    1.00000000000006    0.500000557913355    1.12501299906829e-07    5.75887092961486e-07
0.0707107    0.949162640906997    0.730495425128938    0.900909718893552    0.533623566134575    8.54147430308417e-08    5.1709913844826e-07
0.1414214    0.896761416724325    0.751189196406263    0.804181038525433    0.564285208797719    1.21328739521785e-07    4.81892068134238e-07
0.2121321    0.843017560717038    0.768312546614727    0.710678607677312    0.590304169285815    8.3425513877267e-08    4.55248226169138e-07
0.2828428    0.788214521455601    0.780993291637291    0.621282131833483    0.609950521582641    2.90814070322346e-08    4.36742000099056e-07
0.3535535    0.73269514502514    0.788437961799617    0.53684217554342    0.621634419606915    9.81447130101453e-08    4.25261645037363e-07
0.424264200000001    0.676853148673116    0.790016531802141    0.458130184868721    0.62412612052083    1.03376172280923e-07    3.83068426033956e-07
0.494974900000001    0.621118613877517    0.785344262818625    0.385788332505131    0.616765611142257    5.02106454641172e-08    3.57159597753524e-07
0.5656856    0.565938243623153    0.774345119195943    0.320286095595264    0.599610363622674    7.1779102788764e-08    3.08724832300575e-07
0.6363963    0.511752215853175    0.757282371280342    0.261890330430635    0.573476589852052    3.05204660178734e-08    2.70885708740978e-07
0.707106999999999    0.458970306500101    0.734747747951113    0.210653742248801    0.539854253119314    6.76051801052611e-08    2.86709163389549e-07
0.777817699999999    0.407950262231902    0.707609462688613    0.166423416455083    0.500711151686532    7.42740843559574e-08    2.53011313789808e-07
0.848528399999999    0.35898104725065    0.676928611439401    0.128867392285177    0.458232344985336    6.0343458422442e-08    2.45157261419921e-07
0.919239099999998    0.312272671816778    0.643859632249858    0.0975142215635912    0.414555226040976    4.7343334402592e-08    2.31547059084259e-07
0.989949799999998    0.267953120430562    0.609551892813078    0.0717988747484786    0.371553510032056    5.63671871165296e-08    2.23180110441163e-07
1.0606605    0.226071779146862    0.575066290253687    0.0511084493266303    0.330701238186178    5.21533577854972e-08    2.01547951429082e-07
