#t    <EB>_U1_0    <(EB)^2>_U1_0
0    0    0
0.0707107    4.47076978855527e-16    4.13390449670285e-14
0.1414214    -5.61079875203777e-16    1.62782889677989e-12
0.2121321    1.44093346128987e-14    1.3075438565828e-11
0.2828428    4.9086344594672e-14    1.47716248024595e-12
0.3535535    7.63115308840109e-15    2.55958341644734e-11
0.424264200000001    -6.58677361654692e-14    1.39694218685595e-11
0.494974900000001    -9.96890655693145e-14    1.38610167483582e-11
0.5656856    1.88981684908366e-14    4.5503454228297e-11
0.6363963    1.30659331318072e-13    6.23324508661775e-12
0.707106999999999    9.6306151698467e-14    2.86970798480392e-11
0.777817699999999    6.14086419162303e-14    4.19680250784594e-11
0.848528399999999    7.99287638895844e-14    6.66265751143526e-12
0.919239099999998    7.66562325565526e-14    1.63660788072795e-11
0.989949799999998    7.27489052819099e-14    3.23567099142907e-11
1.0606605    9.97188480385246e-14    2.07431814854311e-11
