#t    <phi>    <pi>    <phi^2>    <pi^2>    rms(phi)    rms(pi)
0    0.707106781186547    -0.500000278955975    0.50000000000003    0.250000278956676    1.75825920764174e-07    7.88924093562175e-07
0.0707107    0.671159339834253    -0.516538268734255    0.450454859446778    0.266811783067281    1.66576344757531e-07    5.47343884538738e-07
0.1414214    0.634106078872212    -0.531170974732834    0.402090519262712    0.282142604398881    1.43574690518621e-07    5.01856222601096e-07
0.2121321    0.596103433842352    -0.543279011781786    0.355339303838657    0.295152084642936    1.17322623865229e-07    5.84461499420867e-07
0.2828428    0.557351833150951    -0.552245652577831    0.310641065916739    0.304975260791329    1.18914116939252e-07    4.63893016769019e-07
0.3535535    0.518093705589724    -0.557509829333368    0.268421087771705    0.310817209803472    1.15411321357447e-07    3.87595345055355e-07
0.424264200000001    0.478607451294213    -0.558626046886719    0.229065092434355    0.312063060260427    1.11805567293066e-07    3.79910548341613e-07
0.494974900000001    0.439197183793966    -0.555322253804887    0.192894166252562    0.308382805571128    1.07534684585139e-07    4.35197063591147e-07
0.5656856    0.400178769798721    -0.54754468476207    0.160143047797628    0.299805181811342    9.85389478616515e-08    3.83459391999017e-07
0.6363963    0.361863462117006    -0.535479500005322    0.130945165215313    0.286738294926027    8.79626694756566e-08    2.7651209626121e-07
0.707106999999999    0.32454101608948    -0.519545115037676    0.105326871124398    0.269927126559639    7.62404014331682e-08    3.56137884225158e-07
0.777817699999999    0.288464396811002    -0.500355449498786    0.0832117082275389    0.250355575843247    6.23996339180327e-08    3.38190682618366e-07
0.848528399999999    0.253837932828376    -0.47866081152795    0.0644336961425867    0.229116172492654    5.86529376140174e-08    2.42631309306343e-07
0.919239099999998    0.220810123820876    -0.455277512096099    0.0487571107817947    0.207277613020473    6.37080308127606e-08    2.43334103507221e-07
0.989949799999998    0.189471468496541    -0.431018276893134    0.0358994373742385    0.185776755016007    5.43903647878675e-08    2.8349303725107e-07
1.0606605    0.15985688806965    -0.406633273470077    0.025554224663315    0.16535061909307    4.97460340971093e-08    2.82026454783503e-07
