#t    <phi>    <pi>    <phi^2>    <pi^2>    rms(phi)    rms(pi)
0    -2.9778502051909e-23    -4.09454403213749e-23    3.57324442867679e-14    5.77975198080053e-13    1.89030273466363e-07    7.60246800769364e-07
0.0707107    -8.70199753311042e-18    -3.84298925924254e-16    3.03037800548665e-14    4.84977220298254e-13    1.74079809440574e-07    6.96403058794441e-07
0.1414214    -6.79569231354399e-17    -1.30164057377947e-15    2.60542136590401e-14    4.02798693904193e-13    1.61413176844519e-07    6.3466423713976e-07
0.2121321    -1.78845677288059e-16    -1.65647402471589e-15    2.26311398571361e-14    3.3371174675977e-13    1.5043649775615e-07    5.7767789187381e-07
0.2828428    -2.7932385264767e-16    -1.09038061071456e-15    1.97315754203643e-14    2.78777292345506e-13    1.404691262177e-07    5.27993648016248e-07
0.3535535    -3.34790473851422e-16    -5.76170131118582e-16    1.71524688844842e-14    2.37169473184119e-13    1.30967434442628e-07    4.87000485815075e-07
0.424264200000001    -3.75833853804889e-16    -6.53558127124675e-16    1.48015552238532e-14    2.06412725901794e-13    1.21661642368715e-07    4.54326673112854e-07
0.494974900000001    -4.26703438606712e-16    -7.25341443430769e-16    1.26733728785787e-14    1.83211316088196e-13    1.1257607596012e-07    4.28031910128435e-07
0.5656856    -4.70120718350751e-16    -4.7842050220614e-16    1.08065264650124e-14    1.64411295505756e-13    1.03954444181153e-07    4.05476627570265e-07
0.6363963    -4.98296652884814e-16    -3.81613952870212e-16    9.24081843643749e-15    1.47717981612224e-13    9.61291757815362e-08    3.84340970509552e-07
0.707106999999999    -5.30886677318703e-16    -5.47076845220187e-16    7.98816425593957e-15    1.31985523324152e-13    8.93765307893497e-08    3.6329811907599e-07
0.777817699999999    -5.69206296892026e-16    -4.52194709452283e-16    7.02303318195684e-15    1.17088333929918e-13    8.38035391970819e-08    3.42181726469895e-07
0.848528399999999    -5.84008089284634e-16    7.83251705470103e-17    6.29022767528073e-15    1.03515009728916e-13    7.93109555816895e-08    3.21737485737854e-07
0.919239099999998    -5.59657030044801e-16    5.48121190315242e-16    5.72257650163939e-15    9.18787159289897e-14    7.56477131289465e-08    3.03115020955725e-07
0.989949799999998    -5.18553193838506e-16    5.25423721471581e-16    5.2595304898512e-15    8.25236641205665e-14    7.25226205390511e-08    2.87269323319714e-07
1.0606605    -4.93728419222007e-16    1.54138330161896e-16    4.85942768072299e-15    7.53431556221212e-14    6.97095953274941e-08    2.74487077331741e-07
