1:binCentralValue 2:valuesAverage 3:valuesAverage 4:multiplicity
0.707107 0.306374173122998 0 18
1.41421 1.381483472113355 0 62
2.12132 2.111073404571588 0 98
2.82843 4.216012652729031 0 210
3.53554 6.601900435403985 0 350
4.24264 6.174913038573166 0 450
4.94975 5.544245851905401 0 602
5.65686 5.471336489634327 0 762
6.36396 6.936103971130781 0 1142
7.07107 5.413261368272454 0 1250
7.77818 5.538462687394212 0 1458
8.48528 5.362732301483367 0 1814
9.19239 4.039733816480042 0 2178
9.8995 2.391537925367007 0 2498
10.6066 0.817908352751555 0 2622
11.3137 0.1469754929501444 0 3338
12.0208 0.09646383926899407 0 3722
12.7279 0.07900714864443688 0 4170
13.435 0.05599002964229389 0 4358
14.1421 0.04984000187663376 0 5034
14.8492 0.03840909226184135 0 5714
15.5564 0.02772833249122775 0 5982
16.2635 0.02023494316404562 0 6602
16.9706 0.01401389977247609 0 7130
17.6777 0.01032166124809094 0 8034
18.3848 0.006847456017992777 0 8606
19.0919 0.004471641525849534 0 9066
19.799 0.003310616807791327 0 9962
20.5061 0.002411904545044053 0 10550
21.2132 0.001839687554947302 0 11226
21.9203 0.001469258583460851 0 12146
22.6274 0.001113777338313919 0 12303
23.3345 0.0008651032948291164 0 12584
24.0416 0.0006011719813150077 0 12120
24.7487 0.0004216099007368028 0 11180
25.4559 0.0003127851824941118 0 11096
26.163 0.0002090822847841215 0 10056
26.8701 0.0001546621404543677 0 9716
27.5772 0.0001074291616656345 0 8604
28.2843 7.802721057913332e-05 0 8060
28.9914 5.713521866661962e-05 0 7320
29.6985 3.94237206252275e-05 0 6356
30.4056 2.828129495688619e-05 0 5348
31.1127 1.914299878037525e-05 0 4308
31.8198 1.187211383426982e-05 0 3563
32.5269 6.359560412395642e-06 0 2448
33.234 4.162296462176802e-06 0 1868
33.9411 2.647308887656256e-06 0 1358
34.6482 1.579931686906507e-06 0 1062
35.3554 1.088025972403015e-06 0 776
36.0625 5.098432640368959e-07 0 432
36.7696 2.254032882110924e-07 0 200
37.4767 1.785462458883271e-07 0 168
38.1838 6.418289566534421e-08 0 56
38.8909 1.247184387124827e-08 0 7

0.707107 0.1024140865053793 2.762924002749338e-05 18
1.41421 0.5288992727322879 0.000159747612524111 62
2.12132 0.9444501488004565 0.0002990931044883768 98
2.82843 1.811126969167542 0.0007078543661552652 210
3.53554 2.934573018327447 0.001291091679952802 350
4.24264 2.513556922877907 0.001467155123338402 450
4.94975 2.164542049350633 0.002172097915740507 602
5.65686 1.980066489699883 0.002536415119036612 762
6.36396 2.781005144032736 0.004037904072556789 1142
7.07107 2.981518399247435 0.004588563924991827 1250
7.77818 3.885236192562656 0.00513113288834016 1458
8.48528 4.48334435254089 0.006662381510904775 1814
9.19239 4.150778205151867 0.007660539130937043 2178
9.8995 2.859442984517139 0.008704627717064893 2498
10.6066 1.059009363715468 0.009089519115534867 2622
11.3137 0.1177172259467735 0.01116579232495229 3338
12.0208 0.06720390666661462 0.01227078343282164 3722
12.7279 0.0573030012230717 0.01396772264848738 4170
13.435 0.04594307455339052 0.01409105283005084 4358
14.1421 0.04321543495614864 0.01750066088377712 5034
14.8492 0.03739229529661946 0.01963358091101247 5714
15.5564 0.03047103474363026 0.02062474380177945 5982
16.2635 0.02562030369938697 0.02245985694836619 6602
16.9706 0.01987781530808218 0.02466431470198552 7130
17.6777 0.01572882732813462 0.02726524917740247 8034
18.3848 0.01021149359879563 0.02921883654634604 8606
19.0919 0.006359144517013516 0.03138747812267198 9066
19.799 0.004251675960188218 0.03381527721549334 9962
20.5061 0.002969795009669567 0.03686590256603022 10550
21.2132 0.002238140145303186 0.03839581127026753 11226
21.9203 0.001907600246046671 0.04331586725354752 12146
22.6274 0.001539183142973409 0.04409588723465865 12303
23.3345 0.001257477647748279 0.04370072719322142 12584
24.0416 0.0009197351208936901 0.04271929184395392 12120
24.7487 0.0006405707094997212 0.03872428280169515 11180
25.4559 0.0004864876328137272 0.03886266849255169 11096
26.163 0.0003305943670170476 0.03456154392428921 10056
26.8701 0.0002409531029739735 0.03357475307671021 9716
27.5772 0.0001752085769025312 0.02893195643487253 8604
28.2843 0.0001245194282088011 0.02771666608143245 8060
28.9914 8.926187582648029e-05 0.02505190372525016 7320
29.6985 6.222950437483749e-05 0.02134552863624479 6356
30.4056 4.405087890911149e-05 0.01796532996039029 5348
31.1127 3.203980361885501e-05 0.0141783627139081 4308
31.8198 2.158653020394643e-05 0.01154627697629856 3563
32.5269 1.168014084896386e-05 0.007630605820839821 2448
33.234 7.620017822185457e-06 0.006093341018367712 1868
33.9411 4.542639076048268e-06 0.004238487097868142 1358
34.6482 3.043304697378831e-06 0.003217868367153422 1062
35.3554 1.750255665268218e-06 0.002437823976551415 776
36.0625 8.789515370981268e-07 0.00141263518450581 432
36.7696 3.788291153278813e-07 0.0007234302400330711 200
37.4767 2.626468014982122e-07 0.0006914892844016744 168
38.1838 7.767698099686034e-08 0.0001223991543945557 56
38.8909 1.49742466541895e-08 2.511567912926182e-05 7

