1:binCentralValue 2:valuesAverage 3:valuesAverage 4:multiplicity
0.707107 1.54107310926143e-15 2.844564047724184e-15 18
1.41421 6.414837306298131e-15 2.188694764534317e-14 62
2.12132 7.262005695116639e-15 4.548505836480112e-14 98
2.82843 2.034439939590006e-14 1.699382793505341e-13 210
3.53554 3.308528473255252e-14 4.07222828360026e-13 350
4.24264 3.870511022667663e-14 7.267496938061131e-13 450
4.94975 5.033419867122277e-14 1.200495744141096e-12 602
5.65686 2.8086087702635e-14 8.005865093732253e-13 762
6.36396 7.349417334463629e-46 1.067528823958102e-44 1142
7.07107 8.154923089210253e-46 1.254050855912905e-44 1250
7.77818 8.77954366862717e-46 1.395139478502319e-44 1458
8.48528 9.917241383109803e-46 1.675793087301758e-44 1814
9.19239 1.094424353035122e-45 1.856001849794021e-44 2178
9.8995 1.098572421916813e-45 1.760152298316337e-44 2498
10.6066 1.225874957840645e-45 1.8420336123393e-44 2622
11.3137 1.259658107121756e-45 1.838223049519854e-44 3338
12.0208 1.465585969136809e-45 2.023991702134901e-44 3722
12.7279 1.694028605510457e-45 2.527072529548483e-44 4170
13.435 1.858101133154835e-45 2.945652805740037e-44 4358
14.1421 2.062927290528018e-45 3.124679528080509e-44 5034
14.8492 2.160446155675938e-45 3.428772671458965e-44 5714
15.5564 2.137913111226464e-45 3.23464574246767e-44 5982
16.2635 2.312128062945586e-45 3.664334203795219e-44 6602
16.9706 2.082960674873374e-45 3.341745789184644e-44 7130
17.6777 2.724171893769423e-45 4.290780557145546e-44 8034
18.3848 2.844232678858934e-45 4.943337797829496e-44 8606
19.0919 3.300279034730468e-45 5.249987672091668e-44 9066
19.799 4.082940643911608e-45 6.360870221726647e-44 9962
20.5061 4.603557074159835e-45 7.839798667178191e-44 10550
21.2132 4.563677116541773e-45 7.263963608256186e-44 11226
21.9203 4.92070303261171e-45 8.164703451054839e-44 12146
22.6274 4.413546820960376e-45 7.005312781331292e-44 12303
23.3345 3.029303839275861e-45 4.915166825821867e-44 12584
24.0416 2.612534464405648e-45 4.170833539510508e-44 12120
24.7487 2.394984485305086e-45 3.749245620216429e-44 11180
25.4559 2.378526751277266e-45 3.64517937077546e-44 11096
26.163 2.108945447068364e-45 3.37892797243129e-44 10056
26.8701 2.11191654060618e-45 3.248654918850871e-44 9716
27.5772 1.755831964892805e-45 2.866416974181692e-44 8604
28.2843 1.853820070913095e-45 2.806663089802447e-44 8060
28.9914 1.602724063841061e-45 2.4951036185287e-44 7320
29.6985 1.442461184260464e-45 2.235563143570017e-44 6356
30.4056 1.165516383479505e-45 1.77182494888027e-44 5348
31.1127 8.739161228589297e-46 1.31395988513971e-44 4308
31.8198 6.411658327295404e-46 9.708290189212096e-45 3563
32.5269 4.030453564094428e-46 6.394578629496729e-45 2448
33.234 3.309964564309072e-46 5.057304769943075e-45 1868
33.9411 2.583277414963492e-46 3.726060556673085e-45 1358
34.6482 2.048392632994356e-46 3.063911919625679e-45 1062
35.3554 1.612766751390272e-46 2.366512636714138e-45 776
36.0625 1.025131188376629e-46 1.375557635658278e-45 432
36.7696 4.04651244460453e-47 5.649658043569969e-46 200
37.4767 4.160471335642763e-47 5.564276028290787e-46 168
38.1838 1.469084509268202e-47 2.107696780315959e-46 56
38.8909 1.264940188852612e-48 9.184559034529581e-48 7

0.707107 4.22131164936386e-16 3.372583035106767e-16 18
1.41421 1.980381173808854e-15 3.591466547256945e-15 62
2.12132 2.029734318928862e-15 9.292199024286608e-15 98
2.82843 4.250141083609252e-15 4.162835654109709e-14 210
3.53554 7.292061693849956e-15 8.653939219411614e-14 350
4.24264 8.451365415632199e-15 1.64745478811671e-13 450
4.94975 1.114243352526869e-14 2.740784068922714e-13 602
5.65686 6.053339961925904e-15 1.871974380182575e-13 762
6.36396 1.070711678523934e-28 3.174285141090488e-27 1142
7.07107 1.209989217597194e-28 5.423986181955873e-27 1250
7.77818 1.277153979275094e-28 9.239444655513597e-27 1458
8.48528 1.310018263826552e-28 1.313943287384145e-26 1814
9.19239 9.800477123135846e-29 1.357678612028544e-26 2178
9.8995 5.812920168736789e-29 9.390542068912467e-27 2498
10.6066 1.864570956703317e-29 3.113378503909426e-27 2622
11.3137 1.019789022047901e-30 1.413916147425298e-28 3338
12.0208 4.098026130320869e-41 2.442182155355837e-39 3722
12.7279 2.257622356732302e-41 1.405116053354187e-39 4170
13.435 1.028435504395331e-41 6.957231461938679e-40 4358
14.1421 4.399806224094719e-42 3.516507024580844e-40 5034
14.8492 1.363996380980298e-42 1.281216885754684e-40 5714
15.5564 2.381245562131567e-43 2.817166674530216e-41 5982
16.2635 2.07890917446766e-44 2.892713215108695e-42 6602
16.9706 1.948636494036286e-45 2.777914162153034e-43 7130
17.6777 2.289249318433769e-45 3.62529506766664e-43 8034
18.3848 2.347524306167768e-45 4.384111888595971e-43 8606
19.0919 2.571080546138402e-45 5.026627401519106e-43 9066
19.799 2.969051300580062e-45 5.923801490762444e-43 9962
20.5061 3.290863585789601e-45 6.814635662399714e-43 10550
21.2132 3.526161140496705e-45 7.716572465977488e-43 11226
21.9203 3.844832174373901e-45 7.921066791388642e-43 12146
22.6274 3.640368892183478e-45 8.269601829066947e-43 12303
23.3345 3.418930016236578e-45 8.204004764918401e-43 12584
24.0416 3.295400439976499e-45 8.252213349960387e-43 12120
24.7487 3.023569154863155e-45 8.23546347700971e-43 11180
25.4559 2.88875857866541e-45 9.175182580717718e-43 11096
26.163 2.529767879382697e-45 9.157440370003038e-43 10056
26.8701 2.423319999140704e-45 9.757644808599215e-43 9716
27.5772 2.117041724134308e-45 8.862421433105628e-43 8604
28.2843 2.105787411503976e-45 8.824674056526885e-43 8060
28.9914 2.022726796689236e-45 7.875203374683484e-43 7320
29.6985 1.785309301761273e-45 7.049778423527129e-43 6356
30.4056 1.545954408865464e-45 5.950584602132511e-43 5348
31.1127 1.273872968415598e-45 5.015971545897756e-43 4308
31.8198 1.033042363455747e-45 4.330470400947157e-43 3563
32.5269 6.896187850610797e-46 3.206894439388645e-43 2448
33.234 5.268227716735083e-46 2.496125489401041e-43 1868
33.9411 3.646369140356105e-46 2.273566360282169e-43 1358
34.6482 2.818725381647449e-46 1.728519971465049e-43 1062
35.3554 2.020305031812777e-46 1.313223035797991e-43 776
36.0625 1.13435173349827e-46 7.989135360856205e-44 432
36.7696 6.308784902665784e-47 3.898575451640259e-44 200
37.4767 5.070574129176312e-47 3.179182386613381e-44 168
38.1838 1.652016532065841e-47 1.210498732859784e-44 56
38.8909 1.674275703072278e-48 1.343352013754363e-45 7

