1:binCentralValue 2:valuesAverage 3:valuesAverage 4:multiplicity
0.707107 9.401208729552148e-16 7.348134503161153e-15 18
1.41421 5.281131201049813e-15 4.850132904403482e-14 62
2.12132 1.148859688891239e-14 1.040533141751e-13 98
2.82843 2.798308481996379e-14 3.767432936374982e-13 210
3.53554 5.619461297938894e-14 9.64971767408029e-13 350
4.24264 7.271843352529127e-14 1.576312630496569e-12 450
4.94975 1.005865261609664e-13 2.763716134498578e-12 602
5.65686 5.599570509277152e-14 1.872471834542046e-12 762
6.36396 3.50688651247147e-33 3.606646525387264e-33 1142
7.07107 4.077616061469516e-33 1.608110575112482e-33 1250
7.77818 4.475699548555676e-33 2.886015768832176e-33 1458
8.48528 9.179481556759892e-33 4.020867817886225e-33 1814
9.19239 1.012539907241196e-32 4.010206025390753e-33 2178
9.8995 9.758593790730804e-33 4.786739348125003e-33 2498
10.6066 7.641974326261573e-33 3.391057986357439e-33 2622
11.3137 1.76874450465777e-32 1.106156538621009e-32 3338
12.0208 1.319102258109137e-32 5.11963797067004e-33 3722
12.7279 1.762257454949075e-32 6.710575639520246e-33 4170
13.435 1.773157624622209e-32 9.865045557688836e-33 4358
14.1421 2.430114940120686e-32 9.386787531372343e-33 5034
14.8492 2.117145726435176e-32 1.143143642132403e-32 5714
15.5564 3.171527660859113e-32 1.003276444570524e-32 5982
16.2635 2.701304139702524e-32 1.161204792237268e-32 6602
16.9706 3.909794926556761e-32 3.573367465751169e-32 7130
17.6777 2.862588516404045e-32 1.074578060123233e-32 8034
18.3848 5.509292823209106e-32 1.397808891939233e-32 8606
19.0919 3.59774545072067e-32 1.339976409355752e-32 9066
19.799 6.120500146095721e-32 2.552658526674265e-32 9962
20.5061 4.912093334070417e-32 1.625187228871566e-32 10550
21.2132 5.619046409747407e-32 1.763846890878247e-32 11226
21.9203 4.666452018152501e-32 1.859574758603256e-32 12146
22.6274 4.547547001118968e-32 1.759033002294281e-32 12303
23.3345 4.301926727341044e-32 1.745750425935031e-32 12584
24.0416 4.35104588361003e-32 1.550985957276521e-32 12120
24.7487 3.808565603554227e-32 1.384127959486146e-32 11180
25.4559 3.534872699644338e-32 1.348597611872882e-32 11096
26.163 2.885484879047374e-32 1.176980116699999e-32 10056
26.8701 3.088923022262496e-32 1.244396955601932e-32 9716
27.5772 2.528840946365199e-32 9.866984571744289e-33 8604
28.2843 2.548411188821616e-32 1.009626515929666e-32 8060
28.9914 2.645953471860449e-32 8.473050088633468e-33 7320
29.6985 1.913694622088194e-32 7.630503895886756e-33 6356
30.4056 2.223557006314984e-32 7.617448834514995e-33 5348
31.1127 1.318227782246117e-32 5.026585889472226e-33 4308
31.8198 1.432005031408467e-32 4.852233007957281e-33 3563
32.5269 7.485667599933615e-33 2.859138307270058e-33 2448
33.234 5.992177007374208e-33 2.183915810847554e-33 1868
33.9411 4.648895559522157e-33 1.845748138450837e-33 1358
34.6482 3.224841825701448e-33 1.259119556526062e-33 1062
35.3554 2.666669179200799e-33 9.660879001533829e-34 776
36.0625 1.552840539433672e-33 5.613342172596823e-34 432
36.7696 1.189721718779754e-33 3.953899493935302e-34 200
37.4767 7.987065995403423e-34 3.112431229673671e-34 168
38.1838 4.455286135109463e-34 1.511524510916195e-34 56
38.8909 1.168843960887115e-34 4.037248585208982e-35 7

0.707107 2.025447540454421e-16 1.402348365335973e-15 18
1.41421 1.095028690409757e-15 8.672288254869241e-15 62
2.12132 2.148939182504905e-15 1.96952845414178e-14 98
2.82843 5.48231713204722e-15 6.836735108008219e-14 210
3.53554 1.053861464883357e-14 1.860806623850242e-13 350
4.24264 1.28497454843055e-14 3.194436163959955e-13 450
4.94975 1.628755922435962e-14 6.127401195953327e-13 602
5.65686 9.114884960034118e-15 4.098527957785311e-13 762
6.36396 2.911889400752382e-27 9.328522429530338e-26 1142
7.07107 1.99247689786327e-27 7.28874166148859e-26 1250
7.77818 1.563433255897162e-27 6.289800284339353e-26 1458
8.48528 1.252847421849099e-27 6.183099935065504e-26 1814
9.19239 8.036418412736516e-28 5.281912445376319e-26 2178
9.8995 4.042675706634328e-28 3.569483762669074e-26 2498
10.6066 1.133609774691173e-28 1.272015471709264e-26 2622
11.3137 4.511421604097325e-30 6.075270853744937e-28 3338
12.0208 1.646953368527965e-31 4.878002822955445e-30 3722
12.7279 1.455346827014887e-31 4.98308834536502e-30 4170
13.435 1.262028924013424e-31 4.902987851340051e-30 4358
14.1421 1.333224421623135e-31 5.089257221477913e-30 5034
14.8492 1.244172505207852e-31 5.251733780414632e-30 5714
15.5564 1.226046788308845e-31 5.503425543484064e-30 5982
16.2635 1.210908060809718e-31 6.091181454539976e-30 6602
16.9706 1.184480680038879e-31 6.931698300932866e-30 7130
17.6777 1.179346521228427e-31 8.309126264344348e-30 8034
18.3848 1.256475386696638e-31 9.329224592107554e-30 8606
19.0919 1.157532032199594e-31 1.001339490538484e-29 9066
19.799 1.306025302529504e-31 1.190020683369081e-29 9962
20.5061 1.257200482105405e-31 1.250291634693752e-29 10550
21.2132 1.275026783174491e-31 1.420859181099886e-29 11226
21.9203 1.324351574005626e-31 1.524109008605779e-29 12146
22.6274 1.357951817942008e-31 1.601537554261121e-29 12303
23.3345 1.24202061273796e-31 1.70037532895043e-29 12584
24.0416 1.114433282849635e-31 1.674993954680543e-29 12120
24.7487 9.686706265373073e-32 1.635109178833904e-29 11180
25.4559 9.356981546183613e-32 1.699317256130532e-29 11096
26.163 8.064254482921282e-32 1.635535093408299e-29 10056
26.8701 7.760379512954354e-32 1.718014446107404e-29 9716
27.5772 6.626805921978189e-32 1.561174043135318e-29 8604
28.2843 6.190867653507563e-32 1.507342413818497e-29 8060
28.9914 5.611793053603475e-32 1.444223751937194e-29 7320
29.6985 4.790450225057932e-32 1.318149999671532e-29 6356
30.4056 4.191899250995982e-32 1.190423060044364e-29 5348
31.1127 3.295102592451484e-32 9.563705056518977e-30 4308
31.8198 2.700031001973883e-32 8.449723090931248e-30 3563
32.5269 1.811859695067162e-32 6.151382749826497e-30 2448
33.234 1.393265172826502e-32 4.942569790915312e-30 1868
33.9411 1.018270538731705e-32 3.708572235292605e-30 1358
34.6482 7.686376158565893e-33 3.031205367908105e-30 1062
35.3554 5.685330207266232e-33 2.319571084854315e-30 776
36.0625 3.128972251659706e-33 1.398646756532352e-30 432
36.7696 1.875508772325623e-33 7.340477078834017e-31 200
37.4767 1.394049553898176e-33 6.140516454790778e-31 168
38.1838 6.024168540320456e-34 1.888281888903082e-31 56
38.8909 7.63850158965764e-35 4.237165018622127e-32 7

