1:binCentralValue 2:valuesAverage 3:multiplicity
0.353553 0 18
0.707106 0 62
1.06066 0 98
1.41421 0 210
1.76777 0 350
2.12132 0 450
2.47487 0 602
2.82842 0 762
3.18198 0 1142
3.53553 0 1250
3.88908 0 1458
4.24264 0 1814
4.59619 0 2178
4.94974 0 2498
5.3033 0 2622
5.65685 0 3338
6.0104 0 3722
6.36395 0 4170
6.71751 0 4358
7.07106 0 5034
7.42461 0 5714
7.77817 0 5982
8.13172 0 6602
8.48527 0 7130
8.83882 0 8034
9.19238 0 8606
9.54593 0 9066
9.89948 0 9962
10.253 0 10550
10.6066 0 11226
10.9601 0 12146
11.3137 0 12606
11.6672 0 13802
12.0208 0 14754
12.3744 0 15194
12.7279 0 16454
13.0815 0 17154
13.435 0 18266
13.7886 0 18750
14.1421 0 20234
14.4957 0 21450
14.8492 0 21962
15.2028 0 23462
15.5563 0 24042
15.9099 0 25946
16.2634 0 26118
16.617 0 27506
16.9705 0 29066
17.3241 0 30450
17.6776 0 31742
18.0312 0 32250
18.3848 0 34250
18.7383 0 35454
19.0919 0 36434
19.4454 0 37682
19.799 0 39294
20.1525 0 41426
20.5061 0 42066
20.8596 0 43490
21.2132 0 45702
21.5667 0 46634
21.9203 0 48554
22.2738 0 48870
22.6274 0 50963
22.9809 0 51576
23.3345 0 49316
23.6881 0 49344
24.0416 0 47192
24.3952 0 47576
24.7487 0 45348
25.1023 0 44060
25.4558 0 43872
25.8094 0 41756
26.1629 0 41528
26.5165 0 39300
26.87 0 38276
27.2236 0 36900
27.5771 0 34724
27.9307 0 33960
28.2842 0 32144
28.6378 0 30704
28.9913 0 28896
29.3449 0 26924
29.6985 0 25656
30.052 0 23228
30.4056 0 21816
30.7591 0 19472
31.1127 0 17696
31.4662 0 15588
31.8198 0 13760
32.1733 0 11565
32.5269 0 10016
32.8804 0 8652
33.234 0 7652
33.5875 0 6542
33.9411 0 5478
34.2946 0 4886
34.6482 0 4068
35.0017 0 3326
35.3553 0 2696
35.7089 0 2304
36.0624 0 1934
36.416 0 1344
36.7695 0 848
37.1231 0 888
37.4766 0 584
37.8302 0 344
38.1837 0 102
38.5373 0 104
38.8908 0 24
39.2444 0 1

0.353553 4.187672107060208e-29 18
0.707106 2.763062737592937e-28 62
1.06066 6.315643170194593e-28 98
1.41421 1.436815483167388e-27 210
1.76777 2.670064139711397e-27 350
2.12132 3.248426463971341e-27 450
2.47487 4.316684107124404e-27 602
2.82842 4.997219997100251e-27 762
3.18198 6.88352083818282e-27 1142
3.53553 6.395895262705602e-27 1250
3.88908 6.751356694780047e-27 1458
4.24264 6.790497827946946e-27 1814
4.59619 6.519682413467838e-27 2178
4.94974 5.413556032179256e-27 2498
5.3033 4.306705049347103e-27 2622
5.65685 3.728365430021461e-27 3338
6.0104 2.613352373909341e-27 3722
6.36395 1.822160666690814e-27 4170
6.71751 1.265620341459971e-27 4358
7.07106 9.992356175993515e-28 5034
7.42461 8.509979223846472e-28 5714
7.77817 7.046807365747583e-28 5982
8.13172 6.384330866598441e-28 6602
8.48527 5.398239740577653e-28 7130
8.83882 4.594514729584325e-28 8034
9.19238 3.27423425013625e-28 8606
9.54593 2.084347635835231e-28 9066
9.89948 1.18264977138613e-28 9962
10.253 5.077038637867506e-29 10550
10.6066 1.511766536827064e-29 11226
10.9601 2.71929541749499e-30 12146
11.3137 7.783724548661175e-32 12606
11.6672 6.9358192905744e-40 13802
12.0208 5.330929211786747e-40 14754
12.3744 3.666792036411278e-40 15194
12.7279 2.61206812883849e-40 16454
13.0815 1.752123149050033e-40 17154
13.435 1.162357893053704e-40 18266
13.7886 7.024438278179487e-41 18750
14.1421 4.152538096478502e-41 20234
14.4957 2.259394799504169e-41 21450
14.8492 1.075567863192224e-41 21962
15.2028 4.919230907348632e-42 23462
15.5563 1.780589491530741e-42 24042
15.9099 5.955996503289625e-43 25946
16.2634 1.771275650406018e-43 26118
16.617 1.063570362470578e-43 27506
16.9705 1.079659220605077e-43 29066
17.3241 1.169677187613014e-43 30450
17.6776 1.31250971758293e-43 31742
18.0312 1.446785994304229e-43 32250
18.3848 1.703877786856711e-43 34250
18.7383 2.022443078888723e-43 35454
19.0919 2.376025212208958e-43 36434
19.4454 2.837902185868168e-43 37682
19.799 3.404830261864279e-43 39294
20.1525 4.124144395304717e-43 41426
20.5061 4.631585858823778e-43 42066
20.8596 5.262018481563312e-43 43490
21.2132 6.111485270860735e-43 45702
21.5667 6.794865162141991e-43 46634
21.9203 7.611590869826763e-43 48554
22.2738 8.18768732022129e-43 48870
22.6274 8.910836995516357e-43 50963
22.9809 9.369785777633364e-43 51576
23.3345 9.479713958377614e-43 49316
23.6881 1.001361621330425e-42 49344
24.0416 9.796989043083069e-43 47192
24.3952 1.011664071541094e-42 47576
24.7487 9.649601467847721e-43 45348
25.1023 9.266434587135507e-43 44060
25.4558 9.01273265136593e-43 43872
25.8094 8.337839837094185e-43 41756
26.1629 8.107139926791009e-43 41528
26.5165 7.631137312308314e-43 39300
26.87 7.440870504513201e-43 38276
27.2236 7.46161433747553e-43 36900
27.5771 7.283278401614895e-43 34724
27.9307 7.423561843160074e-43 33960
28.2842 7.423520186374328e-43 32144
28.6378 7.542678964114084e-43 30704
28.9913 7.459204905968644e-43 28896
29.3449 7.463482786962511e-43 26924
29.6985 7.510387155402814e-43 25656
30.052 7.185615919580918e-43 23228
30.4056 6.890121000815432e-43 21816
30.7591 6.54572868254524e-43 19472
31.1127 6.018876439511071e-43 17696
31.4662 5.455969553810558e-43 15588
31.8198 4.714733288636019e-43 13760
32.1733 3.922163508338247e-43 11565
32.5269 3.376190200278201e-43 10016
32.8804 2.925776452126679e-43 8652
33.234 2.417874739680141e-43 7652
33.5875 2.003604828975207e-43 6542
33.9411 1.651611058305351e-43 5478
34.2946 1.437325211222357e-43 4886
34.6482 1.18367422544962e-43 4068
35.0017 9.642916108202898e-44 3326
35.3553 7.630357586079526e-44 2696
35.7089 6.485354820419304e-44 2304
36.0624 5.465860559378154e-44 1934
36.416 3.852141805510667e-44 1344
36.7695 2.531798534495133e-44 848
37.1231 2.707777149023122e-44 888
37.4766 1.686500394966e-44 584
37.8302 1.140759893393291e-44 344
38.1837 3.247148586726875e-45 102
38.5373 3.626025156777095e-45 104
38.8908 7.919005989450135e-46 24
39.2444 7.995887668155645e-49 1

