#t    a    aDot    H
0    1    1.16969131828987    1.16969131828987
0.3535535    1.49564503313406    1.60737846707168    1.07470585029356
0.707106999999999    2.09600462985195    1.71593346235113    0.818668736658435
1.0606605    2.67015141428529    1.50722553764363    0.564471935778619
1.414214    3.16147605473492    1.28426265966403    0.406222485139685
1.76776750000001    3.586919425398    1.13220200478085    0.315647459701502
2.121321    3.96929177578848    1.04630565031398    0.263600085208181
2.4748745    4.34547640380392    1.11703158095002    0.25705618375288
2.82842799999999    4.77758043940552    1.32886777458087    0.278146604004896
3.18198149999998    5.26729884622663    1.40427342003508    0.266602192325023
3.53553499999997    5.7517709250065    1.32480721346611    0.230330315782631
3.88908849999997    6.20285835820965    1.22967537110635    0.198243342035827
4.24264199999997    6.62344408738929    1.1529739455505    0.174074685365837
4.59619549999999    7.02319199189894    1.12221913078619    0.159787619657933
4.949749    7.43147389684679    1.20817437073958    0.162575336670725
5.30330250000002    7.88191170006282    1.32712666510592    0.168376241146591
5.65685600000003    8.35465735460337    1.32774326347729    0.158922527534383
6.01040950000005    8.81368018300425    1.26653323237609    0.143700838478164
6.36396300000006    9.25065005936115    1.20676878947561    0.130452322996958
6.71751650000007    9.66837778961293    1.16021699540583    0.120001206060885
7.07107000000009    10.0774652451519    1.16884849377929    0.115986358210623
7.4246235000001    10.5054182353669    1.259103479458    0.119852770375117
7.77817700000012    10.9629835276325    1.31296218733104    0.119763218107705
8.13173050000013    11.4236599818438    1.28480930583622    0.112469148055722
8.48528400000015    11.8695224890137    1.23759374764379    0.104266515252766
8.83883750000016    12.299321622516    1.19479222920765    0.0971429372999227
9.19239100000018    12.7164055670521    1.17105851358018    0.0920903715602126
9.54594450000019    13.1351457393167    1.21052226468967    0.0921590280545028
9.89949800000021    13.5766972541917    1.28259139714497    0.0944700594799651
10.2530515000002    14.0338547060434    1.29135394155162    0.0920170522355148
10.6066050000002    14.484810520066    1.25727311731894    0.0867994176090339
10.9601585000002    14.9227211075312    1.22043498379021    0.0817836757114143
11.3137120000003    15.3483684339313    1.18931122188816    0.0774877946804366
11.6672655000003    15.7672698894871    1.18938261566985    0.0754336434909937
12.0208190000003    16.1964987365708    1.24486250726782    0.0768599761908414
12.3743725000003    16.6455088355257    1.28512211314703    0.0772053366373674
12.7279260000003    17.0983016239102    1.27006502818148    0.0742801861914417
13.0814795000003    17.541861632349    1.23889751033703    0.0706252013784202
13.4350330000004    17.9745528920186    1.20928736436885    0.0672777437988916
13.7885865000004    18.3980995796267    1.19060146121241    0.0647132849813918
14.1421400000004    18.8215717663934    1.2140810749444    0.0645047655962604
14.4956935000004    19.2602998381185    1.26568058008961    0.0657144795630168
14.8492470000004    19.7111186862468    1.27569615422672    0.0647196221854631
15.2028005000004    20.1584383002328    1.25260813223657    0.0621381534412863
15.5563540000004    20.5965599624001    1.22602374348105    0.0595256560182481
15.9099075000005    21.025683345596    1.20261037888017    0.0571972077726582
16.2634610000004    21.4492904395889    1.19996136112539    0.0559441052143441
16.6170145000003    21.8795138853826    1.23906281595849    0.0566311857955076
16.9705680000003    22.3245715747445    1.27158843445516    0.0569591416434477
17.3241215000002    22.7734159820156    1.26240907158969    0.055433452433602
17.6776750000001    23.2157099549707    1.23926122033521    0.0533802852783261
18.0312285    23.6498025108888    1.21663151935522    0.0514436227869161
18.384782    24.0767325113564    1.20115027430945    0.0498884254224651
18.7383354999999    24.5028909407177    1.21664188500575    0.0496529935161237
19.0918889999998    24.940272224196    1.25675683062488    0.0503906621117642
19.4454424999997    25.3876353963375    1.26694688169671    0.049904091575204
19.7989959999997    25.8328822475578    1.24982553414901    0.0483811880599255
20.1525494999996    26.2710670998515    1.22904672544434    0.046783281424122
20.5061029999995    26.7021437052436    1.21024416836488    0.0453238579540422
20.8596564999994    27.1285230721281    1.20642792173501    0.0444708294118117
21.2132099999994    27.5594553372886    1.23597107526003    0.0448474420170319
21.5667634999993    28.0022279753312    1.26354213897444    0.0451229145083588
21.9203169999992    28.4486903947227    1.25771150636129    0.0442098208708616
22.2738704999991    28.890185607881    1.2393822726394    0.0428997684355931
22.6274239999991    29.3251031959255    1.2210697272737    0.0416390598565178
22.980977499999    29.754119115856    1.207777170806    0.0405919316953454
23.3345309999989    30.18201733163    1.2185033297416    0.0403718318876134
23.6880844999988    30.6186198062094    1.25121634351151    0.0408645572997958
24.0416379999988    31.0637951832988    1.26133392555457    0.0406046305067293
24.3951914999987    31.5076988767719    1.24797988974974    0.0396087284771463
24.7487449999986    31.9459029377944    1.23093774383022    0.0385319440250952
25.1022984999985    32.378231606063    1.21520594514654    0.0375315724444625
25.4558519999985    32.806445704816    1.21081567018518    0.0369078589335703
25.8094054999984    33.2379032818486    1.23406839946682    0.0371283467853628
26.1629589999983    33.679179987345    1.25817523206965    0.0373576563485931
26.5165124999982    34.1240409285664    1.25452604406796    0.0367637011892619
26.8700659999982    34.564985910595    1.23942134129768    0.035857712903559
27.2236194999981    35.0004466994236    1.22404284350379    0.0349722063268395
27.577172999998    35.4308802403753    1.21234363872843    0.0342171470339849
27.9307264999979    35.8600047802076    1.21991836657726    0.0340189125476798
28.2842799999979    36.2961039712807    1.24742246971889    0.0343679440279848
28.6378334999978    36.7397607116751    1.25740681557473    0.0342246871296348
28.9913869999977    37.1827199155004    1.2466653206942    0.0335280830323147
29.3449404999977    37.6209273608355    1.23223145484924    0.032753883045744
29.6984939999976    38.0541275891663    1.21869536176223    0.0320253133883218
30.0520474999975    38.4836507705302    1.21400892669869    0.031546095611811
30.4056009999974    38.9155155319158    1.23279049544776    0.031678637134762
30.7591544999974    39.3557320079449    1.25431589978945    0.0318712379568048
31.1127079999973    39.7994361263312    1.25221571177371    0.0314631520858469
31.4662614999972    40.2399782865458    1.23942843976848    0.0308009221809864
31.8198149999971    40.6758236848284    1.22617424884015    0.0301450379552485
32.1733684999971    41.1072852590038    1.21569317147756    0.0295736671448351
32.5269219999972    41.5373267121167    1.22104022654945    0.0293962159628648
32.8804754999974    41.973076909523    1.24464862855077    0.0296534998192706
33.2340289999975    42.415611133853    1.25448893171994    0.0295761135625533
33.5875824999976    42.8578671002075    1.24567986231907    0.0290653722782447
33.9411359999977    43.2960716549614    1.23317198233056    0.0284823064817071
34.2946894999978    43.7299138770462    1.22128680707367    0.0279279490581098
34.6482429999979    44.1604216592318    1.21645275330022    0.027546221426215
35.001796499998    44.5926145661112    1.23188201509269    0.0276252475231375
35.3553499999981    45.0320371051461    1.25138861889098    0.0277888521003189
35.7089034999982    45.4748614621203    1.25045636153822    0.0274977497750009
36.0624569999983    45.9150951716467    1.23942212914684    0.0269937832974852
36.4160104999984    46.3512271644045    1.22777748722213    0.0264885648629603
36.7695639999985    46.7834696399291    1.21826334814317    0.026040465949182
37.1231174999986    47.2142271388666    1.22196173591812    0.0258812186488638
37.4766709999987    47.6497237191058    1.24252343563612    0.0260761939137521
37.8302244999988    48.0913893179061    1.25222222458674    0.0260383873776026
38.1837779999989    48.5330988690121    1.24491192499328    0.0256507817140056
38.537331499999    48.9712979633488    1.23388649209819    0.0251961157537964
38.8908849999991    49.4056329887472    1.22328982638711    0.0247601286004316
39.2444384999992    49.8369107946945    1.2183951987605    0.0244476469213699
39.5979919999993    50.2693768625248    1.23121124399388    0.0244922718529208
39.9515454999994    50.7081804829926    1.24907784941828    0.024632669473069
40.3050989999995    51.1503091800963    1.24906564661964    0.0244195131298576
40.6586524999996    51.5902983422339    1.23941009372477    0.0240240923885129
41.0122059999997    52.0266521358692    1.2290274785742    0.0236230360424606
41.3657594999998    52.4595087878792    1.22030376908144    0.0232618222563951
41.7193129999999    52.8908444571224    1.22274121872602    0.0231182018603857
42.0728665    53.3261508378144    1.24083749656213    0.0232688367164546
42.4264200000001    53.7671203656354    1.25039951447754    0.0232558393675239
42.7799735000002    54.2083909742475    1.24429487451179    0.0229539163983471
43.1335270000003    54.6465835936151    1.23444769196037    0.0225896590560988
43.4870805000005    55.0813089676824    1.2248860182198    0.0222377797691495
43.8406340000006    55.513207342397    1.21998531736513    0.0219764876822995
44.1941875000007    55.9459069942201    1.23070354515816    0.0219980980071574
44.5477410000008    56.3842132289057    1.24719625048105    0.0221196001337777
44.9012945000009    56.8257746719572    1.24793311757258    0.0219606881697016
45.254848000001    57.2655644450943    1.2393957253061    0.0216429496035864
45.6084015000011    57.7020949781625    1.23002951329862    0.0213168952316918
45.9619550000012    58.1354479151238    1.22196721888908    0.0210193137356251
46.3155085000013    58.5672629172877    1.22341677173235    0.0208890890711443
46.6690620000014    59.0024237126322    1.23946387871985    0.0210069993862725
47.0226155000015    59.4428198750133    1.2488926336319    0.0210099829762092
47.3761690000016    59.8837282368617    1.24378646370684    0.0207700238500051
47.7297225000017    60.3219140406177    1.23490014623741    0.0204718329296694
48.0832760000018    60.7569563413142    1.22618897942426    0.0201818697522618
48.4368295000019    61.1893668745895    1.22131802206375    0.0199596446972053
48.790383000002    61.6222707825301    1.23031350618566    0.0199654035880556
49.1439365000021    62.0601677677743    1.24562566519194    0.0200712584254204
49.4974900000022    62.5012549690087    1.24698794789621    0.019951406551989
49.8510435000023    62.9408783420817    1.23938055464665    0.0196911861939813
50.2045970000024    63.3775530081338    1.23085077558858    0.019420926135009
50.5581505000025    63.8113157212111    1.22335248879549    0.0191714036134322
50.9117040000026    64.2435366924385    1.2240141779001    0.0190527209571288
51.2652575000027    64.6785847394054    1.23832121377965    0.0191457685533617
51.6188110000028    65.1184980064654    1.24761804881509    0.0191591957279361
51.9723645000029    65.5591006192928    1.24335859116367    0.0189654613839802
52.325918000003    65.9972795499294    1.23527268453044    0.0187170242918256
52.6794715000031    66.4325843474557    1.22727344725947    0.0184739681485306
53.0330250000032    66.8654257974576    1.22245663644602    0.0182823428082096
53.3865785000033    67.2985116915911    1.23001191791667    0.0182769557156545
53.7401320000034    67.7360656436548    1.24428791705008    0.0183696514585895
54.0936855000036    68.1767480410138    1.24618258077525    0.0182787037601965
54.4472390000037    68.6162297469184    1.23936524443072    0.0180622754849975
54.8007925000038    69.0530241876798    1.23153617000686    0.0178346449629731
55.1543460000039    69.4871312737715    1.22452637497073    0.0176223475127536
55.507899500004    69.9197022025656    1.2245515053132    0.0175136830784194
55.8614530000041    70.3546625968323    1.23735494464223    0.0175873907850698
56.2150065000042    70.7941616604655    1.24651890908852    0.0176076512504933
56.5685600000043    71.2345011887108    1.24299178576348    0.0174492944433008
56.9221135000044    71.6726732853528    1.23558478282308    0.0172392730197715
57.2756670000045    72.1081991068728    1.22819067720412    0.0170326078367842
57.6292205000046    72.5414089796318    1.22344520500329    0.0168654734201097
57.9827740000047    72.9746596507337    1.22977921027822    0.0168521404027659
58.3363275000048    73.4119217956919    1.24312909114007    0.0169336132433605
58.6898810000049    73.8522524583773    1.24548372739363    0.0168645327113832
59.043434500005    74.2916113958639    1.23935001112069    0.0166822335366613
59.3969880000051    74.7285069331603    1.23211689023185    0.0164879099127981
59.7505415000052    75.1629077541757    1.22553594235938    0.0163050629489689
60.1040950000053    75.5957849812726    1.22504212005991    0.0162051643535866
60.4576485000054    76.0306775898453    1.23652704165031    0.0162635278396554
60.8112020000055    76.4698157997917    1.24555474960375    0.0162881881769505
61.1647555000056    76.9099249967829    1.24267194465348    0.0161574978093589
61.5183090000057    77.3480902852354    1.23585008278988    0.0159777711153883
61.8718625000058    77.7838048288164    1.22897719191454    0.0157999109791457
62.2254160000059    78.2173341615917    1.22431605858045    0.0156527459252331
62.578969500006    78.6507363811082    1.22960222112724    0.0156337025907693
62.9325230000061    79.0877473092744    1.24211009251027    0.0157054681005513
63.2860765000062    79.5277673028244    1.24486670571903    0.015653233429512
63.6396300000063    79.9670179919867    1.2393347402983    0.0154980737236255
63.9931835000064    80.4039999916372    1.23261541259555    0.0153302747714511
64.3467370000062    80.8386547085161    1.22641635084568    0.0151711623018448
64.7002905000059    81.2718041154732    1.22549767220363    0.0150790016973465
65.0538440000057    81.7066454884727    1.2358099139119    0.0151249620703894
65.4073975000054    82.1454646427843    1.24469416565101    0.0151523175511107
65.7609510000052    82.5853684791813    1.24238781980339    0.015043679560703
66.1145045000049    83.0235268247267    1.23607845223688    0.0148882913014091
66.4680580000047    83.4594045572749    1.22966036854071    0.0147336345743618
66.8216115000044    83.8932150511463    1.22509631864354    0.0146030440947656
67.1751650000042    84.326759851183    1.22947392772295    0.0145798786754369
67.5287185000039    84.7635523148291    1.24119908961211    0.0146430754223471
67.8822720000037    85.2032925382637    1.24431006619567    0.0146040138723145
68.2358255000034    85.6424455708791    1.2393186783687    0.0144708464372729
68.5893790000032    86.0795023615962    1.23304881787417    0.0143245346922949
68.9429325000029    86.5143797672276    1.22719819114019    0.0141849042256564
69.2964860000027    86.9477766590513    1.22593446347527    0.0140996643109407
69.6500395000024    87.3825826653899    1.23518267615108    0.0141353418321464
70.0035930000022    87.8211140910037    1.24390548104419    0.0141640822246368
70.3571465000019    88.2608293570441    1.24212696846152    0.0140733661524606
70.7107000000017    88.6989799665688    1.23627718458115    0.0139378962987749
71.0642535000014    89.135000771309    1.2302631610344    0.0138022454747137
71.4178070000012    89.5690648768743    1.22581861533605    0.0136857364428345
71.7713605000009    90.0027515753462    1.22939999331928    0.0136595823105484
72.1249140000007    90.4393524748348    1.24036085288702    0.0137148356212762
72.4784675000004    90.8788309457529    1.24378491863128    0.0136861896845231
72.8320210000002    91.3178911618044    1.2392988329724    0.0135712598835261
73.1855744999999    91.7550132208799    1.23343182896773    0.0134426641735479
73.5391279999996    92.1900906436603    1.22791922660638    0.0133194274789535
73.8926814999994    92.6237253396427    1.22639191211075    0.0132405807217717
74.2462349999991    93.0585179468107    1.23463164524882    0.0132672609932871
74.5997884999989    93.4967789677707    1.24313723072443    0.0132960433979544
74.9533419999986    93.9363077136288    1.24186379054558    0.0132202746815585
75.3068954999984    94.3744471704766    1.23645085016353    0.0131015427081657
75.6604489999981    94.8105959348561    1.23080857060278    0.0129817617795426
76.0140024999979    95.2449011065553    1.2265383732122    0.0128777326551057
76.3675559999976    95.6787491488743    1.22942051372901    0.0128494626514823
76.7211094999974    96.1151827264786    1.23954536948728    0.0128964575036468
77.0746629999971    96.5543936110855    1.243232508389    0.0128759806974362
77.4282164999969    96.9933529765468    1.23926587915032    0.0127768124424978
77.7817699999966    97.4305316305735    1.23377829070738    0.01266315876614
78.1353234999964    97.8657945932462    1.22862148228498    0.0125541460874192
78.4888769999961    98.2996779416837    1.22693888573827    0.0124816165365888
78.8424304999959    98.7344941272561    1.23416696953851    0.012499856108523
79.1959839999956    99.1724865911557    1.24232289623394    0.0125268906622811
79.5495374999954    99.611808125733    1.24154868374023    0.0124638705701748
79.9030909999951    100.049926678366    1.23659867928095    0.012359815947255
80.2566444999949    100.4861907827    1.23130508130749    0.0122534755444175
80.6101979999946    100.920724635367    1.22725018815853    0.0121605368232606
80.9637514999944    101.354750431642    1.2295428354478    0.0121310824624551
81.3173049999941    101.791043239387    1.23877342845216    0.0121697684691066
81.6708584999939    102.229981998069    1.24263892849479    0.0121553276661857
82.0244119999936    102.668829656006    1.2392160901068    0.0120700322995676
82.3779654999934    103.106056510426    1.23408479736171    0.01196908153729
82.7315189999931    103.541480220453    1.22920482388803    0.0118716172617091
83.0850724999928    103.975569606714    1.22739298031795    0.0118046285772758
83.4386259999926    104.410399382351    1.23377022897295    0.0118165454425175
83.7921794999923    104.848165166669    1.24163869202661    0.01184225484588
84.1457329999921    105.287315274869    1.24129289620217    0.0117895768636666
84.4992864999918    105.725417880148    1.23673851140556    0.0116976459985011
84.8528399999916    106.161782827722    1.2317297502313    0.0116023838091541
85.2063934999913    106.596488380908    1.22774366188475    0.0115176745550714
85.5599469999911    107.03060887883    1.22949411116661    0.0114873130597485
85.9135004999908    107.466768798963    1.2381857171741    0.0115215683044343
86.2670539999906    107.905525871887    1.24227042312638    0.0115125746627775
86.6206074999903    108.344312530011    1.23920932073713    0.0114376960986658
86.9741609999901    108.781589144446    1.23435840382186    0.0113471260489017
87.3277144999898    109.217150425396    1.22966554366131    0.0112589052073947
87.6812679999896    109.651384326495    1.22764209044659    0.011195864949513
88.0348214999893    110.086186517441    1.23336096077487    0.0112035942000722
88.3883749999891    110.523770918845    1.24114703617745    0.0112296841291164
88.7419284999888    110.962811545845    1.24116653487156    0.0111854279607791
89.0954819999886    111.400917446953    1.2368813718576    0.0111029729395772
89.4490354999883    111.837376987196    1.23212020185736    0.0110170699192849
89.8025889999881    112.272246837675    1.22822265365922    0.0109396817847157
90.1561424999878    112.706468777685    1.22947933658902    0.0109086847447433
90.5096959999876    113.142506445612    1.23760845865903    0.0109384925041761
90.8632494999873    113.581080121319    1.24190223116719    0.0109340589985645
91.2168029999871    114.019804760958    1.23920424581277    0.0108683245723036
91.5703564999868    114.457127811897    1.23461979708694    0.0107867445277498
91.9239099999865    114.89282641057    1.2301793093686    0.0107071898899288
92.2774634999863    115.327246995209    1.22807959917098    0.0106486509577567
92.631016999986    115.76208063808    1.23304382112947    0.0106515347195985
92.9845704999858    116.199462733729    1.24049435582826    0.0106755601673551
93.3381239999855    116.638337166852    1.24091784201277    0.010639022058739
93.6916774999853    117.076425474521    1.23700150809085    0.0105657608103184
94.045230999985    117.51297451225    1.23250740467216    0.0104882665917343
94.3987844999848    117.948030952665    1.22884352422762    0.0104185166492587
94.7523379999845    118.382430818676    1.22970872573681    0.0103875948249477
95.1058914999843    118.818383916811    1.23695900906857    0.0104105018793608
95.459444999984    119.256708339596    1.24129593978914    0.0104086047407448
95.8129984999838    119.695313809367    1.23911362711354    0.0103522317430657
96.1665519999835    120.132671478446    1.23486220343981    0.0102791537742618
96.5201054999833    120.568504687202    1.23070688920496    0.0102075321610553
96.873658999983    121.003136454038    1.22864985501886    0.0101538678337115
97.2272124999828    121.438051002302    1.23281637537102    0.0101518129218629
97.5807659999825    121.875228290309    1.23971915179371    0.010172035525059
97.9343194999823    122.313892395056    1.24058005774413    0.0101425932365657
98.287872999982    122.751940691573    1.23710572070077    0.0100780950079569
98.6414264999818    123.188572911359    1.23286438787206    0.0100079443956151
98.9949799999815    123.62379414625    1.22938314501111    0.0099445511562015
99.3485334999813    124.058342670375    1.22987385548327    0.00991367310742709
99.702086999981    124.49421657695    1.23637287078861    0.00993116712393148
100.055640499981    124.932322855061    1.24078017752093    0.00993161856888236
100.409193999981    125.370826391648    1.23903507692173    0.00988296171113277
100.76274749998    125.808218761843    1.23510109359783    0.00981733233133116
101.11630099998    126.244171786303    1.23113168416329    0.0097519882838414
101.46985449998    126.678957225504    1.22900341765839    0.00970171719578183
101.823407999979    127.113897388343    1.23253424803651    0.00969629814961159
102.176961499979    127.550900959852    1.23914580810668    0.00971491223332647
102.530514999979    127.989419559939    1.24037523737955    0.00969123261629195
102.884068499979    128.427456431882    1.23722668396613    0.00963366182232503
103.237621999978    128.864172700345    1.23320645244418    0.00956981623831026
103.591175499978    129.299538659306    1.22983439944915    0.00951151421111926
103.944728999978    129.734198470237    1.22994156593059    0.00948047300120911
104.298282499978    130.169983742478    1.23584327495728    0.0094940725920517
104.651835999977    130.607903291912    1.24037788765222    0.00949695888525174
105.005389499977    131.046333463747    1.23901084977575    0.00945475403261479
105.358942999977    131.483768035838    1.23534133031716    0.00939539038750734
105.712496499977    131.919839834928    1.23154795315528    0.00933557798960577
106.066049999976    132.354774901837    1.22934697926347    0.00928827071161756
106.419603499976    132.78974232218    1.23227191108718    0.00927987274873527
106.773156999976    133.226574043956    1.23857929372405    0.00929678859200718
107.126710499976    133.664945692898    1.24016524092535    0.00927816365387751
107.480263999975    134.102972859343    1.23735248129744    0.00922688330403582
107.833817499975    134.53977441221    1.23354831994332    0.00916865161497827
108.187370999975    134.975292059861    1.2303256344623    0.00911519149680116
108.540924499975    135.410089969627    1.23010781624712    0.00908431429683739
108.894477999974    135.845807979604    1.2353173579926    0.00909352578754635
109.248031499974    136.2835174377    1.23988416696856    0.00909782921867539
109.601584999974    136.721848074945    1.23894387128539    0.00906178411665603
109.955138499974    137.159317820433    1.23557996176193    0.00900835598628111
110.308691999973    137.595508287065    1.23196908429771    0.0089535559673028
110.662245499973    138.030604915447    1.2297519829554    0.00890927040208729
111.015798999973    138.465629634349    1.23209250756491    0.00889818297016046
111.369352499973    138.902293763504    1.23796913499335    0.00891251757945135
111.722905999972    139.340490070049    1.23987363558675    0.0088981575632714
112.076459499972    139.778491372185    1.23745582293199    0.00885297738431765
112.430012999972    140.215374497763    1.23387971413089    0.00879988887488635
112.783566499972    140.651031520731    1.23076124014647    0.0087504601056912
113.137119999971    141.085946594726    1.23023493081667    0.00871975530171383
113.490673499971    141.521593349109    1.23483896302331    0.00872544559314834
113.844226999971    141.959109740097    1.23943731821248    0.00873094597790644
114.197780499971    142.397356506285    1.23891615532111    0.00870041541302372
114.55133399997    142.834866027751    1.23582418018882    0.00865211845368841
114.90488749997    143.271175613137    1.2323912192411    0.00860180852126755
115.25844099997    143.706437978719    1.23018899228711    0.00856043062224728
115.61199449997    144.14154020646    1.23199580334378    0.0085471252879575
115.965547999969    144.57804814346    1.23734424354206    0.00855831337765936
116.319101499969    145.016054319895    1.23951375962445    0.00854742438992422
116.672654999969    145.454013190582    1.23752430368563    0.0085080107213278
117.026208499969    145.890972609084    1.23421251406638    0.00845982785633669
117.379761999968    146.32678971801    1.23135901587411    0.00841513039578804
117.733315499968    146.761918689009    1.2307509824446    0.00838603769587243
118.086868999968    147.197604554375    1.23451522044935    0.00838678879446927
118.440422499968    147.634896604464    1.23867673104705    0.00839013512073406
118.793975999967    148.072944802202    1.23861121659998    0.00836487190995312
119.147529499967    148.510422545681    1.2359362362552    0.00832221883871505
119.501082999967    148.946830793672    1.23285176770354    0.00827712655001939
119.854636499967    149.382342508229    1.23105709664962    0.0082409813367454
120.208189999966    149.817731491926    1.23253136263043    0.00822687241594532
120.561743499966    150.254212604951    1.23666134812339    0.00823046040895255
120.915296999966    150.691902189533    1.23860998850223    0.00821948605403072
121.268850499966    151.129628667301    1.23715513405244    0.00818605289354566
121.622403999965    151.566554507392    1.23439176857136    0.00814422266563535
121.975957499965    152.002534753412    1.23211418499848    0.00810587920127316
122.329510999965    152.438001935381    1.23179467197943    0.00808062724740771
122.683064499965    152.873916493677    1.23455369525729    0.00807563332956381
123.036617999964    153.311010785159    1.23766838626848    0.00807292561656169
123.390171499964    153.74870424677    1.23777605669444    0.00805064382661582
123.743724999964    154.186003536451    1.23576797298447    0.00801478697573428
124.097278499964    154.622472259988    1.2333352653135    0.00797642960487476
124.450831999963    155.058238584668    1.2319739751274    0.00794523390935268
124.804385499963    155.493914374591    1.23304746874679    0.00792987605789076
125.157938999963    155.930379936955    1.23605085516628    0.00792694057223511
125.511492499963    156.367761587895    1.2376850689569    0.00791521894531437
125.865045999962    156.805242271464    1.23676131794125    0.0078872447121388
126.218599499962    157.242144296901    1.23464675012997    0.00785188192167325
126.572152999962    157.67830000349    1.23279904466916    0.00781844454590055
126.925706499962    158.114029307965    1.23242495175019    0.00779453257338564
127.279259999961    158.550033364877    1.23432768846106    0.0077850988881248
127.632813499961    158.986907639601    1.23682279846509    0.00777940030929322
127.986366999961    159.424340502188    1.23726485366792    0.00776082779938446
128.339920499961    159.861565751992    1.23584717431509    0.00773073357877887
128.69347399996    160.298145467382    1.23383553775822    0.00769712920982788
129.04702749996    160.734121446185    1.23261851869128    0.00766867985217424
129.40058099996    161.16994933969    1.23316152576664    0.00765131174154291
129.75413449996    161.606314279014    1.23542956968146    0.00764468625618482
130.107687999959    162.043449758337    1.23706046879185    0.00763412819609022
130.461241499959    162.480798377142    1.23665125875727    0.00761106094448662
130.814794999959    162.917748591107    1.23499746816422    0.00758049677732673
131.168348499959    163.354071322967    1.23333492920772    0.00755007156674592
131.521901999958    163.789978189797    1.23277916501985    0.00752658482920932
131.875455499958    164.22600232622    1.23404713791076    0.00751432246069923
132.229008999958    164.662692908921    1.23618179246862    0.00750735804589556
132.582562499958    165.099939152572    1.23692374097287    0.00749196969618388
132.936115999957    165.537129266412    1.23598770094331    0.00746652854511049
133.289669499957    165.973824486556    1.23430321180069    0.00743673416949355
133.643222999957    166.409974502214    1.23309996536496    0.00741001234483423
133.996776499957    166.845908850878    1.23319963846118    0.00739124888919738
134.350329999956    167.282173999728    1.23488675275344    0.00738205825060264
134.703883499956    167.719105410519    1.23656042821067    0.00737280600909475
135.057436999956    168.156350017032    1.23658344653049    0.00735377192954799
135.410990499956    168.593354551327    1.2353475431594    0.00732737981545591
135.764543999955    169.029837831802    1.23382674159067    0.00729946119228034
136.118097499955    169.465894438152    1.2330530843804    0.00727611351221121
136.471650999955    169.901914622391    1.23372614412813    0.00726140224417188
136.825204499955    170.338419640386    1.23556671411782    0.00725359972651103
137.178757999954    170.775495455552    1.23664488519519    0.00724134854298844
137.532311499954    171.212671994529    1.23617892889826    0.0072201368888032
137.885864999954    171.649501353514    1.23482918458666    0.00719389904922307
138.239418499954    172.085838050304    1.23356690135589    0.00716832317715358
138.592971999953    172.52186832363    1.23319916996502    0.00714807451338103
138.946525499953    172.95801991799    1.23428336167596    0.0071363176004282
139.300078999953    173.39471293293    1.23596174871684    0.00712802442364498
139.653632499953    173.831841040473    1.23655253729958    0.00711349848162557
140.007185999952    174.268924856084    1.2357978296305    0.00709132641204421
140.360739499952    174.705613564477    1.23446456801221    0.00706596967793835
140.714292999952    175.141861940905    1.23344287571636    0.00704253604505208
141.067846499952    175.577904004011    1.23341309833902    0.00702487653748754
141.421399999951    176.014181987748    1.23472331665439    0.00701490813246137
141.774953499951    176.451006782486    1.23619539625281    0.00700588462936169
142.128506999951    176.888145933323    1.23639259777828    0.00698968600329122
142.482060499951    177.325135784107    1.23547305392439    0.00696727538631962
142.83561399995    177.761716237825    1.23420365731316    0.00694302284785512
143.18916749995    178.197907216495    1.23339255659772    0.00692147610408947
143.54272099995    178.633987642204    1.23368281199788    0.00690620429113912
143.89627449995    179.070396395445    1.23512323431063    0.00689741721229612
144.249827999949    179.50731648023    1.23629199597021    0.00688713986823136
144.603381499949    179.944429207491    1.23618119551997    0.00686979419682148
144.956934999949    180.381323861245    1.23517946651105    0.00684760173653666
145.310488499949    180.817813531609    1.23401689018033    0.00682464225221156
145.664041999948    181.253974760204    1.23342760764253    0.00680496860427107
146.017595499948    181.690121337505    1.23399626231817    0.00679176310321196
146.371148999948    182.12664842556    1.23540810390096    0.00678323636096505
146.724702499948    182.563620816578    1.23628916517841    0.00677182649888673
147.078255999947    183.000689937564    1.23596931435992    0.00675390521632244
147.431809499947    183.437498996076    1.23493415716447    0.00673217942854138
147.785362999947    183.873918042488    1.23389036281318    0.00671052412407978
148.138916499947    184.310071672785    1.23352515734272    0.00669266278368477
148.492469999946    184.746290823241    1.23428622678903    0.0066809797441073
148.846023499946    185.182916599944    1.23562419063568    0.00667245236937833
149.199576999946    185.619919437101    1.23624073065952    0.00666006501030959
149.553130499945    186.056937664299    1.23576225571584    0.00664184991556462
149.906683999945    186.49366842139    1.23471634056209    0.00662068772100185
150.260237499945    186.930031246297    1.23381512665388    0.00660041149315495
150.613790999945    187.366192839502    1.23365943406318    0.00658421572946157
150.967344499944    187.802489500775    1.23455857305254    0.00657370717680205
151.320897999944    188.239200430322    1.23578675128686    0.0065649808778501
151.674451499944    188.676216289656    1.23615691980701    0.00655173685436463
152.028004999944    189.113178343286    1.23555272376281    0.00653340361886352
152.381558499943    189.549834833592    1.2345294587079    0.0065129545472393
152.735111999943    189.986155374426    1.2337690964532    0.00649399475462664
153.088665499943    190.422336413575    1.23381937937214    0.00647938368266017
153.442218999943    190.858712775609    1.23481470870562    0.00646978432762137
153.795772499942    191.295494034663    1.23589476138422    0.00646065798685394
154.149325999942    191.732506851424    1.23604584239042    0.00644672029114106
154.502879499942    192.169410466905    1.23535809860819    0.00642848461472976
154.856432999942    192.606003058226    1.23438623980886    0.00640886691073533
155.209986499941    193.042298848909    1.233777029105    0.00639122636055351
155.563539999941    193.478512231506    1.23398782336443    0.00637790630665958
155.917093499941    193.914962225577    1.23502881567512    0.00636891966200334
156.270646999941    194.351794410864    1.23594337940939    0.00635931035859942
156.62420049994    194.788791484995    1.23592531897326    0.00634495090580437
156.97775399994    195.225640717804    1.2351901950888    0.00632698753374433
157.33130749994    195.662182215142    1.23428296094918    0.00630823466740245
157.68486099994    196.098464437027    1.23380350687711    0.0062917550650853
158.038414499939    196.534712969186    1.23414407068245    0.00627952208562743
158.391967999939    196.971225810045    1.23519646278638    0.00627094875257351
158.745521499939    197.408093593405    1.23596204537851    0.00626094919858846
159.099074999939    197.845070644311    1.23580789576129    0.00624634160323884
159.452628499938    198.281870985579    1.23505024195541    0.00622876027856946
159.806181999938    198.718373346731    1.23422127396821    0.00621090668760004
160.159735499938    199.15465223501    1.23384915124606    0.00619543223017491
160.513288999938    199.590937930741    1.23430067779117    0.00618415189881759
160.866842499937    200.027509547473    1.2353426742708    0.00617586389524894
161.220395999937    200.4644028704    1.23595337099599    0.00616545059022291
161.573949499937    200.901354276924    1.23569146702436    0.00615073736795761
161.927502999937    201.338108324105    1.23491862458237    0.00613355630914368
162.281056499936    201.774575145493    1.23416100130496    0.0061165337625667
162.634609999936    202.210850703743    1.23390428548847    0.00610206762492805
162.988163499936    202.647177966691    1.23447105832411    0.00609172587899063
163.341716999936    203.08380891031    1.23547311079058    0.00608356282768073
163.695270499935    203.520720796394    1.23592462836287    0.00607272135990179
164.048823999935    203.957642319478    1.23556848631737    0.00605796611622906
164.402377499935    204.394351539272    1.23479898500884    0.00604125787092308
164.755930999935    204.830788090782    1.23411904353541    0.00602506612916237
165.109484499934    205.267068601796    1.233983526709    0.006011600083318
165.463037999934    205.703441076068    1.2346329739977    0.00600200447566229
165.816591499934    206.14012109315    1.23556336753065    0.00599380344291313
166.170144999934    206.577039346267    1.23587895805677    0.00598265403535565
166.523698499933    207.013931457563    1.23546185393835    0.00596801309573513
166.877251999933    207.450602596653    1.23470412404249    0.00595179820442911
167.230805499933    207.887016559299    1.2340930037972    0.00593636401263749
167.584358999933    208.323306141702    1.23406133143031    0.00592377950545244
167.937912499932    208.759719894925    1.23476843764702    0.00591478297761904
168.291465999932    209.196438980498    1.23562627471021    0.00590653588909991
168.645019499932    209.633358144096    1.23582744128001    0.00589518506129421
168.998572999932    210.070223135557    1.23537269815062    0.00588076063190278
169.352126499931    210.506864281879    1.23463067759765    0.00586503761675163
169.705679999931    210.943264387798    1.23409428029708    0.00585036115696174
170.059233499931    211.379569108919    1.23414466765888    0.00583852390683489
170.412786999931    211.816020203615    1.2348789094503    0.00582995992589812
170.76634049993    212.252765661586    1.23565578913161    0.00582162397403917
171.11989399993    212.689680767802    1.23578032555729    0.0058102505071998
171.47344749993    213.126522224352    1.23529488646855    0.00579606364133407
171.82700099993    213.563138063749    1.23457641246045    0.00578084974613889
172.180554499929    213.999531650829    1.23411124809907    0.00576688761222476
172.534107999929    214.435855767434    1.23423168294199    0.00575571505299269
172.887661499929    214.872341158286    1.23497140829604    0.00574746568887752
173.241214999929    215.309108351987    1.23567629120588    0.00573908043493356
173.594768499928    215.746015428745    1.23572415034969    0.00572768005885985
173.948321999928    216.182831302689    1.23521414363856    0.0057137476468197
174.301875499928    216.61942186586    1.23452772493803    0.00569906296630457
174.655428999928    217.055810890775    1.23413498833271    0.00568579566364955
175.008982499927    217.492157558866    1.23432759093792    0.00567527401811643
175.362535999927    217.928681274325    1.23507211886691    0.00566732250039278
175.716089499927    218.365470066079    1.23569016623384    0.00565881668864548
176.069642999927    218.802366184379    1.23565637401855    0.00564736294020376
176.423196499926    219.239151631292    1.23512036784445    0.00563366697350494
176.776749999926    219.675715404621    1.23447774789609    0.00561954581835461
177.130303499926    220.112099912942    1.23416331096351    0.00560697622462209
177.483856999926    220.548471685363    1.23443367910707    0.00559710828950166
177.837410499925    220.985036600489    1.2351788424278    0.00558942298279153
178.190963999925    221.42184699423    1.23569697846251    0.00558073647761918
178.544517499925    221.858729043474    1.23558048597088    0.005569221870593
178.898070999925    222.295482242218    1.23502632890457    0.00555578690330225
179.251624499924    222.73201965555    1.23443253796025    0.00554223205028748
179.605177999924    223.168401389958    1.23419673244654    0.00553033818748356
179.958731499924    223.604800919346    1.23455194683524    0.00552113345401979
180.312284999924    224.041408351059    1.23528013900594    0.00551362423624088
180.665838499923    224.478236619871    1.2356919638374    0.00550472946707037
181.019391999923    224.915101249283    1.23549723691409    0.00549317155696333
181.372945499923    225.351822740055    1.23493746450542    0.0054800420493156
181.726498999923    225.788336416292    1.23439632039722    0.00546705086715075
182.080052499922    226.224719117496    1.23424134754031    0.00545582000214255
182.433605999922    226.661147923017    1.23466271243504    0.00544717400290578
182.787159499922    227.097793035556    1.2353599974556    0.00543977103847145
183.140712999922    227.534632397483    1.23567493689258    0.0054307114652066
183.494266499921    227.971479116407    1.23542332679659    0.00541920125967055
183.847819999921    228.408172699617    1.23486381473557    0.00540639067394298
184.201373499921    228.84466898639    1.23438095482219    0.00539396858266164
184.554926999921    229.281058806338    1.23430165484318    0.00538335639790344
184.90848049992    229.717518379244    1.23476855216853    0.00537516059236732
185.26203399992    230.154194745072    1.23541721925    0.00536778058995793
185.61558749992    230.591038480966    1.23564481928513    0.00535859861434783
185.96914099992    231.027864751521    1.23534977995699    0.00534718953181535
186.322694499919    231.464532717983    1.23480364476666    0.00533474234806917
186.676247999919    231.901016994886    1.23437673057193    0.00532286035899167
187.029801499919    232.33741730159    1.23436499630183    0.00531281190364419
187.383354999919    232.773906900107    1.23486155178511    0.00530498271146449
187.736908499918    233.210608675556    1.23545749465807    0.00529760417707605
188.090461999918    233.647452312374    1.23560857433031    0.00528834601919121
188.444015499918    234.084259019713    1.23528229081518    0.00527708396962802
188.797568999918    234.520904741572    1.23475014207473    0.005264989675165
189.151122499917    234.957380882648    1.23438285400616    0.00525364578618064
189.504675999917    235.393795046148    1.23443558124979    0.00524412965519241
189.858229499917    235.830315566759    1.23495332451823    0.00523661820809735
190.211782999917    236.267040656941    1.23548779096608    0.00522920077015737
190.565336499916    236.703881085947    1.23556592825474    0.00521988031031106
190.918889999916    237.140666099086    1.23520975750027    0.00520876397042823
191.272443499916    237.577288291408    1.23470015541434    0.00519704625090204
191.625996999916    238.013755750573    1.23438934344699    0.00518621009762383
191.979550499915    238.450184976126    1.2345114505799    0.00517722999755063
192.333103999915    238.886738072923    1.2350462587873    0.00517000763102341
192.686657499915    239.323486174906    1.235514127046    0.00516252770170266
193.040210999915    239.760322037749    1.23551925969699    0.00515314314393714
193.393764499914    240.197083847878    1.23513689186365    0.00514218104598591
193.747317999914    240.63368275909    1.2346518402887    0.00513083549290465
194.100871499914    241.070145201564    1.2344085378831    0.00512053675021013
194.454424999913    241.506593603959    1.23459570654168    0.00511205796959011
194.807978499913    241.943180563712    1.23513393220873    0.00510505784594113
195.161531999913    242.379947594801    1.23552587496187    0.00509747562544806
195.515085499913    242.816773908484    1.23546125211397    0.00508803915078622
195.868638999912    243.253511274247    1.2350611292484    0.00507725920492872
196.222192499912    243.690088660873    1.23461561529105    0.00506633495878113
196.575745999912    244.126548731285    1.23443465684303    0.00505653589606838
196.929299499912    244.563018652993    1.23468563963843    0.00504853778154539
197.282852999911    244.999637338533    1.23521251472734    0.00504169119654884
197.636406499911    245.436418938523    1.23552780599775    0.0050340035571788
197.989959999911    245.873234029763    1.23540443059858    0.00502455842936136
198.343513499911    246.309947914344    1.23499479201531    0.00501398665572689
198.69706699991    246.746507895013    1.23459048638965    0.00500347703771741
199.05062049991    247.182969663913    1.23447183511845    0.00499416216577106
199.40417399991    247.619462286871    1.23476899776096    0.00498655875575104
199.75772749991    248.056109362494    1.23527211003085    0.00497980925850004
200.111280999909    248.492900295511    1.23551826057253    0.00497204652166415
200.464834499909    248.929702689307    1.23534909480773    0.00496264239044866
200.818387999909    249.366395694293    1.23493964162439    0.00495230978571123
201.171941499909    249.802942964277    1.23457781385962    0.00494220684195929
201.525494999908    250.239408902457    1.23451182443658    0.00493332297199354
201.879048499908    250.675922899544    1.23484176611971    0.0049260485484063
202.232601999908    251.112592736782    1.23531904239678    0.00491938309000559
202.586155499908    251.549389466785    1.23550578511755    0.00491158331863368
202.939708999907    251.986180346842    1.23530268859234    0.00490226363561697
203.293262499907    252.422856245405    1.23489603506711    0.00489217202211891
203.646815999907    252.859394024222    1.23457093537139    0.0048824404572176
204.000369499907    253.295866181812    1.23455294807162    0.00487395616312774
204.353922999906    253.732401216495    1.23491112930786    0.0048669823932111
204.707476499906    254.169092204546    1.23535889943497    0.00486038207368186
205.061029999906    254.605892736032    1.2354876939196    0.00485254948596388
205.414583499906    255.042670693854    1.23525356802318    0.00484332117705097
205.768136999905    255.479329205479    1.23485333850529    0.00483347651782862
206.121690499905    255.915858153831    1.23456837524596    0.00482411830260185
206.475243999905    256.352338836467    1.23460488605137    0.00481604689723138
206.828797499905    256.788898753158    1.23498987223095    0.00480935849730054
207.182350999904    257.225611055626    1.23539131649289    0.00480275393815951
207.535904499904    257.662411834344    1.23545954334525    0.00479487688774547
207.889457999904    258.099173554854    1.23519760275442    0.00478574799656189
208.243011499904    258.535813259039    1.23481016295626    0.00477616678088249
208.596564999903    258.972335229433    1.23457353740321    0.00476720239754359
208.950118499903    259.408827182303    1.23466143383808    0.00475951974051524
209.303671999903    259.845411136185    1.23505874633204    0.00475305198168284
209.657225499903    260.282140631123    1.23541345603443    0.00474643958682237
210.010778999902    260.718939265866    1.23543105818306    0.00473855509562057
210.364332499902    261.155686545667    1.23514994955911    0.00472955410581542
210.717885999902    261.592311632885    1.23478144171231    0.00472025127193028
211.071439499902    262.028830954073    1.23458838656699    0.00471165093578342
211.424992999901    262.465336536312    1.23471873911717    0.00470431164515451
211.778546499901    262.901942131689    1.23511473874309    0.0046980053807454
