#t    <|E|>    <|B|>    <|E|^2>    <|B|^2>    rms(|E|)    rms(|B|)
0    10.169796699944    0    122.251907013592    0    4.33902547761584    0
0.3535535    10.0783897335704    9.9841216801373e-07    120.06923936812    1.47793362512993e-12    4.30061620542721    6.93618604055607e-07
0.707106999999999    7.56109121508176    1.11509799776151e-06    67.5451698776396    1.87075372706679e-12    3.22103547246116    7.92029155053692e-07
1.0606605    6.29400521093782    9.58822384346811e-07    46.6283094404819    1.25038841459491e-12    2.6483594629826    5.75367751851292e-07
1.414214    3.94184308631303    1.25596376634063e-06    18.3230238195383    2.11762190271536e-12    1.66880103739916    7.34967292030622e-07
1.76776750000001    3.39590734942344    1.39480449657893e-06    13.5657178493317    2.39852909133489e-12    1.42601932787167    6.73089524252224e-07
2.121321    6.19586852050516    1.34871334390976e-06    45.0982244582521    2.31061308381544e-12    2.59025823710018    7.0113151389392e-07
2.4748745    8.93148196391259    1.43887750876767e-06    94.0043197396292    2.78798155300867e-12    3.77265817003521    8.47120456470751e-07
2.82842799999999    8.8522471622373    1.09464086429765e-06    92.3059459709514    1.5035133954113e-12    3.73412187128556    5.52516763203616e-07
3.18198149999998    6.03783379494504    1.13105312122339e-06    43.0170300040454    1.58204357147392e-12    2.56156067050247    5.5023850141984e-07
3.53553499999997    5.03883916975419    1.74602516891247e-06    29.8792380632287    3.84378627418208e-12    2.11880576848836    8.91729994844993e-07
3.88908849999997    3.19751423923636    2.61434795912972e-06    11.9155999445122    8.3896066681695e-12    1.30057780789652    1.24691275427104e-06
4.24264199999997    5.17681237821978    2.37676907348e-06    31.5483235753471    7.00745909858678e-12    2.17920562959478    1.16551613885687e-06
4.59619549999999    10.0587776897003    2.21213306015625e-06    118.569394074943    6.30799777834097e-12    4.17017810940129    1.18931286989787e-06
4.949749    8.73890405984526    1.69181173585434e-06    89.8014461493923    3.49743124286279e-12    3.66510599876899    7.96997047226858e-07
5.30330250000002    7.89570403239253    1.6312132479008e-06    73.3178756264954    3.21073952708648e-12    3.31296445187022    7.41540873424651e-07
5.65685600000003    7.66079275845407    1.9888040861222e-06    68.6252358955371    4.70992460808488e-12    3.15237850004639    8.68667321308049e-07
6.01040950000005    5.45748069386466    3.14594201626463e-06    34.7894253888542    1.20432924439464e-11    2.23725945409751    1.46503968350597e-06
6.36396300000006    4.10451149347051    4.39621266011849e-06    19.7341115502354    2.316659226675e-11    1.6991459472935    1.95956794058382e-06
6.71751650000007    12.1562679118015    3.31927292649091e-06    172.753376755021    1.34869868340088e-11    4.99785225987386    1.57143694543349e-06
7.07107000000009    8.70305083361856    2.73715358721737e-06    88.9224722880301    9.11625283317891e-12    3.63034137175574    1.27445795268499e-06
7.4246235000001    8.19495511795327    2.5356344263556e-06    79.016820665304    7.70126270830801e-12    3.44376701883788    1.12775031110096e-06
7.77817700000012    7.50231000470983    2.84091674764075e-06    66.1918142793758    9.67029254502105e-12    3.14756395846163    1.26470730922035e-06
8.13173050000013    7.17997196729684    3.84230060010717e-06    60.3625795358967    1.78914580776842e-11    2.96826246897545    1.7686673446695e-06
8.48528400000015    6.42887656008877    5.71446545834684e-06    48.5927679417207    3.88289720416019e-11    2.69486810750766    2.48472464610523e-06
8.83883750000016    5.46399721393689    6.15061338514497e-06    34.9801596957893    4.53619382341091e-11    2.26382290426598    2.74442948908961e-06
9.19239100000018    14.197997519062    4.75080367655016e-06    235.582661963399    2.82937589036008e-11    5.83091145637697    2.39240952399004e-06
9.54594450000019    8.15559492127681    4.19669595141442e-06    78.3586294532765    2.10955033419722e-11    3.44164218554463    1.86634574325175e-06
9.89949800000021    9.04496417190654    4.30666328415318e-06    96.3295370024132    2.22688108834319e-11    3.81027034885195    1.92910918310987e-06
10.2530515000002    18.5548109491337    4.24853959891919e-06    405.406229671552    2.1546185275149e-11    7.81826197523837    1.86978516187411e-06
10.6066050000002    11.9607372214617    6.65066188880177e-06    168.396178372699    5.36835643819369e-11    5.03358157695287    3.07445293064905e-06
10.9601585000002    9.38955259346361    1.12839304341743e-05    103.771636071999    1.51473751190528e-10    3.95068831554452    4.91392563509499e-06
11.3137120000003    26.8504071361537    7.3231451084391e-06    848.303013363571    6.72570404029484e-11    11.2853289711182    3.69169149898699e-06
11.6672655000003    9.02810758692759    7.23301985764702e-06    95.8529962166402    6.23086647605127e-11    3.78764697609224    3.16102649457365e-06
12.0208190000003    14.5203369653106    7.09631461053049e-06    246.968185024128    6.01743986467178e-11    6.01065715525027    3.13316415067729e-06
12.3743725000003    22.8012707543673    6.91463277068665e-06    609.559610911383    5.67872720657847e-11    9.46898425901196    2.99585141693158e-06
12.7279260000003    9.5145591848756    9.66456161460722e-06    105.925799491464    1.12234931590719e-10    3.92415124695308    4.33949079825958e-06
13.0814795000003    14.8043552224087    1.37535294284287e-05    257.244697919824    2.2429794212519e-10    6.1705562446643    5.92776267967385e-06
13.4350330000004    4.96710427596525    1.84936081639757e-05    28.8100070694985    4.07345067521322e-10    2.03417850278342    8.08279188143884e-06
13.7885865000004    16.0864452084494    1.2880730507553e-05    303.934840412583    1.99567422490901e-10    6.72020244993696    5.80122436065823e-06
14.1421400000004    27.5560830092692    1.21675561855417e-05    887.780168217725    1.76113701952748e-10    11.3332456694449    5.29757288052121e-06
14.4956935000004    30.4851288064617    1.18203924129056e-05    1086.50903153283    1.6597749591773e-10    12.5365845901613    5.12404323973307e-06
14.8492470000004    41.5876804171377    9.17037377733811e-06    2030.94060845664    1.00548978605182e-10    17.3610323995626    4.05625731297851e-06
15.2028005000004    25.9764321327764    1.49085112450969e-05    792.304246753515    2.74204514414731e-10    10.8410894473192    7.20699707711553e-06
15.5563540000004    21.5404013425931    3.24863227514468e-05    543.432839135279    1.25629496792018e-09    8.91313351943608    1.41751120633669e-05
15.9099075000005    55.014368408153    1.64511358870985e-05    3552.91501737273    3.43740453413268e-10    22.9419765064989    8.54988780262576e-06
16.2634610000004    34.7287414181543    2.19192521044414e-05    1410.54519785148    5.73908349518979e-10    14.2989411273162    9.66719901010215e-06
16.6170145000003    52.4647647383346    1.98277333494727e-05    3220.55054354294    4.69437190271023e-10    21.6332846441345    8.73488296963578e-06
16.9705680000003    62.369282658994    1.68506107609457e-05    4554.64107019799    3.36208046304804e-10    25.7820412458071    7.22945110557549e-06
17.3241215000002    15.3505641173927    2.894828560224e-05    278.183213215906    9.98377790510055e-10    6.52252976181186    1.26639074223242e-05
17.6776750000001    32.6808442872707    3.58367590628483e-05    1250.92822572041    1.51733532877373e-09    13.5237066809204    1.52663692030912e-05
18.0312285    7.66900388426432    6.17265694388092e-05    69.4401913560261    4.54928456508903e-09    3.25984214022166    2.7186673029352e-05
18.384782    14.2293519256585    4.27231532046512e-05    238.230361052376    2.1850829344224e-09    5.97962413769745    1.89687931791746e-05
18.7383354999999    85.5611947479227    3.35495770461088e-05    8573.18517405463    1.34507694734057e-09    35.3902123102232    1.48156278087626e-05
19.0918889999998    89.4405611361077    3.12053392864037e-05    9368.50410882786    1.15832730749299e-09    36.9985152740761    1.35850692862946e-05
19.4454424999997    83.9563607037278    2.2415663539394e-05    8266.7185572705    6.05517365137673e-10    34.9005451913871    1.01516202266612e-05
19.7989959999997    54.2802713466196    3.44472011531986e-05    3455.52279159682    1.44965352565006e-09    22.5649049218951    1.62186268950591e-05
20.1525494999996    46.5986015432385    9.9232778574199e-05    2543.52452065243    1.17713014804599e-08    19.2897603631283    4.38652155688754e-05
20.5061029999995    106.391798447799    4.17362976833138e-05    13273.8800304051    2.14394931222523e-09    44.2115963684658    2.00507049231455e-05
20.8596564999994    106.118314117202    6.38396026617603e-05    13189.1853563005    4.87753074443314e-09    43.910007574849    2.83202379301749e-05
21.2132099999994    142.7156373616    4.90008544795843e-05    23860.5474956937    2.86855071404248e-09    59.0998675816275    2.16209845824163e-05
21.5667634999993    145.599575840952    3.57645559173454e-05    24840.5371114456    1.52387705448772e-09    60.3431903894745    1.56452419132079e-05
21.9203169999992    37.1116489513501    9.30167689522258e-05    1621.93677616324    1.03077680863361e-08    15.6416843170738    4.06896642898945e-05
22.2738704999991    69.9617336045904    9.71844429346346e-05    5733.70849420769    1.11986662413387e-08    28.9666070717303    4.18789958430647e-05
22.6274239999991    25.5146355179993    0.000211815750862839    762.492349962017    5.3411621826915e-08    10.5591535809299    9.24430068384112e-05
22.980977499999    45.3003285115974    0.000148483386402375    2405.87935558339    2.62490395696431e-08    18.8084978752887    6.48207029592107e-05
23.3345309999989    213.355503887685    8.20357344090281e-05    53327.5946150205    7.94745275384983e-09    88.3573628842131    3.48939971029579e-05
23.6880844999988    218.104461388621    7.15111965459623e-05    55725.6302096972    6.00717960059146e-09    90.3109856666206    2.98885993174019e-05
24.0416379999988    157.401407752671    7.71650574569502e-05    29066.3036139253    7.09899187913959e-09    65.5064916737458    3.38311363510771e-05
24.3951914999987    110.666081779277    9.25495836382614e-05    14365.8847355499    1.02254547893255e-08    46.0315443926468    4.07434578516599e-05
24.7487449999986    97.8344053050843    0.00032181867675943    11209.2150984759    1.23086602554107e-07    40.4678173006203    0.000139711638179919
25.1022984999985    198.254710431491    0.000146106853923384    46084.873964641    2.55105945084426e-08    82.340413870509    6.4524272526341e-05
25.4558519999985    268.141139775954    0.000180114138335348    84201.954195296    3.86331159091695e-08    110.9156587455    7.86893454089227e-05
25.8094054999984    330.922512725485    0.000108007574897945    128285.662170409    1.38304793149289e-08    137.02537262077    4.65278742217357e-05
26.1629589999983    309.392013926344    6.73538158691027e-05    112166.51136892    5.38014470444814e-09    128.230624608636    2.90449340216008e-05
26.5165124999982    101.767519468596    0.000308712900435658    12136.838479016    1.13623773882436e-07    42.192540338607    0.000135351834073426
26.8700659999982    148.036107628307    0.000281785141976246    25664.6237259028    9.37732774200513e-08    61.236709285879    0.000119876649859253
27.2236194999981    72.9677623042686    0.000746783952366999    6228.36615821987    6.64763267861608e-07    30.0677871238911    0.00032722621586409
27.577172999998    164.178451204677    0.000513258220969461    31534.5813154688    3.13735167179401e-07    67.6758263747277    0.000224279213897912
27.9307264999979    471.321989886859    0.000163440568255973    260247.684863785    3.14941007707829e-08    195.200580718596    6.91468106202133e-05
28.2842799999979    475.763278800087    0.000127918883947677    265185.893713745    1.92094769966213e-08    197.066476751212    5.33501277055842e-05
28.6378334999978    275.239574393555    0.000327150159869618    88958.6113627255    1.2841770736744e-07    114.899034157733    0.000146254846978564
28.9913869999977    221.747336044256    0.000322308662592307    57713.2503161941    1.24544174896417e-07    92.4195286369169    0.000143740394163839
29.3449404999977    202.689971114793    0.00106488919653398    48105.4881190881    1.34897046726795e-06    83.7989482545729    0.000463660939020274
29.6984939999976    359.001982414973    0.000630569835929556    151119.100712314    4.76503497657356e-07    149.119674538384    0.000280865055984414
30.0520474999975    611.2632698365    0.000445531740583586    437654.025149792    2.35438956871679e-07    253.004427033563    0.000192198920403416
30.4056009999974    691.840883478772    0.000174703419257055    560900.210521097    3.66467822420101e-08    286.80376996896    7.82655578265667e-05
30.7591544999974    611.362616864802    0.00021475667896461    438191.426247983    5.47694779792765e-08    253.825091250263    9.30002517166912e-05
31.1127079999973    270.966012629057    0.0010225702392498    85946.1536466868    1.24759942036784e-06    111.908773769516    0.000449387946176188
31.4662614999972    312.323354347045    0.000835793198839647    114254.821401876    8.24019788733371e-07    129.263079536602    0.00035421676626998
31.8198149999971    185.494726426721    0.00263366242312777    40267.7474211808    8.26205842236976e-06    76.5470697614014    0.00115146891550511
32.1733684999971    469.578430950588    0.00172031261205855    258079.165500474    3.51752100850122e-06    193.843397324896    0.000747024447587565
32.5269219999972    955.523834065009    0.00027923730989833    1070165.02304214    9.36566501291373e-08    396.407903018907    0.000125232483365464
32.8804754999974    952.171306326647    0.000299994177592905    1062877.04786005    1.07156262297175e-07    395.280724635359    0.000130995250706014
33.2340289999975    440.027324217831    0.00138410849000708    227853.466364187    2.29406104368238e-06    185.011946386937    0.000615064819000972
33.5875824999976    437.09042448034    0.00127354371422972    224490.453447412    1.94463500604812e-06    182.872672302364    0.000568085745283313
33.9411359999977    417.98559166502    0.00356703200134106    204603.400105042    1.50865260468224e-05    172.891426234746    0.00153714304741985
34.2946894999978    632.231829671862    0.0027026974571502    468920.128982628    8.72446850820728e-06    263.064711682122    0.00119159345555484
34.6482429999979    1300.649145395    0.000891194167477696    1982448.31192599    9.35856472842164e-07    539.221765611559    0.000376336855351558
35.001796499998    1324.22322602894    0.000757970392439812    2056609.34476247    6.8390682502731e-07    550.492681520812    0.000330738127847316
35.3553499999981    1122.76136184089    0.00132617144478293    1479543.13493951    2.10334089855138e-06    467.920996853839    0.000587035090598282
35.7089034999982    689.948711306002    0.00332066589592687    556976.463876396    1.30951363803492e-05    284.512283818439    0.00143816354702009
36.0624569999983    659.479485959966    0.00250342845249701    509607.005232182    7.36270389994585e-06    273.301688304629    0.00104668518818903
36.4160104999984    441.776076789585    0.00929677110651869    228495.137860067    0.000102783244722433    182.56241627583    0.00404392033989696
36.7695639999985    1191.49512540115    0.00557717967517427    1662404.89275088    3.69082837320298e-05    492.690835003229    0.00240901444637694
37.1231174999986    1792.35364005848    0.00169048402262844    3768701.55443846    3.42430128694156e-06    745.768049334088    0.000752705158863371
37.4766709999987    1749.02752730675    0.00214338429930102    3590369.56350043    5.50699962359803e-06    728.884265314925    0.000955459768440263
37.8302244999988    613.181120470764    0.00555584653827776    443326.92494854    3.68420448898663e-05    259.491499758197    0.00244430238165685
38.1837779999989    845.406483912156    0.00512012467134132    840970.393064588    3.13851169821746e-05    355.328397435209    0.00227364032601829
38.537331499999    861.846267411415    0.0119988948220768    870117.652646476    0.000170606216793727    356.845434320642    0.00516069179882566
38.8908849999991    1078.63953534002    0.0112125250114809    1365955.43149032    0.00014998004906412    449.991315795965    0.00492537632379869
39.2444384999992    2617.65865889314    0.00145135716010334    8035651.58713584    2.48334454829e-06    1087.89463306774    0.000613927473002115
39.5979919999993    2301.8513229533    0.00511094982929527    6222442.32265982    3.12131853308476e-05    961.209035370534    0.00225640802455457
39.9515454999994    1880.16621744997    0.0068981777104693    4156407.60248486    5.68605608544264e-05    788.278248618303    0.00304560423056098
40.3050989999995    1689.13469187766    0.0104415306941268    3339454.94912588    0.000129195518441665    697.337036031545    0.00449109732752162
40.6586524999996    1394.99160146729    0.0073970043673342    2281606.26963308    6.41320292881505e-05    579.313992122406    0.00306860810104341
41.0122059999997    1011.04947150639    0.0327695834623125    1197430.59598675    0.00127490596842233    418.580413007352    0.0141795757386765
41.3657594999998    2816.35321335894    0.0173370609452066    9294327.90671851    0.000355773915715045    1167.25425007634    0.00742968596222196
41.7193129999999    3080.57751226008    0.0105435427293273    11147592.1205135    0.00013292628095294    1287.49148015471    0.00466476019402825
42.0728665    2885.94242416295    0.0120917966187554    9792400.41061765    0.00017468366111097    1209.84988119772    0.00533592687746236
42.4264200000001    732.473303030434    0.0212494832526805    630167.274170861    0.000537186884020533    306.023094747025    0.00925453108021049
42.7799735000002    1595.97812295793    0.0203834226822532    3001541.88727842    0.000496467015837221    674.08880595816    0.00899906081732012
43.1335270000003    1781.01824339848    0.040459751492864    3717518.52457712    0.00193503589560936    738.574668709194    0.017263962602631
43.4870805000005    1766.5616009958    0.0451178818112917    3667730.0775657    0.00242388753352552    739.58784971959    0.0197044227113567
43.8406340000006    4998.31484177678    0.0103550119215444    29326700.9910283    0.000128077015870328    2084.11845476747    0.00456626148780391
44.1941875000007    3502.36496893018    0.0262664226507263    14434730.8409472    0.000822698123968199    1472.47087080114    0.0115227238577347
44.5477410000008    2730.15868838466    0.0310537180779524    8785997.36330705    0.00114903956930089    1154.22307183006    0.0135906645472524
44.9012945000009    3998.41175989983    0.0314853236954665    18726500.3302019    0.00117097898737318    1655.05399564382    0.0134034838443173
45.254848000001    2955.07367822076    0.0213698860004149    10246506.3733112    0.000534812392635474    1230.46573686475    0.00883970389576184
45.6084015000011    2253.52658840328    0.115296765287923    5952538.82947993    0.0157540790148923    934.963499201663    0.0496057953170186
45.9619550000012    6343.69877776221    0.0510462745271156    47192734.75759    0.00307546261866336    2636.32709931986    0.0216734970774378
46.3155085000013    4688.21568814571    0.0522323631030157    25866737.2441917    0.00325118897331779    1971.64167779445    0.0228685202405515
46.6690620000014    4019.60517656727    0.0563111105001584    19044796.4806014    0.00377574807422559    1699.28535129184    0.0245928222956321
47.0226155000015    1649.30125504184    0.0775865126562326    3209819.45563355    0.00714325151568397    699.731967078077    0.0335199130298428
47.3761690000016    2916.42726088217    0.0798566035030418    10035979.0279138    0.00760368887019019    1237.10592105006    0.0350230173906842
47.7297225000017    3693.7898538734    0.136359640290893    15999795.9082684    0.0219460267409221    1534.83302795134    0.0578971090872459
48.0832760000018    2729.26522070666    0.177374723685776    8765697.85386727    0.0373768082458902    1147.52307554502    0.0769091388801421
48.4368295000019    9015.26087136648    0.0661981802979558    95516322.8377027    0.00523165232590436    3773.7771872371    0.0291453813003654
48.790383000002    4183.48129406373    0.115679904286365    20647110.878638    0.0159023448246681    1773.58257232555    0.050204626967695
49.1439365000021    3041.57406104057    0.126992277960112    10891656.5344934    0.0191548429766293    1280.81371233234    0.0550254878681769
49.4974900000022    9182.44752409434    0.0896164599074366    98868319.7989267    0.00946498878259265    3814.57432306416    0.0378665934070053
49.8510435000023    6262.7418710219    0.0609914830506797    46065002.8735925    0.00438899815745987    2615.92567374184    0.0258657525067127
50.2045970000024    4930.23849190459    0.405301922875387    28512186.8310477    0.194336590408522    2050.59387592718    0.173398217182404
50.5581505000025    13779.5523568255    0.139186775757289    222870426.740005    0.022791935703386    5744.07203867697    0.0584720202975429
50.9117040000026    5732.76684022634    0.227637221023451    38768214.8187677    0.0615348131272822    2429.73232566244    0.0985703237896823
51.2652575000027    3973.30508506468    0.233536189675573    18569435.2748948    0.0647182353500735    1668.01737877455    0.100891443947881
51.6188110000028    6182.68362566882    0.270931850113655    44765053.3034755    0.0868805087784415    2557.24001383564    0.116088075927003
51.9723645000029    5094.46799111965    0.308782366259843    30637488.6278357    0.113405222824054    2164.22838796948    0.134382562525897
52.325918000003    7694.61139167538    0.46072089252984    69478754.3812702    0.250303918667493    3204.95084398647    0.195038913691603
52.6794715000031    3838.87433128978    0.685893099109748    17367275.7755615    0.557703082084714    1621.82602153435    0.295387438254133
53.0330250000032    15147.7349081794    0.336681089612731    270022173.905691    0.13485120491551    6369.32500797488    0.146618719175602
53.3865785000033    3349.73141672369    0.461820341693046    13183413.5055308    0.252721019052415    1400.96857257583    0.198602595780955
53.7401320000034    4038.59575117928    0.483394806975481    19276731.2447938    0.276786058900446    1722.34595925165    0.207642768931603
54.0936855000036    20488.9665975459    0.243807486238981    492859245.082495    0.071075748461792    8547.6015844881    0.10785943684083
54.4472390000037    13261.0957698387    0.201626989516321    206748129.125688    0.0515459526380104    5558.00936566799    0.104367187068521
54.8007925000038    10640.6680223498    1.43122263361029    132918077.952467    2.42117716799222    4437.82176192443    0.610556255421118
55.1543460000039    29060.3861602394    0.343862475907744    992205914.599269    0.13938555391255    12153.183567158    0.145410287033436
55.507899500004    4480.51543576325    0.914462949432308    23518821.3078326    0.990539605586432    1855.74856532878    0.392806720540773
55.8614530000041    6664.00895846808    0.892286063001334    52332756.4579744    0.942456057088486    2814.9140412154    0.382467827224809
56.2150065000042    19401.360531457    0.911300141107645    441050598.294848    0.9819260617818    8039.76416465505    0.389176199939034
56.5685600000043    8353.81879267493    1.19370815779202    82215577.4437939    1.69403588719234    3525.51968125908    0.518745333678409
56.9221135000044    16106.2320225978    1.5893871036117    304660316.211259    2.98820675296584    6726.78275593195    0.679746561476153
57.2756670000045    4530.59776016776    2.64114360032068    24195579.1758708    8.2612068559903    1915.5320700614    1.13382861953445
57.6292205000046    22950.2732813167    1.53545671096883    620767187.403427    2.79861678457254    9698.04844885344    0.664070382800902
57.9827740000047    15168.6470644614    1.72214510687348    269644557.842358    3.50816808180528    6289.41206124746    0.736467455273483
58.3363275000048    18769.8891287779    1.74753043108126    412789184.86187    3.61411313125519    7776.91757415852    0.748498846826183
58.6898810000049    44409.5390984243    0.871630700111846    2318512870.41724    1.10460064679164    18609.2908914542    0.587248303032175
59.043434500005    28007.4532980727    1.10798085314538    923151334.533857    1.91768711466663    11778.5353202397    0.830701838044113
59.3969880000051    22732.7443463129    5.19746587070207    607182464.611591    32.0371960170658    9508.14383025255    2.24132651346317
59.7505415000052    59726.1486141969    0.949794209713077    4195030728.00246    1.1517498558374    25056.2946126781    0.499640685926311
60.1040950000053    16794.4222358919    3.51543285952989    330774546.99302    14.633837852231    6980.10950885447    1.50849914231614
60.4576485000054    32688.8250259203    3.25555089356674    1252618495.79195    12.5597530454647    13566.8424556604    1.40040759240355
60.8112020000055    53171.0743069264    3.17266053947846    3318451947.36061    12.1749876129715    22165.0356283928    1.45231288440464
61.1647555000056    12661.0302936415    4.82954099641395    187794352.481425    28.1624417092655    5243.34477074674    2.19953983215182
61.5183090000057    33875.1256903431    6.06797932565622    1348864506.60304    44.6939378824041    14189.4455870022    2.80598731034422
61.8718625000058    4148.6194443823    10.5537072907162    20150419.7972928    132.609583608078    1714.46099488614    4.60747718713419
62.2254160000059    28799.7595391587    6.83440835363529    978621737.469154    55.67487927823    12214.5645831437    2.99428484516589
62.578969500006    59422.1736714181    6.37001263734064    4144297143.50844    48.3184952041202    24764.9433609744    2.78234329374374
62.9325230000061    64864.9594268896    6.5621150538222    4938568621.91439    52.0831801344454    27038.9655952729    3.00363548967671
63.2860765000062    93264.4420539017    6.30784763546699    10238053274.9256    70.7938337875763    39240.2487670509    5.56820365964731
63.6396300000063    58839.0685826027    8.97715764293087    4077961426.14604    141.084255652146    24817.8450812679    7.77784650826397
63.9931835000064    48179.5681707836    21.2964648770588    2729771121.76625    552.142302143231    20211.3911605081    9.92989858374347
64.3467370000062    119729.173843328    6.12868366652967    16870765062.683    53.6736798432679    50355.6351710223    4.01408972979931
64.7002905000059    69723.5824088525    14.1174273429186    5708132250.40527    238.559096352589    29099.0430509532    6.26556793674795
65.0538440000057    107869.716378808    13.5077763246442    13673937739.525    227.762319566195    45144.9003529803    6.73069820520701
65.4073975000054    133118.281593894    16.0626112226697    20838970950.9903    371.317988725841    55843.4781910927    10.6447409285151
65.7609510000052    19718.6075823967    22.6276493139864    456923346.624227    662.905200507238    8252.26403089923    12.2839198560756
66.1145045000049    71512.1368697888    31.4070925882523    6016948094.47263    1308.49744700823    30049.3323518048    17.9469212446361
66.4680580000047    12745.0469704098    50.2209602972241    191420203.633404    3122.34786972242    5383.67730788655    24.4990411352579
66.8216115000044    23248.0843598489    34.5048329787782    632012679.229748    1468.87475325582    9567.61479299291    16.682063852007
67.1751650000042    174702.071273662    30.3404349201915    35903516776.5583    1191.71583772167    73366.9071806265    16.467357000299
67.5287185000039    182915.377133675    36.8735494818625    39373515936.0668    1939.61163275928    76912.162523962    24.0822129665841
67.8822720000037    188120.638736945    55.8791455274083    41673626590.3881    5727.37166388452    79273.2733750288    51.0381500351574
68.2358255000034    122092.481073229    79.3880388618852    17562981400.7059    11487.5827166767    51540.3479430354    72.0077912613663
68.5893790000032    101301.551659027    117.184936731414    12079707018.9155    17994.1590180663    42634.5241604612    65.2828432386392
68.9429325000029    232759.13587022    53.266770546409    63758377044.7073    4054.44095716683    97885.4520021009    34.8868472740522
69.2964860000027    210936.232236256    73.9524424510473    52366516769.0859    6860.97390709653    88726.6741124567    37.3096524055247
69.6500395000024    292239.213664306    92.7471028077996    100601457781.069    13143.7369549865    123278.95107413    67.3922241489771
70.0035930000022    309636.835181062    132.192393723427    112924757236.571    29906.2108879974    130574.835001342    111.496107239974
70.3571465000019    51439.3080445234    132.661399213094    3135622976.65539    24268.8614326159    22127.3713883059    81.6689328413198
70.7107000000017    150755.383516891    229.892918777946    26767553090.2502    76945.2607267789    63563.8846431323    155.224052976772
71.0642535000014    50060.4808209449    330.790558169882    2963811825.27367    146061.761528389    21395.3285847513    191.414127362762
71.4178070000012    66750.3989822066    231.008251676659    5273754011.68789    70068.9914710578    28603.1160436083    129.244648354782
71.7713605000009    440070.514848961    228.361628270766    228115012668.839    79096.6625092046    185615.071126805    164.157330761465
72.1249140000007    453435.423558549    320.598239972208    242435447143.905    173321.813599331    191916.033218135    265.591005356081
72.4784675000004    351683.329510268    464.450955901512    145063099828.587    394656.044234936    146225.632408136    423.01460234501
72.8320210000002    243315.3139088    683.773442094724    69536079407.5732    862695.540076792    101654.992130419    628.60911539901
73.1855744999999    209551.446363337    840.342168573934    51742319071.0746    969379.235008041    88490.1711949302    513.034379671089
73.5391279999996    424782.241993115    455.740651170797    211601773788.259    290511.907074484    176527.110313295    287.771377911184
73.8926814999994    539773.054748139    532.207473953987    343017378851.315    371624.42101403    227293.704750435    297.287109847612
74.2462349999991    685266.936345387    804.3251379188    552844534172.447    1103164.74937034    288537.276836553    675.444906622474
74.5997884999989    652776.291566661    1126.76268041657    500469887111.2    2258015.93622386    272677.465661682    994.194044562897
74.9533419999986    190246.105161873    889.791760387416    43931853340.4922    1059541.64608678    87967.4531359736    517.505815651804
75.3068954999984    309187.63351179    1875.8824133617    112550930545.719    5390839.09848474    130207.287926209    1368.17552591947
75.6604489999981    156890.651193489    2560.17337204535    29398842618.8455    8934140.79758085    69167.6672075079    1542.61242788031
76.0140024999979    304110.578356883    1796.30932119177    109741236309.502    4322720.91710433    131369.678544724    1046.8971963397
76.3675559999976    942403.431650362    1723.17726797985    1039611970759.51    4598371.33822106    389214.263321804    1276.33516026886
76.7211094999974    953500.295782107    2490.94397782    1063916283886.43    10602618.4055867    393387.175477118    2097.09716154235
77.0746629999971    510710.423775856    2921.66195693003    298317344991.45    14100816.2264125    193629.047506143    2358.96325444893
77.4282164999969    408006.524942506    4726.03769667476    191849518092.694    38970666.2867226    159311.624488089    4078.63138519917
77.7817699999966    403226.683380845    5899.43355566615    190959945829.39    46795815.4164088    168428.583200934    3463.01878982617
78.1353234999964    623451.283615044    3360.03894743797    448500464977.132    14863110.9347429    244558.708566852    1890.30399842005
78.4888769999961    1112804.12861535    3525.42959724751    1439458165511.95    16123800.2447521    448469.77250266    1922.27635880053
78.8424304999959    1233517.62380006    4566.01600937495    1756192436526.32    32560808.4097487    484382.811731551    3422.32467949497
79.1959839999956    1027364.3377161    5790.66573801108    1207175844623.61    53361269.2960316    389484.739383663    4453.02813899219
79.5495374999954    622942.869692329    6195.0336654312    471683401782.718    51412321.1559144    289180.882636119    3610.24639603566
79.9030909999951    534010.239616223    11317.2412786287    330507420055.103    190012714.676169    212933.05060541    7869.73725847763
80.2566444999949    395192.547510497    15696.9876080071    185790978336.679    315527875.351769    172086.689574886    8314.59291762616
80.6101979999946    801012.134028902    11079.9551451351    746500273511.808    157563707.129806    323851.562679992    5899.00848546606
80.9637514999944    1339811.39960011    6459.83891555234    2044299400993.49    55346599.5445033    499204.181167477    3690.13288779942
81.3173049999941    1250747.46505241    7857.47593653026    1770501547368.23    87333020.5757866    454017.979856746    5058.96160122159
81.6708584999939    289260.820763981    9887.72997515611    98927641912.8322    123179688.908336    123514.450505922    5041.07973024975
82.0244119999936    367715.708662252    14946.9830286182    154600607091.96    299238477.840186    139232.771627149    8707.82270044495
82.3779654999934    559297.351937543    24973.1564805643    359242450719.481    777410879.586607    215473.717272277    12399.6909229164
82.7315189999931    445917.349526064    15452.4977523486    233524505178.475    288944215.930171    186231.636866902    7082.69222427692
83.0850724999928    1315271.95932318    11881.995690847    1966167710988.07    176419980.663871    486032.286999784    5936.17377327891
83.4386259999926    1120057.77173505    9375.50090530929    1420970923941.64    110282610.166666    407972.440144606    4731.02451285239
83.7921794999923    752054.785686269    11719.7572236622    642750830113.106    168062563.334094    277784.861789636    5541.64722375136
84.1457329999921    1017002.59522977    20837.5144680659    1190295200392.24    530356321.958166    394969.51994824    9805.8305487761
84.4992864999918    559939.366243871    23863.0264200341    356964130961.99    703915882.15692    208403.54385759    11596.1999048687
84.8528399999916    539634.746933414    51249.8797543637    334833659132.622    3160000153.02036    208873.164946414    23096.5360646054
85.2063934999913    1001268.2160239    33853.2455616491    1141881673646.21    1379355883.99976    373287.601222611    15274.6079799924
85.5599469999911    933166.656959376    12795.1632784112    1007153403943.76    196133555.783867    369260.604834887    5693.62384274406
85.9135004999908    801900.463743797    14813.6834431985    739631902114.707    260337304.794035    310785.373468877    6394.69214573634
86.2670539999906    417191.529251284    30815.4046473052    214447490250.302    1129471506.02477    200994.323728997    13412.0223101368
86.6206074999903    286349.921450136    33562.1975398195    96350587768.952    1328916606.033    119809.474810855    14230.0914379047
86.9741609999901    486846.986294603    61862.0863531351    273320180548.006    4605060313.09389    190526.093971058    27895.2072071735
87.3277144999898    372320.713713258    48633.8750540378    167183359280.651    2798325714.05969    168998.950945565    20810.3798929269
87.6812679999896    1012651.82047514    18523.6286424809    1192356164486.39    407704957.51441    408524.729942736    8036.17691628751
88.0348214999893    766473.118625127    24440.7166598122    682439028081.142    706241921.317768    308152.537724767    10435.1947980163
88.3883749999891    556383.580703958    34455.6830766334    365157373985.814    1402151439.1157    235785.252102112    14661.4236293169
88.7419284999888    917701.708606293    48385.515865635    978095646215.34    2817546867.61769    368672.239579318    21826.3309338532
89.0954819999886    511689.889809836    43505.5547244238    304346053752.721    2243707263.36083    206202.595568337    18734.2993325344
89.4490354999883    466151.39196143    137579.627275012    253445093424.722    22690307068.6468    190126.203341734    61336.3939885253
89.8025889999881    943372.654377277    80471.5230498648    1035953072614.5    7776210046.32103    382100.912832809    36063.0562259511
90.1561424999878    884281.833811572    41218.815559159    920003638309.505    2029286711.15062    371549.83070962    18174.0461936973
90.5096959999876    756655.472456291    52126.3033362662    677555782499.652    3253425475.05498    324080.666658162    23157.5900203484
90.8632494999873    523186.371619286    88376.2426453649    327230249137.84    9353711841.18602    231314.222843487    39285.5135778267
91.2168029999871    365913.335770221    95575.6043182101    162475529143.115    10973343441.9762    169064.957482692    42879.4508032123
91.5703564999868    519156.478551671    148568.558461247    317745517070.037    26314375169.1424    219595.236396114    65128.7847720914
91.9239099999865    571325.512740311    151922.685982542    396765965937.966    27665317552.2035    265241.634043351    67711.2622541738
92.2774634999863    1242999.9540179    40196.2880151914    1822740972145.57    1958346532.27758    526964.976499456    18509.5910834723
92.631016999986    819698.121320987    99165.1365205229    791493134306.357    11933548209.9645    345815.159021698    45823.835597106
92.9845704999858    565704.460648482    122264.144936761    381996068716.53    18102713347.7725    248946.845569372    56162.1955647686
93.3381239999855    1173273.95096119    83562.3222937057    1644554938221.98    8169666162.49072    517670.913049882    34452.9310128118
93.6916774999853    674438.007073851    78083.3418663847    536346427318.662    7548871088.191    285446.670908796    38103.3175874266
94.045230999985    531051.920640312    327950.65934518    337037418067.665    126989483912.594    234566.143447645    139419.686370526
94.3987844999848    1297210.08271493    154274.976247528    1982013137749.55    28025415130.9771    547045.82902374    64997.2832878561
94.7523379999845    982600.76305551    166674.659245136    1114074414111.95    33568444483.3546    385447.992023149    76078.9225007329
95.1058914999843    701613.711000048    187655.436233914    581912171222.822    42313063845.3834    299416.719238527    84252.6029107881
95.459444999984    1063398.91972474    200196.205450803    1450257593793.47    46784478360.7016    565190.526567579    81889.9119782251
95.8129984999838    456168.754188611    288104.843351118    262061823119.92    99532716974.4647    232318.511578244    128562.49924489
96.1665519999835    715142.828571336    207964.8023086    609666559929.85    50856895757.056    313428.292712766    87221.1944300285
96.5201054999833    763679.800722163    365190.970582168    683276017006.402    156495516951.752    316337.128670283    152089.02641876
96.873658999983    1481211.94768151    178170.86653124    2528140533192.2    38226407617.649    578058.56038792    80508.0737389491
97.2272124999828    821666.727865752    258623.971065876    812067157845.575    78339802061.646    370041.81677746    107020.762713424
97.5807659999825    993058.999466494    260544.25921295    1263619674556.53    78786755319.382    526738.548176542    104419.559042149
97.9343194999823    1514175.70122604    118532.511952401    2662582211572.03    18591799423.7183    608156.359326    67393.1972380916
98.287872999982    712999.581295026    296299.729423935    589439183931.512    112305525287.8    284729.311811463    156563.072373734
98.6414264999818    657649.026805306    400860.376681268    520733452888.633    187562460040.107    297037.388943997    163931.139345334
98.9949799999815    1583519.50155695    144411.917231952    2896936173136.34    24852371900.5515    624020.962248187    63226.3399379043
99.3485334999813    894959.396808176    297212.237329021    954022162513.44    103019797771.439    391241.409590275    121180.37693173
99.702086999981    1070928.6742336    274158.104100007    1444872715168.52    87312125282.0634    545879.556196047    110224.585453306
100.055640499981    1678151.39462607    188555.645545823    3398366875935.02    41505970550.7608    763003.782854065    77153.9959014348
100.409193999981    865749.190291255    390890.255487474    952971526901.037    176841942001.088    451054.172368545    155070.145953452
100.76274749998    786647.164761432    280127.309814507    731915514782.09    96704650943.7112    336306.040616117    135030.889946703
101.11630099998    705439.608736168    443676.439598686    593667824846.157    230188061374.539    309875.431863062    182590.466124529
101.46985449998    1300078.25108335    283644.60563283    1961278879050.95    94918500924.6826    520649.037366826    120267.363071114
101.823407999979    1102914.65463013    279297.776315859    1520820584182.03    91360284768.7523    551724.43192606    115555.34134677
102.176961499979    1496229.59652955    244341.056760105    2761430206093.49    69581518728.8767    722998.755574657    99392.9912530659
102.530514999979    1445587.69659214    232511.083686091    2419594786863.29    67968965424.0965    574343.972132308    117930.324290304
102.884068499979    739383.330172939    410903.376746823    637313025027.734    206953974384.354    301040.389466446    195223.946693056
103.237621999978    738548.585796163    447141.014077923    657239473546.441    234566278643.361    334343.32648481    186094.578568875
103.591175499978    1656335.09026919    184422.686608521    3172199466245.63    42149272182.6837    654792.742009713    90208.3413370344
103.944728999978    1028799.33510426    319230.337082289    1309864653153.63    119694299289.167    501434.523385317    133365.254753609
104.298282499978    1580828.55135165    261996.65484365    3072281946077.71    80377576893.9837    757141.358868444    108329.72696689
104.651835999977    1917367.9097458    184232.61675309    4361543371326.39    40984946000.7304    827794.461206058    83924.304733726
105.005389499977    1096368.62998311    386865.876428184    1511340039970.52    174136137981.485    556161.727521305    156431.875386501
105.358942999977    815909.094251681    375125.4958055    785369203368.98    174359799442.174    345921.310830053    183413.908520732
105.712496499977    778313.577861455    517345.821506866    736407005322.592    315911456726.264    361434.613504424    219692.416108636
106.066049999976    1222456.56679179    350761.985173028    1775461581561.97    146755056065.354    530152.359109715    154016.511526623
106.419603499976    1551053.99122773    294877.350478929    2900167459722.03    102753520376.809    703135.105096136    125701.505763995
106.773156999976    1892848.69911322    240290.06424728    4313382415169.84    68392978235.7178    854696.564539268    103216.584228291
107.126710499976    1360543.02832721    305966.446278937    2169502502057.48    116173081976.086    564291.742033945    150191.929635133
107.480263999975    817558.492169799    462564.356840199    796448097886.782    264361573510.495    357835.450686244    224490.065017381
107.833817499975    769256.826741091    559371.659432406    715893540974.489    372886085047.448    352331.485233318    244927.400817637
108.187370999975    1818567.05776435    222093.599563375    3862192503447.23    62075857790.9376    744987.489734923    112917.185688986
108.540924499975    1339952.19960308    374933.300902145    2212960158018.66    166794913703.942    646133.31503454    161925.703884725
108.894477999974    2126608.79887842    253981.980669812    5563758940650.56    76541663111.501    1020438.1202128    109703.311739165
109.248031499974    2103027.61972443    217492.606345981    5205648918746.47    60833315681.2759    884829.78556481    116319.739795566
109.601584999974    1423995.64777459    401785.686218629    2613149886715    189268664560.817    765105.405701736    166844.019702961
109.955138499974    897797.888664476    465416.792566699    959022373304.176    280494042044.249    391128.271049006    252747.406002862
110.308691999973    795315.094073037    616580.726814169    804768446360.887    450650482369.078    415020.90007671    265478.228279438
110.662245499973    1124776.09039229    445667.979225682    1561432722000.46    236144871477.928    544344.990316148    193713.509520698
111.015798999973    2137001.85708475    272219.24350755    5483422999173.66    88873170413.6559    957416.34725442    121531.28764986
111.369352499973    2273238.96647512    233725.265124674    6145989642133.67    67635318446.7077    989128.021760989    114051.825452767
111.722905999972    1192419.87738422    427138.510608097    1713393412712.38    220039446973.268    539933.559552828    193886.925110398
112.076459499972    876048.751201949    581257.017895014    937169325901.364    410556821663.701    411956.200850127    269623.998953164
112.430012999972    830177.160802961    618970.898014145    829588908840.636    460641548643.997    374692.928304992    278417.988024409
112.783566499972    1783775.20631331    323543.586995355    3721517442173.92    132780075024.151    734617.89762829    167629.419668296
113.137119999971    1810432.46627265    361695.16377042    3932535573360.91    156185526908.825    809240.29708539    159254.93842865
113.490673499971    2372569.86331866    258854.222420446    6690091826763.17    82765135710.5674    1030050.51838987    125537.353985472
113.844226999971    1901041.17152926    313041.340552468    4234309919613.17    123940681118.746    787624.519529346    161077.000915275
114.197780499971    1641042.50173772    400523.387734745    3327007260494.66    191626880624.66    796232.860402707    176657.568482483
114.55133399997    941360.511542609    558974.418549075    1057730788686.7    400215508852.68    414211.511181111    296248.389464658
114.90488749997    849532.021586137    716530.891954636    915547912398.915    611811110168.049    440276.341288839    313679.121145707
115.25844099997    1196627.69325724    518136.163781976    1736306937904.96    320854594275.155    551714.692241222    228887.548932773
115.61199449997    2505369.50227937    281751.444683933    7451189346191.25    99949012291.6864    1083657.23512542    143405.494002856
115.965547999969    2212573.57389034    307438.517450105    5765915745000.06    124497374073.804    932970.484593253    173144.252176864
116.319101499969    1456654.52803742    485293.976095981    2829861495258.77    285998547513.163    841438.697236383    224696.026395921
116.672654999969    1107016.56304036    638994.362614166    1631775280081.58    506047380086.329    637408.510482786    312623.710926802
117.026208499969    921959.368603392    704567.852569768    1060991540327.5    629503938610.693    459328.273647434    364812.389778524
117.379761999968    1986735.34646311    449949.972263029    4760858796716.74    265199929821.388    902076.194027334    250489.425489156
117.733315499968    2505315.72626481    371295.06084391    7619422840108.62    180110070680.634    1158799.3578868    205548.165823854
118.086868999968    2291735.43115506    366997.745089706    6412352549051.24    187749254209.587    1077172.81001694    230351.707848363
118.440422499968    1831552.85749013    464652.027839937    4616268094353.22    290944690816.406    1123246.28847505    273940.109952232
118.793975999967    1757229.16645583    490451.168284219    3962627590419.32    395619075411.232    935293.134250573    393797.824955747
119.147529499967    1083959.12192555    763775.858653072    1652678859624.97    885886112613.171    691166.753844073    550029.590433037
119.501082999967    1014306.29176133    824413.697633777    1523332875982.62    958717534592.083    703218.047604012    528260.910673775
119.854636499967    1863841.48207814    591025.56196442    4636972564593.28    521255355717.655    1078456.06970244    414661.477379195
120.208189999966    2324129.0725818    449696.520889221    6657049991753.24    370107505073.971    1120479.38210986    409732.283539022
120.561743499966    2279475.15405441    516064.295193405    7212771666083.05    526023873770.628    1420128.40550835    509609.180644503
120.915296999966    2058089.43439559    596724.984752293    5775063062601.41    778590493444.504    1240697.76441753    650007.527661703
121.268850499966    1491691.59911288    753331.860223042    3384938219735.61    1101961515720.66    1076937.50648386    731062.667692418
121.622403999965    1116814.82621538    992440.28423821    2073518112150.61    1758239341938.6    908978.963505817    879375.701369884
121.975957499965    2133087.53855586    693056.005423184    5989973128673.97    978674172090.071    1199962.78339441    705937.352345753
122.329510999965    2624264.7894472    616660.620074297    8425861848376.21    785101295005.005    1240603.14494357    636263.290355957
122.683064499965    2286353.94599729    620921.229105654    7583713627571.92    771106190201.025    1535024.18912359    620937.208940606
123.036617999964    2328758.20475862    674531.740134606    7711903627879.97    1011747500342.98    1512874.3674375    746159.789786314
123.390171499964    1812974.23668136    798880.978292975    5154396535643.65    1485771042420.66    1366572.70306899    920630.341093711
123.743724999964    1341829.61735363    1006932.32867766    3156762743328.13    2094257761327.06    1164584.05506891    1039396.48199849
124.097278499964    1298654.3756026    1105973.6433709    3032061357158.22    2239719432832.22    1159981.96963851    1008236.9428865
124.450831999963    2210609.89669429    866658.962516966    6756176598858.31    1488993053358.13    1367252.89668576    859008.321290979
124.804385499963    2350242.53798075    771088.379874631    7731697370693.03    1207230116246.65    1485953.35840625    782721.423412551
125.157938999963    2538311.17641013    788959.731292201    9025358605285.43    1300826256793.56    1606964.52263167    823631.470496908
125.511492499963    2200834.38090453    873200.723500989    6928208957369.37    1624651380691.68    1443792.57000372    928532.108851937
125.865045999962    1692728.82879622    1040766.92732436    4426204886475.74    2235032496631.07    1249349.43015872    1073236.55343027
126.218599499962    1389596.80964091    1246808.60624704    3269685565562.78    2756929680048.81    1157024.75003717    1096539.09161376
126.572152999962    2011625.56725102    1074176.11842933    5646886814732.55    2094369142672.19    1265009.64103622    969801.42775121
126.925706499962    2421361.2843493    947923.463580043    7627755307371.81    1651758200702.65    1328444.51823405    867870.55941371
127.279259999961    2688286.06091439    897894.054088426    9607027286994.32    1483278988982.85    1542771.9668466    822839.751479898
127.632813499961    2530539.80211181    936492.283405849    8515199665746.69    1647241366095.4    1453123.5238873    877623.819877687
127.986366999961    2174150.21215627    1061084.04722697    6523924758806.49    2102027536471.41    1340520.65026516    987991.994497857
128.339920499961    1622635.53415821    1268095.04019897    3953394981202.83    2791087613766.71    1149107.8733043    1087668.41582786
128.69347399996    1548002.13169381    1361335.43896799    3739231171044.1    2925905582032.07    1158844.49833251    1035698.51049516
129.04702749996    2467524.35286638    1107475.92130519    7882443633393.85    2078597114921.55    1339315.94532627    923089.485722143
129.40058099996    2662936.00682621    1028574.63477148    9204796949583.84    1804891300612.31    1453811.80801792    864248.529832147
129.75413449996    2673269.0121999    1014934.52669002    9226490635012.72    1801974604975.32    1442263.29892448    878568.444407054
130.107687999959    2449992.60885036    1095419.31413762    8092334559878.99    2071827149397.07    1445638.53589256    933747.115450081
130.461241499959    1971037.23136765    1251800.35223031    5476861238501.06    2665296666951.08    1261694.68218884    1047994.53486511
130.814794999959    1575176.38152263    1447464.68320851    3774024990638.58    3309093323065.49    1137033.13836134    1101789.14222712
131.168348499959    1930335.99882342    1325912.86925362    5267448204985.93    2749856318785.34    1241471.3595699    995897.274789413
131.521901999958    2375886.66362731    1165226.11545667    7449418846311.95    2196806187428.43    1343347.09137654    915999.065112072
131.875455499958    2713181.61994422    1094779.08867826    9365121468892.61    1977097842554.52    1415544.75947935    882358.537980638
132.229008999958    2610057.53928162    1123005.63733506    8989298780068.17    2082892813273.95    1475431.60522856    906504.909963326
132.582562499958    2321344.45519722    1233231.5018691    7180688441381.04    2503631647378.37    1338674.10586227    991348.430258527
132.936115999957    1830989.73858781    1408204.74415647    4756479183485.03    3136644563832.36    1184886.39146172    1074059.57114471
133.289669499957    1659621.3649136    1533027.94831262    4096105531233.02    3462319125949.24    1158344.70532537    1054582.58834557
133.643222999957    2340108.43602863    1315936.46574589    7053515102297.13    2705337482968.78    1255948.88826128    986736.388854189
133.996776499957    2670108.16374234    1203456.23293432    8993200880371.1    2310074459796.28    1365182.50585319    928314.362275957
134.350329999956    2681063.34792522    1170848.30445049    9285920078424.02    2194897319036.77    1448385.10170328    907750.828698156
134.703883499956    2567096.7487784    1237593.85306303    8444454099604.03    2469944304947.54    1361788.67010098    968661.839760468
135.057436999956    2165941.41080631    1368297.034514    6259739708860.31    2931945939371.83    1252372.75354212    1029421.76230738
135.410990499956    1736944.52647518    1538842.82836117    4303809498376.5    3539998845206.38    1134386.71110183    1082571.75042016
135.764543999955    1813109.25232376    1535632.07703869    4630903619712.52    3488589421373.52    1159111.06407043    1063213.7815808
136.118097499955    2400645.74700796    1332266.21963414    7436058520264.27    2752308935552.83    1293428.97664962    988623.110985469
136.471650999955    2616301.66018234    1243855.30883905    8725269131522.14    2470587786336.07    1371216.52354735    960943.160134346
136.825204499955    2693074.73536387    1245681.0788606    9206630252411.8    2496574362236.26    1397847.88949179    972035.499354288
137.178757999954    2399543.93528695    1341363.39547444    7471420503630.04    2891895471562.68    1309049.04654396    1045294.07959863
137.532311499954    2004036.72252998    1487062.8496279    5462123873349.24    3429217080926    1202481.05519402    1103567.47060727
137.885864999954    1733453.21253865    1612365.28626107    4377366191632.88    3795764789210.36    1171540.07681014    1093637.4960976
138.239418499954    2068967.44876951    1491046.0204686    5701326518102.48    3379539385393.85    1191931.29585335    1075323.74206031
138.592971999953    2447197.829654    1353197.31860961    7664289474484.09    2885107527943.72    1294415.79757853    1026627.75378979
138.946525499953    2710202.40210467    1297544.52604925    9216052609016.19    2705720858891.15    1367792.21691098    1010989.1501944
139.300078999953    2618168.16600142    1320276.47148958    8789338613758.76    2774132734264.01    1390875.28854872    1015383.06716975
139.653632499953    2351585.87040021    1422043.13068474    7179479618711.21    3193152552211.37    1284337.77210097    1082102.53057819
140.007185999952    1919830.98135086    1591485.21797066    5036964348221.8    3849329355280.13    1162417.02984221    1147390.14997559
140.360739499952    1792908.64303871    1660039.10939602    4619094393809.69    3983818261409.95    1185146.82277209    1108191.507225
140.714292999952    2294243.66358172    1493832.4151367    6746784923430.94    3409246798330.48    1217879.68845287    1085224.17675674
141.067846499952    2585240.88309196    1396219.07295243    8337713239927.19    3062644359286.44    1286173.71156352    1055090.83002853
141.421399999951    2699354.64914558    1357881.01217264    9121936059625.04    2933190614405.77    1354776.93284215    1043719.20131172
141.774953499951    2576789.3475748    1407569.11384247    8309354280493.48    3132649330921.66    1292095.56098554    1073032.39498086
142.128506999951    2253330.67399767    1522315.81669232    6568045052018.38    3567993162511.19    1220879.16094902    1118278.90830489
142.482060499951    1885732.07678362    1675600.74704256    4863037109083.66    4156448943669.1    1143263.59325966    1161383.26153752
142.83561399995    1849432.43166735    1710628.14349595    4791805426983.76    4190681983633.72    1171070.06950086    1124470.24785599
143.18916749995    2404028.72947182    1530488.12119707    7283641943936.05    3576503385628.59    1226494.11405443    1110904.80982993
143.54272099995    2630722.05817724    1444079.27763317    8624364234962.49    3264911736219.62    1305245.45108657    1086069.41588928
143.89627449995    2705632.34792296    1420607.39236604    9063195262602.58    3170776051954.43    1320132.13750573    1073615.70811412
144.249827999949    2535018.86575504    1469613.85671578    8103000974816.63    3329251781584.4    1294866.91404278    1081428.1731735
144.603381499949    2192116.40023214    1591936.16811445    6275916080612.9    3791667056863.16    1212658.96625811    1121341.29216409
144.956934999949    1873965.87916269    1739707.26987025    4839180649269.1    4314675266260.65    1152142.58362543    1134942.23704172
145.310488499949    1968252.36231183    1715178.17319321    5219443721999.56    4186383194550.37    1159925.15286697    1115592.68048511
145.664041999948    2440302.54558812    1558969.59883311    7472219605287    3639046901455.43    1231723.62617722    1099391.05479786
146.017595499948    2681375.80782652    1472902.51864342    8900186936477.07    3310695256023.97    1307826.71393414    1068294.63473231
146.371148999948    2734126.52025762    1460900.54724272    9276097387081.66    3266484278517.79    1341882.84075236    1064074.18424831
146.724702499948    2515060.96086945    1532268.8242492    7961533412760.61    3506087970415.69    1279062.85063364    1076215.6942963
147.078255999947    2152652.91918729    1670489.12173956    6061079252881.78    4022272936031.24    1194639.97187279    1109837.38907149
147.431809499947    1888270.45955354    1807086.69222217    4865476082003.45    4515073937737.25    1140136.28728363    1117815.55926315
147.785362999947    2133885.09155756    1707528.63795848    5905554990748.07    4107824458932.56    1162793.79374696    1091865.56383294
148.138916499947    2501548.30197126    1577870.99298123    7848068657558.61    3609663947165.08    1261080.78665219    1058294.41871037
148.492469999946    2749468.97052901    1511220.26881461    9259464682002.57    3403562620832.15    1303796.40362317    1058194.65126037
148.846023499946    2703553.00275269    1524811.8077645    9018420562320.49    3454476889849.87    1307372.06778613    1062744.48516651
149.199576999946    2484379.47142593    1606939.8795086    7670865440051.73    3760303172319.89    1224223.86923682    1085378.91815014
149.553130499945    2119828.82744182    1741673.44778153    5831967423991.33    4252278301053.18    1156846.2155092    1104016.26000072
149.906683999945    1911792.10767214    1855733.89520482    4925635502800.78    4681983790924.22    1127247.28424747    1112760.30712466
150.260237499945    2286866.86732116    1707133.19453444    6582297108908.61    4099775518076.85    1162986.25961673    1088793.7243553
150.613790999945    2584445.56627425    1597821.0997475    8199423591707.4    3673581395131.04    1232909.04233555    1058559.93138449
150.967344499944    2790468.81463354    1545464.76250199    9471836499459.31    3477436217426.35    1298121.83327182    1043539.59450086
151.320897999944    2711348.63481958    1574949.40470625    9025537841841.46    3618644654125.24    1293880.37403133    1066854.73553839
151.674451499944    2451844.80038096    1670169.11076402    7491450618009.28    3962416693450.22    1216514.56746483    1083029.00926058
152.028004999944    2086455.31922901    1810928.05439404    5660157212297.54    4500607792818.69    1143180.39397048    1105055.37174718
152.381558499943    1966098.55386218    1884063.46843563    5171206272646.17    4743379913134.6    1142656.00648104    1092558.81308097
152.735111999943    2429498.48510614    1711136.18854859    7306381631471.79    4095721060350.6    1184870.77031157    1080617.41823367
153.088665499943    2687139.43691582    1622699.87749222    8777515350181.71    3774857447665.44    1247716.71334219    1068504.82228775
153.442218999943    2775122.38325559    1592494.49932739    9403067553334.26    3675016759101.22    1304516.50479712    1067229.1359934
153.795772499942    2675782.89059478    1633985.73835141    8760285476661.91    3857817053342.76    1265097.38718493    1089911.76716602
154.149325999942    2387024.79024371    1737534.57717546    7123306761587.11    4273246798358.51    1193909.29820866    1119919.81475381
154.502879499942    2057117.67839943    1865046.82167843    5556213387469.54    4722536687176.31    1150860.65389606    1115408.91162098
154.856432999942    2029504.27707024    1892212.4183575    5440617135474.84    4814204307289.97    1149664.96199043    1110736.90453844
155.209986499941    2495793.46166965    1731223.33998456    7660070615384.82    4219889091495.87    1196279.90540335    1105782.45536297
155.563539999941    2707325.16110409    1648979.24862794    8942627805522.66    3908722653355.72    1270046.56512088    1090683.31377635
155.917093499941    2763921.47310185    1627913.99594872    9308096265140.02    3824800024732.17    1291833.7182728    1083833.95708312
156.270646999941    2646408.74266275    1666824.92917363    8586339700409.96    3976017878020.24    1258117.82721974    1094400.53614093
156.62420049994    2335542.22867361    1783180.61635156    6881388774256.16    4414990528312.62    1194416.70799536    1111421.35024512
156.97775399994    2029866.17307543    1923017.55941672    5432756578392.12    5000010398152.62    1145600.23472249    1141058.22126987
157.33130749994    2090559.9585689    1902320.35677568    5721084292757.54    4870537293974.42    1162171.82567207    1118800.49793127
157.68486099994    2534331.07948766    1748179.61260059    7906151747281.25    4272172172314.36    1217915.32005478    1102742.13413745
158.038414499939    2720021.26786585    1674528.24831513    9018470354155.23    4009432844187.31    1272774.39340706    1097901.63028477
158.391967999939    2751463.64604247    1664413.47829904    9190778350358.76    3980274478191.63    1272881.04505702    1100001.02338503
158.745521499939    2580595.88656424    1729128.00774832    8164964675863.93    4245208270443.63    1226983.92251556    1120412.69328045
159.099074999939    2283098.99997086    1839871.43581962    6569315222349.45    4668399602378.38    1164806.49838567    1132816.27020159
159.452628499938    2031311.97399845    1953766.94473153    5460153385894.21    5100345304738.99    1154956.73087122    1132757.71037473
159.806181999938    2167434.60045163    1899308.34072881    6051665962290.61    4871675386799.9    1163569.17072242    1124412.38593225
160.159735499938    2523539.01254976    1769282.21544589    7831862352239.26    4372646383188.2    1209798.82806136    1114579.21445498
160.513288999938    2710132.08185085    1699660.53319016    8897691931657.5    4132798819422.01    1246144.46617568    1115326.36090866
160.866842499937    2722215.53339093    1710188.46600817    8959135962797.48    4175457737726.56    1244459.14057579    1118352.87296059
161.220395999937    2530810.84562002    1771947.45515525    7841416842554.84    4405024077609.95    1198504.61252635    1124822.78327689
161.573949499937    2232612.02659014    1891006.00409702    6299109242324.95    4893185660670.34    1146539.48080736    1147729.04169031
161.927502999937    2043558.55711758    1975002.44789346    5514167968889.09    5183040125491.19    1156735.23008535    1132433.42246068
162.281056499936    2240287.03723283    1897367.30815708    6344845901086.25    4889155752290.21    1151503.31822917    1135408.75909381
162.634609999936    2518872.94826967    1787074.28064976    7777817862022.2    4455271292119.52    1197120.26651354    1123226.07143872
162.988163499936    2733487.3790362    1727905.28368953    9005321014089.48    4234380474504.89    1238292.27678253    1117463.11129393
163.341716999936    2691154.0539512    1739189.22331073    8778733704086.7    4277770669896.9    1239525.53906271    1119371.03563417
163.695270499935    2503478.52870496    1808237.58206158    7673849841084.71    4558399882826.25    1185936.37999598    1135198.98240192
164.048823999935    2215063.07701938    1918200.13133186    6256016824698.04    4979588924107.83    1161685.15077171    1140218.04066865
164.402377499935    2061884.90114133    1997977.06434631    5593392640304.3    5281477485207.4    1158457.2908613    1135590.21462565
164.755930999935    2330719.3528769    1896538.75424112    6742886248802.29    4890460588468.24    1144829.04703163    1137365.96666586
165.109484499934    2574140.33850848    1803823.57989721    8042942881086.16    4543756998396.36    1190270.72498219    1135771.7600835
165.463037999934    2774591.65306513    1749528.32695446    9263799694941.79    4319860675693.44    1251175.78848183    1122056.73157704
165.816591499934    2677196.39022584    1770212.45077747    8668722325464.7    4415727784492.38    1225292.54205942    1132287.80069592
166.170144999934    2493367.65591241    1843335.25392875    7631825220095.36    4673329476131.65    1189513.74626157    1129355.84195376
166.523698499933    2190302.99570513    1961400.27094234    6126923611862.08    5135025491272.81    1153037.90001335    1134872.00530286
166.877251999933    2072329.32864492    2026097.4878523    5601956497667.68    5401984671569.57    1143419.28062535    1138821.16299627
167.230805499933    2409314.32758989    1896106.00508603    7110884355435.32    4874606176155.44    1142842.43284252    1131100.43481211
167.584358999933    2666288.03798106    1801416.63396968    8550520578465.57    4488438413956.38    1200595.13449983    1115050.01000571
167.937912499932    2759273.81333594    1765397.30280641    9163137091277.78    4343746431572.02    1244807.25990665    1107753.94145806
168.291465999932    2696452.88583919    1792851.92022676    8795755620564.44    4452251980562.32    1234867.3835736    1112624.81219031
168.645019499932    2470293.71866716    1873781.44512186    7497196244081.91    4770591670354.19    1181035.64196662    1122289.96532591
168.998572999932    2183674.66870247    1988452.58136214    6081711318832.76    5219621436685.38    1145982.66134349    1125023.45235983
169.352126499931    2099642.46925961    2044178.18330356    5690168495058.2    5464945444028.84    1132108.65041284    1134143.28853747
169.705679999931    2464262.75137485    1903603.76660902    7402710171613.83    4872107884237.34    1153307.96572308    1117318.4792123
170.059233499931    2702586.76504155    1820376.60564716    8774224630897.47    4524712970962.85    1212538.4151934    1100428.09150593
170.412786999931    2753462.26503341    1788572.9601624    9120541454392.45    4411409622812.22    1240559.15192688    1101097.81081798
170.76634049993    2699672.79956801    1812771.03389126    8785834750675.87    4508174167515.06    1223765.30672694    1105457.07569307
171.11989399993    2460525.23441815    1902120.79521559    7431591227081.93    4838389602252.84    1173629.75331808    1104683.7025417
171.47344749993    2166971.19684641    2024983.83861941    5971504991192.84    5343966878068.14    1129486.97346667    1115081.75996127
171.82700099993    2140133.70634973    2044423.37815284    5876194591771.85    5380281204331.68    1138429.75660232    1095725.44699564
172.180554499929    2521688.43942395    1905083.44329551    7702071068317.71    4821180915705.57    1158947.14408956    1091713.32765836
172.534107999929    2727382.06885639    1830511.66737979    8918289387537.55    4518482095017.48    1216419.51563521    1080605.90901769
172.887661499929    2764004.49546713    1802950.80615134    9174535469056.65    4414344818616.99    1238876.35302888    1078755.39823225
173.241214999929    2687458.63623898    1840401.38475895    8658227605898.99    4583361636095.69    1198246.0867466    1093747.85900272
173.594768499928    2434560.37627078    1932776.65801955    7239597304055.75    4920170831094.87    1145649.63158377    1088368.14603776
173.948321999928    2170564.47632034    2044079.55887133    5963896986710.09    5370448207525    1119172.39103112    1091873.14488881
174.301875499928    2168364.51832384    2065386.44115376    5924791128831.33    5481826941679.79    1105887.17530566    1102726.52565266
174.655428999928    2556011.45736129    1919388.24087683    7870886510919.9    4872037127096.39    1156586.33087103    1089947.66290871
175.008982499927    2736501.01865811    1851628.99320204    8966981527846.92    4573019334309.76    1215953.82425899    1069808.11636638
175.362535999927    2781561.51864433    1824069.09659813    9249377899873.3    4478111766519.98    1229753.39717779    1072792.4763698
175.716089499927    2671273.77127107    1868214.67161672    8554514365759.47    4638437725529.53    1191138.44899689    1071546.39016963
176.069642999927    2403331.61551374    1972140.80847639    7038687380242.61    5073708668465.5    1123692.36275536    1088287.32419688
176.423196499926    2155186.15667348    2085714.11187612    5848846743573.64    5560987104334.9    1097278.16603478    1100356.19135611
176.776749999926    2230250.90314636    2053029.60499695    6225955956920.26    5386845206870.92    1118899.84624858    1082550.06714563
177.130303499926    2571801.74301465    1936616.27957118    7961651244199.49    4918522563957.54    1160813.09383824    1080758.96926994
177.483856999926    2727268.75900772    1870467.82304229    8901389180895.7    4653995682362.47    1209708.35205688    1074870.13416781
177.837410499925    2788958.5546309    1852013.08224668    9269011583965.95    4591608097926.41    1220951.1720446    1077801.29945809
178.190963999925    2626829.47865829    1909137.27343792    8284419471236.68    4815387219277.87    1176514.49684587    1081934.4205856
178.544517499925    2367562.19807261    2011649.03758671    6853154476035.03    5229771580363.21    1117051.34810027    1087676.29832578
178.898070999925    2170602.59247111    2101942.8402704    5947869503410.48    5596553721779.72    1111914.51513513    1085536.7419004
179.251624499924    2293269.95645159    2049231.46299307    6513880616513.07    5370523546258.94    1120175.66629059    1082207.90855464
179.605177999924    2585529.40886343    1938418.18037557    8085109696620.11    4906027737049.73    1183278.23123829    1071710.17305949
179.958731499924    2762287.11572575    1875689.15556488    9106013931191.43    4672218279200.86    1214818.43148965    1074247.86287764
180.312284999924    2760933.15518373    1876708.97318617    9093937416812.88    4673883637781.8    1212924.37085752    1073241.38372703
180.665838499923    2594416.75139331    1945598.397951    8096480330289.13    4968905118064.07    1168538.42486198    1087911.75743007
181.019391999923    2341031.65569282    2046452.62688787    6734821431851.66    5398425895108.94    1119996.52628739    1100207.95353091
181.372945499923    2168963.72150478    2134055.80607268    5943900344856.84    5762051924442.84    1113326.87008487    1099025.81453318
181.726498999923    2354309.87859779    2046542.46421981    6794183729927.9    5404598992824.45    1118663.81253026    1102843.11439549
182.080052499922    2611033.82911198    1950119.84203777    8189466780059.5    5006301697793.64    1171310.85681486    1096965.95183452
182.433605999922    2779679.10472689    1887711.90364308    9201369518550.9    4743467086602.31    1214394.33187726    1086283.0457328
182.787159499922    2743234.09360472    1906301.54116176    8998194713518.46    4833710592861.45    1213615.02182658    1095319.60040243
183.140712999922    2571344.75601875    1973027.92051466    7968532854202.96    5100275729634.73    1164782.81232934    1098834.17971244
183.494266499921    2311715.36742309    2079613.43361932    6600048303231.56    5572930141873.82    1120723.14299808    1117201.01529844
183.847819999921    2180184.21122449    2146421.51335658    6021324484761.07    5832071669676.8    1126108.91564206    1106772.94721041
184.201373499921    2428589.80047029    2035471.9193967    7176105889291.29    5363974810668.31    1130512.03900842    1104911.25255191
184.554926999921    2654604.44560714    1954590.96997862    8434656794696.7    5047279739453.34    1178020.38694562    1107634.36184121
184.90848049992    2781444.42816368    1917820.19293668    9211780174563.26    4903627259641.38    1214638.65721476    1107065.02392845
185.26203399992    2713712.04457702    1937799.20037192    8818669883861.88    4986156233315.96    1206000.34120206    1109545.17364275
185.61558749992    2547965.95048316    1999220.00334243    7840323762945.97    5242558886452.63    1161117.25425317    1116099.57651104
185.96914099992    2296198.08647168    2107515.8153275    6559764727953.1    5689608504420.62    1134565.58895328    1117132.75512139
186.322694499919    2209967.833485    2155483.97245715    6166558046375.24    5886452553903.14    1132519.41322736    1113706.15441573
186.676247999919    2483261.37088368    2044285.42582866    7462790740173.91    5407785794481.4    1138509.42202989    1108459.69355044
187.029801499919    2693584.62504413    1966028.22374824    8672586767010.03    5072118088108.64    1190457.32167764    1098567.75463963
187.383354999919    2782936.43688944    1936730.16936012    9206426848540.16    4982482479883.59    1209004.39898837    1109756.15834016
187.736908499918    2703966.21994431    1958764.73964589    8740950357121.78    5064597127322.54    1195624.12091838    1108078.43677354
188.090461999918    2522791.0420885    2033035.56417217    7683056324329.49    5387113111536.27    1148295.11985704    1119767.61265336
188.444015499918    2282043.84246507    2134375.05225555    6479181349485.33    5804380306041.55    1127589.13197697    1117507.69230045
188.797568999918    2225269.90683953    2170522.0046495    6227752399061.41    5940220466446.35    1129569.05091093    1108627.39176815
189.151122499917    2532558.0829144    2048611.93566306    7720241250907.17    5408125243211.46    1142974.54371133    1100597.28341946
189.504675999917    2733366.57794979    1972014.90260202    8889993017114.71    5085180788952.78    1191092.00637977    1093772.37708232
189.858229499917    2777571.22735918    1949633.23767032    9199953106681.31    5001643202386.29    1218626.76141127    1095706.82253851
190.211782999917    2713774.16732541    1978931.17304815    8789033391524.93    5125332959234.56    1193508.76003582    1099620.10329606
190.565336499916    2495180.22558348    2065578.0397192    7530622795661.27    5491861507460.13    1142233.96794109    1106909.60303447
190.918889999916    2273612.1650319    2158154.86151782    6430774906304.66    5884598972843.89    1123148.53395427    1107685.22900275
191.272443499916    2263847.36210919    2173547.67814228    6399680100387.39    5924034567074.25    1129015.1555487    1095319.61450371
191.625996999916    2574124.69743422    2058525.19045947    7926372000454.95    5442312522911.52    1140286.82466919    1097627.6978809
191.979550499915    2751414.18837432    1989449.37041088    9016889726067.96    5151212511305.22    1202750.88446462    1092384.4167128
192.333103999915    2796060.80801732    1962412.4584546    9317738880798.71    5028490440319.78    1224656.21244015    1085093.44446548
192.686657499915    2682698.01121281    2012133.4343077    8611607700300.62    5242310467434.19    1189428.04781771    1092533.52807834
193.040210999915    2461416.05221174    2102767.79335528    7341650234947.19    5647173897271.66    1132731.76562749    1107041.78082828
193.393764499914    2266661.46921526    2193004.19382503    6390858484781.9    6025571788463.62    1119421.39909724    1102861.91081633
193.747317999914    2310817.61809926    2170748.68102972    6605982390217.7    5917700404523.9    1125213.01365554    1097975.66836959
194.100871499914    2603938.08473136    2066484.44834385    8111641368409.1    5473307119664.61    1153753.79492102    1096790.38308039
194.454424999913    2752006.788493    2001210.02040769    9028397606005.3    5192387397617.44    1206174.21714018    1089745.7739479
194.807978499913    2790421.28195003    1987450.22227425    9260726526533.31    5139777662709.14    1214197.51102268    1090788.37392557
195.161531999913    2663112.29160265    2038448.43787693    8465955391065.49    5371119469057.47    1172087.16117035    1102654.72164888
195.515085499913    2438871.00693462    2135838.77086322    7211966473404.11    5794644646294.51    1124221.81305018    1110332.10850267
195.868638999912    2266975.55442685    2214855.27485409    6384912534698.75    6129356008767.69    1116124.71092161    1106242.34244522
196.222192499912    2357070.69779151    2170375.07677147    6835440415751.43    5912153040343.39    1131219.75820972    1096186.60203115
196.575745999912    2614803.11573686    2077852.53866164    8197718159593.94    5527244771856.77    1166414.51702504    1099897.08583765
196.929299499912    2761002.63615786    2018827.83447644    9067729996255.2    5284085300484.68    1201912.82520179    1099281.34489212
197.282852999911    2771838.63333781    2023058.00282065    9129657734076.41    5299233683763.21    1202733.68823376    1098394.28302707
197.636406499911    2631601.02213368    2072993.10121695    8280170047695.52    5520822457001.29    1163978.56853144    1106129.31400818
197.989959999911    2412347.58135435    2158692.70821831    7089254877461.14    5889000473695.65    1126869.12469681    1108623.59039521
198.343513499911    2267194.36825346    2231571.7125975    6377529909112.3    6221992652531.22    1112366.66871679    1114486.58316997
198.69706699991    2401336.15632069    2172855.4901819    7020693921035.72    5954847579201.3    1119945.79573419    1110651.42956181
199.05062049991    2628304.55766713    2081856.46202389    8278415957767.02    5539296995061.71    1170654.13761419    1097802.65375481
199.40417399991    2780564.02736054    2030209.8310373    9177352139187.18    5334784726583.1    1202420.82023546    1101377.66844194
199.75772749991    2770768.52988153    2027806.3210185    9126603068214.18    5312128812407.03    1203928.9107054    1095504.6037532
200.111280999909    2596743.93486247    2102808.15202325    8063533493202.35    5657786260288.39    1149110.27754403    1111748.23412181
200.464834499909    2398449.04220859    2176117.41288685    7021278205793.67    5958813641457.17    1126374.89217505    1106040.97880134
200.818387999909    2280725.26543965    2236401.07780804    6473917738966.11    6225644066052.29    1127922.87083441    1106415.06010688
201.171941499909    2455502.3068026    2161274.79394708    7302083849825.63    5901763016190.22    1128092.31497815    1109348.58418769
201.525494999908    2659978.36689444    2082203.94147056    8441051402239.95    5548951967795.57    1168574.55470053    1101534.70845001
201.879048499908    2786700.25884058    2044368.19028946    9196549790974.69    5400139988423.4    1196182.03395326    1104852.33898291
202.232601999908    2735289.85315365    2054414.41566763    8906686763207.03    5424344081141.19    1193681.77603652    1097144.24294994
202.586155499908    2585188.11465623    2115119.44215938    8014967469563.83    5692707105645.54    1154023.34525954    1104072.84680175
202.939708999907    2370759.76585975    2205449.62220194    6894167279321.77    6100060466629.09    1128567.85879379    1111778.94860373
203.293262499907    2282519.94574456    2259922.88984789    6465186012272.28    6350494466666.18    1120396.67508902    1115008.07109533
203.646815999907    2494373.13570825    2165455.60002976    7489827483314.16    5924372712855.2    1126024.04200406    1111384.16272456
204.000369499907    2681130.64759524    2089761.28349306    8554404425581.17    5589119104839.89    1168735.58861989    1105448.72466041
204.353922999906    2780044.40909126    2053447.17272793    9178571039345.02    5422087233867.58    1204127.95118519    1097926.20092758
204.707476499906    2728569.14766302    2064779.33791505    8867643130015.82    5469664911673.14    1192708.48761854    1098340.20111814
205.061029999906    2567994.19072469    2130982.11510805    7926654765877.89    5744282437456.47    1154149.29809022    1096903.67058647
205.414583499906    2354801.20936844    2226648.38674804    6798915299219.66    6195170208613.49    1119743.97233322    1112298.14816255
205.768136999905    2297311.00956469    2260749.52546386    6526663231550.63    6353337381038.16    1117598.03010005    1114607.08958498
206.121690499905    2543493.01360121    2154642.45556538    7749048074161.71    5861738651561.28    1131234.44251116    1104198.59637498
206.475243999905    2712174.56444658    2090476.04680631    8751437016009.84    5559889206085.71    1181332.36135257    1090779.12696144
206.828797499905    2786124.9247657    2056417.06570097    9237269125132.48    5414337558904.36    1214403.98086132    1088800.44581098
207.182350999904    2705168.34889696    2092845.38333568    8725737403489.15    5582203069247.89    1186508.15741622    1096449.39267548
207.535904499904    2525667.62045171    2168035.81923338    7676551328934.73    5935250962833.01    1139102.45366102    1111247.78935845
207.889457999904    2336887.03345422    2248962.28886857    6724554031146.35    6286561137374.4    1124060.95209286    1108480.83457562
208.243011499904    2321879.17244668    2266570.90207092    6631196973360.51    6379376151149.36    1113586.13583271    1114465.1170112
208.596564999903    2579998.99388556    2160257.48723063    7945696420973.84    5891057123163.21    1135474.17959342    1106501.11252867
208.950118499903    2732621.22333215    2095833.81921306    8891273873948.36    5594410460390.01    1193337.80789141    1096307.92327375
209.303671999903    2773729.62527538    2080814.46677771    9136054352808.28    5531898964717.76    1201032.18886006    1096407.82538541
209.657225499903    2696717.85419771    2108685.78207012    8655125636159.57    5658773877268.17    1175941.51683273    1101007.78823925
210.010778999902    2503937.72771001    2190092.01552134    7556650135749.87    6040235619096.64    1134436.42021063    1115227.59230855
210.364332499902    2330105.71425192    2272291.91577076    6678709823526.29    6410081435637.93    1117728.58241026    1116588.95085021
210.717885999902    2353048.51096267    2264156.96325146    6787562645897.5    6369107153095.45    1118358.32851276    1114764.72802801
211.071439499902    2602679.34401094    2170393.16618707    8086444938969.85    5935266465699.81    1145646.18064595    1106643.56044224
211.424992999901    2757916.35768623    2101470.57588731    9030731492331.07    5611413002268.69    1193578.17353444    1093267.77184208
211.778546499901    2774415.83569603    2098747.24876835    9137116271402.23    5615807449175.4    1199888.76236147    1100485.09074985
