#t    <phi>    <pi>    <phi^2>    <pi^2>    rms(phi)    rms(pi)
0    1    -0.707107175689875    1.00000000000002    0.500000557912788    1.33280037492501e-07    8.22766253483474e-07
0.3535535    0.732695145025109    -0.788437961799443    0.536842175543381    0.621634419606729    1.24257319834242e-07    5.18326320690603e-07
0.707106999999999    0.458970306500191    -0.734747747950525    0.210653742248884    0.539854253118492    6.84922096085341e-08    3.5292799436122e-07
1.0606605    0.226071779147096    -0.575066290253204    0.0511084493267366    0.330701238185637    5.66133839535535e-08    2.35634784208343e-07
1.414214    0.050768023503893    -0.425263183309059    0.00257739221049479    0.180848775078225    5.43428453104412e-08    2.66794804375423e-07
1.76776750000001    -0.0813883693960282    -0.329647805889056    0.00662406667294913    0.108667675927498    6.91880078441273e-08    1.71064344698077e-07
2.121321    -0.183404371138205    -0.241558920471574    0.0336371633526208    0.0583507120594906    1.42329306752349e-07    3.13259080329774e-07
2.4748745    -0.243146212822362    -0.0802711212581498    0.0591200808098875    0.00644345290808922    1.73862357148105e-07    2.20545846511645e-07
2.82842799999999    -0.233717919249844    0.129286304974479    0.0546240657785053    0.0167149486539706    1.70125307393094e-07    1.2846072216373e-07
3.18198149999998    -0.164145653227146    0.240378297853118    0.0269437954733803    0.0577817260787912    1.1771254867416e-07    1.69658070075584e-07
3.53553499999997    -0.0774253654154024    0.238690816942792    0.00599468720971216    0.0569733060929022    5.97475910965176e-08    2.90865306217071e-07
3.88908849999997    0.00145803398741787    0.207572043883368    2.12586310933897e-06    0.0430861534019483    2.95517845011273e-08    1.7195036841343e-07
4.24264199999997    0.0699407160009616    0.179361815135502    0.0048917037547339    0.0321706607287887    8.20456587951723e-08    2.9410082461476e-07
4.59619549999999    0.125370437723669    0.125717505561246    0.0157177466550513    0.0158048912045561    1.64363712323253e-07    1.19005436178847e-07
4.949749    0.151189259075453    0.0110115086264488    0.0228581920598228    0.000121253322239632    1.96286138642575e-07    9.6309955928772e-08
5.30330250000002    0.132245890691739    -0.109908234276321    0.0174889756048809    0.0120798199617789    1.71671416986204e-07    2.00554900157006e-07
5.65685600000003    0.0828587621542905    -0.156200387692156    0.00686557446575391    0.0243985611152163    1.12388339607575e-07    1.9109766041565e-07
6.01040950000005    0.0279721807533362    -0.150303813588749    0.000782442896098198    0.0225912363793816    2.97617811695118e-08    2.45692747429781e-07
6.36396300000006    -0.0226845803768978    -0.13650692918944    0.000514590186877971    0.0186341417167691    4.5103547733505e-08    1.95631914380566e-07
6.71751650000007    -0.0680720821975206    -0.117386754525941    0.0046338083747254    0.0137796501382392    1.39272017777172e-07    3.25181581063042e-07
7.07107000000009    -0.101472709728994    -0.0630964530841406    0.0102967108197853    0.003981162391829    2.01502506917526e-07    1.72748356040924e-07
7.4246235000001    -0.107574510934443    0.0311261709740935    0.0115722754028307    0.0009688385195144    2.14620621550192e-07    7.68251014828563e-08
7.77817700000012    -0.0825924712711653    0.100656701879996    0.00682151631070499    0.0101317716334035    1.63483410449484e-07    2.12140890454063e-07
8.13173050000013    -0.0431031877129047    0.115831563486227    0.00185788479102217    0.0134169510997551    9.09129664989401e-08    3.02258533924405e-07
8.48528400000015    -0.00316242350634781    0.109171736867782    1.00009224337617e-05    0.0119184681307852    1.61419559600769e-08    2.38822978273763e-07
8.83883750000016    0.0340161286037612    0.100711904583841    0.00115709700519698    0.0101428877250134    9.67364730727416e-08    3.29774641372083e-07
9.19239100000018    0.0664855245132158    0.0783417380512612    0.00442032496984445    0.0061374279209355    2.16845643923702e-07    2.07557287065422e-07
9.54594450000019    0.0848554690689394    0.0191345054705299    0.00720045063098517    0.000366129299608235    2.74659723472458e-07    8.0593470098403e-08
9.89949800000021    0.0782309307702267    -0.0536663171103286    0.00612007852924041    0.00288007359221906    2.53770209666802e-07    1.80871308726304e-07
10.2530515000002    0.0516836070336495    -0.0887529839683473    0.00267119523603707    0.00787709216333546    1.68395611242053e-07    2.23045552295472e-07
10.6066050000002    0.0194384988991631    -0.0907175687545586    0.000377855239455626    0.00822967728087652    5.35032054120088e-08    3.72106070315177e-07
10.9601585000002    -0.0117391803778723    -0.0856061061353592    0.000137808355947975    0.00732840540774869    6.12670597400295e-08    3.00518028387261e-07
11.3137120000003    -0.0407813756414174    -0.0770117795132332    0.0016631205992472    0.00593081418404218    2.01994154235088e-07    4.97326621049084e-07
11.6672655000003    -0.0636009755593327    -0.0465852851178069    0.00404508409219703    0.00217018878955984    3.13346311117127e-07    2.29092276075727e-07
12.0208190000003    -0.0700325750725127    0.0128938679113936    0.00490456157140698    0.00016625182972519    3.46202585449357e-07    9.34101486256478e-08
12.3743725000003    -0.0557925941152012    0.062047018923612    0.00311281355817899    0.00384983255743517    2.74591745332878e-07    3.57911150614236e-07
12.7279260000003    -0.0305112652536558    0.0761276089847285    0.000930937307404748    0.00579541284992153    1.60642221767099e-07    4.35666759375293e-07
13.0814795000003    -0.00382942308465447    0.0739468624181193    1.4664481161393e-05    0.00546813846166275    1.04143105834216e-08    4.22469928796764e-07
13.4350330000004    0.0216531382565163    0.0699360819303044    0.000468858396379042    0.00489105555602454    1.52426649998653e-07    5.12144008508064e-07
13.7885865000004    0.0446291942924881    0.0569919494534833    0.00199176498332387    0.00324808230268217    3.56685072805224e-07    4.16858703198395e-07
14.1421400000004    0.0587797530222796    0.0182397946082237    0.00345505936557533    0.000332690107387637    4.63832735136781e-07    1.93525053524281e-07
14.4956935000004    0.055821586779503    -0.0336497865881497    0.00311604955077608    0.00113230813747629    4.41011887016438e-07    2.19690395077907e-07
14.8492470000004    0.0380457687784017    -0.0614639601114987    0.0014474805220287    0.00377781839272479    2.98490928734005e-07    3.69982749956911e-07
15.2028005000004    0.0152980797718388    -0.0648895069158819    0.000234031244717677    0.00421064810820056    1.1015093572483e-07    6.43637205607308e-07
15.5563540000004    -0.00720596367438932    -0.0623162514285169    5.19259124856268e-05    0.00388331519238958    9.49127119456809e-08    5.36144761161075e-07
15.9099075000005    -0.0285604954222084    -0.0573785073612932    0.000815701898873351    0.00329229310772975    3.33710344532631e-07    8.48397328550496e-07
16.2634610000004    -0.0459682944299481    -0.0371044685894254    0.00211308409309346    0.0013767415894491    5.43194906269134e-07    3.81368013958299e-07
16.6170145000003    -0.0519317361600984    0.00584195983905891    0.00269690522098205    3.41284947839289e-05    6.16422322598529e-07    1.50836658213945e-07
16.9705680000003    -0.0424359616892397    0.0440505168374071    0.00180081084474371    0.00194044803404787    5.03080846318989e-07    6.36541704230335e-07
17.3241215000002    -0.0239883702502846    0.0565415913478416    0.00057544190735584    0.00319695155266522    3.01826933020866e-07    7.20349038644194e-07
17.6776750000001    -0.00397611616378726    0.0558897352830859    1.58094997481795e-05    0.00312366251062096    1.57854253908374e-08    7.79453116159733e-07
18.0312285    0.015404205459115    0.0535698103775312    0.000237289545892155    0.00286972458464914    2.55980594851333e-07    8.7435120895722e-07
18.384782    0.0332136545054042    0.0449773217808376    0.00110314684598615    0.0020229594752572    6.17893807398169e-07    8.2474003843178e-07
18.7383354999999    0.0448105834873909    0.0167932143422459    0.00200798839315291    0.000282012048131042    8.2004612864079e-07    4.31773116602595e-07
19.0918889999998    0.0435297432977164    -0.0234609074206508    0.00189483855220045    0.000550414177092017    7.97093389778759e-07    3.02771686565924e-07
19.4454424999997    0.030390126275311    -0.046694523416438    0.000923559775332613    0.00218037851753702    5.50692711662137e-07    6.69881102802762e-07
19.7989959999997    0.0128662158029756    -0.0504756990104629    0.000165539509139358    0.00254779619190742    2.24986937600657e-07    1.14567708293466e-06
20.1525494999996    -0.00473552741243213    -0.0489799789961579    2.24252198962919e-05    0.00239903834342281    1.4965194966152e-07    9.79155101175791e-07
20.5061029999995    -0.0216255685106224    -0.0457825170810629    0.00046766521373142    0.00209603887249873    5.69032129216925e-07    1.49027386531504e-06
20.8596564999994    -0.0357562829778623    -0.0310647586929775    0.00127851177332277    0.000965019233116556    9.64263854200167e-07    6.80905579235092e-07
21.2132099999994    -0.0412548048393799    0.00221097692530342    0.00170195892358392    4.88841902333562e-06    1.11740534621565e-06    2.43128461154179e-07
21.5667634999993    -0.0344244411423041    0.0336289662615977    0.00118504214882893    0.00113090737309996    9.32186334484268e-07    1.12972830050674e-06
21.9203169999992    -0.019998873816775    0.0448685021985304    0.000399954954263327    0.00201318249106945    5.69242842133011e-07    1.23689771120118e-06
22.2738704999991    -0.0040010730782293    0.0449149316860723    1.60085857802474e-05    0.00201735109042107    5.40008057775978e-08    1.43405813056056e-06
22.6274239999991    0.0116340079890066    0.0434160951005171    0.000135350142076882    0.00188495731611731    4.34295244910732e-07    1.5297626818695e-06
22.980977499999    0.0261942827038533    0.0372758438138869    0.000686140447540752    0.00138948853459858    1.08229531045973e-06    1.60040059517454e-06
23.3345309999989    0.0360905699388179    0.0155335601766986    0.00130252924065316    0.000241291492561956    1.46439552101592e-06    8.93778217957117e-07
23.6880844999988    0.0357518967033685    -0.0172920323028711    0.00127819811999554    0.00029901438135722    1.45162348156326e-06    4.40091960139913e-07
24.0416379999988    0.0254842733913451    -0.037422213414801    0.000649448191329732    0.00140042205839036    1.02221068106525e-06    1.23590137779951e-06
24.3951914999987    0.0112681879328229    -0.0412779280222406    0.000126972059490364    0.00170386734603953    4.48271244706562e-07    2.05675636959052e-06
24.7487449999986    -0.00318272743172776    -0.0403426908238977    1.01297539609298e-05    0.00162753270611391    2.37186432949042e-07    1.78921816890174e-06
25.1022984999985    -0.0171555479662424    -0.0381233102886289    0.000294312826983982    0.00145338679432919    9.8078393005745e-07    2.63933953453495e-06
25.4558519999985    -0.02908704691969    -0.0268866372128612    0.000846056301475811    0.000722891262168873    1.72266154680547e-06    1.24613834275377e-06
25.8094054999984    -0.0341992952973594    2.98268739828763e-05    0.00116959180296967    8.89776608088414e-10    2.03314515032013e-06    3.66328401885485e-07
26.1629589999983    -0.0290769989391848    0.0268162981671095    0.000845471870302544    0.000719113851327515    1.7300833135409e-06    1.98499305714818e-06
26.5165124999982    -0.0173057971455635    0.0371108264682561    0.00029949061599711    0.00137721344577818    1.07411098637772e-06    2.14968980327575e-06
26.8700659999982    -0.00399062755827286    0.0375399160236007    1.5925108330598e-05    0.0014092453020211    1.47482746025839e-07    2.63858145140174e-06
27.2236194999981    0.00911195829391816    0.0365011919625239    8.30277844978078e-05    0.00133233702203551    7.40070117576535e-07    2.71117938268674e-06
27.577172999998    0.021438470242605    0.0319109289059339    0.000459608009984433    0.00101830739309495    1.90823762530426e-06    3.0749594818049e-06
27.9307264999979    0.0301200880232511    0.0145018130713581    0.000907219709446432    0.000210302585496267    2.63021613842798e-06    1.77190684895748e-06
28.2842799999979    0.0303781275882921    -0.0131509351159891    0.000922830642815508    0.000172947094865557    2.65423376600454e-06    6.63777479505053e-07
28.6378334999978    0.0220688594072508    -0.0310464485974103    0.000487034559160002    0.000963881975781526    1.90341769708321e-06    2.29562291048464e-06
28.9913869999977    0.0101381901094725    -0.034895983154642    0.000102782899476275    0.00121772965409196    8.83441768325287e-07    3.70983901915806e-06
29.3449404999977    -0.00211692262214639    -0.0342936940068782    4.48136152769688e-06    0.00117605745937915    3.73552874976257e-07    3.27746099729386e-06
29.6984939999976    -0.0140337516217462    -0.0326827150057052    0.00019694618748023    0.00106815988232472    1.70275285443677e-06    4.70962549937e-06
30.0520474999975    -0.0243845912526745    -0.0238182414018051    0.000594608300156169    0.000567308628899202    3.09776665966341e-06    2.32906418861867e-06
30.4056009999974    -0.0291813588478954    -0.00141181689907357    0.000851551718041498    1.99322720011206e-06    3.7191203566243e-06    4.93560893428362e-07
30.7591544999974    -0.0252486668915592    0.0220018759811448    0.000637495190188667    0.000484082558722576    3.22300279906733e-06    3.46884697176235e-06
31.1127079999973    -0.015364410927409    0.03157424346951    0.000236065127270107    0.000996932864895422    2.03071955375596e-06    3.77140950790811e-06
31.4662614999972    -0.00396962212913047    0.0322430350319334    1.57578999739435e-05    0.00103961333184621    3.54769189761088e-07    4.87603587087453e-06
31.8198149999971    0.00730628203928633    0.0314876862089897    5.33817588496008e-05    0.000991474406345687    1.26964670956051e-06    4.85282245785872e-06
32.1733684999971    0.0180013185249687    0.0279521636017854    0.000324047480120259    0.00078132348467706    3.38863967236599e-06    5.88694196250783e-06
32.5269219999972    0.0257696593078224    0.0136544522869689    0.000664075363473445    0.00018644407901958    4.75733197962978e-06    3.42964568160043e-06
32.8804754999974    0.0264362350566804    -0.0101738136421696    0.000698874547825595    0.000103506485105048    4.88400854967205e-06    1.03896657662402e-06
33.2340289999975    0.0195514717216578    -0.0263826041020824    0.000382260059205068    0.000696041817708539    3.56683115828273e-06    4.30131649593522e-06
33.5875824999976    0.00929677797263579    -0.0302057091588548    8.64300836926027e-05    0.000912384911172219    1.7378483179787e-06    6.73668264656381e-06
33.9411359999977    -0.00134027518656601    -0.0298214918453389    1.79633791541615e-06    0.000889321412477174    5.82830681274219e-07    6.04942614120039e-06
34.2946894999978    -0.0117296173807886    -0.0286152900053406    0.000137583932795833    0.000818834893901213    2.98263902467757e-06    8.47416454412982e-06
34.6482429999979    -0.0208873254615805    -0.0214621038840967    0.000436280396508064    0.000460621922830748    5.61872523409004e-06    4.43835448945667e-06
35.001796499998    -0.0254234179514259    -0.00242775276311545    0.000646350227300206    5.89398376611069e-06    6.85327074830033e-06    5.36000004376113e-07
35.3553499999981    -0.0223682061335821    0.0184089685037603    0.00050033668212977    0.000338890157750714    6.04113801944076e-06    6.03144072170875e-06
35.7089034999982    -0.0138974977627001    0.0274180894982653    0.000193140458955671    0.000751751676287682    3.85893995962776e-06    6.6747881960976e-06
36.0624569999983    -0.00394633309477381    0.0282539892585993    1.55735455448623e-05    0.000798287991397858    8.061979980748e-07    9.0759468843182e-06
36.4160104999984    0.00594970353054773    0.0276854296926904    3.5398976914449e-05    0.000766483094424101    2.19386343810418e-06    8.78380316872192e-06
36.7695639999985    0.0153997924450847    0.0249050400336068    0.000237153644171342    0.000620261146398414    6.06792011411206e-06    1.12837430391785e-05
37.1231174999986    0.0224541892829162    0.012947273930228    0.000504190691727657    0.000167631945014643    8.68185626795095e-06    6.54142805211137e-06
37.4766709999987    0.0234159077087159    -0.00792652092654653    0.000548304815962025    6.2829736930027e-05    9.06305267142886e-06    1.71203007285581e-06
37.8302244999988    0.01761674794259    -0.0228140736194123    0.000310349853492203    0.000520482021545078    6.73939568737732e-06    8.15065128504815e-06
38.1837779999989    0.00864571517955272    -0.0266106324417787    7.47484027055609e-05    0.000708125910771249    3.42631180390747e-06    1.23215180184463e-05
38.537331499999    -0.000749255522362463    -0.0263808086155518    5.61384636764468e-07    0.00069594719028571    8.93853354893842e-07    1.12727697071571e-05
38.8908849999991    -0.00995875366478029    -0.0254568847993762    9.91768023610164e-05    0.000648053220258504    5.27306755592159e-06    1.53808254707339e-05
39.2444384999992    -0.0181821347759002    -0.0195896522227305    0.000330590130844144    0.000383754548688179    1.02876210376289e-05    8.63021725437561e-06
39.5979919999993    -0.0224989929946541    -0.00317665567729673    0.000506204848012701    1.00911415723256e-05    1.27373155899849e-05    5.29361926167096e-07
39.9515454999994    -0.0201187332999214    0.0156172254824608    0.000404763559824834    0.000243897840514131    1.14119002871535e-05    1.0428044253831e-05
40.3050989999995    -0.0127491082686728    0.0241779723240394    0.000162539816171908    0.000584574488138027    7.38414284854765e-06    1.19346559325445e-05
40.6586524999996    -0.00392367677989787    0.0251411056768539    1.53952426378218e-05    0.000632075485025992    1.77896374433101e-06    1.70402833804714e-05
41.0122059999997    0.00489319920493029    0.0247023112174613    2.39434130463904e-05    0.000610204438253522    3.81932716900583e-06    1.6086304986313e-05
41.3657594999998    0.0133612298535784    0.0224827010986459    0.00017852258333322    0.000505472319081888    1.09605230826565e-05    2.16884954616607e-05
41.7193129999999    0.0198402297404583    0.0123461866711167    0.000393634972117979    0.000152428478121293    1.59988690701406e-05    1.23613605303677e-05
42.0728665    0.0210235269994586    -0.00616732470474877    0.000441988975726313    3.80359029873679e-05    1.69773186135054e-05    2.99559065925862e-06
42.4264200000001    0.0160813655996447    -0.019988366271227    0.000258610484734365    0.000399535030362343    1.28524288857217e-05    1.56259276889595e-05
42.7799735000002    0.00812673339914745    -0.0237648927160712    6.60438417634956e-05    0.000564770641133944    6.78400154234143e-06    2.2700827524757e-05
43.1335270000003    -0.000284458858286849    -0.0236517588106391    8.09186123541276e-08    0.000559406145363542    1.33052480994069e-06    2.12256188838526e-05
43.4870805000005    -0.00855499948326288    -0.0229315280025714    7.31881046839127e-05    0.000525855769261428    9.40878762765746e-06    2.81554384350671e-05
43.8406340000006    -0.0160255045002253    -0.018060493251696    0.000256817155964587    0.000326181708850288    1.90125707068748e-05    1.70984131211311e-05
44.1941875000007    -0.0201546262145515    -0.003746908415106    0.000406209528091681    1.40393276955185e-05    2.38797695446108e-05    2.24150091698893e-06
44.5477410000008    -0.0183103212680326    0.0133794462484485    0.000335268337352514    0.000179009902090536    2.17350856212957e-05    1.78934461223537e-05
44.9012945000009    -0.0118247860885186    0.0215764672565135    0.000139825768773535    0.000465544405211342    1.42384799944002e-05    2.15856420749919e-05
45.254848000001    -0.0039026296208482    0.0226436915687268    1.52305328762509e-05    0.000512737809956786    3.86247706930238e-06    3.22815296296308e-05
45.6084015000011    0.004047114061976    0.0222990621979164    1.6379177074288e-05    0.000497249063439379    6.69653971295831e-06    2.98082679220808e-05
45.9619550000012    0.0117200423933996    0.0205073705691937    0.000137359792340296    0.000420553995903505    1.99659012242297e-05    4.18119752531979e-05
46.3155085000013    0.0177238055213095    0.0118262308647193    0.000314134168417628    0.000139860275756251    2.97701264043005e-05    2.32226314433092e-05
46.6690620000014    0.0190781777285352    -0.00475108054728478    0.000363977896274018    2.25727971827641e-05    3.21065794042293e-05    5.55121394799519e-06
47.0226155000015    0.0148314736802185    -0.0176894118148206    0.0002199732237393    0.000312916205785957    2.47429239401443e-05    3.02561009350969e-05
47.3761690000016    0.00770308621289541    -0.0214541250340119    5.93377195271792e-05    0.000460281253761871    1.35027360123157e-05    4.21044754916436e-05
47.7297225000017    9.06298247548954e-05    -0.0214342885425712    8.21727623733295e-09    0.000459430356651703    1.87379353983039e-06    4.03896707654049e-05
48.0832760000018    -0.00741475777097634    -0.020864830241815    5.49789196500646e-05    0.00043534384207483    1.69365820202653e-05    5.19716756598901e-05
48.4368295000019    -0.0142645606411912    -0.0167837519698797    0.000203478946713923    0.000281695515116127    3.54461239528671e-05    3.44228076401793e-05
48.790383000002    -0.0182301962874086    -0.00419145797773199    0.000332342094076086    1.75683837366095e-05    4.51375524279903e-05    7.98483039074936e-06
49.1439365000021    -0.0168221863779423    0.0115408046403866    0.000282987695205448    0.000133191096229076    4.17213520782957e-05    3.04052875116552e-05
49.4974900000022    -0.01106396304905    0.0194376223432302    0.000122412043691959    0.00037782272426364    2.76648010202065e-05    3.95209513818021e-05
49.8510435000023    -0.00388341918992047    0.0205949738480988    1.5081013689737e-05    0.00042415675031157    8.31174436825542e-06    6.16644767833052e-05
50.2045970000024    0.00335426855481205    0.0203213726982395    1.12512569768201e-05    0.000412961309738761    1.18084300051848e-05    5.5869472942267e-05
50.5581505000025    0.010369823739766    0.0188629664801899    0.000107534587909858    0.000355818038931365    3.66540044879994e-05    8.08362455701581e-05
50.9117040000026    0.0159730905204108    0.0113691886486477    0.000255142746998794    0.000129260343793562    5.59126600754986e-05    4.35116653519529e-05
51.2652575000027    0.0174622649182439    -0.0035854228253439    0.00030493445079505    1.28553728593146e-05    6.12757710583307e-05    1.07713888386791e-05
51.6188110000028    0.0137925949234938    -0.015777360530713    0.000190237984856873    0.000248928589879425    4.80638459341814e-05    5.90301899320326e-05
51.9723645000029    0.00735043594893642    -0.0195383309621539    5.40296384608366e-05    0.000381752546487613    2.70152071953693e-05    7.85474439364168e-05
52.325918000003    0.000399691950526334    -0.0195968091366896    1.5975924263341e-07    0.000384040953415284    2.36375080416993e-06    7.76213594567706e-05
52.6794715000031    -0.00647005368658417    -0.0191410923615174    4.18625391379568e-05    0.000366390766701753    3.0731590836336e-05    9.66949306455693e-05
53.0330250000032    -0.0127984126901622    -0.015697975235964    0.000163803803316179    0.000246431353457347    6.6602766257191e-05    7.01922246963108e-05
53.3865785000033    -0.0166194836315899    -0.00454384578974658    0.000276214624283154    2.06470634960592e-05    8.59540718574286e-05    2.2998588248648e-05
53.7401320000034    -0.0155737606933241    0.00999937035541834    0.000242548528340996    9.99900144321882e-05    8.06610691133058e-05    5.10580783926562e-05
54.0936855000036    -0.0104259555891282    0.0176443761861811    0.000108703481009691    0.000311329385976074    5.41392945845187e-05    7.331423190769e-05
54.4472390000037    -0.00386596858998839    0.0188831607535673    1.49460297022282e-05    0.000356587841412927    1.77922300834365e-05    0.000118664939484023
54.8007925000038    0.00277644849888948    0.0186651520579117    7.70910348711439e-06    0.000348399105427235    2.09098093899697e-05    0.000105849337587762
55.1543460000039    0.00923898074678574    0.0174702025884317    8.53633567973475e-05    0.000305232518550948    6.77610350416647e-05    0.000156652705382665
55.507899500004    0.0144989337181518    0.0109615051849365    0.000210230298287789    0.000120161249961733    0.000105921312448873    8.15723135781244e-05
55.8614530000041    0.0160958540880095    -0.00260874390407461    0.000259090428961366    6.80600541365732e-06    0.000117941251793573    2.14629124515955e-05
56.2150065000042    0.0129138132723074    -0.0141574744084778    0.000166775435620483    0.000200447470981533    9.41402595080603e-05    0.000115712379754459
56.5685600000043    0.00705194806706662    -0.0179219675023954    4.97329212921512e-05    0.000321218599849545    5.43116152095262e-05    0.000147243650547774
56.9221135000044    0.000658770463849417    -0.0180489843562379    4.33983807467621e-07    0.000325788496419518    2.2985706962008e-06    0.000150532813028979
57.2756670000045    -0.00567433667461775    -0.017680177975208    3.22012504916393e-05    0.000312621543992831    5.61586567433307e-05    0.000181247780127576
57.6292205000046    -0.0115575122475451    -0.0147597322063509    0.000133591964703766    0.000217870568635647    0.000125997426997146    0.000144477792260731
57.9827740000047    -0.0152488685396265    -0.00482610741402416    0.000232555135895143    2.32948368728956e-05    0.000164754837056337    5.93641406627152e-05
58.3363275000048    -0.0145088782885499    0.0086851095446897    0.000210532180014226    7.54382824210576e-05    0.000156942098467499    8.45849738281885e-05
58.6898810000049    -0.00988219832440521    0.0161154979839224    9.76692188750709e-05    0.000259728293492445    0.000106654358531708    0.000137906572131352
59.043434500005    -0.00385002794568497    0.0174299709105396    1.48241566626247e-05    0.000303856695619141    3.79668285413261e-05    0.000229803561517011
59.3969880000051    0.00228704428513454    0.0172572330967004    5.23194904645118e-06    0.000297853126470197    3.71144754055635e-05    0.000202564351125086
59.7505415000052    0.00827721431751395    0.0162719433521936    6.85281619543881e-05    0.000264868633277407    0.00012603609137904    0.000304126323110495
60.1040950000053    0.0132382286953817    0.0105924337705554    0.000175291596814791    0.000112223226788893    0.00020223210319479    0.000153536983461451
60.4576485000054    0.0149219413917327    -0.00177812682597998    0.000222716662541058    3.16358130026983e-06    0.000228752361195181    4.29684884560607e-05
60.8112020000055    0.0121585407559978    -0.012762298191667    0.000147864617700383    0.000162927880548754    0.000185753560189517    0.000227212270197338
61.1647555000056    0.00679529024615502    -0.0165366803675753    4.6187994396171e-05    0.000273538563311705    0.000109657953115128    0.000277066295958603
61.5183090000057    0.000879162793968512    -0.016725800606669    7.72931739657696e-07    0.000279839033180275    2.12634878994516e-06    0.000294325068972209
61.8718625000058    -0.00499428886654    -0.0164235041889583    2.49535821535807e-05    0.000269848511129091    0.00010325149459121    0.000342083738812214
62.2254160000059    -0.0104912833983793    -0.0139357029943926    0.000110124488485065    0.000194293348697679    0.000239710533675959    0.00029921689417074
62.578969500006    -0.0140641805713807    -0.0050522449288891    0.000197902027295097    2.55456999731715e-05    0.00031757227633065    0.000143252056480492
62.9325230000061    -0.0135857051489991    0.00754759777624684    0.000184665661415871    5.69853042433958e-05    0.000307045632326359    0.000138101598069993
63.2860765000062    -0.00941112391477836    0.0147915299201689    8.86139261026879e-05    0.000218858629896225    0.000211359322895456    0.000263196726752902
63.6396300000063    -0.00383500619738136    0.0161767984759725    1.47138123644358e-05    0.00026188888396183    8.08692183859582e-05    0.000447297473280079
63.9931835000064    0.00186658087299521    0.0160430852490125    3.4884659059755e-06    0.000257533678668026    6.58919611480243e-05    0.000391272744953782
64.3467370000062    0.00744679248508466    0.0152214530249559    5.55102346687698e-05    0.000232041849485321    0.000235619084236683    0.000590946101078682
64.7002905000059    0.012142447281278    0.0102513071948061    0.000147590132181119    0.000105174054551919    0.000388723812627633    0.000291127720487314
65.0538440000057    0.0138956389874697    -0.0010617251591057    0.000193288214710865    1.13442617776307e-06    0.000446577922401366    8.46514281335535e-05
65.4073975000054    0.0114973313893268    -0.0115384335159777    0.000132324651696227    0.000133333906128174    0.000368812445869329    0.000445486392089697
65.7609510000052    0.00656989268867576    -0.0153286868266155    4.32128531327661e-05    0.000235241586145124    0.000222178288882649    0.000522442644381945
66.1145045000049    0.00106917003615958    -0.0155754071376707    1.14324984731074e-06    0.000242929320015186    1.11929035228132e-05    0.000579665861495825
66.4680580000047    -0.00440404298442367    -0.015322339010055    1.94319824371431e-05    0.000235195759082977    0.000190755939597602    0.000649373809084537
66.8216115000044    -0.00955787579118954    -0.0131924726459296    9.15626274414839e-05    0.000174427614278917    0.000457862208177025    0.000621514091003512
67.1751650000042    -0.0130185843543762    -0.00522659794726304    0.000169861331344031    2.74259397772839e-05    0.000614648478417932    0.000329565888631869
67.5287185000039    -0.0127664562093027    0.00654726229157945    0.000163346191647162    4.29160068664576e-05    0.00060314799437439    0.000222178648207897
67.8822720000037    -0.00899237680271541    0.0136225595107591    8.10399122246894e-05    0.00018583413661852    0.000420798838728425    0.000509910770965206
68.2358255000034    -0.0038188712428479    0.0150703252979073    1.46133936152609e-05    0.000227877117543409    0.000172093131211579    0.000873162618683113
68.5893790000032    0.00149907137002676    0.0149748051441903    2.26081901237193e-06    0.000224825928637652    0.000116636357702181    0.000762325082353132
68.9429325000029    0.00671376418526167    0.0142629709230812    4.5269778337316e-05    0.000204745010775422    0.000441756496289249    0.00114571864904177
69.2964860000027    0.0111635164515179    0.00991995012311914    0.00012518729489298    9.87159757633356e-05    0.000750463409946386    0.000557283875743828
69.6500395000024    0.0129686743191664    -0.000431785085667402    0.000168952781224777    2.12205833122563e-07    0.000875367139074479    0.00016052249972436
70.0035930000022    0.010896207028324    -0.0104275108328411    0.000119267787175804    0.000109485591298603    0.000735159555271563    0.000867530477611868
70.3571465000019    0.00636122008865922    -0.0142415713697337    4.06683640154244e-05    0.000203787228322693    0.000450824798633292    0.00098227961572748
70.7107000000017    0.00123517455168181    -0.0145401862688721    1.52725822420462e-06    0.000212736374115017    4.00256303169286e-05    0.00114863283146567
71.0642535000014    -0.00387804542950598    -0.0143184715808629    1.51639763009021e-05    0.000206544487056638    0.000353185429469904    0.00123525650966067
71.4178070000012    -0.00870687210467834    -0.0124681992396875    7.65733125347471e-05    0.000157113983166964    0.000873893979565786    0.00128762994933307
71.7713605000009    -0.012048772464253    -0.00532746857250161    0.000146586748126382    2.89100146204995e-05    0.00118904593310772    0.000726700233595104
72.1249140000007    -0.0119944136900711    0.00564614332395739    0.000145268281034515    3.20035843753339e-05    0.00118419646425385    0.000353057984848594
72.4784675000004    -0.00859234845671308    0.0125450399313982    7.45308998449752e-05    0.00015838633826125    0.000838121616112816    0.00100414709125484
72.8320210000002    -0.00379292683515471    0.0140305422871266    1.45202482645214e-05    0.000199735958168026    0.000365997660763847    0.00169700951593675
73.1855744999999    0.00116639143808375    0.0139847005748184    1.40214713661842e-06    0.000197812649062561    0.000204152271070716    0.00149692982308243
73.5391279999996    0.00603033881943701    0.0132784185764566    3.70444348206961e-05    0.000181098538319297    0.000824286687680394    0.0021868101032573
73.8926814999994    0.0102193444405777    0.00954694863094149    0.000106516180628211    9.22995548366538e-05    0.0014426294857112    0.00107486123514532
74.2462349999991    0.0120472548157989    0.000144599047387581    0.000148051843825926    9.86098475865439e-08    0.00170748213142508    0.000278748924807161
74.5997884999989    0.01028169341794    -0.00931937513872774    0.000107842220260268    8.95647258436179e-05    0.00145910956400038    0.00164741399389505
74.9533419999986    0.00613113102806266    -0.0131753776760448    3.84157539744798e-05    0.000176860073654576    0.000908287559755779    0.00180817497719547
75.3068954999984    0.00138045058566491    -0.0134999581688971    1.92002903964101e-06    0.000187434988492675    0.000119938401600163    0.00227730497094761
75.6604489999981    -0.00337475396499352    -0.0132968171002151    1.18093372867286e-05    0.000182194402607193    0.000648361752796305    0.00232143438645587
76.0140024999979    -0.0078359112000107    -0.0115840095224181    6.40723932212275e-05    0.000140968515673451    0.00163428543613848    0.0026036971901467
76.3675559999976    -0.0110118136948022    -0.00524889639077539    0.00012634480839685    2.97837169179003e-05    0.00225494291453621    0.00149425687109189
76.7211094999974    -0.0111285341970629    0.00479821217194612    0.000129039355868507    2.3353328037374e-05    0.00227927236049315    0.000574880848839209
77.0746629999971    -0.00811889767928138    0.0114099030377044    6.86087444686281e-05    0.00013424517461801    0.0016408061866008    0.00201476730373323
77.4282164999969    -0.00371884055296075    0.0128682300569619    1.44237467044435e-05    0.000175678285018541    0.000770695559931501    0.00317599436706741
77.7817699999966    0.000838020060868868    0.0128956277694052    8.17055454487584e-07    0.00017491747608589    0.000338788772052621    0.00293602801737902
78.1353234999964    0.00529948234142898    0.0120068465786013    3.02771011276623e-05    0.00015926997251901    0.00148073901837722    0.00388659333567844
78.4888769999961    0.0091230190466338    0.0089895012466792    9.02877227999744e-05    8.5082468245232e-05    0.00265673601901494    0.00206672097322911
78.8424304999959    0.010903758853904    0.000687397527496837    0.000129041638072575    5.95242800594302e-07    0.0031858563885533    0.000350324763306189
79.1959839999956    0.00945841464490693    -0.00800849799416961    9.71556662191422e-05    7.21121095237957e-05    0.0027738166168931    0.00282419358422491
79.5495374999954    0.00576530077102919    -0.0119371925996261    3.62692980118182e-05    0.000152253786546882    0.0017408633006036    0.00312365481228541
79.9030909999951    0.0014835954267506    -0.0121415665759541    2.31369996605362e-06    0.000165867629900136    0.000335625648272471    0.00429534526921992
80.2566444999949    -0.00281398638044789    -0.012029532711126    9.15407000282302e-06    0.000161558985898822    0.00111155326164641    0.00410479337491824
80.6101979999946    -0.00677287632617145    -0.0102078903017082    5.35550802100596e-05    0.00012602481746513    0.00277186335890603    0.0046715942732028
80.9637514999944    -0.00966599958994619    -0.00483665468345312    0.000108596044259095    2.98355696157559e-05    0.00389416180791899    0.00253817672528665
81.3173049999941    -0.00991548653777343    0.00393365274033761    0.000114290434556954    1.6647289408702e-05    0.00399669379314805    0.00108335844813078
81.6708584999939    -0.00737834031180917    0.00988737279830404    6.31055079707696e-05    0.000112567853585456    0.00294373949491141    0.0038480790964861
82.0244119999936    -0.00348561351898786    0.0113122469580859    1.43100395006476e-05    0.00015442509564777    0.00146987683051904    0.00514375003349175
82.3779654999934    0.000501469928774304    0.011319416096829    4.429073671213e-07    0.000155368014632966    0.000437533173206781    0.00521908362261173
82.7315189999931    0.00443098540936303    0.0104510777445715    2.49002807676026e-05    0.000141920436354085    0.00229491809649375    0.00571799006041526
83.0850724999928    0.00774434252569415    0.00809083914158502    7.72841060573453e-05    7.91834427332404e-05    0.00416044046971838    0.00370429004240168
83.4386259999926    0.00939212731617632    0.00104419191471084    0.00011371134922216    1.21257171759481e-06    0.00504968253446633    0.000349621170479317
83.7921794999923    0.0082748710965084    -0.00659317300707958    8.84100692097678e-05    5.83518249331991e-05    0.00446503947865388    0.00385770587680247
84.1457329999921    0.00515436599638515    -0.0104231448998055    3.44453157499539e-05    0.000133048417784494    0.00280674667992365    0.00494029029330792
84.4992864999918    0.00146735789522848    -0.010322238210602    2.68394452384806e-06    0.00014832226327995    0.000728563882688893    0.00646325472216112
84.8528399999916    -0.00220108668048531    -0.0103803850472861    7.08509516987804e-06    0.000145061590466266    0.00149676738168234    0.00610812546828777
85.2063934999913    -0.00561134964336431    -0.00865681427407129    4.55286439782067e-05    0.000115819939392191    0.0037471854982269    0.0063937083149317
85.5599469999911    -0.00815079320093821    -0.00444574177590849    9.56436620574427e-05    3.07337605285151e-05    0.00540446410414411    0.00331196929189526
85.9135004999908    -0.00848875499107883    0.00296545063487549    0.000103823902029046    1.1804086050521e-05    0.00563603945430483    0.00173498950505114
86.2670539999906    -0.00641947491367949    0.0081428387808074    5.91961549041054e-05    9.73705907343062e-05    0.00424104901371643    0.00557357760546001
86.6206074999903    -0.00311176110306144    0.00963047371870039    1.42934339748236e-05    0.000137657176865132    0.00214717880305704    0.00670157838263146
86.9741609999901    0.000249153459701055    0.00951455322561187    1.92392215555603e-07    0.000139550684641718    0.000360991369806257    0.00700171133071887
87.3277144999898    0.0035912651752172    0.00902225339748126    2.05769259272203e-05    0.000129384345519632    0.00277123444848906    0.00692699712366548
87.6812679999896    0.0064334355380429    0.0070079046209904    6.72050822600866e-05    7.5896340154936e-05    0.00508094375465162    0.00517548190780698
88.0348214999893    0.00793676851382703    0.00115253424568073    0.000102215805105103    2.08806968757313e-06    0.00626286760701729    0.00087162750077443
88.3883749999891    0.00710309692791236    -0.00543052736065004    8.19747914015105e-05    4.8263817306117e-05    0.00561433926960177    0.00433280392948357
88.7419284999888    0.00451896524450896    -0.00881304698232754    3.31621507770888e-05    0.000118750499783878    0.00356946829317881    0.00640942295929716
89.0954819999886    0.00138560931232306    -0.00873884011175528    3.0702013068821e-06    0.000133180778995751    0.00107251486725626    0.00753746990023366
89.4490354999883    -0.00171700002908019    -0.00881764229438746    5.39538103290305e-06    0.000130491451898404    0.00156438228481458    0.00726227486856796
89.8025889999881    -0.00465314536414654    -0.00748497939576332    3.85659258429864e-05    0.000106171501814603    0.00411268331665689    0.00708142536920366
90.1561424999878    -0.0068689497170983    -0.00414603178000103    8.39866841099011e-05    3.1400841652598e-05    0.00606664766521646    0.0037697827698449
90.5096959999876    -0.00726740027140629    0.00211023583729115    9.41151551061412e-05    8.00566683656553e-06    0.00642651137097765    0.00188482666247526
90.8632494999873    -0.00558711097084405    0.00672443740759225    5.55234394197786e-05    8.36816153062808e-05    0.00493027691101145    0.00620189945562284
91.2168029999871    -0.00280243110495358    0.00826025415333189    1.42776661953322e-05    0.00012290486681629    0.00253457019972239    0.00739412389256854
91.5703564999868    8.26861517281861e-05    0.00815283564561573    5.94360914810264e-08    0.000125324239950043    0.00022934491883059    0.00767173454217625
91.9239099999865    0.00295823533161898    0.0078489134392807    1.67537183959074e-05    0.000115622650850064    0.00282888001135937    0.0073496400369503
92.2774634999863    0.0054394472907799    0.00606893769891285    5.7369370588518e-05    7.02293502852935e-05    0.00527084279402689    0.00577904364856399
92.631016999986    0.00681133218832599    0.00120079190302059    8.98982815955286e-05    3.08116225746403e-06    0.0065957588961243    0.00128033630859405
92.9845704999858    0.0062005972649393    -0.00448616708866924    7.4564847186244e-05    3.81864220335922e-05    0.00600977876001033    0.00424979139324898
93.3381239999855    0.00404170146754692    -0.00743713420956498    3.15669925694295e-05    0.000102925946146996    0.00390277360561161    0.00690036092504694
93.6916774999853    0.00133324585054099    -0.00764245654449978    3.4490789354594e-06    0.000118829250717683    0.00129287835370333    0.00777316593693427
94.045230999985    -0.00137361890255985    -0.00769553718507753    3.98791387423779e-06    0.000116577944155553    0.00144951198158831    0.00757341743129496
94.3987844999848    -0.00396858381829199    -0.00669726154387951    3.20104871767404e-05    9.47089981714959e-05    0.00403247190367539    0.00706085589602058
94.7523379999845    -0.00593737179246267    -0.00387958377512259    7.18334102846467e-05    3.02691342192242e-05    0.00604822506878797    0.00390102088574642
95.1058914999843    -0.00637573649310604    0.00147181210977784    8.29672724346601e-05    4.90950612322707e-06    0.00650517152772592    0.00165628356169419
95.459444999984    -0.00499544724699593    0.00566996642514786    5.09572574768668e-05    6.84452521702547e-05    0.00509929056627955    0.00602467699615098
95.8129984999838    -0.00261399806044499    0.00727739583892137    1.41081805904648e-05    0.000107017928278635    0.00269725688996333    0.00735237635613718
96.1665519999835    -3.88843526190148e-05    0.00726711475762912    2.601999889825e-08    0.000112093086776579    0.000156550330627725    0.0076994889360287
96.5201054999833    0.00252877514470181    0.00710338332510873    1.34453994166841e-05    0.00010246625804791    0.00265531461115674    0.00721167133086895
96.873658999983    0.0047981492685775    0.00543393879378404    4.83195338099603e-05    6.32138198470727e-05    0.00502964187655637    0.0058039752784175
97.2272124999828    0.00609302159593695    0.00129209097365782    7.78621556106543e-05    4.19324446731704e-06    0.00638257341846533    0.00158863003342787
97.5807659999825    0.00564750571143597    -0.00376866145436226    6.69461745846457e-05    2.88945375865936e-05    0.00592046060910329    0.00383297905407762
97.9343194999823    0.00377537897170091    -0.00645948685770161    2.98204987558881e-05    8.7519767062174e-05    0.00394550533847399    0.00676718527878128
98.287872999982    0.00133573237813336    -0.00708540585322261    3.81634814679845e-06    0.000106231146227735    0.00142554100635676    0.00748519673240818
98.6414264999818    -0.00116003011867741    -0.0070492798384713    2.89377223881734e-06    0.000104958320277874    0.00124422761686864    0.00743410882599897
98.9949799999815    -0.0035842801107446    -0.00644892593149851    2.67465084171696e-05    8.5702266370915e-05    0.00372819587802066    0.00664180854142613
99.3485334999813    -0.00545870334986844    -0.00382959208847022    6.21973176296733e-05    3.01177628291084e-05    0.00569208884047046    0.00393090158424689
99.702086999981    -0.00596204485665398    0.00107988871804775    7.42674344082119e-05    2.8610782657071e-06    0.00622265663004618    0.0013018904033521
100.055640499981    -0.00476540172013167    0.00519817319788284    4.75288511759027e-05    5.68198859601834e-05    0.00498194717170594    0.00545883516558212
100.409193999981    -0.00260280840178821    0.00675594511955991    1.41280448302882e-05    9.41264127164689e-05    0.00271172145580421    0.00696301789872492
100.76274749998    -0.00014474211289021    0.00697887950659338    7.76894591852801e-08    0.000102006074173994    0.000238199873932288    0.00730077495930704
101.11630099998    0.00229913389382051    0.00677888983455689    1.08904095115765e-05    9.36710296986274e-05    0.00236735989022841    0.00690779865873121
101.46985449998    0.00452368709603246    0.00537935106523504    4.16796634007027e-05    6.00787408636908e-05    0.00460607408297913    0.00558044110986269
101.823407999979    0.00584280655477771    0.001617867399746    6.95613691910182e-05    5.68600758348277e-06    0.00595172082296077    0.00175171706057853
102.176961499979    0.0055165899870166    -0.00327765418215675    6.20592683874524e-05    2.24121263067773e-05    0.005623744597917    0.00341600781160812
102.530514999979    0.0037670829659757    -0.00606269262145936    2.89975229497625e-05    7.68086033483386e-05    0.00384793566438138    0.00632869350861936
102.884068499979    0.00144848643760338    -0.00689915279584298    4.31459260886949e-06    9.59773291782218e-05    0.00148878462141055    0.00695550284866837
103.237621999978    -0.000995885693431403    -0.00685912634918303    2.00155608188843e-06    9.5943564434999e-05    0.00100487201548609    0.00699256391897436
103.591175499978    -0.00334085259070196    -0.00629713806736066    2.24136420488233e-05    7.91060156693534e-05    0.0033544516714395    0.00628108810875557
103.944728999978    -0.00521935308948165    -0.00389146305407565    5.45523016189254e-05    3.08174982095359e-05    0.0052259597153292    0.00395904199375305
104.298282499978    -0.0058118679473736    0.000786810769807075    6.7597149633796e-05    1.57834066939605e-06    0.00581543984545342    0.00097942303521596
104.651835999977    -0.00474284597376351    0.00490425782347752    4.50634846544039e-05    4.78981834034052e-05    0.00475067329160395    0.00488328154054881
105.005389499977    -0.00267443264054148    0.0064319345746223    1.43354021593232e-05    8.37781863615049e-05    0.00268007690384614    0.00651217352266378
105.358942999977    -0.000308803342302404    0.00680683991158825    2.21496603359824e-07    9.25802818955156e-05    0.000355157851022173    0.00680053029649342
105.712496499977    0.00207046987646155    0.00653255999836556    8.56704494290954e-06    8.5789768716786e-05    0.00206886428592473    0.00656623397272288
106.066049999976    0.00421976771328374    0.00536207568387668    3.55354811873769e-05    5.71928359062853e-05    0.00421058685141455    0.00533300855677766
106.419603499976    0.00556832324233995    0.00185980696263106    6.1767516156307e-05    7.22760190037432e-06    0.00554628636342587    0.00194131912938686
106.773156999976    0.00536635246437451    -0.00289615119651057    5.73823195131026e-05    1.70002051385031e-05    0.00534645496952927    0.00293470839870906
107.126710499976    0.00375805451113589    -0.00578483932654673    2.82126437432246e-05    6.65577036149958e-05    0.00375362092312953    0.00575268090380773
107.480263999975    0.0015547970711154    -0.00651522731496996    4.83863552063385e-06    8.59676943416408e-05    0.00155603392902752    0.00659693166372899
107.833817499975    -0.000775375811945519    -0.00659666416858931    1.25730652370124e-06    8.71135345864254e-05    0.000809999304907766    0.00660284457134009
108.187370999975    -0.00301284295319181    -0.00593105945608589    1.83162483907869e-05    7.22693298615416e-05    0.00303957657087123    0.00609030898969139
108.540924499975    -0.00482340606621812    -0.0039173084413484    4.68655690072332e-05    3.08134103300915e-05    0.00485801635728034    0.0039329511699781
108.894477999974    -0.00547716545296077    0.00036211204308723    6.04196262667968e-05    8.17826257498087e-07    0.005515458717794    0.000828674318263381
109.248031499974    -0.00457144049971077    0.00434794645586098    4.22020993170248e-05    3.90150999841075e-05    0.00461562900097364    0.00448446893188853
109.601584999974    -0.00266752153501288    0.00603542126962233    1.44599822819148e-05    7.33272431192929e-05    0.00271003895583759    0.00607461383278668
109.955138499974    -0.000459675444530436    0.00635471302942526    4.50903077569007e-07    8.37907763305808e-05    0.000489491126849867    0.00658850503864372
110.308691999973    0.00177978098248707    0.00619975485608709    6.57056468631586e-06    7.80838035436389e-05    0.00184470711515222    0.00629657393096146
110.662245499973    0.00381137191693372    0.00507613663182624    2.98682936113408e-05    5.38265153174369e-05    0.00391685303810978    0.0052971079102156
111.015798999973    0.00514424196061184    0.00200293131112625    5.42061758239623e-05    8.89540253416312e-06    0.00526715772259031    0.00220990241799795
111.369352499973    0.00507292462881833    -0.0024141406909694    5.27176436717491e-05    1.22437972004436e-05    0.00519452398031596    0.00253292754034721
111.722905999972    0.00365285001577524    -0.00522188151680059    2.74097260708197e-05    5.66379433541337e-05    0.00375052167479013    0.00541940003862329
112.076459499972    0.00160600007236695    -0.00610987456320458    5.37520913225272e-06    7.71617450767445e-05    0.00167211629374576    0.00631119464908588
112.430012999972    -0.000575891226712228    -0.00616888128309363    7.36751039689289e-07    7.94614982900311e-05    0.000636474928559777    0.0064347806493406
112.783566499972    -0.00269516019980707    -0.00569975521658727    1.49688222027458e-05    6.66982323256279e-05    0.00277577623379871    0.00584901896018589
113.137119999971    -0.00444168394580573    -0.00388098847012752    4.05628884014115e-05    3.13634463006661e-05    0.00456446405692751    0.00403749610469203
113.490673499971    -0.00516921729922443    3.36968741393978e-05    5.48290195132594e-05    6.79407864324602e-07    0.00530171783732954    0.000823572938480761
113.844226999971    -0.00443186016669143    0.00392740757544432    4.03564889435739e-05    3.16660974066619e-05    0.00455138488885171    0.00403008277123492
114.197780499971    -0.00268750181421254    0.00563025575085055    1.48792507373204e-05    6.57059062970205e-05    0.00276705343929688    0.00583147721225375
114.55133399997    -0.000592024632518045    0.00609026113324406    7.78754120360674e-07    7.67179237035716e-05    0.000654416499526523    0.00629496966096488
114.90488749997    0.0015417622954092    0.00586320767386343    4.90432614935397e-06    7.10357948484437e-05    0.00158974688985653    0.00605463381399673
115.25844099997    0.00348301224082078    0.00493538778997287    2.47938410987669e-05    5.01731140655337e-05    0.00355843600884707    0.00508085243124817
115.61199449997    0.00480218930047938    0.00219475376484926    4.70297853132356e-05    1.042196286299e-05    0.00489579035862413    0.00236749208545034
115.965547999969    0.00485709715347292    -0.00191842239956627    4.80489735135529e-05    8.23185658638425e-06    0.00494546062114321    0.00213342730910305
116.319101499969    0.00360877419603557    -0.00479028183178543    2.6578316487473e-05    4.71085273452468e-05    0.00368172042522255    0.00491545799669911
116.672654999969    0.00170090784458485    -0.00576792008050281    5.9634480201678e-06    6.86433036460414e-05    0.00175224442484419    0.00594763832045744
117.026208499969    -0.000388072947289211    -0.00593753655039497    3.66380516707985e-07    7.26825077212189e-05    0.000464521155912463    0.00611785644110277
117.379761999968    -0.00238696734342006    -0.00523199136212155    1.17187649825165e-05    5.80000386621418e-05    0.00245380355447674    0.00553410381623144
117.733315499968    -0.00401183797450168    -0.00367130368679679    3.31939721265078e-05    2.84145533508552e-05    0.0041351092117203    0.00386472283484437
118.086868999968    -0.00474380543989428    -0.000246270342199251    4.63802201992131e-05    1.1177156931832e-06    0.00488636164724251    0.00102813744788149
118.440422499968    -0.00416977179303087    0.0033152308261305    3.58462093754489e-05    2.35491891972852e-05    0.00429641857475422    0.0035437880533067
118.793975999967    -0.00262231381847093    0.00517413478594969    1.41850526195366e-05    5.5594304074541e-05    0.00270342798257934    0.00536867146427925
119.147529499967    -0.000676417348295667    0.00569626512957697    1.06013453457047e-06    6.78840997609001e-05    0.000776269351124423    0.00595287017618103
119.501082999967    0.00131520038552359    0.00538081164582262    3.62360960173151e-06    6.13029021528479e-05    0.00137617496985307    0.00568768566158745
119.854636499967    0.0030347416476351    0.00429647064057819    1.91273260065318e-05    4.0843950179301e-05    0.00314923310325558    0.00473120388632223
120.208189999966    0.0041775575462031    0.00192183933394182    3.63554790351373e-05    9.55960182326792e-06    0.00434781462154251    0.0024220106105841
120.561743499966    0.00426012830441911    -0.00147815584566901    3.77807625365227e-05    6.68225350812297e-06    0.00443080910967849    0.00212068592772186
120.915296999966    0.0032306440169107    -0.00406851270565874    2.17566928781425e-05    3.63965405819491e-05    0.00336446609644704    0.00445463185300902
121.268850499966    0.00157211014809836    -0.00512209968829934    5.25963413783377e-06    5.6893628079463e-05    0.0016697616057629    0.00553694165244558
121.622403999965    -0.000295970327100694    -0.00531951103798496    3.32647839153431e-07    6.10324523961461e-05    0.000495024650526961    0.00572147312437123
121.975957499965    -0.00205762592383383    -0.00448199042706588    8.98091798406041e-06    4.65472801442158e-05    0.00217878258245915    0.00514383533522465
122.329510999965    -0.00341348951227011    -0.00297074695597308    2.49769889133312e-05    2.21980184700031e-05    0.00365035316961977    0.00365686764780731
122.683064499965    -0.0040072671469481    -0.000176994026085364    3.44022470550679e-05    3.82460849796304e-06    0.00428299627224427    0.00194763487663708
123.036617999964    -0.00354561184766119    0.00267438127064677    2.69481030288225e-05    1.88012491722936e-05    0.00379166713393293    0.00341305347035574
123.390171499964    -0.00226831182697514    0.00430444883090766    1.12048559827656e-05    4.33729493407377e-05    0.00246162902127235    0.00498444275750413
123.743724999964    -0.00063061911899889    0.00484109334782656    1.0919499091726e-06    5.45371961677837e-05    0.000833228321605585    0.0055768280738618
124.097278499964    0.00106996001656424    0.00459988943123358    2.67485448833896e-06    5.01138200224225e-05    0.00123694787735491    0.00538096991655297
124.450831999963    0.00252122834563942    0.00356842164567175    1.4171256103704e-05    3.39869253828272e-05    0.00279547200537732    0.00461012931939317
124.804385499963    0.00347611740234704    0.00164821210943136    2.69464459146112e-05    1.09108680031597e-05    0.00385526311938773    0.00286256263608038
125.157938999963    0.00356929385610524    -0.00111197255827228    2.85282961126828e-05    7.69968479733801e-06    0.0039734666830681    0.00254228279838955
125.511492499963    0.00276432393029435    -0.00325525629965422    1.72874074331276e-05    2.85853706393474e-05    0.00310578824801846    0.00424130605626485
125.865045999962    0.0014100043617633    -0.00424853727338777    4.75343935914751e-06    4.5669474315305e-05    0.00166292725606262    0.00525541676291612
126.218599499962    -0.000145673643561929    -0.00444266226116255    3.56453000471534e-07    4.99035779103955e-05    0.000578992392042354    0.00549238836423987
126.572152999962    -0.00163596411041539    -0.00383706151977199    6.26170228256126e-06    3.92354045901593e-05    0.00189349510482442    0.00495099621123308
126.925706499962    -0.00280718581934902    -0.00263118930171702    1.80534359919861e-05    2.14774881975384e-05    0.00318953660703744    0.00381501389985257
127.279259999961    -0.00337936063409454    -0.000447622828234641    2.60496974187225e-05    6.58554412284267e-06    0.00382486851060983    0.00252689096054537
127.632813499961    -0.00310400598673994    0.00195666000570934    2.21092653004467e-05    1.46257232313057e-05    0.00353191338154396    0.00328591004949362
127.986366999961    -0.0020926953198915    0.00354512623309664    1.03666641567108e-05    3.41083877554025e-05    0.00244689404241685    0.00464117094565719
128.339920499961    -0.000709065963083275    0.00416521638441085    1.53081224989779e-06    4.57863210141158e-05    0.00101392194467551    0.00533266288875935
128.69347399996    0.000760218261593478    0.00399445512633227    1.62555210782004e-06    4.36586723563439e-05    0.00102353324448199    0.00526336400033873
129.04702749996    0.00201584914399208    0.00307516074176628    9.82933795136879e-06    3.01333027877636e-05    0.00240118516154735    0.00454716276375314
129.40058099996    0.00288369948563429    0.0016863837042299    1.99905639226006e-05    1.31301262152462e-05    0.00341684667480897    0.0032072162723075
129.75413449996    0.00310100664354815    -0.000496108068263062    2.29952110892789e-05    7.23806088969518e-06    0.00365772728425032    0.00264422723575329
130.107687999959    0.00254826860342297    -0.0025208945270934    1.5615220480369e-05    2.13998221843783e-05    0.00302018999488074    0.00387877725161536
130.461241499959    0.00143563623724309    -0.003626905533609    5.30294638603973e-06    3.71943578592888e-05    0.0018005263064877    0.00490305150998489
130.814794999959    7.58032490442286e-05    -0.00393955164116149    3.99269565321128e-07    4.35493292811822e-05    0.000627314460821259    0.00529426691316221
131.168348499959    -0.00125411950829772    -0.00344908433339363    3.94657504124137e-06    3.57197204231205e-05    0.00154070091197106    0.00488093614834891
131.521901999958    -0.00231365674464818    -0.00246305546808936    1.29726733007601e-05    2.23162123517911e-05    0.00276037420809283    0.00403107555286504
131.875455499958    -0.00290396021807937    -0.000747178092080989    2.04083794224888e-05    8.61814776453687e-06    0.00346054829099395    0.0028389914869987
132.229008999958    -0.00279748173936068    0.00131854055314219    1.90610315044009e-05    1.14423222413183e-05    0.00335188416004259    0.00311508796842685
132.582562499958    -0.00202700317439636    0.00289968655730697    1.02475852632205e-05    2.70537772797147e-05    0.00247766894362576    0.00431805455605738
132.936115999957    -0.00085602226301708    0.00360323993491333    2.21810089792585e-06    3.8094760418877e-05    0.00121873983406836    0.00501112985167245
133.289669499957    0.000444210322684561    0.00362674875031108    8.0214455791325e-07    3.95316822910175e-05    0.000777702865581533    0.0051359882976049
133.643222999957    0.00161723992193503    0.00291620977822317    6.53375910279187e-06    2.89379316766031e-05    0.00197946814515704    0.00452035974298492
133.996776499957    0.0024617845808044    0.0017659038593101    1.50306056744756e-05    1.58927357664423e-05    0.00299503294676192    0.00357411797876287
134.350329999956    0.002773103418641    -8.34599387995764e-05    1.9234860296847e-05    7.56434487137301e-06    0.00339775774980628    0.00274906880779448
134.703883499956    0.00241185431737714    -0.00190152413813867    1.47938426352557e-05    1.64568751644212e-05    0.00299613106973058    0.00358344542535494
135.057436999956    0.00151874770562218    -0.00300606835592406    6.18863859202946e-06    3.00980951541882e-05    0.00197029033360488    0.00458929713504151
135.410990499956    0.000357355081509673    -0.00347928431955625    7.17571338078631e-07    3.79244619985076e-05    0.000768029090463275    0.00508124420021293
135.764543999955    -0.000860392317218432    -0.00325329267085303    2.10833619856047e-06    3.45562566166503e-05    0.00116964150876752    0.00489615598346542
136.118097499955    -0.00185564405981226    -0.00234102659560547    8.94651256970068e-06    2.34130051711044e-05    0.00234586821730978    0.00423469002995169
136.471650999955    -0.00247505430981087    -0.00104683350827973    1.61377997881572e-05    1.11770265753511e-05    0.00316415959642427    0.0031750852242568
136.825204499955    -0.00253488150685876    0.000696834078379787    1.71702917290636e-05    9.33162164402935e-06    0.00327790595887817    0.00297422996946066
137.178757999954    -0.0020087119784738    0.00218480790367889    1.09532558952148e-05    2.07747187155481e-05    0.00263027224498732    0.00400016663897523
137.532311499954    -0.00107431231961297    0.00300857041751975    3.46275511395745e-06    3.16228374964195e-05    0.00151941046260885    0.00475093059718247
137.885864999954    4.95923393724914e-05    0.00325092951639417    3.88869256929019e-07    3.55360843386229e-05    0.000621618739103466    0.00499675310757496
138.239418499954    0.00114197488293488    0.00280285567859006    3.5949505339957e-06    2.92714647758622e-05    0.00151355340201182    0.00462768460689119
138.592971999953    0.00198583643896316    0.00191319960593526    1.06232214502339e-05    1.89332661650589e-05    0.00258450673977068    0.0039080600600436
138.946525499953    0.0024261188990626    0.000470087858815109    1.6096673660381e-05    8.98289131884498e-06    0.00319540619452243    0.00296005214883786
139.300078999953    0.00230410571066794    -0.00113098727982536    1.47783775550866e-05    1.16030240657909e-05    0.00307725111571253    0.00321308136197392
139.653632499953    0.00167366924338126    -0.0023182284444973    8.05766560755203e-06    2.28435689112103e-05    0.00229270514268879    0.00417963943305328
140.007185999952    0.000733203656529137    -0.00292739879532388    1.86288311208736e-06    3.14609788484555e-05    0.00115121479756806    0.00478448692563704
140.360739499952    -0.000333118259637443    -0.00300561005185913    6.17339062575532e-07    3.28404915521407e-05    0.000711597700721168    0.00487922122559575
140.714292999952    -0.00131777698470865    -0.00247434368136961    4.90177220771919e-06    2.56095052238208e-05    0.00177911102135065    0.00441442279016035
141.067846499952    -0.00204260927134212    -0.00155224132527631    1.16932616750674e-05    1.53307713608913e-05    0.00274244581344729    0.00359462351700366
141.421399999951    -0.00233777189965525    -4.51534331654311e-05    1.55315669274766e-05    8.31010193135534e-06    0.00317275739265688    0.00288237108971567
141.774953499951    -0.0020810434428256    0.00143406105476983    1.26043515985399e-05    1.38356606957579e-05    0.00287638832350788    0.00343207365698208
142.128506999951    -0.0013884119091931    0.00239327348050809    5.80974112022538e-06    2.45045839213816e-05    0.00197029274237007    0.00433322350783782
142.482060499951    -0.000451958804711929    0.00281546070955494    9.17586269385198e-07    3.06308696921451e-05    0.000844582446081235    0.00476487677543685
142.83561399995    0.000547657902252607    0.00275422774341893    1.07027411084259e-06    3.00128136866504e-05    0.000877692960518008    0.00473571992668822
143.18916749995    0.00143069422653801    0.00218119584643879    5.93347313295552e-06    2.24271429274653e-05    0.00197144291398619    0.00420351372151246
143.54272099995    0.00204320500160848    0.00119277916887535    1.21384314598726e-05    1.24846345118565e-05    0.00282201076916349    0.00332594533421004
143.89627449995    0.00221492589451962    -0.000264816011328981    1.43809636673016e-05    8.38763753161454e-06    0.00307815966919978    0.00288400936402057
144.249827999949    0.00187144743319993    -0.00159838899352357    1.03122884216884e-05    1.56873021409891e-05    0.00260959248283287    0.00362387289600115
144.603381499949    0.00115328416029657    -0.00237626664839193    4.03477754371674e-06    2.48895153872839e-05    0.0016446012250165    0.00438666983063737
144.956934999949    0.000243107617921499    -0.00270688467925821    4.38282764631745e-07    2.9311011803922e-05    0.000615777111250719    0.00468868714429948
145.310488499949    -0.000702672276153625    -0.00254278152457108    1.67812863620167e-06    2.6961433629035e-05    0.00108829238191157    0.00452721721892544
145.664041999948    -0.0015085111008098    -0.0019923683652312    6.8430116534252e-06    1.95907710480556e-05    0.00213714901496335    0.00395237135720843
146.017595499948    -0.00204889344648428    -0.000934405817416588    1.22431657547114e-05    1.02817718543966e-05    0.00283640642356931    0.00306735352099731
146.371148999948    -0.00212330257423283    0.000512009843057523    1.30451125538805e-05    8.92026662510649e-06    0.00292176294934013    0.0029424670848998
146.724702499948    -0.00170634217470536    0.00176142811671893    8.48135559035659e-06    1.69374052495853e-05    0.00236003219748765    0.00371951290348848
147.078255999947    -0.000948894813702867    0.00244669617930766    2.78766991085191e-06    2.51849591627725e-05    0.00137377892813207    0.00438162492335136
147.431809499947    -2.66319008319075e-05    0.00268427667315083    2.62163150650578e-07    2.83881029772597e-05    0.000511325622777362    0.00460247343493018
147.785362999947    0.000883935292232899    0.00236282904736086    2.37209368197841e-06    2.44225895294668e-05    0.00126125020559901    0.00434046407915266
148.138916499947    0.00159810996277412    0.0016405229951996    7.58178906892564e-06    1.66764256866802e-05    0.00224228312570196    0.00373966709599953
148.492469999946    0.00200942145973012    0.000593784575914154    1.19916365877327e-05    9.02034333229143e-06    0.00282025920526975    0.00294410652145908
148.846023499946    0.00197475722473335    -0.000764418530052554    1.1603726610557e-05    9.64395977300949e-06    0.00277561894249201    0.00300992094313485
149.199576999946    0.00149899163351219    -0.00185654104633735    6.81652088677032e-06    1.78854243167199e-05    0.00213764940283265    0.00379982626707913
149.553130499945    0.000727065058232961    -0.00242685218705719    1.84839267644085e-06    2.49004230751053e-05    0.00114881202880957    0.00436013893554793
149.906683999945    -0.000161927374459056    -0.00252810034090047    2.92268604983968e-07    2.69962362970708e-05    0.000515798536625265    0.00453926700728319
150.260237499945    -0.00100048805087794    -0.00212399673811795    3.04526541696017e-06    2.19890942014539e-05    0.00142978637460658    0.00418063775731863
150.613790999945    -0.00162667649070937    -0.00137130969625434    8.08438063263078e-06    1.42787947202527e-05    0.00233201720130968    0.00352112261036328
150.967344499944    -0.00192861107808452    -0.000269380324311129    1.15117819075393e-05    8.18649895108762e-06    0.00279145861818315    0.00284849665472186
151.320897999944    -0.00180785224902307    0.000915311864978111    1.01559092397152e-05    1.06224579672074e-05    0.00262441983787226    0.00312804446212609
151.674451499944    -0.00130766436780156    0.00183901450186075    5.3452942181938e-06    1.83673720952385e-05    0.00190664839951574    0.00387109774575434
152.028004999944    -0.000559645668578261    0.0023466048349821    1.16521688435982e-06    2.42905215143868e-05    0.00092304583309899    0.00433404744584383
152.381558499943    0.000306494165371595    0.00245499345985466    4.74167935705438e-07    2.5600448874687e-05    0.000616627328536944    0.00442418986784675
152.735111999943    0.00109319282296189    0.00191247310526201    3.69971857469004e-06    1.99752158911875e-05    0.00158260798257644    0.00403951265783845
153.088665499943    0.00163638935195849    0.0011186193822682    8.49121807926008e-06    1.21985886201475e-05    0.00241110928164962    0.00330866729934597
153.442218999943    0.00183886211902685    -1.45980245400653e-05    1.09158636257249e-05    7.83753319230328e-06    0.00274489521347046    0.00279952140373722
153.795772499942    0.00163067830887147    -0.00112270791604113    8.74958521151907e-06    1.16614965286404e-05    0.00246788846273391    0.00322506177675699
154.149325999942    0.00109736344311602    -0.00182969449945801    4.1057103739012e-06    1.87534152897878e-05    0.00170338012422763    0.00392500106094774
154.502879499942    0.000372881999784429    -0.00222072602989732    7.08885049596337e-07    2.34754458818455e-05    0.000754880165213726    0.00430625379906736
154.856432999942    -0.000429131368699929    -0.00223091870918587    7.64609767550893e-07    2.35657012074677e-05    0.00076187665402519    0.00431146180784106
155.209986499941    -0.00113829305895518    -0.00171629022401953    4.20871982968009e-06    1.79137097559003e-05    0.00170675386087583    0.00386885740533756
155.563539999941    -0.00161346202291033    -0.000924991081618165    8.56114795989314e-06    1.09330075843905e-05    0.00244087858373153    0.00317449194097534
155.917093499941    -0.00174911979509609    0.000176832479218786    1.01899760993595e-05    7.77520305905717e-06    0.00267031010217213    0.00278279236260101
156.270646999941    -0.00149846222087683    0.00120816160758767    7.56768189346861e-06    1.24456351270089e-05    0.00230700950714848    0.00331451062103594
156.62420049994    -0.00094104082601347    0.00186752534463946    3.16098114743339e-06    1.91442178548699e-05    0.00150845063267224    0.00395683799794725
156.97775399994    -0.000219720049921798    0.00216672188451286    4.06313519083303e-07    2.29162255059794e-05    0.000598361612025426    0.00426866979059665
157.33130749994    0.000544328194175923    0.00206468750948035    1.07400261913548e-06    2.18077922201124e-05    0.000881878356782078    0.00418865822290482
157.68486099994    0.00118459889603494    0.0015104637568949    4.635801857637e-06    1.62409146663473e-05    0.00179792305540304    0.00373622990532626
158.038414499939    0.00158890060337675    0.000744166814241711    8.52138691430783e-06    9.79092890621159e-06    0.0024488327396735    0.00303926712527756
158.391967999939    0.00166880595070848    -0.000320248534953089    9.49616848769747e-06    7.97599006794992e-06    0.00259060903777035    0.00280596346088297
158.745521499939    0.00137830146728847    -0.00126648112051408    6.59891543361198e-06    1.31457156339684e-05    0.00216776393984272    0.00339731382202908
159.099074999939    0.000817191849049637    -0.00185087894413851    2.4681788819683e-06    1.93171949279442e-05    0.00134178104168122    0.00398640716210586
159.452628499938    0.000107570384774308    -0.00211444609963739    2.67535697071926e-07    2.22596561665953e-05    0.000505929154518133    0.00421767398672818
159.806181999938    -0.000623880530737766    -0.0019233177002922    1.37699270892745e-06    2.01430627774919e-05    0.000993864071336626    0.00405510934516378
160.159735499938    -0.00120402483191933    -0.00133910559046501    4.95538817748757e-06    1.48901315047452e-05    0.00187235476916348    0.00361896777028071
160.513288999938    -0.00154739333250084    -0.000555486827520768    8.43106703587007e-06    8.97512142690662e-06    0.00245695765335954    0.00294390146087764
160.866842499937    -0.00156691310086272    0.000454908502511285    8.7661997963095e-06    8.32286882956527e-06    0.00251216701886126    0.00284884662344399
161.220395999937    -0.00124193111857847    0.00131728191549155    5.63779093062404e-06    1.36817876629788e-05    0.00202370897792407    0.00345637903275924
161.573949499937    -0.000681511040541449    0.00180996982832716    1.84737804680158e-06    1.92842056049493e-05    0.00117597650844806    0.00400102672141722
161.927502999937    6.2119059846729e-06    0.00201285887909254    1.98531714035842e-07    2.14917075932018e-05    0.000445525674074884    0.00417613538167288
162.281056499936    0.000683630484799514    0.00174505040709971    1.71392629893107e-06    1.88758440122692e-05    0.00111650152672706    0.00397877406859831
162.634609999936    0.00120772422890869    0.00118031436750337    5.28652323248166e-06    1.33682409571609e-05    0.00195650847669735    0.00346050559182123
162.988163499936    0.00149991270526997    0.000428527378548218    8.25547790807045e-06    8.25196553343953e-06    0.00245066109134661    0.00284048056132657
163.341716999936    0.00148123210127859    -0.000541110553665615    7.98405956015943e-06    8.71780352380015e-06    0.00240624417345814    0.00290258555300474
163.695270499935    0.00113545916491212    -0.00135349544249128    4.70515361072911e-06    1.41463450064301e-05    0.0018482115938242    0.00350918724116931
164.048823999935    0.000572428492927705    -0.00177538252951517    1.31302685291487e-06    1.88897540420177e-05    0.00099264921971429    0.00396708594763335
164.402377499935    -8.7839016014867e-05    -0.00191599240478903    1.97014575510171e-07    2.04413249208499e-05    0.000435084914442814    0.00409515543363627
164.755930999935    -0.000733958677541602    -0.0016472304305333    2.02794754747473e-06    1.73376519625999e-05    0.00122034921523968    0.00382417100445639
165.109484499934    -0.00122003247141054    -0.00108340403905515    5.50667173463483e-06    1.19831588017284e-05    0.00200454296619921    0.00328776436045641
165.463037999934    -0.00147259932349418    -0.000281375433133229    8.00571014855085e-06    7.69139187662016e-06    0.00241602180888239    0.00275902514346086
165.816591499934    -0.00140141730166245    0.000675288001087902    7.21690815890491e-06    9.1301916089899e-06    0.00229192881772233    0.0029451957022542
166.170144999934    -0.00102962289907169    0.00136691037050943    3.93240123507365e-06    1.43177395223541e-05    0.00169477960832105    0.00352835592894875
166.523698499933    -0.00047018397780588    0.00174866496174318    9.24736530684349e-07    1.86243055498824e-05    0.000838846563859559    0.00394543741573151
166.877251999933    0.000169599011874423    0.00182227247409393    2.61365459475594e-07    1.95270291968603e-05    0.000482287916753897    0.00402571139390541
167.230805499933    0.000774849852232536    0.00154287344489449    2.3239609545081e-06    1.59941998020652e-05    0.00131284753913138    0.00368968038386859
167.584358999933    0.00123698351542324    0.00102607685512002    5.65883394324138e-06    1.08159702524041e-05    0.00203192168299188    0.00312460182099913
167.937912499932    0.00145349979767872    0.00016646550241767    7.70058600716374e-06    7.29032037434322e-06    0.00236387908855585    0.00269492293226505
168.291465999932    0.00135170897773318    -0.000750391917130768    6.59137997380593e-06    9.39026700731433e-06    0.00218271913294438    0.00297105687896061
168.645019499932    0.000954579476217405    -0.00142335037417914    3.34614929239108e-06    1.44958098560543e-05    0.00156042536379527    0.00353127223085087
168.998572999932    0.000387398011818584    -0.00173968893524535    6.70934967530682e-07    1.8221702024345e-05    0.000721704751245058    0.00389810010555526
169.352126499931    -0.000242290973176066    -0.00176520594507248    3.49428231698893e-07    1.86238285314585e-05    0.000539187644532298    0.00393800412683116
169.705679999931    -0.000818687529728244    -0.00145582719232188    2.53976763554245e-06    1.49640633896765e-05    0.00136730331829112    0.00358394064903043
170.059233499931    -0.00124158143008139    -0.000871466554449134    5.70839514365088e-06    1.00081625833244e-05    0.00204129142851479    0.00304116895745715
170.412786999931    -0.00140149025798798    -1.14646772755573e-05    7.36170134780565e-06    7.12105095295571e-06    0.0023232577137654    0.00266850510850751
170.76634049993    -0.00126046228108283    0.000787671554759152    5.98147884082683e-06    9.44647609394182e-06    0.0020958801680426    0.00297086681218885
171.11989399993    -0.000867011512252952    0.00139635652396724    2.85539498008029e-06    1.45615732418137e-05    0.00145040891396224    0.00355130422518092
171.47344749993    -0.000308608978904199    0.00170435659533681    4.7992729960552e-07    1.78374648365357e-05    0.000620232051530093    0.00386427657297814
171.82700099993    0.000298713294729459    0.00168032807787028    4.56910747931191e-07    1.73982450413846e-05    0.000606367145781384    0.0038176881213773
172.180554499929    0.000840953071430411    0.00134764610146466    2.69056705056914e-06    1.39798987528772e-05    0.0014083199147285    0.00348765662559896
172.534107999929    0.00122001353378153    0.000743975937598228    5.62834205103471e-06    9.28560907122899e-06    0.00203467663976972    0.00295501419209855
172.887661499929    0.00134666835926008    -4.62318135158598e-05    6.93877933689218e-06    6.95292978891203e-06    0.00226390451809698    0.00263643554981552
173.241214999929    0.00118593310176708    -0.000845407560198019    5.37596056627936e-06    9.8094537102192e-06    0.00199236624253988    0.00301574862469988
173.594768499928    0.00077806713457909    -0.00141007994844999    2.39572615955106e-06    1.43767639227234e-05    0.00133803501211252    0.00351972136137261
173.948321999928    0.000226125045471542    -0.00166289934414619    3.43298216229845e-07    1.72580520709681e-05    0.000540523524039739    0.00380694337260304
174.301875499928    -0.000364203703271095    -0.00161246530917456    5.86082399716973e-07    1.66306593941635e-05    0.000673378097535547    0.0037457462568722
174.655428999928    -0.000867431065640892    -0.00120442498974259    2.87198399415918e-06    1.30273700638578e-05    0.00145586652565415    0.00340245947925047
175.008982499927    -0.00120440791171967    -0.000662391366959165    5.56825939302407e-06    8.61227418454401e-06    0.00202920205381601    0.00285893544199969
175.362535999927    -0.0012951636336038    0.00017366861109579    6.50168071218648e-06    6.85973842394988e-06    0.00219641341153634    0.00261334606155977
175.716089499927    -0.0010996386165002    0.000896458245801143    4.751582152487e-06    1.00486325478998e-05    0.001882120364267    0.00304055836343177
176.069642999927    -0.000684406445948712    0.00139475163791886    1.93278471484168e-06    1.44955062812197e-05    0.00121011261111747    0.00354262249608145
176.423196499926    -0.000149431573933953    0.00160711060873384    2.32627823985105e-07    1.67725768115529e-05    0.000458582630173371    0.00376693141732738
176.776749999926    0.000420213803607572    0.00153500273180622    7.57429528229201e-07    1.57387703225057e-05    0.000762135084802463    0.00365821499311525
177.130303499926    0.000891967582316898    0.00111046249682582    3.09305999212492e-06    1.21045917728466e-05    0.00151573540706176    0.00329719044278458
177.483856999926    0.00118754754037196    0.000523101897112156    5.55253361232081e-06    8.00968098946734e-06    0.00203525537750851    0.00278137473108263
177.837410499925    0.00123443475569463    -0.000273245674044526    6.08656215858795e-06    6.95485474610602e-06    0.00213605547505702    0.00262301192290885
178.190963999925    0.00100944018015969    -0.000949937727889652    4.12194692808263e-06    1.04490694976479e-05    0.00176152702243304    0.00308977148196751
178.544517499925    0.000588359080826515    -0.0013974446424417    1.4919857870932e-06    1.43348297153497e-05    0.00107042953018972    0.00351880351634767
178.898070999925    5.59837071110757e-05    -0.00156070664039421    1.55746376264914e-07    1.62130374508987e-05    0.000390656115788573    0.0037117694208461
179.251624499924    -0.000476787627977673    -0.00139779787392292    9.61130156774881e-07    1.46499320679902e-05    0.000856623438029981    0.00356315775284322
179.605177999924    -0.000908180478149891    -0.00101789547616465    3.30215083589143e-06    1.11292900034094e-05    0.00157396285057776    0.00317697636173342
179.958731499924    -0.0011702443270359    -0.000419461911635397    5.47137053966926e-06    7.43509583870726e-06    0.00202531448291606    0.00269428052425772
180.312284999924    -0.0011777135823717    0.000382304503913202    5.59651233505643e-06    7.09364836697024e-06    0.00205170735070907    0.0026358094834904
180.665838499923    -0.000923293323318137    0.00100661840429361    3.53215885968097e-06    1.07643928369142e-05    0.00163697535069931    0.00312267709266449
181.019391999923    -0.000498711107906428    0.00135719717062975    1.12253617594069e-06    1.43091576449041e-05    0.000934785219604714    0.00353088848378686
181.372945499923    1.21314061697313e-05    0.00149372045039705    1.25703083250152e-07    1.57571433810177e-05    0.00035433869706045    0.00367776326006492
181.726498999923    0.000522805389720085    0.00133465621479246    1.17147184676864e-06    1.38112117747271e-05    0.000947705846372317    0.00346841528122614
182.080052499922    0.00092313580887932    0.000894071753315835    3.51186944387384e-06    1.01973845910147e-05    0.00163085551850511    0.00306561907140099
182.433605999922    0.00113368985861333    0.000266353059907563    5.38362845736589e-06    6.83699504318854e-06    0.00202444455637668    0.00260116341098871
182.787159499922    0.00109900402588759    -0.000446958714461317    5.13202692737876e-06    7.32919821896721e-06    0.00198096367419032    0.00267009852375044
183.140712999922    0.000832978188894672    -0.00101713403361045    3.00789422169552e-06    1.09094901949795e-05    0.00152119740945127    0.00314243990438176
183.494266499921    0.000412193673253626    -0.00132807389907041    8.31045623781242e-07    1.40080695511536e-05    0.000813106388802181    0.00349918408629233
183.847819999921    -7.84229650727516e-05    -0.00140992177944327    1.41472166241737e-07    1.49955160062575e-05    0.000367861393449944    0.00360661012338581
184.201373499921    -0.000551151130901485    -0.0012090967685174    1.35592069009987e-06    1.28411256304066e-05    0.00102574515402505    0.00337330855908074
184.554926999921    -0.000906830277310927    -0.000787300965132508    3.58730024082592e-06    9.33933569351432e-06    0.00166281661315315    0.00295287874519353
184.90848049992    -0.00109022155013768    -0.000190864000268094    5.15113102318153e-06    6.56640558228274e-06    0.00199061497904465    0.00255538187277056
185.26203399992    -0.00103285648421309    0.000496105610820326    4.6381241995933e-06    7.49063857979138e-06    0.001889796730501    0.00269156419256609
185.61558749992    -0.00075982982416141    0.00100537240008476    2.53713322692135e-06    1.09645268794682e-05    0.00139992566418228    0.00315495692785434
185.96914099992    -0.000345580569450254    0.00131321506530927    6.07799740881624e-07    1.3838839894546e-05    0.000698837471018879    0.00348056117411988
186.322694499919    0.000136595387636549    0.00135691314863823    1.92530939425366e-07    1.42744308155639e-05    0.000416980382634227    0.00352607678909813
186.676247999919    0.00057775238613516    0.0011118229880863    1.51999034861784e-06    1.19232193766854e-05    0.00108912466179633    0.0032691082912391
187.029801499919    0.000907960393797391    0.000702295370745416    3.63959937950529e-06    8.6134912434199e-06    0.00167785795072187    0.00284960917594842
187.383354999919    0.00105401291290514    0.0001098040650782    4.90704600121012e-06    6.3561580239306e-06    0.00194835899685847    0.00251874990644623
187.736908499918    0.000974596071061341    -0.000547922212322468    4.19182721147923e-06    7.64560447324857e-06    0.00180055261232518    0.00271023720779053
188.090461999918    0.000688129704847436    -0.00102091577881269    2.14256667038989e-06    1.10294188752223e-05    0.00129191492742226    0.00316024521956661
188.444015499918    0.000280966101450778    -0.00126273314668239    4.45791902959345e-07    1.338496970535e-05    0.000605681395450526    0.00343372606735301
188.797568999918    -0.000181740005934573    -0.00131236653745391    2.60140007869733e-07    1.37248936665884e-05    0.000476561200804927    0.00346447510280557
189.151122499917    -0.000606784209058537    -0.00103565333027655    1.67003533721952e-06    1.11755251078635e-05    0.00114098565322125    0.00317851337693434
189.504675999917    -0.00089478562726639    -0.000581271243851113    3.64406803423018e-06    8.02387952496187e-06    0.00168624633890416    0.00277236420154958
189.858229499917    -0.00100428810071424    -1.72827145187534e-05    4.6274468611587e-06    6.22850631647396e-06    0.00190232811889077    0.00249563771895137
190.211782999917    -0.000905661006280446    0.000576757649134018    3.72028392150255e-06    7.83922852086793e-06    0.00170295685887977    0.00273981370443929
190.565336499916    -0.000611221218971637    0.00103081084297008    1.74833630260523e-06    1.10040652048675e-05    0.00117249517017515    0.00315301351263878
190.918889999916    -0.000206975774575297    0.00123119747360664    2.95746617457137e-07    1.32319348740451e-05    0.000502899240600036    0.00342287710194651
191.272443499916    0.000237717820201876    0.00124259803270195    3.53078444094188e-07    1.29862738103536e-05    0.000544581198768977    0.00338263564982676
191.625996999916    0.000634522772329092    0.000956744649708137    1.84785160796947e-06    1.04897421251759e-05    0.0012021782144779    0.00309424979606217
191.979550499915    0.000894385715795306    0.000494647080085883    3.67647224594208e-06    7.41789649205693e-06    0.00169603845396365    0.00267828690737558
192.333103999915    0.00096828362486951    -8.95422757014928e-05    4.35570853366643e-06    6.09298293828161e-06    0.00184881999001417    0.00246677220657762
192.686657499915    0.000835165083355475    -0.000647451759147426    3.26977961814202e-06    8.01684279242324e-06    0.00160383256659973    0.00275638332094797
193.040210999915    0.000532178552983831    -0.00102756983007929    1.39188119857696e-06    1.10031989737787e-05    0.00105293265991753    0.00315393392735002
193.393764499914    0.000132882943855716    -0.0012011077393915    1.89672036405265e-07    1.2744276077206e-05    0.00041474589767411    0.00336178766069183
193.747317999914    -0.000290257767378837    -0.00115295186024634    4.73325237433399e-07    1.22371897820859e-05    0.000623759301261033    0.00330270976472962
194.100871499914    -0.000656470419326664    -0.000882296366077047    1.99931973978569e-06    9.69747680496407e-06    0.00125234433297507    0.00298647449802795
194.454424999913    -0.000887591067607818    -0.000403130893363617    3.66402480445347e-06    6.88327215751844e-06    0.00169593835417337    0.00259244240829653
194.807978499913    -0.000932737812240218    0.00016529461481272    4.05370952725476e-06    6.18475733895309e-06    0.00178429529531187    0.00248141794731702
195.161531999913    -0.000773957612842746    0.000700532046242877    2.8232292142306e-06    8.28592720735726e-06    0.0014913815164985    0.00279198532581101
195.515085499913    -0.000460886488498065    0.00103646375300478    1.07405283085895e-06    1.10357623611537e-05    0.000928243758707204    0.0031561852369373
195.868638999912    -6.56457988453201e-05    0.00116978418560604    1.22601693342517e-07    1.24000297710581e-05    0.000343936509310188    0.00332139048143456
196.222192499912    0.000337430881414014    0.00106423354831358    6.19167697475695e-07    1.1507346201776e-05    0.000710850263940203    0.00322098636389847
196.575745999912    0.000667213653161806    0.000784657839849738    2.16612851749819e-06    8.92130739924592e-06    0.00131185153829718    0.00288194716703972
196.929299499912    0.000873734172040172    0.000338722362469989    3.61710851417727e-06    6.50281178348483e-06    0.00168928893644236    0.00252746492451381
197.282852999911    0.000882716961998792    -0.000266646345773881    3.7472681661553e-06    6.23080424673351e-06    0.00172281134520148    0.00248187509214685
197.636406499911    0.000702812913840693    -0.000729606202892649    2.4336717689016e-06    8.4942646283166e-06    0.0013927403839339    0.00282169087906829
197.989959999911    0.000389917566336197    -0.00101290208749591    8.13606627565615e-07    1.08985489058597e-05    0.000813370099664398    0.00314206592340233
198.343513499911    4.9971639943592e-06    -0.00113468435042933    1.04974874733696e-07    1.20482145735939e-05    0.000323959724480851    0.00328035150532449
198.69706699991    -0.000383623434087406    -0.00101145413192751    7.69485637555694e-07    1.07566894540011e-05    0.000788871788299391    0.00311987980425654
199.05062049991    -0.000686989250168715    -0.000692858380721307    2.29621612565963e-06    8.32923725865385e-06    0.00135065239636712    0.00280163961331898
199.40417399991    -0.000854332217348167    -0.000217434428174147    3.55774790362913e-06    6.09801005257603e-06    0.00168162551301712    0.00245982363636514
199.75772749991    -0.000835067039072138    0.000317271280940401    3.44985857769499e-06    6.30315839703093e-06    0.00165907251738744    0.00249048134530684
200.111280999909    -0.000640619723673054    0.000755472042775893    2.07788133349163e-06    8.60580447077841e-06    0.00129131239563968    0.00283461928014371
200.464834499909    -0.000317148395735105    0.00103947178256665    6.11151233761419e-07    1.09115846639705e-05    0.000714540501891997    0.00313545580055248
200.818387999909    6.33026518101669e-05    0.00107457807502533    1.17358962122658e-07    1.15235378453795e-05    0.000336677496124197    0.00322006518661569
201.171941499909    0.000418975151260911    0.000907761877216811    9.05138428514127e-07    1.01727768543866e-05    0.000854165236438491    0.0030575717863459
201.525494999908    0.000692706018402066    0.000618682554918483    2.40040761049427e-06    7.80643194666914e-06    0.00138584486237235    0.00272464013089962
201.879048499908    0.00083522338440809    0.000166930645717229    3.46870141061324e-06    5.92838013290359e-06    0.00166466312170095    0.00242909742341142
202.232601999908    0.000797846467057373    -0.00037278437407606    3.19392938378527e-06    6.38078008003271e-06    0.00159917803849019    0.00249836184138275
202.586155499908    0.000590680080989476    -0.000774800659722373    1.80882514973451e-06    8.72800519834302e-06    0.00120827239960895    0.00285091022938934
202.939708999907    0.000271296158514716    -0.00100450396190964    4.6497435648687e-07    1.07708823896667e-05    0.000625597914688043    0.00312439661057531
203.293262499907    -9.9972721849448e-05    -0.00105199542385824    1.44024389063011e-07    1.11977236861497e-05    0.000366100865812994    0.00317663805214428
203.646815999907    -0.000443461718046452    -0.000859254172465049    1.02351995692266e-06    9.59587559748882e-06    0.00090931933969863    0.00297616495923701
204.000369499907    -0.000691550616535674    -0.000527021195733639    2.45577204456882e-06    7.28661154611882e-06    0.00140624670287185    0.0026474252029786
204.353922999906    -0.000800134360208911    -6.99107650939933e-05    3.3464967700354e-06    5.67806929672858e-06    0.00164507804545817    0.00238184419760247
204.707476499906    -0.000743973359665373    0.000379457640249595    2.90564869204244e-06    6.47006916694872e-06    0.00153367282435031    0.00251517018633033
205.061029999906    -0.000540270316508949    0.000755603276532154    1.52433941466778e-06    8.78769183525559e-06    0.00111015647535251    0.00286648836100017
205.414583499906    -0.000224704490659204    0.000995501429857303    3.36660368000515e-07    1.06330552344387e-05    0.00053494696922041    0.00310516217573104
205.768136999905    0.000137093916221997    0.00101834060713419    1.84217088656478e-07    1.07842500032386e-05    0.000406721460942737    0.00312205579884475
206.121690499905    0.000465240473822396    0.000805331044228086    1.14872536619331e-06    9.05839825614594e-06    0.000965544751790834    0.00289997244217052
206.475243999905    0.000695699064006204    0.000467546016254131    2.50687625792626e-06    6.78837257787845e-06    0.00142227953309719    0.00256315690127689
206.828797499905    0.000780147754232724    1.31606948193418e-05    3.18094515642137e-06    5.58418620867073e-06    0.00160384370746872    0.00236305162973275
207.182350999904    0.000704711157907913    -0.000435344160390181    2.59308304431234e-06    6.62448305728389e-06    0.00144791754883779    0.00253672200276224
207.535904499904    0.000484836904003448    -0.000780587458011545    1.24168999566859e-06    8.82717062181894e-06    0.00100330612087485    0.0028666799336888
207.889457999904    0.000170341138582498    -0.000970203420393009    2.29293315343222e-07    1.03224333294044e-05    0.000447523420448182    0.00306286445218558
208.243011499904    -0.000179579167574329    -0.000978548515355792    2.50561949513802e-07    1.02394808358475e-05    0.000467240058307411    0.00304662495869486
208.596564999903    -0.000490497740566852    -0.000750320327845795    1.2796519938104e-06    8.50253423919471e-06    0.00101934486819193    0.00281772135684423
208.950118499903    -0.000695132122271522    -0.000387819719130695    2.55155717155218e-06    6.34517571765575e-06    0.00143817540798696    0.00248892980678627
209.303671999903    -0.000754701009458031    6.2863390400506e-05    3.04536648747648e-06    5.49361630028598e-06    0.00157346524391215    0.00234300330653487
209.657225499903    -0.000655781435501412    0.00047074584229457    2.31318121259075e-06    6.73576631071807e-06    0.00137227253905427    0.00255228616394801
210.010778999902    -0.000428680600529722    0.000803609932698795    1.0144202417662e-06    8.82364063304701e-06    0.000911401768977698    0.00285969433840661
210.364332499902    -0.000113553778925516    0.000944813758810282    1.54699690563551e-07    1.00661906935757e-05    0.000376570351800677    0.00302878154622259
210.717885999902    0.000220161962423393    0.000906276554033176    3.22459949039842e-07    9.76746649746789e-06    0.000523439260413013    0.00299100807506059
211.071439499902    0.000503053598753297    0.000682924819763647    1.37472545689444e-06    7.97174432213539e-06    0.00105908570648262    0.00273959084767893
211.424992999901    0.0006900003038333    0.000328600023541034    2.53562627488089e-06    6.00675759881357e-06    0.00143510482390341    0.0024287403367471
211.778546499901    0.000723159073127554    -0.000116534853824868    2.85528836601409e-06    5.41205046685129e-06    0.00152719655610121    0.0023234608011962
