#t    rel_diff_friedmann    LHS_friedmann    RHS_friedmann
0    -8.114610840691e-17    1.36817778008269    1.36817778008269
0.3535535    -1.90613151344937e-05    2.58366553640569    2.58376403440918
0.707106999999999    -7.20032988002985e-06    2.94442764721633    2.94447004922238
1.0606605    5.15112786222534e-06    2.27172882132514    2.27170541751444
1.414214    2.09331928836554e-06    1.64933057900732    1.64932367387075
1.76776750000001    3.16769448374398e-06    1.28188137962978    1.28187325843835
2.121321    1.75130551866003e-05    1.09475551387895    1.09471716952302
2.4748745    5.80479582212825e-06    1.24775955283971    1.24774506694492
2.82842799999999    -6.51578796269305e-06    1.7658895623195    1.76591257479335
3.18198149999998    1.03253287468135e-05    1.97198383821703    1.97194311587467
3.53553499999997    1.19836825693018e-05    1.75511415285183    1.75507208789416
3.88908849999997    9.65195377069764e-06    1.51210151830553    1.51207232911936
4.24264199999997    1.73377730801326e-05    1.3293489191183    1.32930282401767
4.59619549999999    2.69775946661217e-05    1.2593757775025    1.25930782947706
4.949749    3.96625958741882e-06    1.45968531011197    1.45967373117618
5.30330250000002    9.91870860181444e-06    1.76126518523515    1.76123024662941
5.65685600000003    2.02936056829437e-05    1.76290217370932    1.76283062387819
6.01040950000005    1.63539417443143e-05    1.60410642871303    1.60405396264488
6.36396300000006    1.76339627454387e-05    1.45629091125243    1.45623955179875
6.71751650000007    2.9414629161202e-05    1.34610347642853    1.34602428848867
7.07107000000009    2.44044755297689e-05    1.36620680141013    1.36614011991655
7.4246235000001    7.02524417650158e-06    1.58534157198324    1.58531929731643
7.77817700000012    2.36105083942556e-05    1.7238697053611    1.72378830440272
8.13173050000013    2.36847768004332e-05    1.65073495236334    1.65065675963751
8.48528400000015    2.03233007814941e-05    1.531638284207    1.53157602958114
8.83883750000016    2.65648383094868e-05    1.427528470975    1.4274526288637
9.19239100000018    3.62568729622065e-05    1.37137804222863    1.37127860207509
9.54594450000019    1.59419863972625e-05    1.46536415330941    1.46531743242343
9.89949800000021    1.90125522652581e-05    1.64504069203029    1.64497814037528
10.2530515000002    3.01502196930179e-05    1.66759500236091    1.66749444868127
10.6066050000002    2.50647747943287e-05    1.58073569153288    1.58065645195077
10.9601585000002    2.54449775399046e-05    1.48946154965901    1.4893857529563
11.3137120000003    3.59091244262826e-05    1.41446118250911    1.41435960203158
11.6672655000003    3.32856223490399e-05    1.41463100645766    1.4145368358453
12.0208190000003    1.46060552567014e-05    1.54968266200113    1.54963739316115
12.3743725000003    3.12121214500206e-05    1.6515388456995    1.65143575285518
12.7279260000003    3.1328958178895e-05    1.61306517580963    1.61296410767312
13.0814795000003    2.70867339597265e-05    1.53486704111929    1.53478389430105
13.4350330000004    3.2329826684759e-05    1.46237592962217    1.46228137595837
13.7885865000004    4.19839436998343e-05    1.41753183944112    1.41741281728426
14.1421400000004    2.36102762612383e-05    1.47399285653814    1.47392325542434
14.4956935000004    2.45128277164186e-05    1.60194733081598    1.60186879622323
14.8492470000004    3.678106060038e-05    1.62740067790884    1.62728096726601
15.2028005000004    3.1163713661211e-05    1.56902713294519    1.56892934256811
15.5563540000004    3.07683704416493e-05    1.50313421957929    1.50304172444423
15.9099075000005    4.03673674664952e-05    1.44627172339031    1.44615496373936
16.2634610000004    3.94092363476159e-05    1.4399072681939    1.43979378137462
16.6170145000003    1.99262466260082e-05    1.53527666189098    1.53521547850733
16.9705680000003    3.62957150798417e-05    1.61693714664012    1.61681977512025
17.3241215000002    3.69719999423559e-05    1.59367666403195    1.59355882556161
17.6776750000001    3.20454224584905e-05    1.53576837222672    1.53566994668823
18.0312285    3.64913615760136e-05    1.4801922538886    1.48008422936908
18.384782    4.61580982689771e-05    1.44276198147366    1.44262879732255
18.7383354999999    2.945108484759e-05    1.48021747635033    1.48013029089706
19.0918889999998    2.83061013829332e-05    1.57943773132229    1.57934831840412
19.4454424999997    4.17169892938386e-05    1.60515440104103    1.60502048220979
19.7989959999997    3.58813958980581e-05    1.56206386581085    1.56195177176896
20.1525494999996    3.48062234066822e-05    1.51055585332547    1.51045070349634
20.5061029999995    4.37244190025476e-05    1.46469094706121    1.46456286714007
20.8596564999994    4.41623579676146e-05    1.45546833034185    1.45533978219201
21.2132099999994    2.41008885479684e-05    1.52762449887943    1.52755086643846
21.5667634999993    3.99718780900043e-05    1.59653873696411    1.59641110876213
21.9203169999992    4.14614814896159e-05    1.58183823323359    1.58170706795864
22.2738704999991    3.59786207650243e-05    1.5360684177328    1.53595789046328
22.6274239999991    3.97316185153553e-05    1.49101127886427    1.49089280298884
22.980977499999    4.94184151743475e-05    1.45872569432013    1.45858152562075
23.3345309999989    3.42810901283672e-05    1.48475036459136    1.48464857035885
23.6880844999988    3.11198140544715e-05    1.5655423382703    1.56544490252956
24.0416379999988    4.56077853688397e-05    1.59096327175489    1.59081815775036
24.3951914999987    3.97556096567431e-05    1.55745380521979    1.55732997509165
24.7487449999986    3.80634528686387e-05    1.51520772918583    1.51509238550023
25.1022984999985    4.63884820219973e-05    1.47672548911949    1.4765884893671
25.4558519999985    4.80645129788084e-05    1.466074587166    1.46593366161747
25.8094054999984    2.76110614493444e-05    1.5229248145626    1.52284071774333
26.1629589999983    4.27425357621264e-05    1.58300491459352    1.58286959708899
26.5165124999982    4.52027265813379e-05    1.5738355952448    1.57369331835591
26.8700659999982    3.92555764670278e-05    1.53616526126413    1.53604465989265
27.2236194999981    4.23765716368265e-05    1.49828088273284    1.49815390409944
27.577172999998    5.20640894638645e-05    1.4697770983653    1.46962406112036
27.9307264999979    3.8464384211854e-05    1.48820082111253    1.48808634005964
28.2842799999979    3.33143903927073e-05    1.55606281795958    1.55595914284507
28.6378334999978    4.87809669518507e-05    1.58107189985379    1.58091765494581
28.9913869999977    4.3064907922068e-05    1.55417442182157    1.55404056682928
29.3449404999977    4.07994599159814e-05    1.51839435831987    1.51827046403517
29.6984939999976    4.857659209829e-05    1.48521838478078    1.48507409809442
30.0520474999975    5.13697951885522e-05    1.4738176741041    1.47366626245796
30.4056009999974    3.07065556509297e-05    1.51977240566632    1.5196790745803
30.7591544999974    4.48771640907434e-05    1.57330837646462    1.57316717156514
31.1127079999973    4.84172295666704e-05    1.56804418881294    1.56789235545337
31.4662614999972    4.20796553763036e-05    1.53618285730693    1.53605357865647
31.8198149999971    4.46075820387757e-05    1.5035032885187    1.50336915920931
32.1733684999971    5.42629599884838e-05    1.47790988717718    1.47774950434988
32.5269219999972    4.21917276569557e-05    1.49093923485194    1.49081342955558
32.8804754999974    3.50974742157503e-05    1.54915020855331    1.54904146985076
33.2340289999975    5.14225548082536e-05    1.57374247980783    1.57358063641239
33.5875824999976    4.59710772236082e-05    1.55171831938725    1.55157565762018
33.9411359999977    4.31651288487004e-05    1.52071313800509    1.52058186011463
34.2946894999978    5.04187931257903e-05    1.49154146513221    1.49139106927385
34.6482429999979    5.42227594431049e-05    1.47975730101169    1.47959683666417
35.001796499998    3.35319473983791e-05    1.51753329910883    1.51743153082779
35.3553499999981    4.65385711045868e-05    1.56597347548987    1.56582772593697
35.7089034999982    5.12376561248289e-05    1.5636411121114    1.56348088570981
36.0624569999983    4.4574592530238e-05    1.53616721421888    1.53603027226775
36.4160104999984    4.65360797921198e-05    1.5074375581295    1.50729726418926
36.7695639999985    5.61202755269735e-05    1.484165585429    1.48399901121402
37.1231174999986    4.55732865949254e-05    1.49319048404803    1.4930543910545
37.4766709999987    3.66015099827392e-05    1.54386448810498    1.54375147669842
37.8302244999988    5.36474644830897e-05    1.56806049974896    1.56789226383446
38.1837779999989    4.85758424128301e-05    1.54980570099048    1.549655142069
38.537331499999    4.52559662349372e-05    1.52247587538238    1.52233807938485
38.8908849999991    5.19996022920263e-05    1.4964379993422    1.49628237907275
39.2444384999992    5.67143873490173e-05    1.48448686036264    1.48431848638624
39.5979919999993    3.61765661650251e-05    1.51588112733696    1.51577145255682
39.9515454999994    4.78342307141646e-05    1.5601954739074    1.56004621954636
40.3050989999995    5.37487272566724e-05    1.56016498956534    1.55999728481425
40.6586524999996    4.68211797163484e-05    1.53613738042684    1.53599353963292
41.0122059999997    4.82354980515924e-05    1.51050854309045    1.51036282985522
41.3657594999998    5.77074121857122e-05    1.48914128883438    1.4889694297716
41.7193129999999    4.86767685760711e-05    1.49509608797159    1.49495054216374
42.0728665    3.79172533013796e-05    1.53967769287459    1.5395609366035
42.4264200000001    5.55312413459746e-05    1.56349894580567    1.56332530937331
42.7799735000002    5.09469166707933e-05    1.54826973473631    1.54811198363492
43.1335270000003    4.71362564037978e-05    1.52386110418628    1.52371745274201
43.4870805000005    5.33772637563664e-05    1.50034575763036    1.50018559747681
43.8406340000006    5.89064161336895e-05    1.48836417458649    1.48818883651617
44.1941875000007    3.86973503652964e-05    1.51463121606487    1.51451399617129
44.5477410000008    4.88401298081277e-05    1.55549848721399    1.55534655313841
44.9012945000009    5.60071242831473e-05    1.55733706593442    1.55716263176278
45.254848000001    4.88750133021948e-05    1.53610176390704    1.53595161725717
45.6084015000011    4.97568470416655e-05    1.51297260358564    1.51282204958391
45.9619550000012    5.90759032074557e-05    1.49320388403951    1.4930274697251
46.3155085000013    5.15451191207338e-05    1.49674859735601    1.49659430513953
46.6690620000014    3.91095575835033e-05    1.53627070665126    1.53615054561538
47.0226155000015    5.71258661544727e-05    1.55973281034001    1.55955461834387
47.3761690000016    5.31313092994431e-05    1.54700476730037    1.54684038725654
47.7297225000017    4.88513330837667e-05    1.52497837117717    1.52482938400268
48.0832760000018    5.4593658279218e-05    1.5035394132615    1.50337525478964
48.4368295000019    6.08430532369852e-05    1.49161771101772    1.49143621290901
48.790383000002    4.11294960130052e-05    1.51367132350285    1.51354681554647
49.1439365000021    4.96121563390739e-05    1.55158329778487    1.55142935063623
49.4974900000022    5.80524763270715e-05    1.55497894219841    1.55479841192218
49.8510435000023    5.07759578991981e-05    1.53606415923625    1.53590817689824
50.2045970000024    5.11371474375358e-05    1.51499363176701    1.51483869478462
50.5581505000025    6.02655744912969e-05    1.49659131184212    1.49641093684215
50.9117040000026    5.42040891490862e-05    1.49821070770045    1.49804829821018
51.2652575000027    4.02235224317413e-05    1.5334394284967    1.533316072788
51.6188110000028    5.84681328310266e-05    1.55655079572917    1.55636878913339
51.9723645000029    5.516265775587e-05    1.54594058622051    1.54577003924539
52.325918000003    5.0434321976694e-05    1.52589860514703    1.52574469758614
52.6794715000031    5.5679711472906e-05    1.50620011434814    1.50603239411118
53.0330250000032    6.25553653520612e-05    1.49440022799092    1.4942132741814
53.3865785000033    4.34895359601881e-05    1.51292931821704    1.51279773075173
53.7401320000034    5.01897234107759e-05    1.54825242051682    1.54809701559503
54.0936855000036    5.99158559164651e-05    1.55297102462766    1.55278494060074
54.4472390000037    5.25537656818067e-05    1.53602620910283    1.53586476966413
54.8007925000038    5.24046490072972e-05    1.51668133803517    1.51652238405874
55.1543460000039    6.13112285971566e-05    1.49946484299895    1.49928098620791
55.507899500004    5.66621382234769e-05    1.49952638916482    1.49935646604996
55.8614530000041    4.12840429274625e-05    1.53104725903057    1.53092084860777
56.2150065000042    5.95868471948408e-05    1.55380939071523    1.55362422854299
56.5685600000043    5.70649906707742e-05    1.54502857947548    1.54485225545446
56.9221135000044    5.19099257200667e-05    1.52666975554395    1.52651126514396
57.2756670000045    5.66584342451541e-05    1.50845233957112    1.50828141615998
57.6292205000046    6.4054962606365e-05    1.49681816964554    1.49662642466398
57.9827740000047    4.57799113901111e-05    1.51235690603252    1.51221844124113
58.3363275000048    5.05982118010826e-05    1.54536993723874    1.5452135592404
58.6898810000049    6.16357953908571e-05    1.55122971520233    1.5510385044331
59.043434500005    5.42327371740324e-05    1.53598845006485    1.5358218573838
59.3969880000051    5.35833432477305e-05    1.51811203119461    1.51794934887556
59.7505415000052    6.22516501733795e-05    1.50193834601468    1.50175136137379
60.1040950000053    5.8911581588296e-05    1.50072819592089    1.50055138579394
60.4576485000054    4.23161085217212e-05    1.52899912473247    1.52886972762227
60.8112020000055    6.05347225131471e-05    1.55140663426046    1.55121881768967
61.1647555000056    5.885068857352e-05    1.54423356202886    1.54405181430795
61.5183090000057    5.32958646844452e-05    1.52732542713175    1.52716263554928
61.8718625000058    5.75478708481605e-05    1.51038493824615    1.51021110937492
62.2254160000059    6.52988558800417e-05    1.49894981129797    1.4987540646646
62.578969500006    4.80750328399282e-05    1.51192162220105    1.51177625782617
62.9325230000061    5.09182533387791e-05    1.54283748191587    1.54268037273606
63.2860765000062    6.3315228152833e-05    1.54969311500774    1.54949688908554
63.6396300000063    5.58416247991462e-05    1.53595059851024    1.53577906813471
63.9931835000064    5.4700463296757e-05    1.5193407553681    1.51917454717332
64.3467370000062    6.31413057490613e-05    1.50409706562165    1.50390713630864
64.7002905000059    6.10261650465099e-05    1.50184454457651    1.50166125213605
65.0538440000057    4.36133020156203e-05    1.52722614332295    1.52709293438256
65.4073975000054    6.15963005365945e-05    1.54926356600566    1.54907271995262
65.7609510000052    6.04926077878664e-05    1.54352749479582    1.54334076208506
66.1145045000049    5.45997477435944e-05    1.52788994008432    1.52772310438289
66.4680580000047    5.8374511619636e-05    1.51206462195968    1.51188810019637
66.8216115000044    6.60925612568496e-05    1.50086098995396    1.50066261157147
67.1751650000042    5.11750181499879e-05    1.5116061389505    1.51145143392434
67.5287185000039    5.18968116069552e-05    1.54057518005392    1.54041528647212
67.8822720000037    6.53218547317288e-05    1.54830754083588    1.54810527740758
68.2358255000034    5.74562393359173e-05    1.53591078655354    1.53573430137821
68.5893790000032    5.58053828736098e-05    1.52040938726088    1.52023970267423
68.9429325000029    6.40234853933737e-05    1.50601540033775    1.50582257197332
69.2964860000027    6.39605063305926e-05    1.50291530873639    1.50272306658406
69.6500395000024    4.75092707009276e-05    1.52567624346374    1.52553128281941
70.0035930000022    6.4399930796918e-05    1.54730084577178    1.54710156647057
70.3571465000019    6.17714043717062e-05    1.54287940577941    1.54268880589769
70.7107000000017    5.58018915282278e-05    1.5283812771159    1.52821071350119
71.0642535000014    5.92569395525002e-05    1.51354744539835    1.51336807964806
71.4178070000012    6.60841554282528e-05    1.50263127770439    1.50243269059004
71.7713605000009    5.98811359872815e-05    1.51142434357345    1.51124334279868
72.1249140000007    5.84190439000195e-05    1.53849504537461    1.53831530105591
72.4784675000004    6.86284274718274e-05    1.54700092381462    1.54678860190454
72.8320210000002    5.93929600344488e-05    1.53586159740676    1.53567916950875
73.1855744999999    5.69980657273039e-05    1.52135407671069    1.5211806581159
73.5391279999996    6.45389528004194e-05    1.50778562706962    1.50759101781866
73.8926814999994    7.35793866115167e-05    1.50403712209067    1.50381580611719
74.2462349999991    6.55580550442901e-05    1.52431529944982    1.52411545025893
74.5997884999989    7.56617022846934e-05    1.54539017441321    1.54515633840306
74.9533419999986    6.18031712182602e-05    1.54222567426824    1.54203505717417
75.3068954999984    5.6842050979963e-05    1.52881070487011    1.52863691327673
75.6604489999981    6.08115236091252e-05    1.51488973746925    1.51470550316674
76.0140024999979    6.70540395306678e-05    1.50439638096203    1.50419464278059
76.3675559999976    8.97835821360916e-05    1.5114747995777    1.51120341270015
76.7211094999974    8.75538949545933e-05    1.53647272301735    1.53620369822873
77.0746629999971    7.10082001699142e-05    1.54562706991519    1.54540758110796
77.4282164999969    6.25562102551454e-05    1.53577991922622    1.53558778610228
77.7817699999966    5.81683745647177e-05    1.52220887062083    1.52203179208969
78.1353234999964    6.22178596117658e-05    1.50951074673213    1.50932292136278
78.4888769999961    0.000104424172602264    1.50537902933667    1.50506466624459
78.8424304999959    0.000109091755124823    1.52316810869988    1.52283581478575
79.1959839999956    9.41339670176898e-05    1.54336617850709    1.54307563949479
79.5495374999954    6.2506316481409e-05    1.54144313409709    1.54125044627654
79.9030909999951    5.83166006552178e-05    1.5291762935994    1.52899795127323
80.2566444999949    6.41221181515951e-05    1.51611220325366    1.51591778306863
80.6101979999946    8.12208832020866e-05    1.50614302433514    1.50589838367174
80.9637514999944    0.000114517000110323    1.51177558420102    1.51142937583828
81.3173049999941    0.000104006953129223    1.53455960703911    1.53424043049744
81.6708584999939    5.47695820788598e-05    1.54415150661069    1.54398237080882
82.0244119999936    6.43035303132537e-05    1.53565651797958    1.53545903440756
82.3779654999934    5.83406737316768e-05    1.5229652870793    1.52278759580409
82.7315189999931    5.88457827646945e-05    1.51094449906961    1.51076668410975
83.0850724999928    0.000111005639755069    1.50649352813377    1.50615910670068
83.4386259999926    7.78372596014045e-05    1.52218897789997    1.52195203030605
83.7921794999923    6.28797574425804e-05    1.54166664153754    1.5414727744789
84.1457329999921    7.40995816208186e-05    1.54080805416198    1.54057972461676
84.4992864999918    6.10734370338878e-05    1.52952214559365    1.52933533065418
84.8528399999916    6.46471521740713e-05    1.51715817760485    1.51696203037405
85.2063934999913    8.99035542878094e-05    1.50735449929818    1.50708349060871
85.5599469999911    6.84725742095995e-05    1.51165576939337    1.51144876964348
85.9135004999908    5.40940833209709e-05    1.53310387021393    1.5329380154887
86.2670539999906    5.47577919390486e-05    1.54323580417458    1.54306680505845
86.6206074999903    6.3298582448336e-05    1.53563974060178    1.53544534526927
86.9741609999901    5.92595201651056e-05    1.52364066908565    1.52346009935621
87.3277144999898    6.26388180250913e-05    1.51207734926786    1.51188793165691
87.6812679999896    8.79051862702909e-05    1.50710510223607    1.50684016081632
88.0348214999893    4.86129201218852e-05    1.5211792595635    1.52103136882123
88.3883749999891    5.3276676515573e-05    1.54044596541206    1.54028183447363
88.7419284999888    7.6445540396135e-05    1.54049436728507    1.54025885743998
89.0954819999886    6.20666034599084e-05    1.52987552804833    1.52968563147908
89.4490354999883    6.44757366186236e-05    1.51812019182503    1.51792444061095
89.8025889999881    8.67988546332069e-05    1.5085308869617    1.50826903218406
90.1561424999878    6.58579040019577e-05    1.51161943909938    1.51142034803529
90.5096959999876    4.8930014479954e-05    1.53167469694437    1.53152481454792
90.8632494999873    5.79927585878519e-05    1.54232115177804    1.54214227523514
91.2168029999871    6.51680102113482e-05    1.53562716284041    1.53542702834951
91.5703564999868    6.05439519674901e-05    1.52428604335899    1.52410148193108
91.9239099999865    6.196510907275e-05    1.5133411331986    1.51315359612259
92.2774634999863    9.67584417631254e-05    1.50817950189994    1.50788767193995
92.631016999986    3.67619028749091e-05    1.52039706482556    1.5202852835564
92.9845704999858    3.86526277749866e-05    1.53882624684178    1.53870729208343
93.3381239999855    8.60481473442248e-05    1.53987709062564    1.53961210628548
93.6916774999853    6.43155479694682e-05    1.53017273101905    1.52997591588195
94.045230999985    6.6325874508833e-05    1.5190745025717    1.51887300804634
94.3987844999848    9.87773565256274e-05    1.51005640703615    1.50975811774019
94.7523379999845    4.51258897456282e-05    1.51218355015325    1.51204707905531
95.1058914999843    9.28496544121761e-06    1.5300675901159    1.53003917713032
95.459444999984    6.82586352235919e-05    1.54081561013702    1.54060527655274
95.8129984999838    6.12974632983843e-05    1.53540258089848    1.53521435986925
96.1665519999835    6.20449445484047e-05    1.52488466148423    1.52469545045529
96.5201054999833    6.050646576882e-05    1.51463944713656    1.51445616726646
96.873658999983    9.11552732562794e-05    1.50958046623786    1.50930527888283
97.2272124999828    5.43003635581583e-06    1.51983621538293    1.51981970994074
97.5807659999825    3.72805455677655e-05    1.53690357532411    1.5367889863885
97.9343194999823    0.000104807564440462    1.53903887967242    1.5387163076473
98.287872999982    6.75718978867053e-05    1.53043056419057    1.53022374996978
98.6414264999818    6.74495774816708e-05    1.51995459888316    1.51974957212115
98.9949799999815    0.00010548329142027    1.5113829172374    1.51106409957792
99.3485334999813    2.75622896125918e-05    1.51258970040129    1.51250632182862
99.702086999981    2.53791973406632e-05    1.52861787562207    1.52854028740175
100.055640499981    0.00011495052346405    1.53953544892888    1.53918154879839
100.409193999981    6.12422097437381e-05    1.53520792184243    1.53501989430655
100.76274749998    6.36753097898009e-05    1.52547471140655    1.52528045362632
101.11630099998    6.12618906855517e-05    1.51568522375073    1.51549952764184
101.46985449998    7.03323903517455e-05    1.510449400616    1.51023694852456
101.823407999979    3.33168947011286e-05    1.51914067258293    1.5190394498557
102.176961499979    8.62515619354201e-05    1.53548233374836    1.53521748109309
102.530514999979    0.000102496441474964    1.53853072950438    1.53821537397745
102.884068499979    6.88418665117236e-05    1.53072986751783    1.5305191254233
103.237621999978    6.80035115632384e-05    1.52079815434995    1.52059132918504
103.591175499978    0.000102569464671495    1.51249265006846    1.51218241076666
103.944728999978    4.41266424255236e-05    1.51275625560379    1.51262275578595
104.298282499978    9.3386818017425e-05    1.52730860025713    1.52702336591364
104.651835999977    0.000148254770385811    1.53853730417659    1.53808118080954
105.005389499977    6.46457713896454e-05    1.53514788586202    1.53494941705363
105.358942999977    6.52106329110846e-05    1.52606820238976    1.52586918362121
105.712496499977    6.33187686699289e-05    1.51671036092095    1.51651830061701
106.066049999976    6.41922985706757e-05    1.51129399542421    1.51109998100768
106.419603499976    9.06165076822183e-05    1.51849406285444    1.51821888653213
106.773156999976    0.00014355492795292    1.53407866684197    1.53363828095655
107.126710499976    9.39848842916922e-05    1.53800982479944    1.53772075261701
107.480263999975    6.96815762274466e-05    1.53104116297293    1.53082780711689
107.833817499975    6.92123938109398e-05    1.52164145763498    1.52143083931677
108.187370999975    0.000104231217505067    1.51370116681505    1.51338564987065
108.540924499975    7.14604910146265e-05    1.51316523959227    1.51294899198341
108.894477999974    0.000187040714683289    1.52600897495782    1.52543823009177
109.248031499974    0.000171651950537251    1.53731274749932    1.53678507261235
109.601584999974    7.37033393859609e-05    1.53498191619564    1.53475566628477
109.955138499974    6.72541914753579e-05    1.52665784190762    1.52645250743959
110.308691999973    6.53498529564431e-05    1.51774782466534    1.51754946843356
110.662245499973    5.76744177698606e-05    1.51228993958274    1.5121155087594
111.015798999973    0.000184584282386901    1.51805194719759    1.51749163356408
111.369352499973    0.000207474825295159    1.53256757919618    1.53193177272852
111.722905999972    6.92495260505675e-05    1.5372866322231    1.53707373422481
112.076459499972    6.8094714656143e-05    1.53129691370829    1.53108838145544
112.430012999972    6.93036092385638e-05    1.52245914894372    1.52224813973954
112.783566499972    9.45172417674209e-05    1.51477323024689    1.51448691293356
113.137119999971    0.00012660470179647    1.5134779850015    1.51309480665575
113.490673499971    0.000225727162864104    1.5248272646005    1.52413903008913
113.844226999971    0.000134858040521138    1.53620486577775    1.5357905824911
114.197780499971    8.73603570767548e-05    1.53491323991565    1.53464508220456
114.55133399997    6.88404661429966e-05    1.52726140433937    1.52705114403979
114.90488749997    6.62461709852611e-05    1.51878811726257    1.51858690279765
115.25844099997    6.1614640419648e-05    1.51336495674437    1.51317847735896
115.61199449997    0.000231647597976973    1.51781365945667    1.51711062653578
115.965547999969    0.00017009812751683    1.53102077702666    1.53050001807206
116.319101499969    7.19472361893091e-05    1.53639436029834    1.53617329754735
116.672654999969    6.78273051968535e-05    1.5314664022126    1.53125866582468
117.026208499969    7.2068898388795e-05    1.52328052987806    1.52306098340109
117.379761999968    8.65424123893126e-05    1.51624502597447    1.51598260967996
117.733315499968    0.000191871102853083    1.51474798078834    1.51416681956515
118.086868999968    0.000150099712916894    1.52402782952111    1.52357038590389
118.440422499968    9.23240833700803e-05    1.53432004403741    1.53403676080795
118.793975999967    9.61712821899529e-05    1.53415774588728    1.53386269042814
119.147529499967    7.06119822039198e-05    1.52753838008867    1.52732267029454
119.501082999967    7.12854460779707e-05    1.51992348112975    1.51970679972927
119.854636499967    0.000101720569542908    1.51550157521139    1.51519329120347
120.208189999966    0.000123450959595776    1.51913355986761    1.51875852917407
120.561743499966    0.000132443688897342    1.52933128994235    1.52892624303308
120.915296999966    0.000113638966253715    1.53415470361749    1.53380606372738
121.268850499966    7.92217869959321e-05    1.53055282571232    1.53031033866269
121.622403999965    7.97872148759555e-05    1.52372303831672    1.52347991048027
121.975957499965    8.86566045910333e-05    1.51810536487448    1.51783620860284
122.329510999965    0.000157391267463543    1.5173181139169    1.51684056383693
122.683064499965    0.000124752590427773    1.52412282647343    1.52374259736653
123.036617999964    0.000141898381705237    1.53182303436841    1.53138836962737
123.390171499964    9.96313947030033e-05    1.53208956652605    1.53178430849868
123.743724999964    8.32243764254986e-05    1.52712248305413    1.52686831657423
124.097278499964    8.62616917498245e-05    1.52111587666591    1.52085347124371
124.450831999963    0.000121796707896916    1.51775987539122    1.51739020410356
124.804385499963    0.000125231045054662    1.52040606018286    1.52002530378573
125.157938999963    0.000165761962503499    1.52782171655729    1.5273152910512
125.511492499963    0.000125537535825617    1.53186432991885    1.53147976524976
125.865045999962    9.60024253699054e-05    1.52957855755577    1.52928489924504
126.218599499962    9.08186983368199e-05    1.52435259760651    1.52407574331261
126.572152999962    9.80068145414564e-05    1.51979348453718    1.51949561349422
126.925706499962    0.000130267394947712    1.51887126169645    1.51847559443395
127.279259999961    0.000178294463301636    1.52356484250161    1.5230216529975
127.632813499961    0.000154667403649016    1.52973063480301    1.52925750904901
127.986366999961    0.000118417520260766    1.53082431812189    1.53046180821
128.339920499961    9.48887441560972e-05    1.5273182382626    1.52702841514444
128.69347399996    9.93674067456137e-05    1.52235013423512    1.52204762032515
129.04702749996    0.000132599509095699    1.51934841262069    1.51894553633457
129.40058099996    0.000164165869364612    1.52068734863112    1.52018814066279
129.75413449996    0.000167252722427913    1.52628622164333    1.52577575596855
130.107687999959    0.000146377030057015    1.53031860344752    1.52987066203142
130.461241499959    0.000109640885884211    1.52930633578594    1.52897102354698
130.814794999959    0.000101632367495766    1.52521874637203    1.52490875469293
131.168348499959    0.000108190804718367    1.52111504760381    1.52078594188789
131.521901999958    0.000135289201300845    1.51974446970705    1.51933331530082
131.875455499958    0.000172752156319533    1.52287233858574    1.52234627050456
132.229008999958    0.000163544399136188    1.52814542403093    1.52764566651314
132.582562499958    0.000135909877439809    1.52998034098233    1.52956451861544
132.936115999957    0.000109954606955016    1.52766559688313    1.52732968607754
133.289669499957    0.000109861351180301    1.52350441866151    1.52316970692547
133.643222999957    0.000128455550152188    1.52053552458306    1.52014493230213
133.996776499957    0.00016775576722336    1.52078134830078    1.52027119419835
134.350329999956    0.000173303041682428    1.52494529212593    1.52441682839525
134.703883499956    0.000163863865693645    1.52908169261655    1.52858065224473
135.057436999956    0.000128164374115481    1.52913862023323    1.52874670827399
135.410990499956    0.000114566004696868    1.52608355238995    1.52573391785532
135.764543999955    0.000117585054227518    1.52232842826426    1.5219704642139
136.118097499955    0.000144733696388592    1.52041990890001    1.51997986060287
136.471650999955    0.000169433088977256    1.52208019870526    1.52156450458143
136.825204499955    0.000185366108054091    1.52662510503592    1.52605924081961
137.178757999954    0.000152817385028585    1.52929057207942    1.52882323912367
137.532311499954    0.000128369930123629    1.52813834425205    1.52774606058454
137.885864999954    0.000121766091577272    1.52480311510696    1.52443182168641
138.239418499954    0.000129005865123227    1.52168730012078    1.52129473759045
138.592971999953    0.000155942570580662    1.52078019280241    1.52030595801069
138.946525499953    0.000188254219127291    1.52345541691012    1.52288193105148
139.300078999953    0.000177663838940769    1.52760144429118    1.52705874163589
139.653632499953    0.00015262556707622    1.52906217750203    1.52859550076496
140.007185999952    0.000129785783563619    1.52719627571945    1.52679991043143
140.360739499952    0.000129160799615297    1.52390276967758    1.52350916351553
140.714292999952    0.000145381406573636    1.52138132765544    1.52093903084247
141.067846499952    0.000175667105925011    1.52130787115425    1.52077347752774
141.421399999951    0.000193494864255889    1.52454166869001    1.52395180085993
141.774953499951    0.000178623283023462    1.52817905771665    1.52763321849557
142.128506999951    0.000150406046049708    1.52866665584092    1.52820688357859
142.482060499951    0.000133816200753581    1.52639366697326    1.52598520922879
142.83561399995    0.000136505885019303    1.52325866772518    1.52284285694069
143.18916749995    0.000160080507465829    1.52125719867067    1.52077022937626
143.54272099995    0.000186130922510029    1.52197328061901    1.52140681347454
143.89627449995    0.000196871015483585    1.52552940393395    1.5249288571184
144.249827999949    0.000177719420108601    1.52841789930002    1.52787473674506
144.603381499949    0.000152523405246781    1.52814394815719    1.52767786380861
144.956934999949    0.000140460070773077    1.52566831449051    1.52523978372312
145.310488499949    0.00014444266849664    1.52279768525034    1.52235783486103
145.664041999948    0.000169308418886306    1.52134366329477    1.52082859791925
146.017595499948    0.000192901743260547    1.52274677541522    1.52215940770443
146.371148999948    0.000203549895304421    1.52623318318416    1.52561198042062
146.724702499948    0.000179151050894954    1.52841089993753    1.52786336519111
147.078255999947    0.000155132309037813    1.52762014603932    1.52714625307426
147.431809499947    0.000146232947039847    1.52506237253151    1.52461640901576
147.785362999947    0.000153994658234479    1.52248542744325    1.52201659039552
148.138916499947    0.000178512057007554    1.52158431379738    1.52104116846384
148.492469999946    0.000207343588562951    1.5234624896411    1.52283086024612
148.846023499946    0.000201318325671425    1.52676714048409    1.52615253180725
149.199576999946    0.000180733326684426    1.52829114414158    1.52773881768013
149.553130499945    0.00015766898748018    1.52710835265189    1.52662687331078
149.906683999945    0.000153145714103228    1.52452444165104    1.52405756438272
150.260237499945    0.000163837761403976    1.52229976675992    1.5218010281002
150.613790999945    0.000190880028727705    1.52191559925308    1.52133470354785
150.967344499944    0.000216002868860597    1.52413487029752    1.52347657748162
151.320897999944    0.000207673892720634    1.52716889465612    1.52653472013922
151.674451499944    0.000181152811893035    1.52808393038675    1.52753039725924
152.028004999944    0.000161805192348332    1.52659053319769    1.52609659257013
152.381558499943    0.000161117483124417    1.52406298441763    1.52357195714636
152.735111999943    0.000177551064809164    1.52218618336295    1.52164574776248
153.088665499943    0.00020553179377013    1.52231026091426    1.52168462318551
153.442218999943    0.000219204522215246    1.52476736483575    1.52409903953228
153.795772499942    0.000209149115705924    1.52743586121695    1.5267970711
154.149325999942    0.00018203293370792    1.52780932449064    1.52725320249619
154.502879499942    0.00016629768760279    1.52610963179684    1.52560213918609
154.856432999942    0.000168127396735333    1.52370938902944    1.52319712056989
155.209986499941    0.000188323675690945    1.52220575754715    1.52163253073249
155.563539999941    0.000214932584520002    1.52272594821169    1.52207152202208
155.917093499941    0.000222741436897973    1.52529617554788    1.52461683354182
156.270646999941    0.00021088788429538    1.5275560371059    1.52691188682778
156.62420049994    0.000184415994750072    1.52751139407914    1.52694810289259
156.97775399994    0.000172038815283943    1.5256948180435    1.52516995088307
157.33130749994    0.000176849653717247    1.52345442768946    1.52291567819114
157.68486099994    0.000199715605809059    1.52227109358226    1.52166317240629
158.038414499939    0.000221960950006483    1.52311158720064    1.52243559465487
158.391967999939    0.000227899040698101    1.52571030167998    1.5250150443002
158.745521499939    0.000210139802696717    1.52760217761622    1.52696029246144
159.099074999939    0.000187508984805906    1.52722115522594    1.52664852722205
159.452628499938    0.000178383283070723    1.52534910015411    1.5248050036512
159.806181999938    0.000184410215112793    1.52330215311572    1.52274043174741
160.159735499938    0.000206029926402202    1.52238372803061    1.5217565440344
160.513288999938    0.000225898651789587    1.52349816319575    1.52281000628733
160.866842499937    0.000231220534392835    1.52607152287454    1.52536596786726
161.220395999937    0.000210842470251939    1.52758073527635    1.52693671327207
161.573949499937    0.000190756727945135    1.52693340167682    1.52635096714114
161.927502999937    0.000185389348701225    1.5250240093404    1.52445866773302
162.281056499936    0.00019212304200001    1.52315337714206    1.52256822384299
162.634609999936    0.00021250590486316    1.5225197857468    1.52187283433831
162.988163499936    0.00023770246584525    1.52391879383986    1.52319448749917
163.341716999936    0.000232160999920826    1.52639380748655    1.5256852337645
163.695270499935    0.000214009933581227    1.52750968699389    1.5268560223913
164.048823999935    0.000196134508987305    1.52662948438059    1.52603075236395
164.402377499935    0.000192323570815446    1.52472853337887    1.52414216367946
164.755930999935    0.00020079635709255    1.52304981361674    1.52243829069983
165.109484499934    0.000221787766746985    1.52271534418918    1.52204005468897
165.463037999934    0.000248537543050992    1.5243185804824    1.52356106796306
165.816591499934    0.000235550079122362    1.52661683518368    1.52589781511628
166.170144999934    0.000217687947084003    1.52739679896748    1.52673195194956
166.523698499933    0.000200479489874288    1.52636599253678    1.52575410505658
166.877251999933    0.00019896866606575    1.52449427392754    1.52388774142429
167.230805499933    0.000210958046439559    1.52298554202119    1.52234310543896
167.584358999933    0.000236054860184957    1.52290736973155    1.5221885600376
167.937912499932    0.000249602092368952    1.52465309460926    1.5238921713322
168.291465999932    0.000242923580001988    1.52677229075423    1.52603069292439
168.645019499932    0.000220814152322756    1.52726946462071    1.52659512809936
168.998572999932    0.000206156456403257    1.52614570333593    1.52551658345275
169.352126499931    0.000206339759550178    1.52431291006524    1.52368398711837
169.705679999931    0.000220801203971312    1.52298869266197    1.5223162856563
170.059233499931    0.000246566651014655    1.52311306071085    1.52236214808787
170.412786999931    0.000253837403253241    1.52492592100517    1.52415195099582
170.76634049993    0.000248441324998508    1.52684522921446    1.52608675474723
171.11989399993    0.000225245675726457    1.52715301303448    1.52646519873695
171.47344749993    0.000210889661098885    1.52595345653534    1.525309976624
171.82700099993    0.000211804884644466    1.52417891820372    1.52353339784819
172.180554499929    0.000230870372383751    1.52303057268464    1.52232748973472
172.534107999929    0.00025281566860138    1.52332784717781    1.52255779956155
172.887661499929    0.000259752125953286    1.52515437930869    1.52436226087827
173.241214999929    0.000251633990344618    1.52689589664831    1.52612765215011
173.594768499928    0.000228996390024787    1.52701417575746    1.52631497440452
173.948321999928    0.00021664270265301    1.52575398064474    1.52509303690148
174.301875499928    0.000218381598825095    1.52405870364067    1.52339319622244
174.655428999928    0.000238768006461691    1.52308916942697    1.52236201311933
175.008982499927    0.000260014040292179    1.52356460175061    1.52277251132974
175.362535999927    0.00026573038819277    1.5254031388024    1.5245926622342
175.716089499927    0.000254315426947886    1.52693018692703    1.52615374058449
176.069642999927    0.000233394696097097    1.52684667465268    1.52613412512673
176.423196499926    0.000221588334167981    1.52552232306421    1.52484639694095
176.776749999926    0.000226205941219812    1.52393531005061    1.52324601952989
177.130303499926    0.000246386117720441    1.52315907812841    1.52240869250914
177.483856999926    0.000264037204544539    1.52382650811381    1.523022026744
177.837410499925    0.00027370968358117    1.52566677278128    1.5248318217762
178.190963999925    0.00025499165152333    1.52694702258138    1.52616850361107
178.544517499925    0.000234442865448271    1.52665913731204    1.52594347640821
178.898070999925    0.000228440725700121    1.52529003308751    1.52459331552205
179.251624499924    0.000233432951281494    1.52382369077498    1.52311243548266
179.605177999924    0.000254020141201644    1.52324157438172    1.52246790283026
179.958731499924    0.000274121586164209    1.52411850943468    1.52328315085788
180.312284999924    0.000273754030291109    1.52591702182254    1.52508179859903
180.665838499923    0.000258041149508491    1.52693462949233    1.52614680884844
181.019391999923    0.000240908816305074    1.52645342242236    1.52571812738713
181.372945499923    0.0002355358685423    1.52507054123907    1.5243522927833
181.726498999923    0.000241735805955069    1.52373427581019    1.52299777158318
182.080052499922    0.000262204533093044    1.52335170397813    1.52255305394324
182.433605999922    0.000280254928062903    1.52439201347745    1.52353781612231
182.787159499922    0.000278156134609502    1.5261143233135    1.52526556327902
183.140712999922    0.000261432521981017    1.52689254966448    1.52609439958677
183.494266499921    0.000243788078251558    1.52627079639316    1.52552680452082
183.847819999921    0.000241682629244258    1.52488864094327    1.52415174084713
184.201373499921    0.000250166297510581    1.52369634162775    1.52293417735093
184.554926999921    0.000270894251639207    1.5235005751486    1.5226753835919
184.90848049992    0.000287496395693312    1.52465337742436    1.52377696468848
185.26203399992    0.000280035441319214    1.5262557056194    1.52540113354969
185.61558749992    0.000264139176813059    1.52681811942618    1.52601174745819
185.96914099992    0.000250337208048815    1.52608907883978    1.52532519630953
186.322694499919    0.000248500371729654    1.52474004112903    1.52398243246105
186.676247999919    0.000260009774045005    1.52368591297746    1.52289377248183
187.029801499919    0.000280103430120601    1.52365694409523    1.52280362004148
187.383354999919    0.000292243850586423    1.52488305207713    1.52399203708112
187.736908499918    0.000283967831725352    1.5263552211068    1.52548859563539
188.090461999918    0.000268187934423682    1.52672854895859    1.52590986816696
188.444015499918    0.000254153673573544    1.52592233800161    1.52514689754706
188.797568999918    0.000255268263683071    1.52460791335356    1.52382974396583
189.151122499917    0.000268314473455273    1.5237010302644    1.52288358751684
189.504675999917    0.000289902598399603    1.52383120425551    1.52294793506627
189.858229499917    0.000295693686743774    1.52510971373864    1.52420804972711
190.211782999917    0.000289429814224544    1.52643008162624    1.52554674853927
190.565336499916    0.000271102926454032    1.52662316306401    1.52579564339281
190.918889999916    0.000260944680877644    1.52574314502387    1.5249470836357
191.272443499916    0.000261931505644481    1.52448447378019    1.52368606188232
191.625996999916    0.000277133619513646    1.5237170512155    1.52287273875983
191.979550499915    0.000297629002537022    1.52401852161288    1.523111607312
192.333103999915    0.000301993425552855    1.52533926134451    1.52441825462516
192.686657499915    0.000290559162894998    1.52649515813025    1.52560834149233
193.040210999915    0.000274193683188828    1.52650784108219    1.52567095293691
193.393764499914    0.000264800337819904    1.52556314164259    1.524755416258
193.747317999914    0.000269287007645009    1.52436516672827    1.52354440428032
194.100871499914    0.000285351039975225    1.5237644383987    1.52289507093926
194.454424999913    0.000302067039370042    1.52422655861114    1.52330599947394
194.807978499913    0.000307981133586846    1.5255558304934    1.52461643498144
195.161531999913    0.000294795953950615    1.52652418770031    1.52562442663794
195.515085499913    0.000277984510919929    1.52636450547502    1.52551612992921
195.868638999912    0.000271071481175641    1.52537599298034    1.52454924522855
196.222192499912    0.000275791445164479    1.52427571752051    1.52343518492628
196.575745999912    0.000293542270299453    1.52382892201516    1.5229345681432
196.929299499912    0.000309031447269646    1.52444862872935    1.52350671467836
197.282852999911    0.000311604625854851    1.52574995653904    1.52479939125087
197.636406499911    0.000297463998808143    1.52652895939362    1.52562105464548
197.989959999911    0.0002820091368343    1.52622410714261    1.52536353154665
198.343513499911    0.000277018748657542    1.52521213630493    1.52436734561292
198.69706699991    0.000283649874101945    1.52421366908384    1.5233492282517
199.05062049991    0.000299203540234286    1.52392071170072    1.52300905952632
199.40417399991    0.000316581277041105    1.52465447783161    1.52368942922465
199.75772749991    0.000316368855573124    1.52589718582006    1.52493199848248
200.111280999909    0.00029907936380393    1.52650537220817    1.52559255270252
200.464834499909    0.00028786629602042    1.52608738604229    1.52520902064764
200.818387999909    0.000283970637705791    1.52507591845537    1.52421001078549
201.171941499909    0.000291978853419602    1.52418237847439    1.52329258023012
201.525494999908    0.000308642627986056    1.52401944467372    1.52307898020813
201.879048499908    0.000324598145534981    1.52483418735364    1.52384459187557
202.232601999908    0.00031737069258423    1.52601313650811    1.52504482013129
202.586155499908    0.000304873957125627    1.52647454505892    1.52554406406834
202.939708999907    0.00029188425140409    1.52597273244348    1.52508217756508
203.293262499907    0.000290507427400434    1.52496821742448    1.52408244556036
203.646815999907    0.000299355423316045    1.52416539446378    1.52325313320041
204.000369499907    0.000315631517616041    1.52412098159234    1.5231591639354
204.353922999906    0.000328482052353011    1.52500549728841    1.52400395240673
204.707476499906    0.000323542854454672    1.52611161041318    1.5251244048032
205.061029999906    0.000309253428577009    1.52642984182678    1.52548602638081
205.414583499906    0.000296739442923167    1.525851377314    1.52494608537445
205.768136999905    0.000296377375361255    1.52486276761766    1.5239591657751
206.121690499905    0.000307944200311749    1.52415907315745    1.52322065024548
206.475243999905    0.000325040952177313    1.52424922466193    1.5232586597974
206.828797499905    0.000333833946726814    1.52519998451302    1.52418199729095
207.182350999904    0.000325852357377612    1.52619170486604    1.52519740253212
207.535904499904    0.000310849581037727    1.52636028324286    1.52541164121871
207.889457999904    0.000302718673342461    1.52571311785027    1.52478967369219
208.243011499904    0.000303042718550766    1.52475613854006    1.52383228601614
208.596564999903    0.000315060633285526    1.52417181925629    1.52321170867211
208.950118499903    0.00033259930752326    1.5243888562071    1.52337517200182
209.303671999903    0.000339708501660524    1.52537010689127    1.52433409644585
209.657225499903    0.000329764985771798    1.52624640735093    1.52524013393506
210.010778999902    0.000314673143306719    1.52628989952331    1.52532963681163
210.364332499902    0.000307422232598913    1.52559539789586    1.52465768228396
210.717885999902    0.000309754590195918    1.52468520879712    1.52374094480317
211.071439499902    0.000322924668372481    1.52420848424609    1.52322439299482
211.424992999901    0.000340120453550877    1.52453036472709    1.52349366941017
211.778546499901    0.000343442966587635    1.52550841786042    1.5244609273405
