#t    <EB>_U1_0    <(EB)^2>_U1_0
0    0    0
0.3535535    3.59311235852724e-15    2.82632201308029e-13
0.707106999999999    -4.51112032249295e-15    5.25060028007697e-13
1.0606605    6.07101694075786e-15    2.75830213479192e-12
1.414214    -1.81520052502024e-14    2.84880752919301e-12
1.76776750000001    3.64139668172799e-14    7.48899909145595e-12
2.121321    9.15520519325838e-15    1.52466979194446e-11
2.4748745    1.33873945284411e-13    1.91710259046483e-11
2.82842799999999    5.01709216098424e-14    2.09803378327113e-11
3.18198149999998    2.31331030813701e-14    1.53512824024656e-11
3.53553499999997    1.47094443631526e-13    2.14235009127252e-11
3.88908849999997    -6.26251792538718e-14    2.70510785194792e-11
4.24264199999997    5.11885614054687e-14    4.29620899128161e-11
4.59619549999999    2.11936657650901e-13    7.85546132347425e-11
4.949749    1.01523075554068e-13    6.09439851487452e-11
5.30330250000002    9.49329559464487e-14    6.06811592115677e-11
5.65685600000003    -2.54505738247926e-13    8.96670256693442e-11
6.01040950000005    -2.51993541847846e-13    9.55387391242603e-11
6.36396300000006    -4.56116150663218e-14    1.29403768419593e-10
6.71751650000007    -5.31477132772973e-13    4.21264074763357e-10
7.07107000000009    9.55750842433259e-13    1.71555576573421e-10
7.4246235000001    9.62720566860756e-13    1.62794235776823e-10
7.77817700000012    3.15992457020874e-13    1.66805638331221e-10
8.13173050000013    1.15977107933963e-12    2.61685442953294e-10
8.48528400000015    -1.31611302456522e-12    5.18105046406047e-10
8.83883750000016    2.74806209732457e-12    4.1254766661895e-10
9.19239100000018    2.38100721778742e-12    1.03692023726344e-09
9.54594450000019    4.10453628600948e-12    4.49974515227267e-10
9.89949800000021    2.11654767172038e-12    5.67329510421369e-10
10.2530515000002    -2.31982623320097e-12    2.29694695689713e-09
10.6066050000002    -1.4592523967586e-12    1.89915305716141e-09
10.9601585000002    -4.44809717679631e-12    4.37203878330487e-09
11.3137120000003    -3.10158259448231e-12    8.3127813143373e-09
11.6672655000003    5.86203630407948e-13    1.63022176858321e-09
12.0208190000003    -5.4273155814668e-12    3.46192034485495e-09
12.3743725000003    -1.04464810170816e-11    8.90464677043613e-09
12.7279260000003    6.74099898424354e-12    3.64027924114218e-09
13.0814795000003    -1.83069285361702e-11    1.54314434952146e-08
13.4350330000004    3.44167248696857e-11    3.75884222288246e-09
13.7885865000004    4.06767791861999e-11    1.65743177403697e-08
14.1421400000004    -1.86435037956859e-11    3.54805153191692e-08
14.4956935000004    -2.78408706822996e-11    4.26781293132186e-08
14.8492470000004    -5.38427730487131e-12    4.95257800774838e-08
15.2028005000004    -3.49069178745906e-12    4.09028866956199e-08
15.5563540000004    -7.31498856772518e-11    1.97547958513477e-07
15.9099075000005    4.1363166635958e-11    1.61243023197538e-07
16.2634610000004    -8.73164339116334e-11    2.10630762544658e-07
16.6170145000003    -1.23096112168482e-10    3.68472703812087e-07
16.9705680000003    -1.15176986100724e-10    4.26553630494857e-07
17.3241215000002    -1.65962206212286e-11    8.13031545954253e-08
17.6776750000001    -1.75372347621937e-10    5.45666646018252e-07
18.0312285    2.09772340603271e-10    8.78282666115849e-08
18.384782    2.83307716029487e-10    1.68701785114099e-07
18.7383354999999    -4.91364740438772e-10    2.9710825963561e-06
19.0918889999998    -5.25125087932836e-10    2.95715777226931e-06
19.4454424999997    2.65043187746712e-10    1.25282896957471e-06
19.7989959999997    1.93747890132409e-10    1.05551283558668e-06
20.1525494999996    -9.80163933734189e-10    9.01935204295467e-06
20.5061029999995    1.06835435048535e-09    4.90748996088643e-06
20.8596564999994    -1.55485193870894e-09    1.79385202118209e-05
21.2132099999994    -1.52515165482357e-09    1.81682345588134e-05
21.5667634999993    -9.58790450638768e-10    1.10476305293717e-05
21.9203169999992    -6.54407606117237e-10    4.39684184855653e-06
22.2738704999991    -1.57902495254641e-09    1.83412792356637e-05
22.6274239999991    9.4830889801477e-10    1.13893215902826e-05
22.980977499999    -3.99961409755783e-10    1.70266824184632e-05
23.3345309999989    -4.17922234228444e-09    0.000108627185295917
23.6880844999988    -3.29330357324859e-09    9.22355930740276e-05
24.0416379999988    4.89753397232352e-09    5.90762446132773e-05
24.3951914999987    3.66486477964564e-09    3.69301535711961e-05
24.7487449999986    -1.09218073895837e-08    0.00041952824832594
25.1022984999985    1.64397921076061e-08    0.000318334845810386
25.4558519999985    -1.77682159803005e-08    0.000925953490007205
25.8094054999984    -1.11654373210254e-08    0.000467927483554315
26.1629589999983    -4.02563150566151e-10    0.000173319819097107
26.5165124999982    -1.30147411923312e-08    0.00037783747950402
26.8700659999982    -1.63231936579065e-08    0.000733137102458561
27.2236194999981    1.21103116369672e-09    0.00122052482565893
27.577172999998    -2.2554619662934e-08    0.0028960317464963
27.9307264999979    -3.07338347818251e-08    0.00212113539636052
28.2842799999979    -1.90673648748827e-08    0.00144347026870756
28.6378334999978    5.85282457364784e-08    0.00358363407164198
28.9913869999977    4.4264305729038e-08    0.00210205260636395
29.3449404999977    -1.21666345604191e-07    0.0199593819221578
29.6984939999976    2.34538277062461e-07    0.0221343127595932
30.0520474999975    -1.18908849047143e-07    0.0299651961400213
30.4056009999974    4.75037390384461e-08    0.00459143888865746
30.7591544999974    1.20153190539402e-07    0.0070474353608921
31.1127079999973    -2.02669300342941e-07    0.0309817881782252
31.4662614999972    -1.14336961939748e-07    0.0292636751363867
31.8198149999971    -1.4237967125132e-07    0.101325372340955
32.1733684999971    -5.3460749423629e-07    0.278035995069616
32.5269219999972    1.84538642578102e-07    0.0206493486280583
32.8804754999974    3.22462270435121e-07    0.0298158573615142
33.2340289999975    5.46944704722142e-07    0.17198931929105
33.5875824999976    5.50000797451718e-07    0.136428431248568
33.9411359999977    -1.21261822796925e-06    0.965888501255776
34.2946894999978    2.60447182282714e-06    1.29728282398684
34.6482429999979    -4.32288272541985e-07    0.540199649132598
35.001796499998    1.51894620777429e-06    0.416070688349903
35.3553499999981    1.99246859050942e-06    0.986036982390039
35.7089034999982    -2.36822768226973e-06    2.17965409428763
36.0624569999983    -1.0126803501459e-06    1.18790943380301
36.4160104999984    -2.34598730694535e-06    7.25899658292177
36.7695639999985    -6.81842474411359e-06    19.118213527586
37.1231174999986    5.11829600788674e-06    3.88417415030083
37.4766709999987    6.23356426716903e-06    6.18910564298549
37.8302244999988    3.77300213191128e-06    5.56291666764684
38.1837779999989    5.80639666612759e-06    8.5775504457142
38.537331499999    -1.25292183984077e-05    46.7170772280928
38.8908849999991    2.87106566996542e-05    66.0338075275471
39.2444384999992    6.57191892280799e-06    5.21764682850481
39.5979919999993    2.38247035354022e-05    62.2503609052906
39.9515454999994    2.36419901445128e-05    77.073512865848
40.3050989999995    -2.59643295614231e-05    132.664262776827
40.6586524999996    -6.69395493393954e-06    46.6090265079245
41.0122059999997    -3.46088832722247e-05    478.25248614451
41.3657594999998    -7.50292833031074e-05    1046.12180210385
41.7193129999999    8.12202355148228e-05    475.745667818399
42.0728665    8.00171460791366e-05    556.431747975806
42.4264200000001    4.38338559743956e-06    112.664824718477
42.7799735000002    5.62221515473804e-05    492.881463350359
43.1335270000003    -0.000124318520039135    2282.51129347552
43.4870805000005    0.000287930044753804    2898.78608112849
43.8406340000006    0.000192738121295721    1165.03107355419
44.1941875000007    0.000248388697182911    3896.47947411326
44.5477410000008    0.000193295253408277    3368.92351885753
44.9012945000009    -0.000240021342275187    6872.93068074286
45.254848000001    -2.18483666998281e-05    1737.83484994791
45.6084015000011    -0.000439101090914829    29573.7367409274
45.9619550000012    -0.000685949926898743    46177.4164499961
46.3155085000013    0.000843772398605225    27636.7288007536
46.6690620000014    0.000675983753438025    23985.896915521
47.0226155000015    -0.000327991689244744    6532.36075768359
47.3761690000016    0.000484745297817835    25567.7399611132
47.7297225000017    -0.00120746850596642    111387.093140891
48.0832760000018    0.00269401769422295    107937.598419439
48.4368295000019    0.00275210460749697    161031.461846178
48.790383000002    0.00174029566833234    110745.35771129
49.1439365000021    0.000972853665988538    71276.265783885
49.4974900000022    -0.00193205357526782    292263.950571355
49.8510435000023    8.31638238090182e-05    59958.2607899664
50.2045970000024    -0.00504165371684806    1755932.58062657
50.5581505000025    -0.00494467955422806    1621000.51991307
50.9117040000026    0.00624645588219153    800969.75844571
51.2652575000027    0.00342009639451391    410103.549200192
51.6188110000028    -0.00607475157965531    1161502.46735949
51.9723645000029    0.00366812710194608    1167531.71471278
52.325918000003    -0.011839161567913    5494792.41111378
52.6794715000031    0.0242207325396997    3220528.29842859
53.0330250000032    0.0308029911154861    11858183.07871
53.3865785000033    0.00503100443696702    1064651.22438053
53.7401320000034    -0.000103016444708892    1552735.53580027
54.0936855000036    -0.0155390872121544    9633441.9985274
54.4472390000037    -0.000301653745475861    2098842.90521223
54.8007925000038    -0.0524798986489543    101763942.180053
55.1543460000039    -0.0241228724723044    42183816.2988936
55.507899500004    0.0289158213102567    7707223.66693016
55.8614530000041    0.00805802940966771    14238859.4356846
56.2150065000042    -0.0670967106450178    131242735.693338
56.5685600000043    0.0363758026702357    45749431.6812333
56.9221135000044    -0.127293734440343    279786989.567201
57.2756670000045    0.23067111687682    66967890.4781841
57.6292205000046    0.287459041253328    564649252.73217
57.9827740000047    -0.0128878313512644    282839081.969659
58.3363275000048    0.017371866851704    444595739.712974
58.6898810000049    -0.255243910718519    243827965.45343
59.043434500005    -0.162712033757401    123652631.579778
59.3969880000051    -0.460347181596944    5996416565.0566
59.7505415000052    -0.101054301027006    907872423.417717
60.1040950000053    0.195426728615303    1438157500.82412
60.4576485000054    0.293021396207791    4703958128.63818
60.8112020000055    -0.678236090775727    10488740860.3161
61.1647555000056    0.963788487644194    1591022959.18683
61.5183090000057    -1.78201746038053    16334456474.6947
61.8718625000058    3.13259151275662    863246931.66914
62.2254160000059    2.86230678652851    17096839653.0995
62.578969500006    0.880039061554726    59097982828.458
62.9325230000061    2.0152396785229    68592105327.9649
63.2860765000062    -7.54264374383399    14791619771.2625
63.6396300000063    -6.80854194363155    20390763772.1291
63.9931835000064    -1.35018305930862    419535445838.321
64.3467370000062    -2.29510276289716    98310019399.2075
64.7002905000059    7.08275271299317    405119183157.58
65.0538440000057    10.8040629608367    727587984057.847
65.4073975000054    -13.4890605466098    833678797060.162
65.7609510000052    26.4369303566169    88386383363.1486
66.1145045000049    -21.12662487128    1556820017558.25
66.4680580000047    40.6885700542616    166463998383.594
66.8216115000044    17.4350428821658    271868977284.131
67.1751650000042    44.8855506546679    8857694869378.13
67.5287185000039    62.2652323819275    9510949154807.79
67.8822720000037    -172.328927040115    3559980682497.94
68.2358255000034    -139.428132279161    5221967426435.83
68.5893790000032    212.060499934698    50547566050862.3
68.9429325000029    1.91540589940996    27638610209735.2
69.2964860000027    287.779108496252    95837526212119.1
69.6500395000024    515.195513155719    127705086094408
70.0035930000022    209.91577897167    120008002732959
70.3571465000019    -5.37868437501311    21888489600476.5
70.7107000000017    1250.58133523313    300554891105889
71.0642535000014    -1634.53821302255    101437276994541
71.4178070000012    -2814.48091765259    99200111316050.1
71.7713605000009    4193.20004311972    1.87117570866481e+15
72.1249140000007    6531.62344181008    2.00654293435318e+15
72.4784675000004    -4171.46611951973    851972072523256
72.8320210000002    893.289431111989    1.31975027124821e+15
73.1855744999999    22349.5963054954    1.0830424192044e+16
73.5391279999996    -794.657038981561    7.26235558955681e+15
73.8926814999994    30980.2972684168    2.81181246550996e+16
74.2462349999991    50124.406002202    2.79539350898135e+16
74.5997884999989    52274.6000798476    2.22103060087681e+16
74.9533419999986    -28201.933547371    1.22687187368698e+16
75.3068954999984    173567.708443599    6.74403475480936e+16
75.6604489999981    -195537.233216967    5.93152170076297e+16
76.0140024999979    -203581.085693989    1.16154111931524e+17
76.3675559999976    324500.305966606    3.36640839818447e+17
76.7211094999974    362307.771547122    3.24813927282921e+17
77.0746629999971    -625926.039892282    1.37209702868834e+17
77.4282164999969    -193642.275280711    2.06650038703686e+17
77.7817699999966    1835136.79200154    1.97784237128051e+18
78.1353234999964    -1596996.90289257    1.08352333062411e+18
78.4888769999961    2866172.75744267    4.43985375132021e+18
78.8424304999959    639055.512607533    2.49696436696557e+18
79.1959839999956    -1286514.6658885    1.79491429589094e+18
79.5495374999954    3166017.68668217    4.89666803482538e+18
79.9030909999951    7165527.30306274    5.7466577516541e+18
80.2566444999949    -2923488.2951069    1.48861348307555e+19
80.6101979999946    4383581.70250679    2.88308905745166e+19
80.9637514999944    3031698.18147241    1.22621897802246e+19
81.3173049999941    -7292139.5067867    1.03731981629593e+19
81.6708584999939    -17625025.4680859    2.56047412963345e+18
82.0244119999936    -18370979.7270304    5.6985787636423e+18
82.3779654999934    46943423.4630629    6.79171264348356e+19
82.7315189999931    -83229830.0035143    1.61752236426654e+19
83.0850724999928    48822965.856809    6.6072831026464e+19
83.4386259999926    -34270549.3066731    2.5017690842624e+19
83.7921794999923    -60779620.4983663    2.28403466784297e+19
84.1457329999921    80417346.1928748    1.58487683673455e+20
84.4992864999918    41136335.117729    4.98817841143506e+19
84.8528399999916    45059056.7354264    2.99545815010512e+20
85.2063934999913    189327845.132136    4.3258204251159e+20
85.5599469999911    -115377970.829058    4.29674214121384e+19
85.9135004999908    -166976713.942683    5.00693191819307e+19
86.2670539999906    -81046034.5598058    7.1799408294075e+19
86.6206074999903    -136781679.436512    3.90109234006637e+19
86.9741609999901    345029508.350552    3.7873079688955e+20
87.3277144999898    -704560816.03032    1.46206850255681e+20
87.6812679999896    83597755.7928794    1.26467894331389e+20
88.0348214999893    -495712830.842512    1.43348801169912e+20
88.3883749999891    -545634760.57397    1.60591095701934e+20
88.7419284999888    592601101.502146    8.35099058258017e+20
89.0954819999886    310319803.998236    1.98894691230198e+20
89.4490354999883    303286862.654823    1.79089363322005e+21
89.8025889999881    1461199978.33698    2.5824454289827e+21
90.1561424999878    -1332815367.03092    5.67605378125012e+20
90.5096959999876    -1580964580.23072    6.84372952016178e+20
90.8632494999873    -275019856.19988    9.70200906882409e+20
91.2168029999871    -1154623275.90335    5.58713485030685e+20
91.5703564999868    2553458681.28572    2.76064066320483e+21
91.9239099999865    -5154956878.14567    3.38942905932252e+21
92.2774634999863    -1393400173.88672    1.00749247052638e+21
92.631016999986    -4112422243.60141    2.84140267917399e+21
92.9845704999858    -2469848564.74168    2.06171693121594e+21
93.3381239999855    2774797430.11066    4.21269027867582e+21
93.6916774999853    -543230797.420354    1.14770774340019e+21
94.045230999985    3912840231.51431    1.39851500117702e+22
94.3987844999848    8064143908.03364    1.76570859564741e+22
94.7523379999845    -8333131682.10844    1.08219886495973e+22
95.1058914999843    -3178937323.9374    7.37071204641758e+21
95.459444999984    7946813861.60502    2.2969581666296e+22
95.8129984999838    2123593684.19725    9.34342735927898e+21
96.1665519999835    3944027995.68761    9.7383332832034e+21
96.5201054999833    -11900219122.1482    3.24324374034891e+22
96.873658999983    -12411926495.3598    2.75714377087195e+22
97.2272124999828    -1343101749.52169    2.07069874821521e+22
97.5807659999825    9799710648.55394    3.33345042320276e+22
97.9343194999823    -8998963966.71417    1.33165524623834e+22
98.287872999982    -11032580422.6198    1.89627486816496e+22
98.6414264999818    10751729587.3512    3.08986318729767e+22
98.9949799999815    1039004342.9158    2.24617135597682e+22
99.3485334999813    1601873514.02131    3.15101622511575e+22
99.702086999981    14135077479.1928    4.10604617388599e+22
100.055640499981    8894582607.29578    4.26837946507532e+22
100.409193999981    18799647413.4422    5.58609548854255e+22
100.76274749998    -13466501196.1149    2.42564212771708e+22
101.11630099998    15475601586.9547    4.22878361877997e+22
101.46985449998    3512961602.96515    5.63520603842396e+22
101.823407999979    13700623357.701    4.11546350527846e+22
102.176961499979    3447886547.79061    5.81082905898552e+22
102.530514999979    -6459127105.75866    4.99719984678583e+22
102.884068499979    2909971025.17257    4.27122732316326e+22
103.237621999978    -13353905956.5868    5.14551991089021e+22
103.591175499978    -18634817804.6297    4.15651407002638e+22
103.944728999978    10505769830.709    4.79121143740455e+22
104.298282499978    -14555316040.6095    7.85584667757739e+22
104.651835999977    -21276911795.3229    5.71573511654155e+22
105.005389499977    -11975775250.0717    8.47672030003538e+22
105.358942999977    -10042963070.5786    4.34608976997575e+22
105.712496499977    19352537350.6132    6.96870177903466e+22
106.066049999976    33703863903.5702    7.80039395909443e+22
106.419603499976    -40890475265.267    9.00436351885577e+22
106.773156999976    -38371159214.0742    8.83627822465645e+22
107.126710499976    39776657709.3645    7.57739274744652e+22
107.480263999975    29134960334.9299    6.76502863972946e+22
107.833817499975    -25444279781.1285    8.35848560232669e+22
108.187370999975    21650562971.9772    7.34447445840403e+22
108.540924499975    -31015809146.2902    1.17361342445111e+23
108.894477999974    -23445264565.0591    1.2422230842571e+23
109.248031499974    20360479419.6793    1.02230356603266e+23
109.601584999974    -34664196929.6495    1.51427271912561e+23
109.955138499974    20792335246.2898    8.97824782089003e+22
110.308691999973    -15690334558.6497    1.151070413107e+23
110.662245499973    -10270176077.6906    1.1277092588161e+23
111.015798999973    -10444880089.9254    1.48371087617859e+23
111.369352499973    11872423350.0803    1.2112834952273e+23
111.722905999972    4006401658.58247    1.13669887708527e+23
112.076459499972    -2719376393.48527    1.2090208004448e+23
112.430012999972    5921585383.28798    1.17576068280756e+23
112.783566499972    23200293218.9459    1.396662795498e+23
113.137119999971    4703906624.48403    1.86872482197143e+23
113.490673499971    18587244575.6999    1.59295019176769e+23
113.844226999971    5751897891.45562    1.52090221715122e+23
114.197780499971    11716220823.4178    2.08576846458073e+23
114.55133399997    8285646056.71093    1.38235996145452e+23
114.90488749997    -11239216731.5987    1.91742798433518e+23
115.25844099997    -16457793027.8357    1.90318797094769e+23
115.61199449997    25825535903.5208    2.19558315264308e+23
115.965547999969    -15901494309.8456    2.58034701812259e+23
116.319101499969    5713615978.47438    2.92578085565927e+23
116.672654999969    3567052932.42511    3.46870081788536e+23
117.026208499969    -1903837189.53549    3.29546961148602e+23
117.379761999968    -17558613417.6785    4.14224913919574e+23
117.733315499968    11078420387.4543    4.4062730096266e+23
118.086868999968    -26770517443.0865    4.30813254720974e+23
118.440422499968    1690690752.48243    5.43290398462404e+23
118.793975999967    6970953171.19775    7.46421743213937e+23
119.147529499967    11749160852.2512    9.69730580569265e+23
119.501082999967    13792231612.4407    9.45508787697268e+23
119.854636499967    17017313539.3746    1.54764142776623e+24
120.208189999966    -24341230854.2328    1.50668869832706e+24
120.561743499966    -114573953.663187    2.17490210837911e+24
120.915296999966    -17033626192.2664    3.33074174567881e+24
121.268850499966    -16287355253.9327    4.10387046369016e+24
121.622403999965    -13611664474.5504    3.77743489355748e+24
121.975957499965    10444022610.5984    3.39277973766071e+24
122.329510999965    -24928017123.7736    2.7063850415703e+24
122.683064499965    7975637162.88057    3.21816594761398e+24
123.036617999964    -15512605925.7075    4.92417773896506e+24
123.390171499964    14565458239.2971    8.07840756562407e+24
123.743724999964    18026561878.6626    7.71555390017397e+24
124.097278499964    18049100219.0835    5.50796133191914e+24
124.450831999963    -7326026922.7466    5.01707973110989e+24
124.804385499963    -13644751894.8097    5.00119461764482e+24
125.157938999963    7889467056.23009    5.57951900732577e+24
125.511492499963    26797385527.0398    7.02556355918582e+24
125.865045999962    -31145519499.6947    7.31111033532366e+24
126.218599499962    -613979599.26725    6.68636840818137e+24
126.572152999962    31706311789.1764    6.02644726904533e+24
126.925706499962    27814144385.5161    5.39715265937375e+24
127.279259999961    10478508247.3244    5.96200713202444e+24
127.632813499961    -50470698703.0926    6.06885583974372e+24
127.986366999961    33353556721.4675    6.6712698662574e+24
128.339920499961    15047223256.7241    6.76116238813321e+24
128.69347399996    8739149773.12173    6.68457966341574e+24
129.04702749996    22514295979.8318    6.46053579714735e+24
129.40058099996    17696116257.4658    6.33070460264589e+24
129.75413449996    8274810840.30167    6.44367574648059e+24
130.107687999959    31833628308.5671    7.40822823304795e+24
130.461241499959    43983106660.7747    8.04769540999909e+24
130.814794999959    -17230757379.2734    7.35168995283576e+24
131.168348499959    57071235765.9457    7.03396158731848e+24
131.521901999958    53609180123.9799    6.75122806358192e+24
131.875455499958    66504735428.2371    6.59962559103834e+24
132.229008999958    -11445722043.5963    6.48829812878134e+24
132.582562499958    -7608121934.57034    6.99093688263499e+24
132.936115999957    3097517131.62674    6.98612049500707e+24
133.289669499957    -5985824025.8798    6.93377469040236e+24
133.643222999957    68042539354.4943    7.3491552911761e+24
133.996776499957    74576933735.9715    7.3335609773041e+24
134.350329999956    36531868236.8096    7.41703995171798e+24
134.703883499956    8573133723.61081    7.20574277028918e+24
135.057436999956    -13073522704.5884    7.02784296730891e+24
135.410990499956    -12978811060.6861    6.99366293902047e+24
135.764543999955    14830842072.7869    6.72835021750546e+24
136.118097499955    -5748464831.22166    7.4402546978191e+24
136.471650999955    25909688322.3697    7.10484529772257e+24
136.825204499955    -39251531541.9155    7.3017541913338e+24
137.178757999954    8521584168.51114    7.27596328311422e+24
137.532311499954    -42092387535.475    7.52037239989507e+24
137.885864999954    -33345659230.309    7.64111352622217e+24
138.239418499954    36823310546.5585    7.75469141490222e+24
138.592971999953    -23060314171.8028    7.67498039848984e+24
138.946525499953    12768068244.29    7.87350533077738e+24
139.300078999953    -55398798060.0741    8.07908486458155e+24
139.653632499953    -30821303343.8132    7.91672298886159e+24
140.007185999952    -20899713149.5215    7.53631151970189e+24
140.360739499952    -46191423133.8409    7.44003541967814e+24
140.714292999952    3740793407.58121    7.99690660558274e+24
141.067846499952    -15210892209.6885    8.02430165508491e+24
141.421399999951    -50144377734.0503    7.95399163766584e+24
141.774953499951    8760955292.06071    8.02767838956856e+24
142.128506999951    6812123816.55921    7.75033098727766e+24
142.482060499951    27871780207.8047    7.85398511860173e+24
142.83561399995    -8033236327.15135    7.9600315900245e+24
143.18916749995    -26434353490.4416    8.33697140510143e+24
143.54272099995    -40646581125.9622    8.55207492302998e+24
143.89627449995    -13075056314.1359    8.33870345286991e+24
144.249827999949    -1975294096.96341    8.36858145182437e+24
144.603381499949    -49705308485.8108    8.10137039871531e+24
144.956934999949    3994977020.46739    7.77940234286874e+24
145.310488499949    76055682694.9654    7.90558372846351e+24
145.664041999948    4318098398.67375    8.30683035280358e+24
146.017595499948    16723936297.6161    8.58524297002334e+24
146.371148999948    729923266.824303    8.34107773903453e+24
146.724702499948    -5996400429.44059    8.22228669444136e+24
147.078255999947    -687414366.677949    8.10934125687608e+24
147.431809499947    -30725764783.704    7.90019061136644e+24
147.785362999947    -15042661192.783    8.08235382806917e+24
148.138916499947    -6740769150.61309    8.33177535910739e+24
148.492469999946    6069223245.83315    8.60371613668235e+24
148.846023499946    35376575619.4171    8.71326673220664e+24
149.199576999946    10222354668.2462    8.43658698120887e+24
149.553130499945    32205948564.7683    8.06505674348331e+24
149.906683999945    -44629975057.0564    7.95582924643198e+24
150.260237499945    2655002773.83681    8.41677357533717e+24
150.613790999945    4995894741.96409    8.41560565901791e+24
150.967344499944    30644785509.3785    8.78901764192721e+24
151.320897999944    66496526889.8179    8.8236837789933e+24
151.674451499944    41565730167.4012    8.68801320421375e+24
152.028004999944    3149507087.04539    8.14881044705484e+24
152.381558499943    24197096581.2589    8.02880069482739e+24
152.735111999943    458168841.255922    8.60065182043828e+24
153.088665499943    14930334163.958    9.02938988349227e+24
153.442218999943    3953729731.54654    9.07694672319429e+24
153.795772499942    -33090033153.5053    9.11976881915743e+24
154.149325999942    -20102227461.9073    8.77549886021187e+24
154.502879499942    -5976191776.29711    8.3655989065594e+24
154.856432999942    4374630502.00611    8.36675611411517e+24
155.209986499941    -12724814533.2234    9.01115910323452e+24
155.563539999941    -2790128315.03556    9.18868859708923e+24
155.917093499941    27584064186.4621    9.31877156213324e+24
156.270646999941    -29185984699.2641    9.07289748949487e+24
156.62420049994    -7520282001.23809    8.86870408909428e+24
156.97775399994    -15507839464.6262    8.51182125673764e+24
157.33130749994    17110917960.0881    8.90002745937238e+24
157.68486099994    2769183204.95837    9.41268401769319e+24
158.038414499939    -2278402721.2073    9.52287261756775e+24
158.391967999939    -39247534451.1102    9.32668393229399e+24
158.745521499939    -15262857143.9492    9.12588962786445e+24
159.099074999939    7241256601.45845    8.68723757204997e+24
159.452628499938    -42801947358.3035    8.51299580165161e+24
159.806181999938    -39763646760.9058    8.74989624398019e+24
160.159735499938    -18907002750.0494    9.22121026704886e+24
160.513288999938    -2946847059.98487    9.30482808407298e+24
160.866842499937    -20939623991.0202    9.33712150200141e+24
161.220395999937    -3277918272.73386    9.13894887214279e+24
161.573949499937    -18153606785.6638    8.84369010913478e+24
161.927502999937    1985149069.13324    8.70085359328212e+24
162.281056499936    -6333837195.32522    8.93833457580965e+24
162.634609999936    11090354088.6828    9.09183207257686e+24
162.988163499936    19837669247.1246    9.20477884329875e+24
163.341716999936    -6172751070.50232    9.27591141966623e+24
163.695270499935    -32595286522.5062    9.06501781808939e+24
164.048823999935    -3033352876.13316    8.80406371637256e+24
164.402377499935    -11444327920.515    8.77607415495455e+24
164.755930999935    -14434217594.6979    9.00531602299294e+24
165.109484499934    -22838910137.2772    9.15826750570717e+24
165.463037999934    -1801468316.18792    9.48185189623476e+24
165.816591499934    5130770577.05338    9.48944816183959e+24
166.170144999934    -12193944171.181    9.19917411126227e+24
166.523698499933    -15738817508.6147    8.84063301322742e+24
166.877251999933    -18402588367.1629    8.73422231473616e+24
167.230805499933    -13713803433.9196    9.05235097563159e+24
167.584358999933    -33577640.0260906    9.49467001447828e+24
167.937912499932    -16359866636.2945    9.4133103363801e+24
168.291465999932    784960088.67057    9.56417762127551e+24
168.645019499932    11263055811.0669    9.30637188304656e+24
168.998572999932    -40266712883.552    8.86829101166786e+24
169.352126499931    9554217129.17848    8.7342582249339e+24
169.705679999931    1427569449.8181    9.10552407607729e+24
170.059233499931    -8412391559.69366    9.32735621015698e+24
170.412786999931    23649690850.2753    9.4923781553153e+24
170.76634049993    34996531851.419    9.48337967856835e+24
171.11989399993    37833634612.7328    9.23764225037575e+24
171.47344749993    37977618285.6591    8.83289255940434e+24
171.82700099993    -46448098805.7353    8.81997386503578e+24
172.180554499929    2760856089.58014    9.05409897881898e+24
172.534107999929    -7251770409.23517    9.45870450616406e+24
172.887661499929    -41003453121.0703    9.31536167381236e+24
173.241214999929    1458929836.45371    9.17603516999946e+24
173.594768499928    -16002154871.4196    8.88001162638484e+24
173.948321999928    28223027790.1528    8.42018823929325e+24
174.301875499928    38064287228.8411    8.54811636663946e+24
174.655428999928    39861474254.5994    9.19120398605842e+24
175.008982499927    -11646624764.9831    9.29029159606927e+24
175.362535999927    -19395758811.789    9.24854483107168e+24
175.716089499927    9942843559.65671    8.94790665869812e+24
176.069642999927    56639648755.0088    8.85829176192366e+24
176.423196499926    -11850170210.6387    8.73658562271625e+24
176.776749999926    7544455080.58105    8.73739269469668e+24
177.130303499926    37369439090.9308    9.18444791654889e+24
177.483856999926    -36870713139.0149    9.4514291639109e+24
177.837410499925    44278675087.8878    9.57326635064461e+24
178.190963999925    43908518910.138    9.23320001674724e+24
178.544517499925    25323323876.04    8.79150486063863e+24
178.898070999925    -1378450407.83826    8.48357554482869e+24
179.251624499924    35469750284.9367    8.95711447296653e+24
179.605177999924    43862078197.6283    9.33215085957528e+24
179.958731499924    -27078781212.6736    9.42686044697417e+24
180.312284999924    -10158765040.6229    9.45795527004142e+24
180.665838499923    1327122819.09137    9.33782917105737e+24
181.019391999923    -38825450319.1732    9.00166476768992e+24
181.372945499923    -21498688494.8224    8.99412007798872e+24
181.726498999923    6953746211.28014    9.11584969711547e+24
182.080052499922    28587023621.3188    9.4724963976701e+24
182.433605999922    -5110137215.19407    9.47251749330844e+24
182.787159499922    38266829082.3305    9.5042929607701e+24
183.140712999922    20040948878.0265    9.48185288069394e+24
183.494266499921    19162530771.238    9.24785495415955e+24
183.847819999921    -3780154107.84439    8.97044117356283e+24
184.201373499921    40989806810.9977    9.22193542414752e+24
184.554926999921    63783364426.9905    9.55512750413917e+24
184.90848049992    -20828362316.9651    9.8398887346288e+24
185.26203399992    -9507707835.93394    9.86172575648599e+24
185.61558749992    -35491443209.8722    9.57526893100029e+24
185.96914099992    -6757688377.46662    9.36959358358897e+24
186.322694499919    -27855199857.8935    9.37883997673753e+24
186.676247999919    -2429627849.09465    9.43278494806522e+24
187.029801499919    9488996861.50103    9.82005017522484e+24
187.383354999919    -46113022142.7883    9.87185193696745e+24
187.736908499918    -8145287265.77982    9.92406030014504e+24
188.090461999918    829547004.252718    9.59170642827256e+24
188.444015499918    41136351936.7814    9.29333928718516e+24
188.797568999918    17591655236.706    9.44459627431372e+24
189.151122499917    9169187414.52974    9.67588859839333e+24
189.504675999917    -22971973611.2605    9.91532209581224e+24
189.858229499917    -18654954305.5319    1.00673198257803e+25
190.211782999917    9099613510.51527    9.92240756552411e+24
190.565336499916    23549871007.7042    9.61457139583873e+24
190.918889999916    20652286358.9428    9.37695813190305e+24
191.272443499916    2654753672.42542    9.21189594745489e+24
191.625996999916    -13317253853.7373    9.61334913217578e+24
191.979550499915    5110946852.06037    9.90728438787445e+24
192.333103999915    -19467489985.7814    1.00296912824736e+25
192.686657499915    -59941141396.3632    9.80727256178795e+24
193.040210999915    -34037091721.0401    9.59549108591686e+24
193.393764499914    8742174933.19323    9.3671049774542e+24
193.747317999914    -29243080421.5844    9.41880517396599e+24
194.100871499914    -32576312521.6455    9.76510472483401e+24
194.454424999913    -21632596966.8042    1.0158785288674e+25
194.807978499913    -2620210426.40992    1.01041839112165e+25
195.161531999913    -37350677736.6068    1.01117370428622e+25
195.515085499913    29654360998.9114    9.6830994276807e+24
195.868638999912    -14291700814.6005    9.33679515761847e+24
196.222192499912    -32871134181.0343    9.50328053843807e+24
196.575745999912    23788282377.5878    9.96932331781595e+24
196.929299499912    13522532048.5162    1.0060068008543e+25
197.282852999911    -8620995875.62112    1.01169750588863e+25
197.636406499911    25256013323.2786    9.99922010895308e+24
197.989959999911    -22148233154.1784    9.6616775334879e+24
198.343513499911    -24922156101.8256    9.56814554037205e+24
198.69706699991    16040424870.4464    9.68879078394948e+24
199.05062049991    -27451076080.3702    1.00391882190428e+25
199.40417399991    -7450422381.63439    1.02499955513975e+25
199.75772749991    28730704764.1561    1.01353541019149e+25
200.111280999909    14508959014.795    9.9642009507431e+24
200.464834499909    589453793.769888    9.59450230243769e+24
200.818387999909    -28236842935.6005    9.56991069800131e+24
201.171941499909    -32272432506.2014    9.85517399066865e+24
201.525494999908    -11202663044.6446    1.01650558220537e+25
201.879048499908    -11688145436.2436    1.02470641189423e+25
202.232601999908    -1565173166.44847    1.01800361093967e+25
202.586155499908    -8920297399.66068    9.91148223978408e+24
202.939708999907    11729634589.9075    9.76161654282242e+24
203.293262499907    -6690427808.96953    9.57397944393383e+24
203.646815999907    2598886297.04138    9.89768768756914e+24
204.000369499907    21048555623.9129    1.00615210143094e+25
204.353922999906    -8758384498.40953    1.02732105491458e+25
204.707476499906    -5717422688.20951    1.01900559056001e+25
205.061029999906    21522832427.1695    9.88985187238478e+24
205.414583499906    30483337566.98    9.71463799821474e+24
205.768136999905    -22384225059.4068    9.63572035952445e+24
206.121690499905    24380422113.9072    9.82141530068176e+24
206.475243999905    -9804998827.53148    1.02043108835955e+25
206.828797499905    18759708879.5813    1.03369162628509e+25
207.182350999904    -13154399123.9073    1.01436479334336e+25
207.535904499904    -99135872.1357212    9.95056906077428e+24
207.889457999904    -12263567392.1546    9.67379693775104e+24
208.243011499904    -54645180624.9215    9.80934166502582e+24
208.596564999903    -19278165869.298    1.0043133393406e+25
208.950118499903    -5980411811.71934    1.01654802883793e+25
209.303671999903    9077772065.05456    1.03138044879013e+25
209.657225499903    -16346229878.6551    1.02099355493693e+25
210.010778999902    -15201672435.3441    1.00810165889933e+25
210.364332499902    -9898215098.49108    9.76463597127717e+24
210.717885999902    12620563998.1416    9.88483838756202e+24
211.071439499902    603271382.581445    1.0181873239199e+25
211.424992999901    31862798914.2976    1.02765818346808e+25
211.778546499901    39364509179.4666    1.02789127095739e+25
