#t    E^kin_cmplxscal0    E^grad_cmplxscal0    E^kin_U10    E^grad_U10    Vpot_term_0    E_tot
0    0.500000557912751    4.49031197568225e-13    5.50133581561165e-12    0    1.00000000000011    1.50000055791881
0.3535535    0.277893243001489    2.25767575734613e-13    1.0797672250926e-12    1.32908669837157e-26    0.288199521442163    0.566092764444958
0.707106999999999    0.122883069751076    1.37102336757663e-13    1.57484516547324e-13    4.36174410131652e-27    0.044374999123462    0.167258068874832
1.0606605    0.0463835561716364    4.01420228566143e-14    4.12779980883062e-14    1.10691404442124e-27    0.00261207359258406    0.0489956297643019
1.414214    0.0180940496626653    7.16060229369445e-15    8.25372648221765e-15    9.53896701216335e-28    6.64295060673708e-06    0.0181006926132875
1.76776750000001    0.00844611784891285    5.67167730783171e-15    3.68781231000535e-15    6.52035167410355e-28    4.38782592877131e-05    0.00848999610820992
2.121321    0.00370356619650793    8.8588334500649e-15    8.17560424161383e-15    4.18878090117654e-28    0.00113145875841122    0.00483502495493619
2.4748745    0.000341227376238435    5.38163670449069e-15    1.18634428016253e-14    3.51846168109245e-28    0.0034951839549685    0.00383641133122418
2.82842799999999    0.00073229999464034    4.40126150953455e-15    7.97278695823599e-15    1.29863703409104e-28    0.00298378856217514    0.00371608855682786
3.18198149999998    0.00208264185705704    4.0096748127063e-15    2.51478637766008e-15    9.2486664514803e-29    0.000725968114511511    0.00280860997157508
3.53553499999997    0.00172213922808628    1.24976484772646e-15    1.22850154722806e-15    1.58039417707173e-28    3.59362747423016e-05    0.00175807550283106
3.88908849999997    0.00111983489141246    3.15898293977999e-16    3.62210445747267e-16    2.55027290700662e-28    4.51929396330524e-12    0.00111983489593244
4.24264199999997    0.000733317808020773    1.69751350229258e-15    7.37655019911625e-16    1.63846657923125e-28    2.39287656240861e-05    0.000757246573647294
4.59619549999999    0.000320422075370506    1.04012129472318e-15    2.19304200938586e-15    1.16671795710374e-28    0.00024704755991243    0.000567469635286169
4.949749    2.19555202987922e-06    1.92754366175174e-15    1.32493940811077e-15    5.16014460737953e-29    0.000522496944243889    0.000524692496277021
5.30330250000002    0.000194445246726813    1.51525523832942e-15    8.54862223114841e-16    3.74361628254263e-29    0.000305864267708215    0.000500309514437398
5.65685600000003    0.000349548086261947    6.94133641826778e-16    6.33843136139875e-16    4.35022677243e-29    4.71361127448282e-05    0.000396684199008104
6.01040950000005    0.00029082077324896    2.30214997848056e-16    2.59436226895707e-16    8.98108064774203e-29    6.12216885655299e-07    0.000291432990135105
6.36396300000006    0.00021775337211186    2.30710013947541e-16    1.21266566922108e-16    1.42359239447976e-28    2.64803060431576e-07    0.000218018175172644
6.71751650000007    0.000147411364778945    2.44431510248901e-16    8.89661118764418e-16    6.94565166880683e-29    2.14721800536837e-05    0.000168883544833763
7.07107000000009    3.92019142845568e-05    1.19503099455152e-15    3.87988458088359e-16    3.97762319161793e-29    0.000106022253706317    0.000145224167992457
7.4246235000001    8.77858873596423e-06    1.16637111651173e-15    2.91929966406118e-16    2.84525414309442e-29    0.000133917557998994    0.000142696146736416
7.77817700000012    8.43000571906813e-05    8.00917681168862e-16    2.06206215889768e-16    3.01256953592396e-29    4.65330847772246e-05    0.000130833141968913
8.13173050000013    0.000102811880007082    2.65972896121196e-16    1.59499465472216e-16    4.72756138297924e-29    3.45173589671288e-06    0.00010626361590422
8.48528400000015    8.45968017054734e-05    5.17314102326958e-17    1.10166908206048e-16    8.80309556305323e-29    1.0001844953085e-10    8.45969017240848e-05
8.83883750000016    6.70500801881826e-05    5.63310299418107e-16    6.87875225916408e-17    8.92030047379976e-29    1.33887347943688e-06    6.83889536682516e-05
9.19239100000018    3.7954009652286e-05    6.43031566297486e-16    4.05413640208254e-16    4.86906621085113e-29    1.95392728390378e-05    5.74932824923722e-05
9.54594450000019    2.12209437019464e-06    1.05774685284124e-15    1.18456736017003e-16    3.18906097255802e-29    5.18464892892651e-05    5.39685836606359e-05
9.89949800000021    1.56248305971588e-05    8.59078827078086e-16    1.27583775987043e-16    2.94939544781412e-29    3.74553612040756e-05    5.30801918022211e-05
10.2530515000002    3.99955777752921e-05    1.24553770644403e-16    4.70321712046634e-16    2.49962580863447e-29    7.13528398902972e-06    4.71308617649167e-05
10.6066050000002    3.92244775935209e-05    5.43503658620128e-17    1.72144626711194e-16    5.4878544396665e-29    1.42774581984316e-07    3.93672521757317e-05
10.9601585000002    3.29089057265607e-05    5.39671123145068e-17    9.41670765397718e-17    1.37454133538264e-28    1.89911429691011e-08    3.29278968696779e-05
11.3137120000003    2.51761829571681e-05    4.17210907223798e-17    6.878831325732e-16    5.4538275723599e-29    2.76597012764074e-06    2.79421530855384e-05
11.6672655000003    8.72940237993289e-06    9.95173652096301e-16    6.97898396413077e-17    4.53664662925297e-29    1.63627053129533e-05    2.50921076939511e-05
12.0208190000003    6.33759016047453e-07    9.23386237725067e-16    1.61498672931225e-16    3.93495442537673e-29    2.40547242077379e-05    2.46884832248703e-05
12.3743725000003    1.38946525001588e-05    4.58467023698515e-16    3.57306070258952e-16    3.32870430706756e-29    9.6896082479884e-06    2.3584260748963e-05
12.7279260000003    1.98234131015832e-05    3.27316406985324e-16    5.57702213627427e-17    5.909199656266e-29    8.66644270318295e-07    2.06900573722846e-05
13.0814795000003    1.77700291805329e-05    4.35749684651495e-17    1.22252070133359e-16    1.06594569191094e-28    2.15047007735889e-10    1.77702442277064e-05
13.4350330000004    1.51386240251158e-05    5.12459115846849e-16    1.24200542637623e-17    1.7560731000469e-28    2.19828195855523e-07    1.53584522214962e-05
13.7885865000004    9.59579795209583e-06    9.08067367340147e-16    1.19371634314202e-16    7.83809100209543e-29    3.96712774879702e-06    1.35629257019203e-05
14.1421400000004    9.39135183648116e-07    8.95489945417118e-16    3.18342337613129e-16    6.31512727727325e-29    1.19374352196487e-05    1.28765704045107e-05
14.4956935000004    3.05237958929063e-06    7.42872028096107e-16    3.55298749778939e-16    5.42762140760233e-29    9.70976480289012e-06    1.27621443932789e-05
14.8492470000004    9.72340847859087e-06    6.26583763572114e-17    6.05430987233404e-16    2.99740263840144e-29    2.09519986165336e-06    1.18186083409123e-05
15.2028005000004    1.03617994091974e-05    3.50028875231386e-17    2.15912090625254e-16    7.47239084086165e-29    5.47706235042705e-08    1.04165700329526e-05
15.5563540000004    9.1540495885196e-06    2.26513315264157e-17    1.35887538070604e-16    3.14141542408086e-28    2.6963003874551e-09    9.15674588906559e-06
15.9099075000005    7.44728979571295e-06    1.14609998664965e-16    8.18082034551514e-16    7.91484986584148e-29    6.65369587825632e-07    8.11265938447128e-06
16.2634610000004    2.99244772301207e-06    1.03944634695396e-15    2.99880206181745e-16    1.22012222256558e-28    4.46512438449003e-06    7.45757210884143e-06
16.6170145000003    7.12921639244132e-08    8.17366516913866e-16    6.32400141395537e-16    9.21805577928078e-29    7.27329777096962e-06    7.3445899363438e-06
16.9705680000003    3.89346029565639e-06    3.08504367731807e-16    8.25152346304162e-16    6.09099276933115e-29    3.24291969854838e-06    7.13637999533843e-06
17.3241215000002    6.16424223457276e-06    5.54205814483683e-16    4.65404648378967e-17    1.67030087534821e-28    3.31133388741161e-07    6.49537562391466e-06
17.6776750000001    5.79562352734472e-06    6.43561491379664e-17    1.9378360398029e-16    2.35053220808935e-28    2.4994028228852e-10    5.79587346788515e-06
18.0312285    5.13080112541001e-06    6.6020136468266e-16    9.98880071749645e-18    6.54403394352298e-28    5.63063285898232e-08    5.18710745467002e-06
18.384782    3.48973209129887e-06    1.4499577383751e-15    3.1902111702e-17    2.92610729984796e-28    1.21693296381008e-06    4.70666505659081e-06
18.7383354999999    4.69713463441635e-07    7.67563681877487e-16    1.07025042721534e-15    1.67915325319856e-28    4.0320173870403e-06    4.50173085231974e-06
19.0918889999998    8.8488581346908e-07    6.43387501689358e-16    1.08962737932085e-15    1.34722164157462e-28    3.59041313890904e-06    4.47529895411114e-06
19.4454424999997    3.3828862067524e-06    1.82896945720744e-16    8.95481577498492e-16    6.55918840806947e-29    8.52962658613268e-07    4.23584886644405e-06
19.7989959999997    3.81785082756377e-06    5.68638282972352e-17    3.49168307845839e-16    1.4648234118001e-28    2.74033290861152e-08    3.84525415705592e-06
20.1525494999996    3.47601596079261e-06    9.92591747574084e-18    2.40291045953622e-16    1.11205467924862e-27    5.0289048740167e-10    3.47651885153022e-06
20.5061029999995    2.93972749938172e-06    3.9420921006021e-16    1.17496758786546e-15    1.89776534526523e-28    2.18710752134666e-07    3.15843825308557e-06
20.8596564999994    1.3112444646516e-06    1.12380589041938e-15    1.0957863421991e-15    4.05235913289587e-28    1.63459235452521e-06    2.9458368213964e-06
21.2132099999994    6.43616493506519e-09    6.37073519638778e-16    1.86127437082214e-15    2.23765189227716e-28    2.89666417756744e-06    2.90310034500086e-06
21.5667634999993    1.44225436318798e-06    1.79946520300225e-16    1.81803880097722e-15    1.11530101001763e-28    1.40432489450235e-06    2.84657925968831e-06
21.9203169999992    2.48747421063673e-06    1.05738020524534e-15    1.1142876557415e-16    7.08154528934271e-28    1.59963965440199e-07    2.64743817724573e-06
22.2738704999991    2.41702322395532e-06    1.18777193820145e-16    3.70379375448402e-16    7.233983053921e-28    2.56274818687346e-10    2.41727949926316e-06
22.6274239999991    2.19190850655879e-06    1.02011735082407e-15    4.63969901672464e-17    3.25005030259452e-27    1.83196609602227e-08    2.21022816858553e-06
22.980977499999    1.56949802278693e-06    2.47405374248277e-15    1.38133167334641e-16    1.50708428784365e-27    4.70788713752448e-07    2.04028673915156e-06
23.3345309999989    2.64877751761021e-07    5.19922307035841e-16    2.89182129880593e-15    4.3097036929476e-28    1.69658242276073e-06    1.96146017793349e-06
23.6880844999988    3.18948714670517e-07    4.36085004096298e-16    2.85315300422126e-15    3.07567675050567e-28    1.63379043396189e-06    1.95273915192165e-06
24.0416379999988    1.45127567046257e-06    7.16457776016376e-16    1.40470220201271e-15    3.43076631179215e-28    4.21782953220888e-07    1.87305862580462e-06
24.3951914999987    1.71633637791278e-06    1.50802739335793e-16    6.55961192168862e-16    4.66904867855183e-28    1.61219038911526e-08    1.7324582826107e-06
24.7487449999986    1.59477489037825e-06    2.36164926085261e-18    4.84314024956064e-16    5.31817503522191e-27    1.02611915310758e-10    1.59487750278024e-06
25.1022984999985    1.38635661563932e-06    1.2045940233196e-15    1.88694141525419e-15    1.04452921673758e-27    8.66200401271605e-08    1.47297665885802e-06
25.4558519999985    6.71667931459895e-07    1.09218252938106e-15    3.27113118362761e-15    1.50084391008404e-27    7.1581126526622e-07    1.38747920108943e-06
25.8094054999984    8.0540346827276e-13    3.13069251629606e-16    4.72994569950516e-15    5.09935522419062e-28    1.36794498557702e-06    1.3679457960235e-06
26.1629589999983    6.33978655280027e-07    1.73346412629584e-16    3.92310282231239e-15    1.88174354509861e-28    7.1482268347671e-07    1.34880134285319e-06
26.5165124999982    1.1827156559379e-06    2.18023506989416e-15    4.0278776431711e-16    3.77085564206091e-27    8.96946290708014e-08    1.27241028759172e-06
26.8700659999982    1.17954313494801e-06    2.46904401447646e-16    8.0909939862655e-16    2.95628344986132e-27    2.53609075341384e-10    1.17979674507936e-06
27.2236194999981    1.08759429704071e-06    1.76912882704186e-15    1.86763627875276e-16    1.9933574300253e-26    6.89361299867862e-09    1.09448791199528e-06
27.577172999998    8.11175850448824e-07    4.3774982472622e-15    9.00475321307161e-16    8.95876094389892e-27    2.11239522841732e-07    1.02241537856853e-06
27.9307264999979    1.63539974527497e-07    2.00924066011175e-16    7.08203414089015e-15    8.57038543924263e-28    8.23047601204896e-07    9.86587583015351e-07
28.2842799999979    1.31278392630851e-07    2.29753624180574e-16    6.87579454420797e-15    4.98067281335223e-28    8.516163953174e-07    9.82894795053798e-07
28.6378334999978    7.14087140805991e-07    2.58491886949853e-15    2.19712727383669e-15    3.17170022079285e-27    2.37202661816668e-07    9.51289807404704e-07
28.9913869999977    8.80782285900641e-07    4.83211766398787e-16    1.35869953445154e-15    2.93204959906634e-27    1.05643244248091e-08    8.91346612167361e-07
29.3449404999977    8.30939773623944e-07    1.12346038560898e-17    1.08066018872069e-15    3.03037914536402e-26    2.0082601142475e-11    8.30959857316981e-07
29.6984939999976    7.37620066452511e-07    3.54585792678929e-15    3.2428345721534e-15    1.02251932990055e-26    3.87878007632119e-08    7.76407874004416e-07
30.0520474999975    3.8306004872581e-07    7.3682102771318e-16    8.97921522358913e-15    4.83042984705684e-27    3.53559030614117e-07    7.36619089055963e-07
30.4056009999974    1.3161677006576e-09    4.35218299882247e-16    1.10054286944854e-14    7.19046884421886e-28    7.25140328493769e-07    7.26456507635073e-07
30.7591544999974    3.12538444473823e-07    1.19970671496344e-15    8.21948129017506e-15    1.02735168366474e-27    4.0640011750942e-07    7.18938571402432e-07
31.1127079999973    6.29378749236568e-07    4.71362805701783e-15    1.54145653361114e-15    2.23758736866943e-26    5.57267443125745e-08    6.85105499804227e-07
31.4662614999972    6.42031541979587e-07    5.49809502368154e-16    1.9609029448755e-15    1.41422726020421e-26    2.48311411589283e-10    6.42279855901889e-07
31.8198149999971    5.99251038881894e-07    3.3111634531985e-15    6.61948839319299e-16    1.35817380740776e-25    2.84961217784402e-09    6.02100655032851e-07
32.1733684999971    4.62373872005684e-07    7.77421592850579e-15    4.06715077417526e-15    5.54337203670056e-26    1.05006769371364e-07    5.67380653218414e-07
32.5269219999972    1.08061629192153e-07    1.08518942809965e-15    1.61774138742789e-14    1.41578388248063e-27    4.40996088368479e-07    5.49057734823235e-07
32.8804754999974    5.8752445293665e-08    1.57398432534311e-15    1.54103433192638e-14    1.55362729314104e-27    4.88425633595012e-07    5.47178095873004e-07
33.2340289999975    3.8688676651445e-07    8.77508422834699e-15    3.16785459018436e-15    3.18944096982786e-26    1.46122752863465e-07    5.33009531320854e-07
33.5875824999976    4.96726107584036e-07    1.6762914905734e-15    2.99425081058497e-15    2.59375169577779e-26    7.47015936724463e-09    5.04196271621823e-07
33.9411359999977    4.74418659155221e-07    1.07768786307401e-16    2.62018155842423e-15    1.93200295343465e-25    3.22682990568931e-12    4.74421888713077e-07
34.2946894999978    4.28192540660775e-07    1.03733832839424e-14    5.77028018362088e-15    1.07358640915579e-25    1.89293385635244e-08    4.47121895367963e-07
34.6482429999979    2.36199068663229e-07    3.60854268651281e-16    2.34574900330751e-14    1.10736021474154e-26    1.90340584378805e-07    4.26539676860378e-07
35.001796499998    2.96403318585635e-09    5.02369171669138e-15    2.34052115838727e-14    7.78319129210578e-27    4.17768616331192e-07    4.20732677945952e-07
35.3553499999981    1.67115129179793e-07    7.5614061852713e-15    1.61902580547945e-14    2.30163157265047e-26    2.50336795480364e-07    4.17451948411821e-07
35.7089034999982    3.63522784108066e-07    1.03783903664284e-14    5.86089335061097e-15    1.37796123740635e-25    3.73032368844809e-08    4.00826037231831e-07
36.0624569999983    3.78659292009494e-07    1.27214095604846e-15    5.1597177793725e-15    7.4546609106163e-26    2.42535320833141e-10    3.78901833762186e-07
36.4160104999984    3.5676324628039e-07    6.50902827210012e-15    2.22763755055527e-15    1.00205114934141e-24    1.25308756653557e-09    3.58016342583592e-07
36.7695639999985    2.83393393897582e-07    1.33256461074036e-14    1.56163527971984e-14    3.46710228303476e-25    5.62418509430212e-08    3.39635273782602e-07
37.1231174999986    7.51988179751236e-08    1.02026280990459e-14    3.41281479263146e-14    3.10093699851019e-26    2.5420825362777e-07    3.2940711593367e-07
37.4766709999987    2.76722496819973e-08    1.2718161590385e-14    3.13408030248999e-14    4.80713161720086e-26    3.00638171211928e-07    3.2831046495289e-07
37.8302244999988    2.25045889799496e-07    2.85300473470394e-14    3.72964355298072e-15    3.09946649908679e-25    9.63170315624393e-08    3.21362953621626e-07
38.1837779999989    3.00631470691683e-07    6.05788244427603e-15    6.82089134671986e-15    2.54556491649361e-25    5.58732370686632e-09    3.06218807277323e-07
38.537331499999    2.90197091821191e-07    6.01121328820369e-16    6.80807032944976e-15    1.33487594354663e-24    3.15152710398724e-13    2.90197414383093e-07
38.8908849999991    2.65495850180755e-07    3.04508790475514e-14    1.03167562946073e-14    1.13276581327371e-24    9.8360381259883e-09    2.75331929074379e-07
39.2444384999992    1.54508119894437e-07    4.30119564601626e-15    5.86177514694872e-14    1.81152793854087e-26    1.09289834608698e-07    2.63798017422082e-07
39.5979919999993    3.99331248223935e-09    3.2013019416672e-14    4.38489689982999e-14    2.19956397333945e-25    2.56243348157889e-07    2.60236736502117e-07
39.9515454999994    9.48531810541526e-08    3.62623036401313e-14    2.82890611608824e-14    3.87000515226491e-25    1.63833539369577e-07    2.58686784975095e-07
40.3050989999995    2.2343094982812e-07    2.25621054303178e-14    2.19530592788017e-14    8.49311315203635e-25    2.64191918411846e-08    2.49850186184469e-07
40.6586524999996    2.37483186666698e-07    2.98731948728032e-15    1.44937597414043e-14    4.07394666030892e-25    2.37013495827039e-10    2.37720217643604e-07
41.0122059999997    2.25436172011287e-07    1.31484473686316e-14    7.35460483732261e-15    7.83045767655833e-24    5.73287028430092e-10    2.2600947954277e-07
41.3657594999998    1.83674530364532e-07    2.0826838583173e-14    5.52247330794676e-14    2.11392579745307e-24    3.18703127578829e-08    2.15544919173987e-07
41.7193129999999    5.44885324892168e-08    5.6887698944202e-14    6.41019999582877e-14    7.64366005141227e-25    1.54948491254838e-07    2.09437144733754e-07
42.0728665    1.33755995308206e-08    6.7566374228527e-14    5.44930015475984e-14    9.72084128110102e-25    1.95354254642912e-07    2.08729976233108e-07
42.4264200000001    1.38204221382345e-07    8.9099442838882e-14    3.39313586781247e-15    2.89248293048344e-24    6.68793828113808e-08    2.05083696686304e-07
42.7799735000002    1.92193669663761e-07    2.23811273698125e-14    1.5641948642267e-14    2.5872407768884e-24    4.36178903487233e-09    1.9655549672171e-07
43.1335270000003    1.87327355120053e-07    2.72240933235803e-15    1.87591688207501e-14    9.76448800455577e-24    6.5478217977391e-15    1.87327383149453e-07
43.4870805000005    1.73323774483559e-07    8.98608477247007e-14    1.7930519433534e-14    1.18497167472656e-23    5.35649866594885e-09    1.78680380940875e-07
43.8406340000006    1.05844175376056e-07    3.7050042659262e-14    1.38960204711458e-13    6.0687386384231e-25    6.59550515773367e-08    1.7179940296364e-07
44.1941875000007    4.48548773181037e-09    1.47562911523866e-13    6.63052516783793e-14    3.77902482326181e-24    1.65006180664161e-07    1.69491882264135e-07
44.5477410000008    5.6306950255463e-08    1.47097940484488e-13    3.91177154542061e-14    5.11584525454692e-24    1.12404858004187e-07    1.68711994475306e-07
44.9012945000009    1.44168500681904e-07    4.66454488125009e-14    8.08141997386607e-14    5.05335904235827e-24    1.95512456091018e-08    1.63719873750655e-07
45.254848000001    1.56353732231202e-07    6.97577023191356e-15    4.28759884524573e-14    2.23789544801303e-24    2.31969131655923e-10    1.56585751214617e-07
45.6084015000011    1.49345042626538e-07    2.67513661442083e-14    2.4162864902541e-14    6.39498025641703e-23    2.68277441535159e-10    1.49613370982304e-07
45.9619550000012    1.24434187859278e-07    2.66980505235158e-14    1.85918911043657e-13    1.21159891232072e-23    1.88677125380536e-08    1.43302113014293e-07
46.3155085000013    4.07741131256297e-08    2.46758508949155e-13    9.89314678027983e-14    1.24346914803423e-23    9.86802756856293e-08    1.39454734501236e-07
46.6690620000014    6.48403984820555e-09    2.85305658098124e-13    7.07146573972247e-14    1.40196158966074e-23    1.32479908866658e-07    1.38964304735179e-07
47.0226155000015    8.8558295383152e-08    2.6574591928993e-13    1.15689915774617e-14    2.57460638403187e-23    4.83882191277973e-08    1.3694679182586e-07
47.3761690000016    1.28352882287742e-07    8.35768249375649e-14    3.51185790774929e-14    2.66073442486991e-23    3.52096495613812e-09    1.31873965939285e-07
47.7297225000017    1.2626106858295e-07    1.11705160482592e-14    5.43784097562837e-14    7.45878285874574e-23    6.75236563202032e-17    1.262611341994e-07
48.0832760000018    1.17934368591596e-07    2.66346014697853e-13    2.894776062446e-14    1.23432830568194e-22    3.02268160085974e-09    1.20957345486232e-07
48.4368295000019    7.52364010848026e-08    2.07452868125678e-13    3.06609968270645e-13    1.67937448385042e-23    4.14036816530936e-08    1.16640596800733e-07
48.790383000002    4.62654097545491e-09    5.64228309553584e-13    6.44348781585627e-14    4.96275559924986e-23    1.10451267220427e-07    1.1507843685907e-07
49.1439365000021    3.45819359394494e-08    5.29412562086739e-13    3.30411131471191e-14    5.81084550455435e-23    8.00820354601616e-08    1.14664533853286e-07
49.4974900000022    9.67187331774718e-08    8.68837990828057e-14    2.91551121772279e-13    2.79111458831213e-23    1.49847084119895e-08    1.11703820024382e-07
49.8510435000023    1.07068269644987e-07    1.59067424096575e-14    1.32084671223263e-13    1.25848115155536e-23    2.27436973623856e-10    1.07295854610025e-07
50.2045970000024    1.02810726870982e-07    5.36482631348752e-14    7.9524541386591e-14    5.42032370875273e-22    1.26590783027578e-10    1.02937450826815e-07
50.5581505000025    8.73841286988617e-08    2.16411344116537e-14    6.04886874477165e-13    6.18590045909892e-23    1.15636875228726e-08    9.89484427497432e-08
50.9117040000026    3.13188943474546e-08    9.20118947821304e-13    1.02416646510798e-13    1.62560727483227e-22    6.50978208875274e-08    9.64177377705766e-08
51.2652575000027    3.07300776563333e-09    1.0322596758506e-12    4.77495383105438e-14    1.66416792567573e-22    9.29850186465809e-08    9.60591064214285e-08
51.6188110000028    5.87037746527446e-08    7.47512080558764e-13    1.12029944469135e-13    2.17428950836148e-22    3.61904906748538e-08    9.48951248696236e-08
51.9723645000029    8.88210631210251e-08    3.12975428248921e-13    7.46334862637717e-14    2.76257210331176e-22    2.91920181523043e-09    9.17406525451703e-08
52.325918000003    8.81709397573354e-08    4.33940887999503e-14    1.64801212074666e-13    5.93712272921255e-22    2.55230157046131e-14    8.81711734756526e-08
52.6794715000031    8.30199028266635e-08    7.91429010825962e-13    4.01254230101393e-14    1.28851941846844e-21    1.75247215961029e-09    8.47732065407089e-08
53.0330250000032    5.51179083989549e-08    9.42193308995233e-13    6.07862686356796e-13    3.03571423386223e-22    2.68316854022856e-08    8.19511438572362e-08
53.3865785000033    4.55876673587053e-09    1.87929838306059e-12    2.89213491445042e-14    5.54411255105021e-22    7.62945169838392e-08    8.08551919394425e-08
53.7401320000034    2.17929834345619e-08    1.71692013301293e-12    4.12065291988146e-14    5.91666329372439e-22    5.88297874211966e-08    8.06245289824213e-08
54.0936855000036    6.6980370953596e-08    1.33291055585417e-13    1.02657407698005e-12    1.48043323932409e-22    1.18164465826252e-08    7.87979774013539e-08
54.4472390000037    7.5737823912334e-08    3.50908462284257e-14    4.19707468359756e-13    1.04640469431959e-22    2.23383801305862e-10    7.59616625119546e-08
54.8007925000038    7.30653753021573e-08    1.03128227252833e-13    2.63066624993829e-13    4.79190578066895e-21    5.94302742273262e-11    7.31251717712417e-08
55.1543460000039    6.32152720103808e-08    1.34760700779162e-14    1.91512354345723e-12    2.69037456830281e-22    7.28690227749289e-09    7.05041028874875e-08
55.507899500004    2.45790606382668e-08    3.06374393579992e-12    4.42822609201093e-14    1.86503110390456e-21    4.4196775541104e-08    6.87789442055695e-08
55.8614530000041    1.37501195976704e-09    3.27855780988641e-12    9.61201822793702e-14    1.73101999835208e-21    6.71278462518213e-08    6.85062328895822e-08
56.2150065000042    3.99949973905887e-08    1.94104334027189e-12    7.90152932726631e-13    1.7591445526595e-21    2.78140444895395e-08    6.7811773076403e-08
56.5685600000043    6.33023591413384e-08    1.16817049187927e-12    1.43682896713261e-13    2.96055797424056e-21    2.47336333347738e-09    6.57770343282073e-08
56.9221135000044    6.3420334088784e-08    1.62829664898442e-13    5.19534017398578e-13    5.09575739463679e-21    1.88341953773954e-13    6.34212047944252e-08
57.2756670000045    6.01242354649937e-08    2.35191550942965e-12    4.02726250933039e-14    1.37504659058262e-20    1.03692041344439e-09    6.11635480665864e-08
57.6292205000046    4.14024983765165e-08    3.7755839677271e-12    1.00878198965836e-12    4.54791146426625e-21    1.78468095826643e-08    5.92540923251427e-08
57.9827740000047    4.37436953351655e-09    5.51550526599329e-12    4.27873964076827e-13    5.56678686868729e-21    5.4081880439378e-08    5.84621933521302e-08
58.3363275000048    1.39977601725065e-08    4.99564554706296e-12    6.39549922733855e-13    5.59948239588474e-21    4.43237907006409e-08    5.83271860686227e-08
58.6898810000049    4.76202582566185e-08    1.53282697381371e-13    3.50725257178918e-12    1.67094757535797e-21    9.53927485875002e-09    5.71631936506394e-08
59.043434500005    5.50540409854413e-08    7.73135179453555e-14    1.36372343015477e-12    2.83289938728986e-21    2.19755597330939e-10    5.52752376197232e-08
59.3969880000051    5.3337113563397e-08    1.81745271425946e-13    8.76166237060386e-13    4.62297762472349e-20    2.73732802604066e-11    5.33655447552121e-08
59.7505415000052    4.68838393245004e-08    2.31532832686466e-13    5.91470881071754e-12    1.62388918264443e-21    4.69610667970516e-09    5.15860922458505e-08
60.1040950000053    1.96375570923119e-08    9.20829522395882e-12    4.55778959690009e-13    2.01641736137057e-20    3.07271265423001e-08    5.03743477088158e-08
60.4576485000054    5.47268623672906e-10    9.09938024171419e-12    1.68684776479793e-12    1.69136823560643e-20    4.960268404311e-08    5.01607388948064e-08
60.8112020000055    2.78621805656399e-08    4.47798766801006e-12    4.36704704791107e-12    1.60221526654529e-20    2.18639347266966e-08    4.97349603270684e-08
61.1647555000056    4.62438159101772e-08    4.32189699413047e-12    2.41526890478061e-13    3.62204021815902e-20    2.13332981376376e-09    4.83817091478618e-08
61.5183090000057    4.67744809000526e-08    5.95304395687911e-13    1.69583056598137e-12    5.61904814041927e-20    5.97423683582924e-13    4.6777369458754e-08
61.8718625000058    4.46006657916545e-08    6.96504257610588e-12    2.47707912798095e-14    1.63016172878911e-19    6.22680622142821e-10    4.52303362273278e-08
62.2254160000059    3.17578776747437e-08    1.38371666663674e-11    1.17656339290179e-12    6.69360002490818e-20    1.21273816330292e-08    4.39002730378991e-08
62.578969500006    4.12963473763784e-09    1.40452157084389e-11    4.87362632742132e-12    5.68217678833772e-20    3.91651415753975e-08    4.3313695155128e-08
62.9325230000061    9.11053756091974e-09    1.27094376205459e-11    5.68037208376153e-12    5.99063949737209e-20    3.41013497621885e-08    4.32302771328725e-08
63.2860765000062    3.460396605683e-08    3.56340435330746e-13    1.15174076514878e-11    7.9640281315992e-20    7.85241711594769e-09    4.24682569209442e-08
63.6396300000063    4.09538550390471e-08    2.01040421000399e-13    4.48757812246852e-12    1.55255666478355e-19    2.16496045247539e-10    4.11750397029934e-08
63.9931835000064    3.98362402885822e-08    2.67784799840523e-13    2.9391931675692e-12    5.9450144704266e-19    1.21693500337253e-11    3.98516166171778e-08
64.3467370000062    3.55080007728255e-08    2.29736240037735e-12    1.77775120357435e-11    5.65584599080765e-20    3.08137281121226e-09    3.86094484585304e-08
64.7002905000059    1.59231058757004e-08    2.47406249706194e-11    5.88771715169865e-12    2.46064460610411e-19    2.17827347133572e-08    3.7736468931426e-08
65.0538440000057    1.69920696580971e-10    2.12553852726804e-11    1.38062772132964e-11    2.2996665500274e-19    3.73601421547117e-08    3.75651245140086e-08
65.4073975000054    1.97592869533021e-08    8.44993709704915e-12    2.05946502607151e-11    3.66964574753027e-19    1.75097360426521e-08    3.72980675836789e-08
65.7609510000052    3.44910833053971e-08    1.57358738745504e-11    4.42021525785064e-13    6.41285612442214e-19    1.8673425421659e-09    3.63746037436046e-08
66.1145045000049    3.52432875120683e-08    2.1173895851319e-12    5.69880853506646e-12    1.2393120735034e-18    1.30702324269136e-12    3.52524107346705e-08
66.4680580000047    3.37657410027538e-08    2.03803293312076e-11    1.77541203723018e-13    2.89596076438285e-18    3.77598512132723e-10    3.41638973883174e-08
66.8216115000044    2.47831879440668e-08    4.69176662147357e-11    5.74157380523776e-13    1.33441196413132e-18    8.38358145875522e-09    3.32142612277517e-08
67.1751650000042    3.8567756003349e-09    2.92499057053505e-11    3.19512497674223e-11    1.06053149667217e-18    2.88523997279094e-08    3.27703764847777e-08
67.5287185000039    5.97306647068652e-09    2.6276635614716e-11    3.43225949596462e-11    1.69079399864397e-18    2.66815743327816e-08    3.27152400357332e-08
67.8822720000037    2.5598273068219e-08    3.7992485987068e-12    3.55834701704661e-11    4.89037733049159e-18    6.5673860728677e-09    3.22050418647463e-08
68.2358255000034    3.10683590642177e-08    8.34644154240758e-13    1.46911067288772e-11    9.60914891936956e-18    2.13549071550842e-10    3.12974338962608e-08
68.5893790000032    3.03419559157921e-08    2.50021525324379e-13    9.90079171762432e-12    1.47484057595695e-17    5.11113082453809e-12    3.0357217874608e-08
68.9429325000029    2.73539422042278e-08    1.48448036500933e-11    5.1214928762776e-11    3.25679407818959e-18    2.04927607797584e-09    2.94692780178733e-08
69.2964860000027    1.30575614295135e-08    5.67050884617114e-11    4.12317982693656e-11    5.4021216136298e-18    1.56711344698295e-08    2.88266327914762e-08
69.6500395000024    2.77577183597393e-11    3.69126758794437e-11    7.7645677141145e-11    1.01445285043082e-17    2.85437172959931e-08    2.86860333775179e-08
70.0035930000022    1.4195107534859e-08    1.0141794934412e-11    8.5429115618346e-11    2.26244555240007e-17    1.42242275520824e-08    2.85149060201186e-08
70.3571465000019    2.61596766428113e-08    5.53173864396128e-11    2.32522153072016e-12    1.79965766131023e-17    1.65385068817447e-09    2.78711699569527e-08
70.7107000000017    2.70391801649218e-08    7.11791377982082e-12    1.94601724487637e-11    5.5939668366759e-17    2.3325514275908e-12    2.70680908585177e-08
71.0642535000014    2.59953963487646e-08    5.71015526453108e-11    2.11285673403523e-12    1.04125226101967e-16    2.2992828120006e-10    2.62845391434692e-08
71.4178070000012    1.95820166950706e-08    1.44061048172904e-10    3.68722994489188e-12    4.89898624372447e-17    5.86267839794942e-09    2.55924434201276e-08
71.7713605000009    3.56841811078389e-09    4.04009672957548e-11    1.56438352610147e-10    5.42434775998899e-17    2.14846703121211e-08    2.52499277970544e-08
72.1249140000007    3.91251835692447e-09    3.38187017833763e-11    1.6307179674855e-10    1.16583197268936e-16    2.11001048691722e-08    2.52095138412118e-08
72.4784675000004    1.91766050033412e-08    3.50263813789002e-11    9.57014549917877e-11    2.60363646573226e-16    5.55425826812197e-09    2.48615913681975e-08
72.8320210000002    2.39501538341583e-08    5.76357990092008e-12    4.49986225613338e-11    5.5827293290041e-16    2.10816994336701e-10    2.42117335892301e-08
73.1855744999999    2.34944673164594e-08    9.57023623005043e-14    3.28502890280536e-11    6.1544183986159e-16    1.96554238345883e-12    2.3529379465675e-08
73.5391279999996    2.13021995777683e-08    7.61592185600724e-11    1.31824110561645e-10    1.80983708558051e-16    1.37189487298653e-09    2.28820779608603e-08
73.8926814999994    1.07569432202685e-08    9.21348269006711e-11    2.09719908791269e-10    2.2721017792353e-16    1.13415389807525e-08    2.24003371639231e-08
74.2462349999991    1.12877214130301e-11    2.72405289496037e-11    3.31734780584682e-10    6.61954841660738e-16    2.19111235500425e-08    2.22813872429446e-08
74.5997884999989    1.02420216504298e-08    5.69848968840014e-12    2.9471610422999e-10    1.32969770440008e-15    1.16259812495497e-08    2.21684188235955e-08
74.9533419999986    2.00402172074645e-08    1.71563431372494e-10    2.5389730796959e-11    6.12345601580043e-16    1.47529705392591e-09    2.17124680359054e-08
75.3068954999984    2.10399708672569e-08    1.93807173156723e-11    6.38475036028409e-11    3.05809660652276e-15    3.68671877492417e-12    2.1126888865047e-08
75.6604489999981    2.02627287119887e-08    1.33298485380524e-10    1.63725091451797e-11    4.97551226111703e-15    1.39382092762592e-10    2.05517867747892e-08
76.0140024999979    1.5529234077807e-08    3.48485238025749e-10    6.00088662159269e-11    2.3637566873378e-15    4.10172806458814e-09    2.00394586103935e-08
76.3675559999976    3.25045986791633e-09    1.2932911981372e-11    5.58241127875607e-10    2.46919050034024e-15    1.5948508754632e-08    1.97701451315958e-08
76.7211094999974    2.52693983893479e-09    1.03781975348814e-11    5.60985952261476e-10    5.59059023046032e-15    1.66363532232438e-08    1.97346628025652e-08
77.0746629999971    1.43930059557705e-08    2.43057523668035e-10    1.54455314514448e-10    7.30076893525379e-15    4.70359965351044e-09    1.94941257482324e-08
77.4282164999969    1.86645453179385e-08    5.19770154226067e-11    9.75450723762046e-11    1.98144697014595e-14    2.07889491292387e-10    1.90219767114994e-08
77.7817699999966    1.84176059429225e-08    4.26555370412761e-12    9.53618148065951e-11    2.33689523951278e-14    6.68391447291615e-13    1.85179250718329e-08
78.1353234999964    1.66142385143908e-08    2.89028536344768e-10    2.20014703270933e-10    7.29119186566985e-15    9.15498715191554e-10    1.80387877603899e-08
78.4888769999961    8.79709020097963e-09    4.28712831335532e-11    6.93750296240908e-10    7.77090398618688e-15    8.13868594336816e-09    1.76724054946262e-08
78.8424304999959    6.12145884958876e-11    5.28615659393922e-11    8.31589495392286e-10    1.54181430644273e-14    1.66224817736702e-08    1.75681628416408e-08
79.1959839999956    7.32329195307894e-09    1.81468144112039e-10    5.61588544158641e-10    2.48241195944068e-14    9.42288082252423e-09    1.74892542879934e-08
79.5495374999954    1.53334968416134e-08    2.99773874507153e-10    2.15585632489493e-10    2.34982993513441e-14    1.31355136300052e-09    1.71624312099099e-08
79.9030909999951    1.6553580130457e-08    2.22702630033647e-11    1.48431688908225e-10    8.533517386302e-14    5.35335036396781e-12    1.67297207679065e-08
80.2566444999949    1.59892589998516e-08    1.45378787160995e-10    8.19995750976647e-11    1.39259462122151e-13    8.36511536058947e-11    1.63004277751783e-08
80.6101979999946    1.23611776288062e-08    3.66993261313229e-10    3.23832955999221e-10    6.83513762131706e-14    2.86353140497179e-09    1.59156036024667e-08
80.9637514999944    2.8997587117505e-09    1.5977771624691e-10    8.7172716686207e-10    2.36008161979266e-14    1.17709058374094e-08    1.57021930330851e-08
81.3173049999941    1.60458291382805e-09    2.86646863398876e-10    7.42113894382369e-10    3.66060386131892e-14    1.30342765006671e-08    1.5667656778315e-08
81.6708584999939    1.07514501354555e-08    7.31609866886324e-10    4.07583912267762e-11    5.07502842950845e-14    3.97421760896571e-09    1.54980867528186e-08
82.0244119999936    1.46363019652323e-08    2.47125608515089e-10    6.26136848530039e-11    1.21192433198099e-13    2.04536752630605e-10    1.51506992036642e-08
82.3779654999934    1.46013315245893e-08    2.75294094208578e-11    1.43041961620885e-10    3.09546872811865e-13    2.02945315246569e-13    1.47724153878191e-08
82.7315189999931    1.32457683534101e-08    4.5399747056368e-10    9.14297425717244e-11    1.13127721906076e-13    6.19515146827066e-10    1.44108238410945e-08
83.0850724999928    7.31641646921507e-09    8.39993220012911e-11    7.57020849113816e-10    6.79258451944021e-14    5.97094503411992e-09    1.41284496002953e-08
83.4386259999926    1.10196643221811e-10    4.71075510710434e-10    5.38050051420967e-10    4.17584646323492e-14    1.29208854889059e-08    1.40402494527238e-08
83.7921794999923    5.30964995135713e-09    6.27411587895063e-10    2.39338090042783e-10    6.25806627258623e-14    7.80785952701547e-09    1.39843217369732e-08
84.1457329999921    1.19858703726984e-08    1.36570316337592e-10    4.35876032593231e-10    1.94211998334268e-13    1.18598631016425e-09    1.37444972437918e-08
84.4992864999918    1.32687264860391e-08    1.46529405268514e-11    1.28564022198728e-10    2.53521990727118e-13    7.22989506546894e-12    1.34194268658209e-08
84.8528399999916    1.28775813871945e-08    4.57479516724242e-11    1.18622974466595e-10    1.11950697679919e-12    5.0278419242882e-11    1.30933502395532e-08
85.2063934999913    1.02201259864524e-08    1.00253989313161e-10    3.97980712329796e-10    4.80747742905456e-13    2.07834827949662e-09    1.27971897153349e-08
85.5599469999911    2.68743226976774e-09    4.23652966570854e-10    3.45363275347141e-10    6.72562163477331e-14    9.17077946951067e-09    1.26272952374128e-08
85.9135004999908    1.02366850144641e-09    5.27438006519427e-10    2.49534951435197e-10    8.78318749134676e-14    1.07994497859914e-08    1.26001790772673e-08
86.2670539999906    8.36631374738016e-09    5.31647191146659e-10    7.11801238493189e-11    3.74897936969475e-13    3.50888320423795e-09    1.24783991645511e-08
86.6206074999903    1.17385961542594e-08    2.41360308837243e-10    3.14660630982459e-11    4.33996042432199e-13    2.0498040588734e-10    1.22168369281247e-08
86.9741609999901    1.18092044579929e-08    2.91860808070659e-11    8.78339910480466e-11    1.47987911285958e-12    4.14181026197903e-14    1.19277458270635e-08
87.3277144999898    1.08951196392999e-08    2.75007528702648e-10    5.28740036120603e-11    8.85008439533354e-13    4.25555811599417e-10    1.16494419916535e-08
87.6812679999896    6.32955335055293e-09    1.78154475912924e-10    3.71160746400195e-10    1.26911807771206e-13    4.54872471836347e-09    1.14277202030373e-08
88.0348214999893    1.70951926138452e-10    4.53470349924415e-10    2.09095679415735e-10    2.16388758985593e-13    1.05204449478548e-08    1.13541792920924e-08
88.3883749999891    3.97305094672646e-09    4.72782917059255e-10    1.10120915396578e-10    4.22848368950231e-13    6.76049179877341e-09    1.13168694263247e-08
88.7419284999888    9.65657978459174e-09    8.46813721728954e-11    2.90324729820331e-10    8.36322640083738e-13    1.10623384039773e-09    1.11386560496228e-08
89.0954819999886    1.07698318597416e-08    2.02718332832605e-11    8.89252548887997e-11    6.55576892915207e-13    9.51623833066289e-12    1.08892007631372e-08
89.4490354999883    1.04739409828856e-08    5.499222457029e-11    7.2903522212975e-11    6.52687050692365e-12    2.9419983022982e-11    1.06377835831988e-08
89.8025889999881    8.49742437904726e-09    1.09714802292234e-10    2.93401912625456e-10    2.20237283027674e-12    1.50455586429006e-09    1.04072993310853e-08
90.1561424999878    2.49387093756588e-09    3.76688610105297e-10    2.56570479832043e-10    5.65927180628763e-13    7.1415553099213e-09    1.02692512646051e-08
90.5096959999876    6.30374018012517e-10    4.64556752755792e-10    1.86060587563835e-10    8.93408736400522e-13    8.9644783763478e-09    1.02463631434163e-08
90.8632494999873    6.53264076530933e-09    4.19079191594449e-10    8.84793613649209e-11    2.52913797633368e-12    3.11623394286182e-09    1.01589623991069e-08
91.2168029999871    9.51366280825167e-09    1.9390904678324e-10    4.32592814848089e-11    2.92166429793742e-12    2.06191204660724e-10    9.95994400547838e-09
91.5703564999868    9.62161282139413e-09    2.44103780758812e-11    8.33144960464267e-11    6.89976345287183e-12    5.41294406101073e-15    9.73624287191337e-09
91.9239099999865    8.83400345444812e-09    2.91813919556258e-10    1.02464935752408e-10    7.14457697714856e-12    2.85083876679697e-10    9.52051076341363e-09
92.2774634999863    5.32615368098066e-09    2.05109076805671e-10    4.63670824458738e-10    4.98166313849962e-13    3.34980220388403e-09    9.34523395244295e-09
92.631016999986    2.32314436097407e-10    6.1431944155326e-10    1.9833272094514e-10    2.99031410940346e-12    8.23334036890376e-09    9.28129728160897e-09
92.9845704999858    2.85851694171567e-09    6.32384351061338e-10    9.42876750635745e-11    4.46827308887943e-12    5.66346755394843e-09    9.25312479487788e-09
93.3381239999855    7.62697328024946e-09    7.72196185652636e-11    3.99848638552599e-10    1.98633065796688e-12    1.01397398735954e-09    9.12000185538483e-09
93.6916774999853    8.76040582561515e-09    2.52583740941208e-11    1.28463600128045e-10    1.80807610062698e-12    1.20946176705813e-11    8.92803049360852e-09
94.045230999985    8.51372668695672e-09    9.26488669692632e-11    7.95329983629421e-11    2.99665671367786e-11    1.63932510007956e-11    8.7322683704265e-09
94.3987844999848    6.88416607965585e-09    1.53770130977466e-10    4.60846466906632e-10    6.5163107654104e-12    1.04720884618503e-09    8.55250783449039e-09
94.7523379999845    2.1898610222838e-09    7.11595674826785e-10    2.5525702346257e-10    7.69121084960903e-12    5.2760370265262e-09    8.44044195794897e-09
95.1058914999843    3.5005971587002e-10    8.79583897677138e-10    1.31381855248211e-10    9.5532781477323e-12    7.04563727912694e-09    8.41621602607004e-09
95.459444999984    4.87588063908106e-09    4.8308277020243e-10    3.22646077714939e-10    1.04083774535088e-11    2.6584151500878e-09    8.35043301453974e-09
95.8129984999838    7.56125297064907e-09    3.55598418458899e-10    5.74523345931405e-11    2.18207554633569e-11    2.03789961202176e-10    8.19991444036665e-09
96.1665519999835    7.86007579168293e-09    2.29960340040333e-11    1.31722616514066e-10    1.09879790318061e-11    1.30373017396387e-15    8.02578372496301e-09
96.5201054999833    7.11989934051878e-09    3.72672174903126e-10    1.45503416879182e-10    3.33256720212682e-11    1.8584080396959e-10    7.85724140829194e-09
96.873658999983    4.36752801799225e-09    4.20854261617722e-10    5.30673272927933e-10    8.02397357915893e-12    2.39153706020725e-09    7.71861658632432e-09
97.2272124999828    2.89688345521074e-10    9.76242678954132e-10    1.68029411636218e-10    1.62097318195195e-11    6.21147096670208e-09    7.66164113463302e-09
97.5807659999825    1.96605508726588e-09    8.01680596987292e-10    2.57731276177527e-10    1.60695590637091e-11    4.59508660481457e-09    7.63662312430897e-09
97.9343194999823    5.92930084254186e-09    1.56757632293957e-10    5.35318672359162e-10    3.73792679190047e-12    9.11985255532102e-10    7.53710032951899e-09
98.287872999982    7.1345347602653e-09    1.00411291812338e-10    1.16825607682686e-10    2.22587191274935e-11    1.5049438270988e-11    7.38907981715881e-09
98.6414264999818    6.99047507317926e-09    9.74093776540076e-11    1.01752782869119e-10    3.66502327918241e-11    8.72395209052157e-12    7.23501141858474e-09
98.9949799999815    5.65699137300735e-09    1.40709602732784e-10    5.581400240876e-10    4.78819781389604e-12    7.32265323789072e-10    7.0928945214307e-09
99.3485334999813    1.98033641115109e-09    8.64200123861664e-10    1.81245435256496e-10    1.95717340967511e-11    3.95535788312781e-09    7.00071158749381e-09
99.702086999981    1.849919693681e-10    8.61421315896689e-10    2.70673287255599e-10    1.63564995859255e-11    5.64291994325769e-09    6.976363015364e-09
100.055640499981    3.6820295905128e-09    2.9759656123246e-10    6.27745367349977e-10    7.66697113107775e-12    2.31187042197371e-09    6.92690891220003e-09
100.409193999981    6.06105143624086e-09    3.408354801352e-10    1.73582718020232e-10    3.22115657036968e-11    2.04354915483154e-10    6.81203611558314e-09
100.76274749998    6.50211128860279e-09    2.42078960405377e-11    1.31473254310907e-10    1.73709600490644e-11    9.79623189233121e-15    6.67517319523519e-09
101.11630099998    5.92722679034804e-09    3.46705736388704e-10    1.05174553184483e-10    4.07802570566178e-11    1.21341502672194e-10    6.54122883965004e-09
101.46985449998    3.77323917743933e-09    5.27326456477554e-10    3.42715657402391e-10    1.65861452909711e-11    1.76961567370781e-09    6.42948311031805e-09
101.823407999979    3.5708191493556e-10    8.11899916440206e-10    2.62130983645608e-10    1.5746999719534e-11    4.93204030041899e-09    6.3789001151599e-09
102.176961499979    1.38864914039439e-09    5.5500020815354e-10    4.69474991160829e-10    1.18296608830137e-11    3.93398519288188e-09    6.35893919347366e-09
102.530514999979    4.7469725071051e-09    2.6062676266085e-10    4.0575032450475e-10    1.13979538750914e-11    8.59738366890349e-10    6.28448591503615e-09
102.884068499979    5.88394803232055e-09    1.25434400917749e-10    1.05422614670253e-10    3.42337724778962e-11    1.91281814449062e-11    6.16816700183135e-09
103.237621999978    5.82506440592826e-09    7.0643033957943e-11    1.07252492318356e-10    3.82780082617249e-11    4.26779429958466e-12    6.04550573476587e-09
103.591175499978    4.76775285473556e-09    1.32316169291845e-10    5.10722628163756e-10    6.78601307811421e-12    5.13930990618507e-10    5.93150865588778e-09
103.944728999978    1.84865615715565e-09    7.44763093497151e-10    2.0807554681287e-10    1.90137635327547e-11    3.03361150257188e-09    5.85412006357031e-09
104.298282499978    9.1389756716927e-11    5.8061123164338e-10    4.81537573652161e-10    1.25980701097379e-11    4.66497247524397e-09    5.83110910736618e-09
104.651835999977    2.83624989828044e-09    1.97962758951094e-10    6.74489011801867e-10    6.33809946922042e-12    2.07991853806704e-09    5.79495830656967e-09
105.005389499977    4.94779577054154e-09    2.90080944861166e-10    2.30608443557661e-10    2.65706344601546e-11    2.1109781283623e-10    5.70615360625675e-09
105.358942999977    5.42531401216624e-09    2.74076563160569e-11    1.18249092116031e-10    2.62524783211845e-11    6.43774026059631e-14    5.59728761632212e-09
105.712496499977    4.97096469532965e-09    2.86200824483165e-10    1.09418300148529e-10    4.69393886024905e-11    7.6271215042929e-11    5.48979442360676e-09
106.066049999976    3.28986655470572e-09    5.31924774372294e-10    2.60354649564193e-10    2.15202410406733e-11    1.29496463758147e-09    5.39863085726435e-09
106.419603499976    4.20929126627189e-10    5.88104917870682e-10    4.19737214936811e-10    1.4871374521266e-11    3.90970152789904e-09    5.35334416185499e-09
106.773156999976    9.59651008395047e-10    3.642523200454e-10    6.1612245476716e-10    9.76923573741796e-12    3.38734243437506e-09    5.33713745332008e-09
107.126710499976    3.78416562911487e-09    3.54015663032132e-10    3.05845830317566e-10    1.63775117492744e-11    8.21082887366141e-10    5.28148752157998e-09
107.480263999975    4.86745628465246e-09    1.50062108434416e-10    1.10819547049923e-10    3.67838530992421e-11    2.43315017368386e-11    5.18945329497288e-09
107.833817499975    4.87635780879208e-09    6.32596852215202e-11    9.83236919012043e-11    5.1213671365919e-11    1.78916953915229e-12    5.09094402681987e-09
108.187370999975    3.99170172931747e-09    1.28302424571063e-10    5.23635795221838e-10    8.41624054974546e-12    3.46923770197479e-10    4.9989799598576e-09
108.540924499975    1.69771678292008e-09    6.64528745675096e-10    2.96197918464788e-10    2.23249867696918e-11    2.25288986562601e-09    4.93365829945567e-09
108.894477999974    4.31926219885206e-11    3.69948931120645e-10    7.35183673770045e-10    1.01140580825025e-11    3.75243197499851e-09    4.91087125996022e-09
109.248031499974    2.11915226763028e-09    2.36463262670813e-10    6.79069230506189e-10    7.93561638781652e-12    1.84152615278974e-09    4.88414652998484e-09
109.601584999974    3.99646094843345e-09    2.40885734306828e-10    3.36531060615604e-10    2.43747152621319e-11    2.17192825923005e-10    4.81544528454102e-09
109.955138499974    4.53348465862369e-09    3.72436222727567e-11    1.21938258194793e-10    3.56643972789197e-11    2.50996503576022e-13    4.72858193287373e-09
110.308691999973    4.17268511946146e-09    2.65866048837849e-10    1.01033739214595e-10    5.65764022166838e-11    4.55135640630169e-11    4.64167487379361e-09
110.662245499973    2.84480236082804e-09    5.79729274092383e-10    1.93568295159844e-10    2.92744986951218e-11    9.19639016893145e-10    4.56701344566854e-09
111.015798999973    4.6836346710606e-10    3.60438615030656e-10    6.71268586065292e-10    1.08796580989109e-11    3.01497363791845e-09    4.52592396421937e-09
111.369352499973    6.36793616393731e-10    2.69620540048729e-10    7.42962113020998e-10    8.17614119677698e-12    2.85425591372897e-09    4.5118083243892e-09
111.722905999972    2.95138581308347e-09    5.11435371815359e-10    2.04531532342379e-10    2.62665917420374e-11    7.76655832171707e-10    4.47027514115495e-09
112.076459499972    4.0042254969419e-09    2.037652041385e-10    1.10476316078137e-10    4.83976629885215e-11    3.04521012997898e-11    4.39731678144685e-09
112.430012999972    4.11050597842034e-09    5.63222477219506e-11    9.6581268658837e-11    5.3628182212782e-11    6.55670929418798e-13    4.31769334794333e-09
112.783566499972    3.40162076835668e-09    1.65866059755893e-10    4.27918326285073e-10    1.52677041962621e-11    2.3203106940934e-10    4.24270392800324e-09
113.137119999971    1.58561069159956e-09    4.46655842649052e-10    4.46632321268195e-10    1.77385564937601e-11    1.69014125746625e-09    4.18677866947681e-09
113.490673499971    3.40170359252833e-11    2.93993585316974e-10    7.50505284442663e-10    9.28472632765758e-12    3.07784799296283e-09    4.16564862497541e-09
113.844226999971    1.5801988641076e-09    4.11987824080683e-10    4.69182804874939e-10    1.37332499295933e-11    1.67088314284882e-09    4.14598588584163e-09
114.197780499971    3.27747922405294e-09    2.00730499589128e-10    3.64131754940081e-10    2.09730327805704e-11    2.28812750474774e-10    4.09212726183749e-09
114.55133399997    3.80720447024654e-09    5.66549518745222e-11    1.14353834725471e-10    4.32682669762634e-11    7.35902009502491e-13    4.0222174258323e-09
114.90488749997    3.51029846809497e-09    2.52623870628721e-10    9.778185961833e-11    6.53423237355605e-11    2.53738947936841e-11    3.95142041687126e-09
115.25844099997    2.4530318645342e-09    5.85596624082528e-10    1.83203647222444e-10    3.38544589185436e-11    6.34174956426746e-10    3.88986155118446e-09
115.61199449997    5.01938997771845e-10    2.92278292399035e-10    7.767503900548e-10    1.04192003016061e-11    2.27170623580638e-09    3.85309311633367e-09
115.965547999969    3.9956819688926e-10    4.68547206852527e-10    5.93842637513037e-10    1.28222215261376e-11    2.36558734059732e-09    3.84036760337829e-09
116.319101499969    2.25944320069857e-09    5.05567324952203e-10    2.8794752901378e-10    2.910127410685e-11    7.26184628823226e-10    3.80824395759463e-09
116.672654999969    3.27129111454607e-09    2.26869222757016e-10    1.64047656383658e-10    5.08745828764497e-11    3.74644392192773e-11    3.75054701578247e-09
117.026208499969    3.45991369274537e-09    5.79378871603391e-11    1.05392754815491e-10    6.25312754490994e-11    2.00380680852945e-13    3.68597599085116e-09
117.379761999968    2.73914080687354e-09    2.50208117185484e-10    4.6730716076635e-10    2.60309812855054e-11    1.42644465558456e-10    3.62533153166933e-09
117.733315499968    1.33194979024881e-09    3.48927291684765e-10    7.39062328129726e-10    1.74701642040568e-11    1.1408273198762e-09    3.57823689414356e-09
118.086868999968    5.29517796568753e-11    6.48466528314116e-10    6.14648654850743e-10    1.79964881323043e-11    2.22395700152442e-09    3.55802045247846e-09
118.440422499968    1.09105863066617e-09    6.58842339201277e-10    4.37267741943711e-10    2.75592156658798e-11    1.325478266713e-09    3.54020619419004e-09
118.793975999967    2.55852024558383e-09    3.21645670811735e-10    3.70930819311924e-10    3.70328284526447e-11    2.09972827533147e-10    3.49810239169328e-09
119.147529499967    3.09796962971624e-09    1.08114613802605e-10    1.52887947575495e-10    8.19525879176527e-11    1.40085312544734e-12    3.44232563213744e-09
119.501082999967    2.79890279748103e-09    3.45248694867842e-10    1.39277916311161e-10    8.76552870710067e-11    1.41098025045398e-11    3.38519449823558e-09
119.854636499967    1.86019058517347e-09    6.22584414494978e-10    4.19034690521319e-10    4.7104888722775e-11    3.87037969974391e-10    3.33595254888693e-09
120.208189999966    4.30888512114291e-10    8.38982735678622e-10    5.94622673126534e-10    3.30588345113685e-11    1.4075483571538e-09    3.30510111258461e-09
120.561743499966    2.98596762696312e-10    7.85811427356267e-10    6.36807353817588e-10    4.64420456668442e-11    1.52107676411284e-09    3.28873435364985e-09
120.915296999966    1.62292185164428e-09    5.62510331340392e-10    5.0397568598125e-10    6.79456957921805e-11    5.03713106380596e-10    3.26106667113869e-09
121.268850499966    2.50982364376222e-09    2.88361970225051e-10    2.91987862778947e-10    9.50562069239351e-11    3.08732400540026e-11    3.21610292374415e-09
121.622403999965    2.69107231154684e-09    1.46894879801733e-10    1.76810004261616e-10    1.49926014014255e-10    2.85075863971731e-13    3.16498828548841e-09
121.975957499965    2.01390881221926e-09    4.28836891228158e-10    5.04933362910988e-10    8.24987408611238e-11    8.70638820873881e-11    3.11724168930692e-09
122.329510999965    9.64153554941656e-10    6.76090010305462e-10    7.02188733806154e-10    6.54282367987529e-11    6.71892068326729e-10    3.07975260417875e-09
122.683064499965    1.64765853365622e-10    9.13453053451238e-10    6.24828558104579e-10    6.35320889777691e-11    1.29205033776164e-09    3.05862989166084e-09
123.036617999964    8.03887522715548e-10    7.22265898688306e-10    6.28175103000876e-10    8.24121541069546e-11    8.02330306217407e-10    3.03907098472909e-09
123.390171499964    1.85290651067469e-09    4.76801700392259e-10    4.15092114184496e-10    1.19651609830108e-10    1.40936746877519e-10    3.00538868195907e-09
123.743724999964    2.31403399089998e-09    2.27922537250709e-10    2.51347545756058e-10    1.66748847249498e-10    1.84893451457998e-12    2.96190185567083e-09
124.097278499964    2.11915888054305e-09    3.73946590653013e-10    2.3870419288906e-10    1.76325725813555e-10    8.92761378725384e-12    2.91706300368594e-09
124.450831999963    1.40158930083667e-09    6.08723158526368e-10    5.25937481002894e-10    1.15911306380937e-10    2.25679642104718e-10    2.87784088885159e-09
124.804385499963    4.58129049030232e-10    8.88545252720881e-10    5.95160053858457e-10    9.29285131785369e-11    8.15901708170389e-10    2.8506645769585e-09
125.157938999963    3.1763176619078e-10    8.07170443127157e-10    6.86995721280962e-10    9.90167938616604e-11    9.21585623609219e-10    2.83240034806978e-09
125.511492499963    1.17338918291414e-09    6.50278017255783e-10    5.21488354371245e-10    1.22287993932788e-10    3.41036051344412e-10    2.80847959981837e-09
125.865045999962    1.85730158605988e-09    3.91720360608328e-10    3.29459257884843e-10    1.66361966193319e-10    2.84448551883901e-11    2.77328802593476e-09
126.218599499962    2.04103946119636e-09    2.48262853763811e-10    2.40681479971205e-10    2.02937530923247e-10    3.3025629119786e-13    2.73325158214582e-09
126.572152999962    1.58430272885819e-09    5.00563512913868e-10    4.11087130285395e-10    1.52467763011145e-10    4.6590362706888e-11    2.69501149777549e-09
126.925706499962    8.60038913731167e-10    7.64119265712756e-10    5.49196349487291e-10    1.18926150290229e-10    3.71356566668061e-10    2.6636372458895e-09
127.279259999961    2.59348043868701e-10    8.16315216057815e-10    6.84126143387797e-10    1.0562579911423e-10    7.76930365762925e-10    2.64234556819147e-09
127.632813499961    5.81086068330946e-10    7.66713006768415e-10    5.99738460790159e-10    1.16017714232343e-10    5.60566980242908e-10    2.62412223036477e-09
127.986366999961    1.33239419425239e-09    5.35678793286944e-10    4.54467614822893e-10    1.46430787617939e-10    1.28512530203663e-10    2.59748392018383e-09
128.339920499961    1.78320716257462e-09    3.11491949141381e-10    2.72399603504974e-10    1.92313483209404e-10    4.0077335928739e-12    2.56341993202326e-09
128.69347399996    1.72301304611413e-09    3.45887301921465e-10    2.54847769903526e-10    1.99415462275615e-10    4.17330885735647e-12    2.52733688907209e-09
129.04702749996    1.18532350946708e-09    5.22925688547493e-10    5.31423878332357e-10    1.40136256175986e-10    1.15122973222316e-10    2.49493230574523e-09
129.40058099996    5.11695196309474e-10    7.51857417438049e-10    6.13889844453789e-10    1.20372502061437e-10    4.72258959368869e-10    2.47007391963162e-09
129.75413449996    2.81718432655609e-10    8.12480959283496e-10    6.08717457286324e-10    1.18885223323438e-10    6.30682563600792e-10    2.45248463614966e-09
130.107687999959    8.22639232667142e-10    6.51769321185094e-10    5.28153815790997e-10    1.35219744872957e-10    2.94856983588144e-10    2.43263909810433e-09
130.461241499959    1.39956090537435e-09    4.41883928237222e-10    3.53619392770135e-10    1.72087724679594e-10    3.79858550290914e-11    2.40513780609039e-09
130.814794999959    1.64073282903056e-09    2.79541872616081e-10    2.4107028768653e-10    2.11372230271851e-10    3.99756893178534e-13    2.3731169764982e-09
131.168348499959    1.35763760188924e-09    4.57166692344251e-10    3.32884010931208e-10    1.73781148909131e-10    2.00465197321558e-11    2.34151597380598e-09
131.521901999958    8.36371658404294e-10    6.74174158569231e-10    4.65785116097145e-10    1.37358315616911e-10    2.00786573017644e-10    2.31447582170522e-09
131.875455499958    3.16957128275118e-10    7.71769674381997e-10    5.79372988528864e-10    1.22313105009863e-10    5.04121912581905e-10    2.29453480877775e-09
132.229008999958    4.24916522233061e-10    7.30228213868498e-10    5.50246735581582e-10    1.27496593350704e-10    4.45305734585485e-10    2.27819379961933e-09
132.582562499958    9.83980075594602e-10    5.5172364787411e-10    4.34901539230864e-10    1.51633546838937e-10    1.34748075598778e-10    2.25698688513729e-09
132.936115999957    1.39122761231872e-09    3.57491417033803e-10    2.85046974995566e-10    1.87973290761174e-10    8.23574963113857e-12    2.2299750447404e-09
133.289669499957    1.43732376526841e-09    3.13728767079346e-10    2.42898730643437e-10    2.05315247462e-10    1.32166846630813e-12    2.2005881789195e-09
133.643222999957    1.05604652782512e-09    4.91316223075615e-10    4.13905024175823e-10    1.58751028395371e-10    5.32651201972173e-11    2.17328392366914e-09
133.996776499957    5.70582386239114e-10    6.46265163602757e-10    5.22233298963744e-10    1.34145541953191e-10    2.77611636523827e-10    2.15083802728263e-09
134.350329999956    2.69315165244777e-10    7.38881087132212e-10    5.33628233612749e-10    1.26132808534546e-10    4.66335343124856e-10    2.13429263764914e-09
134.703883499956    5.9110375331081e-10    6.25497904347884e-10    4.80235149721427e-10    1.40465453313991e-10    2.8060576840618e-10    2.11790802910029e-09
135.057436999956    1.06307546163049e-09    4.63191057263273e-10    3.52302480080804e-10    1.65011945215786e-10    5.26123840107914e-11    2.09619332820115e-09
135.410990499956    1.3283224549669e-09    3.04088726546904e-10    2.39719710946633e-10    1.97175897363582e-10    1.14861346913543e-12    2.07045540329315e-09
135.764543999955    1.20585810606882e-09    3.83988551560351e-10    2.55284682342714e-10    1.92313102451217e-10    6.65308491009523e-12    2.0440975273332e-09
136.118097499955    8.36531839404356e-10    5.26428169710732e-10    4.05719685410613e-10    1.50169059649308e-10    1.01644890135011e-10    2.02049364431002e-09
136.471650999955    3.92126039848343e-10    6.66067659804901e-10    4.71192374679274e-10    1.33419623893507e-10    3.39111747164981e-10    2.00191744539101e-09
136.825204499955    3.24734562578771e-10    6.45007100327771e-10    4.92110646686863e-10    1.33446308825109e-10    3.92030638058827e-10    1.98732925647734e-09
137.178757999954    7.14553366730787e-10    5.44064800746889e-10    3.9528786102979e-10    1.53000513720296e-10    1.63718272766136e-10    1.9706248149939e-09
137.532311499954    1.08052550958613e-09    3.84706143775422e-10    2.86042416744438e-10    1.79582441576506e-10    1.83436554802638e-11    1.94920016716276e-09
137.885864999954    1.2079098616741e-09    2.93262878232395e-10    2.26910821758121e-10    1.96762178400014e-10    4.0238431041654e-13    1.92524812437505e-09
138.239418499954    1.00018777420645e-09    4.17552051520706e-10    2.92555254740358e-10    1.73416134413581e-10    1.81627175449488e-11    1.90187393242605e-09
138.592971999953    6.43476297676824e-10    5.54846814407136e-10    3.89320975047188e-10    1.46554077796056e-10    1.47297726729344e-10    1.88149589165655e-09
138.946525499953    3.00796648067402e-10    6.19845205954271e-10    4.63441200236392e-10    1.36060694914264e-10    3.45601320624793e-10    1.86574506979712e-09
139.300078999953    3.90026551591976e-10    5.89170856139983e-10    4.37547599771507e-10    1.38100848387465e-10    2.9724047668513e-10    1.85208633257606e-09
139.653632499953    7.5929631695419e-10    4.73744053756271e-10    3.53824711830378e-10    1.57367433521518e-10    9.11396679701053e-11    1.83537218403246e-09
140.007185999952    1.04116769725737e-09    3.34393608294167e-10    2.4575455907204e-10    1.87809595826084e-10    5.76829364147096e-12    1.81489375409113e-09
140.360739499952    1.07187751352963e-09    3.04633961640872e-10    2.23121752334016e-10    1.92435234200296e-10    8.74688090191981e-13    1.792943149795e-09
140.714292999952    8.46000803658042e-10    4.08360448054741e-10    3.22663269360291e-10    1.630463591903e-10    3.20806049892317e-11    1.77215148525261e-09
141.067846499952    5.02432619322912e-10    5.29853085347061e-10    3.94802620924024e-10    1.4502058120855e-10    1.82312736766979e-10    1.75442164356953e-09
141.421399999951    2.68047758832619e-10    5.76557715516114e-10    4.27670102766049e-10    1.37518825312496e-10    3.30927815709408e-10    1.74072221813669e-09
141.774953499951    4.43107150483143e-10    5.30882309209526e-10    3.85729831173565e-10    1.45421203231045e-10    2.22571779590968e-10    1.72771227368825e-09
142.128506999951    7.83688409829546e-10    4.12105159878076e-10    3.01893468680566e-10    1.63999154014334e-10    4.96530914507711e-11    1.71133928385329e-09
142.482060499951    9.79527868228679e-10    3.0032030469654e-10    2.21329291139582e-10    1.89170651534159e-10    1.72064507195551e-12    1.69206876067092e-09
142.83561399995    9.57086833786173e-10    3.08129153061708e-10    2.15952755753173e-10    1.88861867753366e-10    2.02624100479673e-12    1.67205685135922e-09
143.18916749995    7.17097660140344e-10    4.01988988091733e-10    3.25050399940766e-10    1.59610242353545e-10    4.97446886284401e-11    1.65349197915483e-09
143.54272099995    3.91580622895627e-10    5.13794764709741e-10    3.81138860616136e-10    1.44287127172848e-10    2.0728905103022e-10    1.63809042642457e-09
143.89627449995    2.59654364930087e-10    5.39162548043064e-10    3.96641973835863e-10    1.38765946821004e-10    2.91710581140011e-10    1.62593541477003e-09
144.249827999949    4.84231267239819e-10    4.81124151909009e-10    3.51180009915399e-10    1.44288107245863e-10    1.52450035525901e-10    1.61327357183599e-09
144.603381499949    7.75768314651714e-10    3.64948344494275e-10    2.69361807080771e-10    1.62738041294132e-10    2.46326652780224e-11    1.59744917279891e-09
144.956934999949    9.15049553341342e-10    2.74897968788003e-10    2.05692316242533e-10    1.83397895981744e-10    4.66273956845266e-13    1.57950400831047e-09
145.310488499949    8.41128933305156e-10    3.19635150262422e-10    2.19721158079297e-10    1.7623275825224e-10    4.63384471130998e-12    1.56135184461043e-09
145.664041999948    5.93548369149662e-10    4.21848741431797e-10    3.11538686524867e-10    1.51722507068671e-10    6.61656738191541e-11    1.54482397799415e-09
146.017595499948    3.13339816715253e-10    5.05956285796361e-10    3.67524573677815e-10    1.36711944505403e-10    2.07850175984622e-10    1.53138279667945e-09
146.371148999948    2.68206286077083e-10    5.03435171566114e-10    3.79388210408493e-10    1.33597737608944e-10    2.3556653015938e-10    1.52019393582001e-09
146.724702499948    5.04281861703577e-10    4.38637755142812e-10    3.225167490304e-10    1.42029435211649e-10    1.00447745589582e-10    1.50791354667802e-09
147.078255999947    7.52214769752989e-10    3.24217736757582e-10    2.43193278882504e-10    1.61388707037398e-10    1.1843887173218e-11    1.49285837960369e-09
147.431809499947    8.45408482231529e-10    2.57850237866347e-10    1.9336834203116e-10    1.7944232933704e-10    1.70698002764285e-13    1.47624008946884e-09
147.785362999947    7.32819804754975e-10    3.24588953726191e-10    2.32483808029053e-10    1.61712603544236e-10    8.17598546045822e-12    1.45978115551491e-09
148.138916499947    4.93074006930643e-10    4.26182471937659e-10    3.06040593490295e-10    1.40761217172452e-10    7.90273471176715e-11    1.44508563664872e-09
148.492469999946    2.63197771186392e-10    4.80749158905554e-10    3.5768067976838e-10    1.31475051059885e-10    2.00067131568853e-10    1.43316979248906e-09
148.846023499946    2.82257413607193e-10    4.73640777620935e-10    3.45095517695326e-10    1.32187724272923e-10    1.89616250806069e-10    1.42279768400245e-09
149.199576999946    5.19329574692666e-10    3.91842454347561e-10    2.90776000659025e-10    1.425400988008e-10    6.64230742539424e-11    1.410911202754e-09
149.553130499945    7.193875888655e-10    2.93030116836203e-10    2.19000007113179e-10    1.59680072002275e-10    5.58672438409098e-12    1.39668450920125e-09
149.906683999945    7.77860669191849e-10    2.45853334780101e-10    1.83239212802988e-10    1.74175093491485e-10    1.90389453624978e-13    1.38131869972005e-09
150.260237499945    6.3441054438165e-10    3.25388799429676e-10    2.42590439274192e-10    1.51097151556679e-10    1.29526871805145e-11    1.36643962182271e-09
150.613790999945    4.09535579077944e-10    4.19202656778167e-10    2.99385600103209e-10    1.34133498313418e-10    9.10883134412624e-11    1.353345647714e-09
150.967344499944    2.31044375355258e-10    4.53999446185196e-10    3.4264257621271e-10    1.2579584795645e-10    1.89218683258249e-10    1.34270092896786e-09
151.320897999944    3.00551473849497e-10    4.29292351382349e-10    3.23478430603967e-10    1.29693489090844e-10    1.49938666590766e-10    1.33295441151742e-09
151.674451499944    5.22834634571287e-10    3.49547572554112e-10    2.66017251233095e-10    1.40703216343413e-10    4.24062961076309e-11    1.32150897080954e-09
152.028004999944    6.8606810067827e-10    2.62146002798368e-10    1.99137858742957e-10    1.583421387937e-10    2.41430209626388e-12    1.30810840310956e-09
152.381558499943    7.05879570938856e-10    2.41992631526103e-10    1.80264718201988e-10    1.65350983558549e-10    4.64246296731059e-13    1.29395215052223e-09
152.735111999943    5.52594464894123e-10    3.14694648281947e-10    2.52363794854888e-10    1.41466975254201e-10    1.93655051225186e-11    1.28048538840768e-09
153.088665499943    3.40899011412658e-10    3.96328611318533e-10    3.00408732876107e-10    1.29193752149649e-10    1.01995636102298e-10    1.26882574385925e-09
153.442218999943    2.13777046958118e-10    4.26780119125959e-10    3.18885012590919e-10    1.24630367574279e-10    1.7518370419115e-10    1.25925625044043e-09
153.795772499942    3.17828256103083e-10    3.91559799857446e-10    2.94382379522782e-10    1.29638853317296e-10    1.16594255447861e-10    1.25000354424847e-09
154.149325999942    5.2052211168398e-10    3.12206421373666e-10    2.37198074278676e-10    1.42294294688262e-10    2.67951409586445e-11    1.23901604298323e-09
154.502879499942    6.45789632647452e-10    2.40456583837428e-10    1.83338806153504e-10    1.55829911103784e-10    1.04437919185199e-12    1.22645931293402e-09
154.856432999942    6.32035222489743e-10    2.45032691883423e-10    1.77902234594579e-10    1.57419219683243e-10    1.07134966665454e-12    1.21346071831764e-09
155.209986499941    4.81132719779457e-10    3.09528615986358e-10    2.48219195717872e-10    1.3674253527193e-10    2.5669387330066e-11    1.20129245408568e-09
155.563539999941    2.91320934283542e-10    3.796768342468e-10    2.87175054861871e-10    1.25521006445561e-10    1.07145010799384e-10    1.19083884063716e-09
155.917093499941    2.06607594772674e-10    4.00051945576043e-10    2.96229359844745e-10    1.21723930499502e-10    1.575146633563e-10    1.18212749404926e-09
156.270646999941    3.32372759369668e-10    3.55163350979647e-10    2.70811037653205e-10    1.25402623800562e-10    8.95490773764522e-11    1.17329884917953e-09
156.62420049994    5.09609715177412e-10    2.83420689324033e-10    2.15096208861787e-10    1.38002335858926e-10    1.67039535779407e-11    1.1628329028001e-09
156.97775399994    6.05632410387043e-10    2.21908958884927e-10    1.68300471553474e-10    1.54894498886313e-10    3.81277088449021e-13    1.15111761680021e-09
157.33130749994    5.68514904752449e-10    2.43605551529634e-10    1.75656121305908e-10    1.49541528485844e-10    1.8745425639938e-12    1.13919264863783e-09
157.68486099994    4.23104023556764e-10    3.03206526511479e-10    2.40591836859109e-10    1.30006327119757e-10    3.12511522044026e-11    1.12815986625151e-09
158.038414499939    2.55392646554936e-10    3.60491920738659e-10    2.72012160891676e-10    1.20931205522557e-10    1.09916124207233e-10    1.11874405791506e-09
158.391967999939    2.04996145312712e-10    3.70189169683607e-10    2.74760093622933e-10    1.189910741597e-10    1.41802118281674e-10    1.11073860106063e-09
158.745521499939    3.40835920492888e-10    3.23890080163707e-10    2.41939626627896e-10    1.25791616336676e-10    6.98859208365208e-11    1.10234316445769e-09
159.099074999939    4.96015499047563e-10    2.55978923490655e-10    1.92944178053592e-10    1.37113305362817e-10    1.03614819682128e-11    1.09241338792284e-09
159.452628499938    5.63859298122728e-10    2.10049100608311e-10    1.58959073861351e-10    1.48484137480256e-10    1.59942910868533e-13    1.08151155298352e-09
159.806181999938    5.08695243278409e-10    2.43717984869979e-10    1.74636640316935e-10    1.40584927781344e-10    2.95394754259922e-12    1.07058874378927e-09
160.159735499938    3.74034600195139e-10    3.00499513012455e-10    2.24034930067032e-10    1.2508206638557e-10    3.69015608398061e-11    1.0605526705e-09
160.513288999938    2.255233788487e-10    3.44539934367451e-10    2.52305433051629e-10    1.17190795529744e-10    1.12478231381186e-10    1.05203777317871e-09
160.866842499937    2.08112085660951e-10    3.41130078399361e-10    2.51837111863759e-10    1.17370159549393e-10    1.26184257509305e-10    1.04463369298277e-09
161.220395999937    3.44563458086492e-10    2.98132054357115e-10    2.18503297881748e-10    1.22747241669744e-10    5.2677009236998e-11    1.0366230612321e-09
161.573949499937    4.76122533961052e-10    2.35991605575597e-10    1.74004386491547e-10    1.35167646109899e-10    5.95362512269803e-12    1.02723979726079e-09
161.927502999937    5.25456847876754e-10    1.98611185962214e-10    1.51004040963406e-10    1.41936191976816e-10    8.45943722749824e-14    1.01709286115147e-09
162.281056499936    4.60094258880756e-10    2.37360095165559e-10    1.72253409297814e-10    1.3273352261807e-10    4.62923452092408e-12    1.00707052048312e-09
162.634609999936    3.28599007021297e-10    2.9560654640739e-10    2.09340114550708e-10    1.19913710913808e-10    4.44921030191851e-11    9.97951481912388e-10
162.988163499936    2.01315012597706e-10    3.22960894438313e-10    2.40297621304069e-10    1.1299003712671e-10    1.12679947666599e-10    9.90243513133398e-10
163.341716999936    2.11207067223978e-10    3.2006751524867e-10    2.32243297072302e-10    1.13169347423486e-10    1.06672979901677e-10    9.83360206870113e-10
163.695270499935    3.43954351136613e-10    2.74043252174891e-10    2.01275670600565e-10    1.19561238789069e-10    3.68568169100568e-11    9.75691329611195e-10
164.048823999935    4.54616609057792e-10    2.16974084274139e-10    1.62686115565654e-10    1.29492934862105e-10    3.06498310212566e-12    9.66834726861816e-10
164.402377499935    4.8669083629239e-10    1.90244669756774e-10    1.44215606591712e-10    1.36173433229287e-10    8.73200616655726e-14    9.57411865931828e-10
164.755930999935    4.12304549146103e-10    2.31847798429517e-10    1.7237623995394e-10    1.25020529307138e-10    6.66767537743154e-12    9.48216792214129e-10
165.109484499934    2.8559242927772e-10    2.86096073141543e-10    2.03868617232389e-10    1.15172949752188e-10    4.92049884893756e-11    9.39935057893215e-10
165.463037999934    1.80684425425147e-10    3.050326660716e-10    2.3282812604463e-10    1.08571547207003e-10    1.05799203983014e-10    9.32915968731394e-10
165.816591499934    2.13523733467743e-10    3.00590404105769e-10    2.16031707563014e-10    1.10043577081149e-10    8.6265368639194e-11    9.26454790856869e-10
166.170144999934    3.37462004071613e-10    2.5242434602939e-10    1.88587426567075e-10    1.15481048633438e-10    2.51890274789041e-11    9.1914385278042e-10
166.523698499933    4.33621438256051e-10    1.9978162338121e-10    1.50126267301811e-10    1.25822069661832e-10    1.47401933925608e-12    9.1082541794016e-10
166.877251999933    4.51526810740165e-10    1.83044804469469e-10    1.36111068394308e-10    1.31252341106743e-10    1.40833802983642e-13    9.02075858513669e-10
167.230805499933    3.72011138600126e-10    2.23963167928025e-10    1.7132733641546e-10    1.17447176819393e-10    8.86929900104326e-12    8.93618118764047e-10
167.584358999933    2.51150644390953e-10    2.70483703568955e-10    2.04293069198788e-10    1.07239886867969e-10    5.28983530160214e-11    8.86065657042686e-10
167.937912499932    1.66680690426483e-10    2.9495479449555e-10    2.17105025278122e-10    1.02917720146942e-10    9.80047260345885e-11    8.79662956381686e-10
168.291465999932    2.14013609222779e-10    2.78447194230826e-10    2.06665754602521e-10    1.04610457013179e-10    6.98275438343104e-11    8.73564558903616e-10
168.645019499932    3.29284899928118e-10    2.33920797649144e-10    1.7469071689222e-10    1.11158632075568e-10    1.7569915202863e-11    8.66624961747913e-10
168.998572999932    4.10914669987571e-10    1.85979958175503e-10    1.40533650746739e-10    1.20612837005575e-10    7.90124493801314e-13    8.58831240409189e-10
169.352126499931    4.19877821918469e-10    1.74946925404136e-10    1.30398499024936e-10    1.2523718476411e-10    2.44093985226377e-13    8.50704525096877e-10
169.705679999931    3.37812922796043e-10    2.15633765111898e-10    1.68244397050952e-10    1.10730372302554e-10    1.05078057514041e-11    8.4292926301285e-10
170.059233499931    2.25176834079806e-10    2.58237619947927e-10    1.97774014619362e-10    1.01988572997828e-10    5.28394250965188e-11    8.36016466741442e-10
170.412786999931    1.58588911305341e-10    2.80777049376728e-10    2.03890936196311e-10    9.86176580018095e-11    8.82474734337974e-11    8.30122028313988e-10
170.76634049993    2.12347445838383e-10    2.59459802860746e-10    1.94796932191694e-10    9.99539056377346e-11    5.77976782423717e-11    8.24355764770929e-10
171.11989399993    3.19235020697491e-10    2.15679440275302e-10    1.6342129570156e-10    1.06396580994348e-10    1.30733326151924e-11    8.17805670283893e-10
171.47344749993    3.89377154946709e-10    1.73896759066074e-10    1.30240579669376e-10    1.16553757379429e-10    4.39188517743742e-13    8.10507439579332e-10
171.82700099993    3.85443800338551e-10    1.73651994281389e-10    1.27116962920427e-10    1.16389101087662e-10    3.61433652682788e-13    8.02963292280712e-10
172.180554499929    3.05835388992018e-10    2.09799509303145e-10    1.65260378802976e-10    1.03446226000769e-10    1.14617056460311e-11    7.95803208744939e-10
172.534107999929    2.01896906244582e-10    2.50468761430168e-10    1.89803603255031e-10    9.61646505972442e-11    5.1131394176298e-11    7.89465315703323e-10
172.887661499929    1.50362188670561e-10    2.67644814994445e-10    1.93675432646293e-10    9.31872949294363e-11    7.91283736559828e-11    7.83998104896718e-10
173.241214999929    2.11336670115317e-10    2.42072052910091e-10    1.81297536267166e-10    9.59725489174548e-11    4.78776997832502e-11    7.7855650799328e-10
173.594768499928    3.09224640197938e-10    2.00800888561712e-10    1.50368126662093e-10    1.0219309716505e-10    9.77706129491739e-12    7.72363813881711e-10
173.948321999928    3.69678687595933e-10    1.62078480521403e-10    1.2287339145416e-10    1.10646643689185e-10    2.49640574417045e-13    7.65526843835099e-10
174.301875499928    3.54432827653938e-10    1.70389853401993e-10    1.21086573172578e-10    1.12033593195048e-10    5.8465092419007e-13    7.58527498347747e-10
174.655428999928    2.76223346476657e-10    2.04509127650983e-10    1.5956972484524e-10    9.87728158356723e-11    1.286147073859e-11    7.51936485547141e-10
175.008982499927    1.82478178903816e-10    2.40936271023866e-10    1.80336809793011e-10    9.19689323893583e-11    5.04012308173226e-11    7.46121422927373e-10
175.362535999927    1.44895745599112e-10    2.51436122343613e-10    1.84530209153638e-10    8.93408086289365e-11    7.08430834821684e-11    7.41045969207468e-10
175.716089499927    2.10741576335509e-10    2.25396491190623e-10    1.69305869405819e-10    9.18012055656656e-11    3.8642167165221e-11    7.35887309662837e-10
176.069642999927    3.0147445304358e-10    1.84025896336012e-10    1.38196210201278e-10    9.96162028186482e-11    6.70517954834089e-12    7.3001794194786e-10
176.423196499926    3.48581329048204e-10    1.52669452766892e-10    1.13922709128021e-10    1.08315834578483e-10    1.17298956299863e-13    7.236066244779e-10
176.776749999926    3.24846394187795e-10    1.66898293763153e-10    1.20306851227918e-10    1.04092349733136e-10    9.74306318240539e-13    7.17118195230243e-10
177.130303499926    2.48003245361997e-10    2.00934460699242e-10    1.52630031948912e-10    9.42912761501864e-11    1.51980810033128e-11    7.11057095163651e-10
177.483856999926    1.64254568185763e-10    2.32688853283613e-10    1.69298882964297e-10    8.85161017378797e-11    5.0972052283305e-11    7.05730458454858e-10
177.837410499925    1.42335912707858e-10    2.33934045934599e-10    1.74901876196838e-10    8.66414788473392e-11    6.31888587327631e-11    7.01002172419397e-10
178.190963999925    2.10870560298273e-10    2.10161146969118e-10    1.55093186167156e-10    9.01491950111162e-11    2.98224877567911e-11    6.96096576202456e-10
178.544517499925    2.89976189917136e-10    1.72016152209117e-10    1.27290781302011e-10    9.71379986870861e-11    4.10681150994912e-12    6.90527933625299e-10
178.898070999925    3.26596409405804e-10    1.45115878559161e-10    1.09610308268184e-10    1.03136085674373e-10    5.21939106643157e-14    6.84510875818186e-10
179.251624499924    2.95257090171309e-10    1.64423253657407e-10    1.19102722277815e-10    9.81970674738823e-11    1.52045870500176e-12    6.78500592285414e-10
179.605177999924    2.2169034618082e-10    1.97500013113816e-10    1.46678891948683e-10    8.90044463640099e-11    1.80506205763155e-11    6.72924318183643e-10
179.958731499924    1.47290236955439e-10    2.21319437089326e-10    1.63914105759173e-10    8.41029331751383e-11    5.1417229753895e-11    6.68043942732972e-10
180.312284999924    1.41341387891694e-10    2.21679212957554e-10    1.6242441033255e-10    8.34789991435544e-11    5.47103277697388e-11    6.63634338095092e-10
180.665838499923    2.11845125162606e-10    1.93717811341251e-10    1.43486753831087e-10    8.80595068968967e-11    2.18343842888155e-11    6.58943581520655e-10
181.019391999923    2.8154653828368e-10    1.56471960079098e-10    1.18430656242012e-10    9.49303746062127e-11    2.27568600294924e-12    6.53655215213952e-10
181.372945499923    3.07948665025447e-10    1.3578203096366e-10    1.03714560785365e-10    1.00541504718051e-10    3.55146106533808e-14    6.48022276103175e-10
181.726498999923    2.69415119766363e-10    1.59505891117788e-10    1.17636958081162e-10    9.35771846092141e-11    2.31899889100586e-12    6.42454152465533e-10
182.080052499922    1.98240054290854e-10    1.91487734547647e-10    1.40704474556778e-10    8.60140310448441e-11    2.08789066703079e-11    6.37325201110431e-10
182.433605999922    1.32842590859458e-10    2.11650433642958e-10    1.56876051582195e-10    8.08723512142423e-11    5.05983810918511e-11    6.32839808390705e-10
182.787159499922    1.4165031730705e-10    2.06392431492153e-10    1.52235607850715e-10    8.17789449669471e-11    4.66415945438686e-11    6.28698896160733e-10
183.140712999922    2.09824936706445e-10    1.78937600855165e-10    1.33782974076202e-10    8.56280658188307e-11    1.6050119152013e-11    6.24223696608655e-10
183.494266499921    2.68719236324175e-10    1.4642132752382e-10    1.09960716166998e-10    9.28483188901893e-11    1.27280700643697e-12    6.19222405911619e-10
183.847819999921    2.86787618147299e-10    1.31138696006631e-10    9.95538334705863e-11    9.64248137201274e-11    4.15508485507989e-14    6.13946512193194e-10
184.201373499921    2.4363072591408e-10    1.56245934974409e-10    1.17743828456025e-10    8.80108152936058e-11    3.15772990460742e-12    6.08789034542728e-10
184.554926999921    1.77600869048917e-10    1.84398451664528e-10    1.37343216860405e-10    8.21858734366903e-11    2.25363481525656e-11    6.04064759163105e-10
184.90848049992    1.24319147592394e-10    1.99700269200389e-10    1.48860548697615e-10    7.92416482640824e-11    4.77990590156709e-11    5.99920672770151e-10
185.26203399992    1.41949648111946e-10    1.93459437359943e-10    1.41429504795284e-10    7.99655295182655e-11    3.92111325821076e-11    5.96015252367546e-10
185.61558749992    2.06119062781329e-10    1.65667434687118e-10    1.24789145275349e-10    8.34422738494532e-11    1.17304444618341e-11    5.91748361055083e-10
185.96914099992    2.57061719507917e-10    1.35749768877067e-10    1.03619936117652e-10    8.98746973729462e-11    7.15198643295128e-13    5.87021320518877e-10
186.322694499919    2.66291569026608e-10    1.26762009351351e-10    9.66757440943251e-11    9.22844115704107e-11    7.74664996016252e-14    5.82091200542297e-10
186.676247999919    2.22367753745319e-10    1.50623662020573e-10    1.16118967316239e-10    8.41436566809018e-11    4.05437191276968e-12    5.77308411675802e-10
187.029801499919    1.60053529261357e-10    1.76890336810849e-10    1.33932056644776e-10    7.83294794662244e-11    2.37438523685433e-11    5.7294925455175e-10
187.383354999919    1.1716750228239e-10    1.89940413417157e-10    1.41112808971627e-10    7.63697045504448e-11    4.45171924455501e-11    5.69107621667168e-10
187.736908499918    1.40869801509078e-10    1.81848669185849e-10    1.32977436868996e-10    7.70485035665156e-11    3.26670961963978e-11    5.65411507326837e-10
188.090461999918    2.01546291363347e-10    1.53893613400146e-10    1.16011844391072e-10    8.13437910162907e-11    8.55425675068489e-12    5.6134979692154e-10
188.444015499918    2.44608645242313e-10    1.27784822810652e-10    9.71054951947464e-11    8.6992043209528e-11    4.01944798642711e-13    5.56892951255882e-10
188.797568999918    2.47534663446396e-10    1.23590790130409e-10    9.26440660821426e-11    8.83667400648254e-11    1.43452931970015e-13    5.52279712655744e-10
189.151122499917    2.03188865183586e-10    1.45883839485e-10    1.13995318456487e-10    7.98551417392583e-11    4.92375505697893e-12    5.4784691992131e-10
189.504675999917    1.44920891994588e-10    1.69802531020609e-10    1.30296842281465e-10    7.45313295472042e-11    2.42668094188411e-11    5.43818404262707e-10
189.858229499917    1.11720982310572e-10    1.81602963728817e-10    1.33844213168036e-10    7.2765696869094e-11    4.03159379898011e-11    5.4024979406632e-10
190.211782999917    1.40450539916424e-10    1.69220053712631e-10    1.26923214247528e-10    7.40153898951083e-11    2.61281820711068e-11    5.36737379842798e-10
190.565336499916    1.9704806949715e-10    1.43366393201698e-10    1.0794981266496e-10    7.87246203931222e-11    5.78413750760174e-12    5.32873033264532e-10
190.918889999916    2.34301879151301e-10    1.18941146766193e-10    9.15064443868966e-11    8.37346566305418e-11    1.79607783484472e-13    5.28663734718417e-10
191.272443499916    2.29430562640077e-10    1.20610803545542e-10    9.0396391705239e-11    8.36778308916105e-11    2.385478134228e-13    5.2435413659589e-10
191.625996999916    1.84405926854428e-10    1.42292565259943e-10    1.11142134979857e-10    7.63111084099111e-11    6.08889878092472e-12    5.20240634285064e-10
191.979550499915    1.30619391424045e-10    1.63525771230505e-10    1.2551008321031e-10    7.17020092924928e-11    2.51660968371886e-11    5.16523351994541e-10
192.333103999915    1.06606029987955e-10    1.71848781430238e-10    1.28752268049395e-10    6.94835471715186e-11    3.65072691783082e-11    5.13197895817414e-10
192.686657499915    1.40483742358277e-10    1.5882118488349e-10    1.18128712138158e-10    7.19107750489801e-11    2.05152552295574e-11    5.09859669658462e-10
193.040210999915    1.92587653451648e-10    1.33019650809581e-10    9.99762749184516e-11    7.69014311494229e-11    3.68978085812827e-12    5.06174791187232e-10
193.393764499914    2.21386380910667e-10    1.12885632698754e-10    8.63974237819293e-11    8.1459146775974e-11    7.30833878951069e-14    5.02201667555219e-10
193.747317999914    2.10708854097391e-10    1.18969481943917e-10    8.8659291104144e-11    7.94218167473059e-11    4.11430745044621e-13    4.98170874637803e-10
194.100871499914    1.66435442455511e-10    1.39594749979722e-10    1.08080547821305e-10    7.29270446042443e-11    7.32429504968719e-12    4.94362079910469e-10
194.454424999913    1.17587437204341e-10    1.59702134793281e-10    1.19428292012478e-10    6.86852734478692e-11    2.55274263747592e-11    4.90930563832728e-10
194.807978499913    1.04853700492731e-10    1.61734499893224e-10    1.21619728918372e-10    6.74999271653685e-11    3.21080331433348e-11    4.8781588961303e-10
195.161531999913    1.41573679373473e-10    1.47028146707886e-10    1.10382884960937e-10    7.00310402166909e-11    1.56136656625239e-11    4.84629416921511e-10
195.515085499913    1.87052367483906e-10    1.23438891307069e-10    9.33579859652752e-11    7.50109357215544e-11    2.25709643014798e-12    4.81117276907953e-10
195.868638999912    2.10407512962317e-10    1.06094699200557e-10    8.20599021300427e-11    7.8775449384194e-11    3.10632896980387e-14    4.77368626966809e-10
196.222192499912    1.92797928683841e-10    1.17460990450784e-10    8.72223034706933e-11    7.54408750988033e-11    6.88493166643447e-13    4.73610590870765e-10
196.575745999912    1.50788064183647e-10    1.36645333087896e-10    1.03859314306186e-10    7.00262976637799e-11    8.75916393966908e-12    4.70078173181179e-10
196.929299499912    1.08041354136476e-10    1.5276126538372e-10    1.1406382961951e-10    6.64690066486704e-11    2.55712541074049e-11    4.66906709895781e-10
197.282852999911    1.03171583506176e-10    1.52710000597347e-10    1.14026355628386e-10    6.61856470618108e-11    2.78870231968056e-11    4.63980609990526e-10
197.636406499911    1.41188728768351e-10    1.36966853344512e-10    1.0268233756442e-10    6.84636851535199e-11    1.16332380418502e-11    4.60934842872652e-10
197.989959999911    1.81320984487397e-10    1.15146453365895e-10    8.72907228480889e-11    7.25118671972097e-11    1.32071713447425e-12    4.57590745033065e-10
198.343513499911    1.9816677275105e-10    1.01825468367894e-10    7.7971736822748e-11    7.60701369542873e-11    2.32401423453769e-14    4.54057355038324e-10
198.69706699991    1.77317912161026e-10    1.14608720658192e-10    8.52292159929716e-11    7.22901462791726e-11    1.10536448100784e-12    4.5055135957237e-10
199.05062049991    1.36281911534872e-10    1.34288975267056e-10    9.97896675409254e-11    6.6771784405087e-11    1.01453057101427e-11    4.47277644458083e-10
199.40417399991    9.95648268204633e-11    1.45940159174587e-10    1.09847658798076e-10    6.38543235041201e-11    2.51236464151125e-11    4.44330614712358e-10
199.75772749991    1.0236243916719e-10    1.43649181085304e-10    1.08473078465091e-10    6.31366304832243e-11    2.39487666381003e-11    4.4157009583891e-10
200.111280999909    1.39824232109388e-10    1.28239561272841e-10    9.51660334147777e-11    6.67733415820966e-11    8.66033989462757e-12    4.38663508273732e-10
200.464834499909    1.75564414111345e-10    1.07013265620054e-10    8.22852160293366e-11    6.98337615167088e-11    7.86508257727015e-13    4.35483165535172e-10
200.818387999909    1.8636736109794e-10    9.79698656136156e-11    7.53404097932801e-11    7.245111755751e-11    2.86766825915876e-14    4.32157430744938e-10
201.171941499909    1.63373557800155e-10    1.11369995237195e-10    8.43857524399597e-11    6.8203094224319e-11    1.55374069653998e-12    4.28886140398168e-10
201.525494999908    1.24472843520383e-10    1.29626568680434e-10    9.68693167711572e-11    6.36796484586842e-11    1.11936198120401e-11    4.25841997242698e-10
201.879048499908    9.38244148402141e-11    1.38713410900141e-10    1.04806194028871e-10    6.15413532545867e-11    2.42107790198157e-11    4.23096152043629e-10
202.232601999908    1.01324954305379e-10    1.36310001065488e-10    1.00798651976105e-10    6.13883238256738e-11    2.06698644148913e-11    4.20491795587537e-10
202.586155499908    1.37670562375401e-10    1.19406644352371e-10    9.00785128172732e-11    6.39791230504867e-11    6.58064094574457e-12    4.17715483541277e-10
202.939708999907    1.68726001795704e-10    1.00475578122405e-10    7.69462460284886e-11    6.80831686317994e-11    4.7015532464413e-13    4.14701149903041e-10
203.293262499907    1.75264628138648e-10    9.42123502100567e-11    7.16603346523745e-11    7.03890897841938e-11    4.25843827352197e-14    4.11568987168008e-10
203.646815999907    1.50601145474696e-10    1.08251631859671e-10    8.24456899948182e-11    6.52136510735352e-11    1.99967279843752e-12    4.08511791201158e-10
204.000369499907    1.13671262796192e-10    1.2531197405178e-10    9.35168530360942e-11    6.1100317909394e-11    1.20778821665735e-11    4.05678289960034e-10
204.353922999906    8.83385287334397e-11    1.33085554648852e-10    9.96515067010501e-11    5.88674598696563e-11    2.31740890340599e-11    4.03117138987058e-10
204.707476499906    1.00452274289324e-10    1.2808880005219e-10    9.56158234621129e-11    5.89769465148198e-11    1.75143659748052e-11    4.00648210293252e-10
205.061029999906    1.35557537144999e-10    1.11285171900137e-10    8.48845505321954e-11    6.15140746298762e-11    4.7588907132377e-12    3.98000224920445e-10
205.414583499906    1.6217072964126e-10    9.4527606799948e-11    7.2310398451823e-11    6.58892200514868e-11    2.42947266518306e-13    3.95140902211036e-10
205.768136999905    1.64674969912753e-10    9.1394564495366e-11    6.89414874296246e-11    6.71106373427737e-11    7.07187984121156e-14    3.9219237797893e-10
206.121690499905    1.38463327234028e-10    1.05494846728777e-10    8.1296542496639e-11    6.14964678022592e-11    2.58333690988411e-12    3.89334521171587e-10
206.475243999905    1.03539644636569e-10    1.21093315707242e-10    9.11890621047334e-11    5.79334663760571e-11    1.29438299823268e-11    3.86699318806928e-10
206.828797499905    8.41277222020392e-11    1.26975880894e-10    9.55985117579604e-11    5.60341596390443e-11    2.15728855891512e-11    3.84309160082195e-10
207.182350999904    1.00274636393206e-10    1.20577787905237e-10    8.96928496717105e-11    5.73801018269015e-11    1.40348261062824e-11    3.81960201903338e-10
207.535904499904    1.33249317254828e-10    1.0405561832092e-10    7.83744310747454e-11    6.05964706761657e-11    3.15416924993636e-12    3.79430006576595e-10
207.889457999904    1.55823045273975e-10    8.88399103080251e-11    6.8191390385283e-11    6.37498550408057e-11    1.10331320460202e-13    3.76714532328549e-10
208.243011499904    1.53489583423199e-10    8.92715038764412e-11    6.67915613739681e-11    6.42551405785173e-11    1.33320300035285e-13    3.73941109552161e-10
208.596564999903    1.26665058028402e-10    1.02902104523622e-10    7.94933848910989e-11    5.89375740647374e-11    3.2768429202531e-12    3.71274964428113e-10
208.950118499903    9.46285909712738e-11    1.16774352711596e-10    8.83562958672774e-11    5.55939894382877e-11    1.3468721268204e-11    3.68821950256639e-10
209.303671999903    8.14692917602313e-11    1.20742042785684e-10    9.01801559559819e-11    5.4604262639663e-11    1.95843130529912e-11    3.66580066194551e-10
209.657225499903    9.92328683440772e-11    1.13530196427114e-10    8.48610519103472e-11    5.54826728039094e-11    1.12355416532571e-11    3.64342331138705e-10
210.010778999902    1.29432274593619e-10    9.79333881793598e-11    7.35955418204307e-11    5.8826914720774e-11    2.1399566302091e-12    3.61928075944393e-10
210.364332499902    1.48424318897036e-10    8.42553004222185e-11    6.46111009122183e-11    6.20123391249338e-11    5.16052849937694e-14    3.59354664641401e-10
210.717885999902    1.42866006688164e-10    8.72430814824948e-11    6.52268584846937e-11    6.12056009825416e-11    2.05282397078078e-13    3.56746830034972e-10
211.071439499902    1.16214162472552e-10    1.00475625597848e-10    7.71922732201214e-11    5.66573709599623e-11    3.71594942317589e-12    3.54255381673659e-10
211.424992999901    8.75412127500518e-11    1.12310993905487e-10    8.56342748112497e-11    5.32104496212478e-11    1.32698872531917e-11    3.51966818341228e-10
211.778546499901    7.83407303346152e-11    1.15137396226034e-10    8.60689466071988e-11    5.28992536750559e-11    1.74102220385784e-11    3.49856548881482e-10
