#t    rhoGW_over_rho    rhoGW
0    0    0
4.99999999999994    2.73032186388918e-27    1.20051960542839e-30
9.99999999999983    3.83641598759794e-27    1.3936232896044e-31
14.9999999999997    3.57303291241199e-27    3.51863733818093e-32
20.0000000000003    1.53047928920926e-26    4.92998592170014e-32
25.0000000000011    1.26080275932026e-25    1.82809174245771e-31
30.0000000000019    1.02645189389245e-23    7.45483080470007e-30
35.0000000000016    2.08681396673023e-22    8.32645177422563e-29
40.0000000000006    1.33729912185644e-20    3.28841233979802e-27
44.9999999999996    1.31441555648203e-18    1.97998691512064e-25
49.9999999999986    1.91584799091429e-17    2.00091736650444e-24
54.9999999999976    4.27572509794491e-15    2.94534437264934e-22
59.9999999999966    2.9108514317815e-14    1.49354679662926e-21
64.9999999999963    5.10718967139935e-12    1.83119209926707e-19
69.9999999999989    4.93472864059497e-11    1.37880269213713e-18
75.0000000000015    1.78600257589565e-09    3.66766392891998e-17
80.000000000004    3.76039816899567e-09    6.18610447967148e-17
85.0000000000066    8.14404585014856e-09    1.02759380072015e-16
90.0000000000091    3.52149904736956e-08    3.62876966091273e-16
95.0000000000117    1.20844011935217e-07    9.90720520970641e-16
100.000000000014    3.65979695951211e-07    2.48223797736607e-15
105.000000000017    7.82206017107659e-07    4.34375698201987e-15
110.000000000019    1.52714790191256e-06    7.10193102673599e-15
115.000000000022    2.32581153407837e-06    9.03538444585118e-15
120.000000000024    3.33986257877605e-06    1.10184943016404e-14
125.000000000027    4.11628422952572e-06    1.14969143493355e-14
130.000000000027    4.97491664896052e-06    1.19760588679783e-14
135.000000000022    5.54117821783229e-06    1.14093482256783e-14
140.000000000018    6.02520188879983e-06    1.08285882259839e-14
145.000000000013    6.68511780956354e-06    1.03827311398027e-14
150.000000000009    6.80379244130833e-06    9.29743555016184e-15
155.000000000004    7.325267425105e-06    8.75708611529329e-15
159.999999999999    7.46585817255225e-06    7.87592687245e-15
164.999999999995    7.7387979586012e-06    7.24064895811587e-15
169.99999999999    8.01409023490575e-06    6.63596355944015e-15
174.999999999986    8.01111861184702e-06    5.94070484271912e-15
179.999999999981    8.3948253892571e-06    5.54914125518331e-15
184.999999999977    8.34607876434269e-06    4.95295845758546e-15
189.999999999972    8.56768408847059e-06    4.58100550745284e-15
194.999999999968    8.70123225701424e-06    4.18423346677281e-15
199.999999999963    8.66071422267173e-06    3.77778569933043e-15
204.999999999959    9.02333742233214e-06    3.56450118302874e-15
209.999999999954    8.87184495162144e-06    3.18046312009912e-15
214.999999999949    9.13906903097709e-06    2.99224113112965e-15
219.999999999945    9.0616137734231e-06    2.70262046233661e-15
224.99999999994    9.20592718380364e-06    2.51098386598645e-15
229.999999999936    9.32976712418583e-06    2.33621405956093e-15
234.999999999931    9.19263806108125e-06    2.10922531654872e-15
239.999999999927    9.55629664150324e-06    2.01804182839878e-15
244.999999999922    9.2849035254318e-06    1.80824607872679e-15
249.999999999918    9.56943147481844e-06    1.71694164942255e-15
254.999999999913    9.43823138863647e-06    1.56662522139074e-15
259.999999999909    9.5364100192796e-06    1.46626490768141e-15
264.999999999904    9.72169866744267e-06    1.3837242626563e-15
269.999999999899    9.60682527342094e-06    1.27042737987473e-15
274.999999999895    9.76958696391566e-06    1.20169511226033e-15
279.99999999989    9.68041506183473e-06    1.10702719602092e-15
284.999999999886    9.78818834048158e-06    1.04389466134775e-15
289.999999999881    9.76912470789587e-06    9.72738372172844e-16
294.999999999877    9.87331764288965e-06    9.17516926306529e-16
