#t    rel_diff_friedmann    LHS_friedmann    RHS_friedmann
0    0    0.684090057864526    0.684090057864526
0.5    -4.37924355147052e-05    1.2917318434802    1.29184498460184
1    -6.20290126482285e-05    1.47194790817724    1.4721305264557
1.5    -9.0118527662948e-05    1.13556006068042    1.13576474912812
2    -0.000134451716022292    0.824396290885637    0.824618003687288
2.49999999999999    -0.000172599125715739    0.640698342893102    0.640919549020748
2.99999999999998    -0.000188052394298856    0.54715384960818    0.547359675497168
3.49999999999997    -0.000173093611927798    0.62366561202564    0.62388155447074
3.99999999999996    -0.000134859303469301    0.882713694195496    0.882951810615635
4.49999999999995    -0.000112762183367421    0.985723918907136    0.98594624874012
4.99999999999994    -0.000132290938765459    0.877279791063402    0.877511934108063
5.49999999999993    -0.000158656718053862    0.755781563110708    0.756021420810481
5.99999999999992    -0.000174114312869179    0.664413501748604    0.664644909840701
6.49999999999991    -0.000174664197282926    0.629433901111559    0.629653818657441
6.9999999999999    -0.000169148309855071    0.729587621579837    0.729834480361745
7.49999999999988    -0.000135936684208866    0.880364005868233    0.880603385936475
7.99999999999987    -0.000130561963222651    0.881169782846753    0.881399907405829
8.49999999999986    -0.000151433296613754    0.801772224634456    0.802015091434796
8.99999999999985    -0.000167275443562594    0.727868894540189    0.72811244446449
9.49999999999984    -0.000170605697239756    0.67277927785894    0.673008876985434
9.99999999999983    -0.000172017409997478    0.682832029375731    0.683066987786981
10.4999999999998    -0.000162154662262479    0.792394037175473    0.792651059627816
10.9999999999998    -0.000134990849760737    0.86165004563706    0.8618827067879
11.4999999999998    -0.00014486375416106    0.82507941390405    0.825318496741246
11.9999999999998    -0.000161864925930811    0.765533075758719    0.765780941788746
12.4999999999998    -0.000168913528989157    0.713480961749857    0.713722035644731
12.9999999999998    -0.000167047259350004    0.685407133117893    0.685636162142816
13.4999999999998    -0.000173685476913202    0.732397058819226    0.732651516479728
13.9999999999997    -0.000150793657138027    0.822230629307737    0.82247864103354
14.4999999999997    -0.000140219639773805    0.833504614448999    0.833738394663152
14.9999999999997    -0.000155962613686448    0.790075099542258    0.790321582339425
15.4999999999997    -0.00016675582954637    0.74443992493441    0.744688245737811
15.9999999999997    -0.00016647719786451    0.706941270062651    0.707176688457835
16.4999999999998    -0.000168692117214201    0.707024520238552    0.707263099411461
16.9999999999999    -0.000169508090961274    0.774545900889114    0.774808529000747
17.4999999999999    -0.00014328846836371    0.825472157093757    0.825708752277252
18    -0.000149306968592661    0.806234880327965    0.806475669251341
18.5000000000001    -0.000163164617204416    0.767136838053532    0.767387218083742
19.0000000000002    -0.0001673557582194    0.73089274090901    0.731137420075141
19.5000000000002    -0.000163921216661928    0.708470459403623    0.708702764162651
20.0000000000003    -0.000173937912473296    0.736696700885174    0.736953024442114
20.5000000000004    -0.000157693677781937    0.800671449893597    0.800924011372202
21.0000000000005    -0.000144541115087516    0.813398483749984    0.81363365678986
21.5000000000006    -0.000157895876056529    0.784212259853143    0.784459946725446
22.0000000000006    -0.000166653516961781    0.751266916632132    0.75151736091722
22.5000000000007    -0.000164816159793862    0.722836345809232    0.72307465530784
23.0000000000008    -0.000166422072167681    0.719651393589286    0.71989096521161
23.5000000000009    -0.000172844886335977    0.767331596005949    0.767596900547469
24.000000000001    -0.000147908946945346    0.808162361215023    0.808401465468298
24.500000000001    -0.000151429059074132    0.796533188870082    0.796774461948461
25.0000000000011    -0.0001638096579271    0.76757979959634    0.767831314765761
25.5000000000012    -0.000166721485831725    0.739792667598935    0.740039387397925
26.0000000000013    -0.000162266403423841    0.721076679337344    0.721310730354659
26.5000000000013    -0.000173335222622383    0.739799548076073    0.740056059177205
27.0000000000014    -0.000161973162118499    0.789407870719189    0.789663637924656
27.5000000000015    -0.000146996778956813    0.802268347889654    0.802504244291663
28.0000000000016    -0.000158859792651969    0.780724015987895    0.780972106710133
28.5000000000017    -0.000166647622268936    0.754970777949663    0.755222448059944
29.0000000000017    -0.000164039472336141    0.732038642510566    0.732278848379104
29.5000000000018    -0.000164730052046858    0.727424157249224    0.727663853973045
30.0000000000019    -0.000174665369163381    0.763497508061317    0.763764267803208
30.500000000002    -0.000151059532669278    0.797956222593086    0.798197336803837
31.000000000002    -0.000152573931337362    0.790608014974496    0.790849304134914
31.5000000000021    -0.000164151603874393    0.767723794348166    0.767975881913094
32.0000000000022    -0.000166451509249249    0.745195885404775    0.745444004664224
32.5000000000021    -0.000161288530608044    0.729051996297268    0.729287209684929
33.000000000002    -0.000172439598575761    0.742059110325945    0.742315075214636
33.5000000000019    -0.000165052417862728    0.782453420290435    0.782711754586903
34.0000000000018    -0.00014860864272038    0.795167078925141    0.795403451452811
34.5000000000017    -0.000159352535029442    0.778413626403651    0.778661750312163
35.0000000000016    -0.00016666796960909    0.757291176544109    0.757543650989107
35.5000000000015    -0.000163680774082855    0.738050206849191    0.738291855660794
36.0000000000014    -0.000163388424443645    0.732721404358698    0.732960879877855
36.5000000000013    -0.000175708913765484    0.761141508299579    0.76140903400152
37.0000000000012    -0.000153497263253044    0.791183646166217    0.791426572503579
37.5000000000011    -0.000153221279162329    0.786601739814867    0.78684282500378
38.000000000001    -0.000164323706891147    0.767767272098009    0.76801963829612
38.5000000000009    -0.000166356650727772    0.748825590639833    0.749074776328005
39.0000000000008    -0.000160690595315777    0.734572525462826    0.734808641197242
39.5000000000007    -0.000171414195846686    0.743778979535304    0.744034011802785
40.0000000000006    -0.000167462433897177    0.777708172144024    0.777968689577646
40.5000000000005    -0.000149787760579847    0.790216574445734    0.790453339452352
41.0000000000004    -0.000159577817003967    0.776769434443583    0.777017384352216
41.5000000000003    -0.000166691106211935    0.758879890017224    0.759132929253312
42.0000000000002    -0.000163551922842207    0.742291981809478    0.742534828089325
42.5000000000001    -0.000162288116609849    0.736588249516444    0.73682736736189
43    -0.000176270153782583    0.759560327435026    0.759828150275647
43.4999999999999    -0.000155548597205369    0.786330567093857    0.786575230384191
43.9999999999998    -0.000153586637279105    0.783701786774745    0.783942555997801
44.4999999999997    -0.000164387201449883    0.767771881692012    0.768024346936033
44.9999999999996    -0.000166354753205767    0.751432515889545    0.751682566228071
45.4999999999995    -0.000160334901948989    0.738634672537322    0.738871568355584
45.9999999999994    -0.000170323310448945    0.745143858574681    0.745397732552844
46.4999999999993    -0.000169438836017811    0.774247223869285    0.774509643430154
46.9999999999992    -0.000150732492181969    0.786547653779712    0.786784806102421
47.4999999999991    -0.000159634649257419    0.77553750075067    0.775785145597205
47.999999999999    -0.000166706982186303    0.760035344501182    0.760288793150115
48.4999999999989    -0.000163561744056787    0.74544963970856    0.745693533686639
48.9999999999988    -0.000161365127919654    0.739554290751664    0.739793005817412
49.4999999999987    -0.000176481297403711    0.758436647705938    0.758704394725451
49.9999999999986    -0.000157369561006265    0.782658807235477    0.782905179352774
50.4999999999985    -0.000153783271543738    0.781496432405331    0.781736831530845
50.9999999999984    -0.000164374207271069    0.767760416348656    0.768012857863152
51.4999999999983    -0.000166403710523773    0.753396011302563    0.753646788816421
51.9999999999982    -0.000160144319720697    0.74175920574825    0.74199682084776
52.4999999999981    -0.000169174580077115    0.746266279010699    0.746518820303021
52.999999999998    -0.00017107187400333    0.771600125126753    0.771864168455913
53.4999999999979    -0.000151555602690198    0.783702532831378    0.783940117858106
53.9999999999978    -0.000159575459365472    0.774577711696863    0.774824958339676
54.4999999999977    -0.000166709832214971    0.760913254064089    0.76116699980783
54.9999999999976    -0.000163666104785458    0.74789538995374    0.74814024027796
55.4999999999975    -0.000160507522418285    0.741917436222931    0.742155641115662
55.9999999999974    -0.000176343500053301    0.757607569656762    0.757874815124763
56.4999999999973    -0.000159012956041086    0.779764573970981    0.780012598749981
56.9999999999972    -0.000153881572274053    0.779753793323281    0.779993809736791
57.4999999999971    -0.000164304533506644    0.767742134624421    0.767994463109701
57.999999999997    -0.000166472080239068    0.754928739389563    0.755180130354497
58.4999999999969    -0.000159998416426431    0.744247447615415    0.744485642552323
58.9999999999968    -0.000167808757147499    0.747221599727507    0.747472422473688
59.4999999999967    -0.000172264553005271    0.769500818099549    0.769765979206343
59.9999999999966    -0.000152439900919274    0.781413025825616    0.781651299196453
60.4999999999965    -0.0001594110082499    0.773805706838652    0.774052452468455
60.9999999999964    -0.00016669064233731    0.761602506622444    0.761856452974994
61.4999999999963    -0.000163935019380304    0.74985616553648    0.750102061217453
61.9999999999962    -0.000158940000361738    0.743873709628083    0.744110209792774
62.4999999999961    -0.000175815645329073    0.756987633051386    0.75725386039674
62.999999999996    -0.000160699083825702    0.777395206400028    0.777645099952571
63.4999999999959    -0.000153857392229964    0.778321545520392    0.778561083421689
63.9999999999958    -0.000164197695606618    0.767719593786197    0.767971750766136
64.4999999999961    -0.000166426940069161    0.756161938957024    0.756413672287627
64.9999999999963    -0.00015859795175034    0.746315504294228    0.746552270065475
65.4999999999966    -0.000166483478632186    0.748112626634897    0.748361764897283
65.9999999999969    -0.000174371560273647    0.767770185202882    0.768037986470058
66.4999999999971    -0.000155304920509265    0.779459054682994    0.7797011999424
66.9999999999974    -0.000159012894617804    0.77315667418475    0.773402597051167
67.4999999999976    -0.000166605063809874    0.762154672222213    0.762408672195492
67.9999999999979    -0.000165610566465984    0.751550686465221    0.751799657167227
68.4999999999981    -0.000152530615880814    0.74573234566046    0.745959874393489
68.9999999999984    -0.000185440143349912    0.756601330082874    0.756881990646828
69.4999999999986    -0.000172582011878587    0.775229304834396    0.775496932288272
69.9999999999989    -0.000149404516349216    0.776972330059188    0.777204531101451
70.4999999999992    -0.000163684463429813    0.767683871779366    0.767935228767872
70.9999999999994    -0.000164871593493802    0.757194282685021    0.757444003512833
71.4999999999997    -0.000142472721953665    0.74837850715577    0.748591784587918
71.9999999999999    -0.000193349510198448    0.749444942843403    0.749734808514027
72.5000000000002    -0.000209234818743407    0.766099156492532    0.766419812821297
73.0000000000004    -0.000147833604642691    0.777162873715267    0.77739268926776
73.5000000000007    -0.000162797925085172    0.772374827790436    0.772626350776561
74.000000000001    -0.000166266586147619    0.762616163948553    0.76286980129221
74.5000000000012    -0.000170558332096108    0.753206107481832    0.75346308246589
75.0000000000015    -0.000168321179254501    0.74801833083437    0.748270187882345
75.5000000000017    -0.000203461513352049    0.756505607832009    0.756813510029914
76.000000000002    -0.000143955260535917    0.77265374400251    0.772876231172753
76.5000000000022    -0.000131791923648969    0.775439603681753    0.775644023976782
77.0000000000025    -0.000160383024074035    0.767631173873167    0.767877443388696
77.5000000000027    -0.000164654926137971    0.758120864265397    0.758370562049186
78.000000000003    -0.000146675416424766    0.750007029243383    0.750227076705608
78.5000000000033    -0.000171337772846105    0.750099620778429    0.750356705623647
79.0000000000035    -0.000146969474927171    0.764727037744592    0.764951853848096
79.5000000000038    -0.000118171786657334    0.775674031749768    0.775857378988629
80.000000000004    -0.000160183515370504    0.771864971977528    0.772112291683273
80.5000000000043    -0.000164963402239607    0.763124038917882    0.763375855533989
81.0000000000045    -0.000165769526575518    0.754333759992325    0.75458389255723
81.5000000000048    -0.000162196819462015    0.748926548007237    0.749169534427057
82.000000000005    -0.000164433973258706    0.755934967023449    0.75618361068922
82.5000000000053    -0.000140093703276303    0.771306163667627    0.771522304221213
83.0000000000056    -0.000137377511885739    0.774729586533872    0.774942476626148
83.5000000000058    -0.000160262071546796    0.76775658976334    0.768002713730715
84.0000000000061    -0.000163224280245563    0.75902789828036    0.759275722296022
84.5000000000063    -0.000140126361022292    0.751557541454884    0.751768197020048
85.0000000000066    -0.00016503512764129    0.750884426648898    0.751132312173108
85.5000000000068    -0.000106982279991142    0.763308562946248    0.76347190140137
86.0000000000071    -9.99966867597264e-05    0.774032765185796    0.774187582090898
86.5000000000073    -0.000157480642396305    0.771420388187563    0.771663394012855
87.0000000000076    -0.000163529968478021    0.763655009964155    0.763904811773652
87.5000000000079    -0.000165781287642388    0.755678566100219    0.755929162375856
88.0000000000081    -0.000172410842594013    0.750514759130124    0.750773597520671
88.5000000000084    -8.96563480987721e-05    0.755722503668213    0.755858026458401
89.0000000000086    -7.46284655236267e-05    0.769311047586616    0.769425881162453
89.5000000000089    -0.000148592718188581    0.773512770909316    0.773742681802767
90.0000000000091    -0.000159545143826165    0.767831267861454    0.768076314457579
90.5000000000094    -0.000162072955661108    0.759988717838283    0.760235105006518
91.0000000000096    -0.00014548840924329    0.753185131697077    0.753404323000224
91.5000000000099    -0.000112936724108299    0.751759220193022    0.751929041819414
92.0000000000102    -6.60967459135929e-05    0.761963727892874    0.762064461196853
92.5000000000104    -0.000112523428499152    0.772293468132867    0.772467289909572
93.0000000000107    -0.000146132324728911    0.770999203958294    0.77122457270403
93.5000000000109    -0.000161097089585066    0.76426810272348    0.764514385132883
94.0000000000112    -0.000163342473455075    0.757037304844059    0.757284657939067
94.5000000000114    -0.000157164105885913    0.751999223894339    0.752235635621077
95.0000000000117    -7.4665660139315e-05    0.755569306993832    0.755682145581175
95.500000000012    -0.000101116449091383    0.767250817984861    0.767405997032569
96.0000000000122    -0.000144806279730072    0.772204679303098    0.77242835186589
96.5000000000125    -0.00015731667432568    0.767958209614344    0.768199872895122
97.0000000000127    -0.000160107169724112    0.761074150907618    0.761317896789586
97.500000000013    -0.00015240408115762    0.754976314379271    0.755206472399271
98.0000000000132    -9.4567825439506e-05    0.752929326342164    0.753071745588646
98.5000000000135    -0.000116344350398481    0.760467408674321    0.760644381437425
99.0000000000137    -0.000130449162321188    0.770092063075933    0.770293005017718
99.500000000014    -0.000134230054010391    0.770472689168063    0.770679558117455
100.000000000014    -0.000157886515278942    0.764975885024223    0.765217481922633
100.500000000015    -0.000158565679927371    0.758560174886628    0.758800776257541
101.000000000015    -0.000127987151350068    0.753827476302417    0.754020461464641
101.500000000015    -0.000128657553399874    0.755573877064418    0.755768322654183
102.000000000015    -0.000117416326925393    0.764764594652954    0.764944207441762
102.500000000016    -0.000110415728182992    0.770511076265226    0.770681248137995
103.000000000016    -0.000147772693051598    0.768022473993493    0.768249493039321
103.500000000016    -0.000156081539143202    0.762318399114959    0.762556403921217
104.000000000016    -0.000156607760516049    0.756965517602822    0.757202648088296
104.500000000017    -0.000136845312751685    0.754391706813449    0.754598205009872
105.000000000017    -8.56915375579831e-05    0.759020303353634    0.759150397735286
105.500000000017    -8.78510646634859e-05    0.76739428703559    0.767529131692102
106.000000000017    -0.000127685179910526    0.769504752248226    0.769701286048145
106.500000000018    -0.000151126524365737    0.765677374747474    0.76590883804858
107.000000000018    -0.000152370926453111    0.760251475074973    0.760483190824906
107.500000000018    -0.000128719196765839    0.756049520625938    0.756244181856596
108.000000000018    -9.08573767969444e-05    0.755935663717048    0.75607304086164
108.500000000019    -8.15226762239137e-05    0.762275938172135    0.762400233854054
109.000000000019    -9.93340802763807e-05    0.768314992002041    0.76846764689206
109.500000000019    -0.000134048737689783    0.767887467853971    0.768093364145616
110.000000000019    -0.000150388370812804    0.763601478398284    0.763831186508285
110.50000000002    -0.000150326458818022    0.75888652807794    0.759114723830621
111.00000000002    -0.000122235473910709    0.755903897637608    0.75608871677138
111.50000000002    -9.83929601051726e-05    0.758064120575852    0.758213311600745
112.00000000002    -7.83541845049033e-05    0.764564254595613    0.764684077601588
112.500000000021    -0.000107104712574991    0.768132775061064    0.768297333966283
113.000000000021    -0.000139587878426354    0.766222787633929    0.766436728324111
113.500000000021    -0.00014747576105827    0.761958516287387    0.762183290260268
114.000000000021    -0.000141808824245105    0.7581084834413    0.758323526881732
114.500000000022    -0.000116731594746653    0.756637775825489    0.756814443516626
115.000000000022    -7.16222615669269e-05    0.760158097334672    0.760266993618229
115.500000000022    -8.44126674255455e-05    0.765841566899453    0.765970871273355
116.000000000022    -0.000116069770009281    0.767402310344732    0.767580475443647
116.500000000023    -0.000141199344603069    0.764772243810453    0.764988244988871
117.000000000023    -0.000143401311310344    0.760776736000574    0.760994960057304
117.500000000023    -0.000124823540153329    0.757690722088248    0.757879900978771
118.000000000023    -8.93667624282844e-05    0.757597803166979    0.75773322339483
118.500000000024    -7.72573664057771e-05    0.761856076761328    0.761973803844754
119.000000000024    -8.79297363640946e-05    0.766360947741263    0.766495731424946
119.500000000024    -0.00012262358669079    0.766533850559068    0.766721863874086
120.000000000024    -0.000140088790700416    0.763602934852768    0.76381690925162
120.500000000025    -0.000139647159587995    0.760009471461864    0.760221767436293
121.000000000025    -0.000114035229074006    0.757630748982726    0.757803561881512
121.500000000025    -8.65397014093712e-05    0.758624978264934    0.758756291986986
122.000000000026    -6.72222516664313e-05    0.763090620253075    0.763193220489532
122.500000000026    -9.50064720727817e-05    0.766400601492013    0.766546241363428
123.000000000026    -0.000125405025795873    0.765705041348721    0.765897111956265
123.500000000026    -0.000137573440389394    0.762711750632428    0.762921637266374
124.000000000027    -0.000134487628653566    0.759557017409073    0.759761346933063
124.500000000027    -0.000108752581784733    0.757847343161102    0.758012196799696
125.000000000027    -8.06933489703345e-05    0.759580311188307    0.759702907239236
125.500000000027    -7.14696632461256e-05    0.763864705979504    0.763973900090175
126.000000000028    -9.86410821264703e-05    0.766202203095502    0.766353376036246
126.500000000028    -0.000126200045386843    0.76500114958717    0.765194260317351
127.000000000028    -0.000134475871857249    0.762055686012906    0.762260669783838
127.500000000028    -0.000128477925722603    0.759325010532833    0.759520148608374
128.000000000029    -0.000102847117375871    0.758220775943588    0.758376753627724
128.500000000028    -7.13936993673787e-05    0.760417821672905    0.760526407507958
129.000000000028    -7.46243520021478e-05    0.764310259761282    0.764424340590217
129.500000000027    -0.000100188390924734    0.765885326493685    0.766038807507689
130.000000000027    -0.00012598583348914    0.764389638863759    0.764582267663784
130.500000000026    -0.000131516909633066    0.761588495231895    0.761788845111902
131.000000000026    -0.000121003986460002    0.75921828833269    0.759402047447239
131.500000000025    -9.43130533147342e-05    0.758634636867646    0.758777748662863
132.000000000025    -6.71503802811662e-05    0.761060509656209    0.761162727525458
132.500000000024    -7.42903700802327e-05    0.7645628609205    0.764676468676237
133.000000000024    -0.000101976338761371    0.765546045470745    0.765702196560202
133.500000000024    -0.000124899726299423    0.763904084252626    0.764094930911406
134.000000000023    -0.000128225850354011    0.761278511483538    0.761473767689413
134.500000000023    -0.0001143048106464    0.759203757098365    0.759377338222917
135.000000000022    -8.63671715703957e-05    0.759010859725617    0.759141978292248
135.500000000022    -6.50772793149824e-05    0.761536980397372    0.761636104357654
136.000000000021    -7.53020740348627e-05    0.764630233141485    0.764745398298511
136.500000000021    -0.000104404126948293    0.765227979793703    0.765387782396048
137.00000000002    -0.000123112458886814    0.763532257405035    0.763720281220407
137.50000000002    -0.00012486105978719    0.761088730482548    0.761278814907651
138.000000000019    -0.000108305198027625    0.759260323150257    0.759424804643765
138.500000000019    -7.95424942241384e-05    0.759309857639796    0.759430662048812
139.000000000019    -6.40236611063182e-05    0.761842465113516    0.76194002324715
139.500000000018    -7.59801359128968e-05    0.764605075159818    0.764721273583651
140.000000000018    -0.00010240422918437    0.764967833166804    0.765124521094923
140.500000000017    -0.000120439035044601    0.763294585107376    0.763478468180646
141.000000000017    -0.000121750756510105    0.761022662047231    0.761207994781283
141.500000000016    -0.000103710808021006    0.759379029573928    0.759536557536783
142.000000000016    -7.65301503727923e-05    0.759568432086769    0.75968470075748
142.500000000015    -6.23093636538129e-05    0.761997269699003    0.762092234746176
143.000000000015    -7.36086190769699e-05    0.764498552244049    0.764611107894549
143.500000000014    -0.000101077814927862    0.764754577704594    0.764909192776088
144.000000000014    -0.000118053639079002    0.763146601106512    0.763326806847278
144.500000000014    -0.000118437722840376    0.761020777439557    0.761201065928343
145.000000000013    -0.00010113780548515    0.759515862522169    0.75966950959683
145.500000000013    -7.48808107295273e-05    0.759757511194064    0.759871302231621
146.000000000012    -6.0327172066301e-05    0.762066369019703    0.762158321184856
146.500000000012    -7.21908210049793e-05    0.764373278666004    0.764483648102747
147.000000000011    -9.90862428302294e-05    0.764574503524122    0.764726036168758
147.500000000011    -0.000115479444811377    0.763062503055483    0.763238759477895
148.00000000001    -0.000115880668593303    0.761052287288485    0.761228690225946
148.50000000001    -9.89008165745007e-05    0.759649126353198    0.759799401053302
149.000000000009    -7.15617272158555e-05    0.759902637273459    0.76001140494754
149.500000000009    -5.79122828315291e-05    0.762073065433238    0.762161337327072
150.000000000009    -7.02143404703256e-05    0.764241940100486    0.764349269124091
150.500000000008    -9.69983800393337e-05    0.76443592948087    0.764584241960547
151.000000000008    -0.000113561636567678    0.763016969216794    0.763190287810643
151.500000000007    -0.000113484396397998    0.7611179567253    0.761290726355771
152.000000000007    -9.63327548585015e-05    0.759795943345389    0.759942343921266
152.500000000006    -7.09583574763257e-05    0.760009607008782    0.760117472729515
153.000000000006    -5.65814262725036e-05    0.762023327951923    0.762109565564867
153.500000000005    -6.84068744748052e-05    0.764085614588572    0.76419015915759
154.000000000005    -9.40977441373583e-05    0.764321352862141    0.764465208228807
154.500000000004    -0.000110480103184191    0.763010513186999    0.763179126775901
155.000000000004    -0.000111087061638223    0.761220584592592    0.761389726898115
155.500000000004    -9.46658049391249e-05    0.759937833885893    0.760081727761219
156.000000000003    -6.93755574638517e-05    0.760069358731357    0.76017482651919
156.500000000003    -5.53858695052345e-05    0.761930713134742    0.762015118199689
157.000000000002    -6.45386900358243e-05    0.763918768400958    0.764017379398396
157.500000000002    -9.02221053659393e-05    0.764236943861141    0.764374858436232
158.000000000001    -0.000107648518777862    0.763053570773443    0.763217871633471
158.500000000001    -0.000108996175375058    0.761352198883772    0.761518185931308
159    -9.46493668370023e-05    0.760091211489081    0.76023510941274
159.5    -6.90392018862616e-05    0.760112006131792    0.7602169684308
159.999999999999    -5.24679983651433e-05    0.761787399593129    0.761867342707657
160.499999999999    -6.25298992787093e-05    0.763743823351251    0.763839342972781
160.999999999999    -8.68738725688361e-05    0.764169839763743    0.764302624085793
161.499999999998    -0.000105218478763768    0.763116795991442    0.76327740086683
161.999999999998    -0.000107322645768744    0.761502769355865    0.761666239883889
162.499999999997    -9.44754892756463e-05    0.760255610492813    0.76039927510715
162.999999999997    -6.99501396443166e-05    0.760152613051422    0.760258966053697
163.499999999996    -5.23235294984347e-05    0.761639847926692    0.761719555467372
163.999999999996    -5.9369312638717e-05    0.763532249703109    0.763622915855581
164.499999999995    -8.30716663048404e-05    0.764081876133204    0.764208833789076
164.999999999995    -0.000101580924900139    0.763181249118589    0.763336314184546
165.499999999994    -0.000105465354132855    0.761671119401467    0.761831796175981
165.999999999994    -9.42509623835622e-05    0.760436564254097    0.760579921521682
166.499999999994    -7.12507502226255e-05    0.760206542741061    0.760314881033235
166.999999999993    -5.27517480396452e-05    0.761471968469083    0.761552310662114
167.499999999993    -5.61258165559188e-05    0.763290141383544    0.763375826757614
167.999999999992    -7.94887996829736e-05    0.763984685224876    0.76410615133128
168.499999999992    -9.80941079735672e-05    0.76325561442095    0.76340537086848
168.999999999991    -0.000103334745093728    0.761847218426998    0.762004685275027
169.499999999991    -9.4230031803503e-05    0.760636091284567    0.760779454319815
169.99999999999    -7.33008960433447e-05    0.760263421308101    0.760374885458545
170.49999999999    -5.31605813988511e-05    0.761304807250424    0.76138575436597
170.999999999989    -5.3367439488447e-05    0.763046517611149    0.763127965635533
171.499999999989    -7.45709334263038e-05    0.763875798572463    0.763989732931297
171.999999999989    -9.46265130642362e-05    0.763322396105778    0.763466870850294
172.499999999988    -0.000101159852435256    0.762035691973338    0.76218988240752
172.999999999988    -9.45280726001837e-05    0.760821693138677    0.760965544753182
173.499999999987    -7.43876066654921e-05    0.76032724667664    0.760440372940158
173.999999999987    -5.47644315894669e-05    0.76113484179674    0.761218212596442
174.499999999986    -5.07487887175643e-05    0.762788395651941    0.762865820755426
174.999999999986    -7.08578862981089e-05    0.763764448131346    0.763872693270216
175.499999999985    -9.03304169785577e-05    0.763400178433915    0.763538107405976
175.999999999985    -9.88206768218057e-05    0.762236514161031    0.762387178506239
176.499999999984    -9.45663570114682e-05    0.761022373737988    0.761166321577588
176.999999999984    -7.65493491472409e-05    0.760394368611547    0.760510792911776
177.499999999984    -5.48347793593588e-05    0.760974306919664    0.761057767212627
177.999999999983    -4.9503041522992e-05    0.762513145533852    0.762588642711002
178.499999999983    -6.36332262268876e-05    0.76363270172282    0.763729892732323
178.999999999982    -8.54100597158412e-05    0.763472393076681    0.763602820661877
179.499999999982    -9.6457260877949e-05    0.762434382088468    0.762581480941412
179.999999999981    -9.43910975023251e-05    0.761236289687565    0.761380011111272
180.499999999981    -7.73386185508585e-05    0.760500850127536    0.760618491396061
180.99999999998    -5.69248817006573e-05    0.760834113133375    0.760920738848301
181.49999999998    -4.73005172064978e-05    0.762220766081268    0.762292876365044
181.999999999979    -5.82520677923562e-05    0.763455726284847    0.763544677215871
182.499999999979    -8.0004523937768e-05    0.76352173623214    0.763643916393153
182.999999999979    -9.36983424325982e-05    0.762636481847852    0.762779410788513
183.499999999978    -9.35355662959694e-05    0.761468902351586    0.761611364526863
183.999999999978    -7.99054140689522e-05    0.760639256051215    0.760760824154588
184.499999999977    -5.9373729344199e-05    0.760719468183845    0.760809807051222
184.999999999977    -4.59793685758407e-05    0.76191503295115    0.761985100917078
185.499999999976    -5.38288103768105e-05    0.763236448141438    0.763318620784773
185.999999999976    -7.41385021313249e-05    0.763541140477805    0.763654364465003
186.499999999975    -8.96754539829741e-05    0.762836576255594    0.762973403958262
186.999999999975    -9.25302075290917e-05    0.761721716045094    0.761862693626709
187.499999999974    -8.2373003326536e-05    0.760822764530745    0.760948117368662
187.999999999974    -6.21280843487939e-05    0.760669140709253    0.760763664414901
188.499999999974    -4.55207957852329e-05    0.761598636188928    0.76166797649733
188.999999999973    -5.05414852031879e-05    0.762950909838339    0.763028035080604
189.499999999973    -6.75734993271111e-05    0.7635077108649    0.763610903613568
189.999999999972    -8.51768922982707e-05    0.763019429217921    0.763149423537921
190.499999999972    -9.10936573442919e-05    0.761997012604107    0.762135851440971
190.999999999971    -8.46594512423863e-05    0.76104466087804    0.761173531034838
191.499999999971    -6.72480403751198e-05    0.760671824883131    0.760774139142748
191.99999999997    -4.72856373376086e-05    0.761324890848785    0.761396893718856
192.49999999997    -4.58532144810326e-05    0.76261982883727    0.762689769185418
192.999999999969    -6.11637287525667e-05    0.763407880725442    0.7635012721827
193.499999999969    -8.02476601624403e-05    0.763166787380881    0.763289281908782
193.999999999969    -8.93480573992906e-05    0.762262778038117    0.762399003606498
194.499999999968    -8.5954652297738e-05    0.761287389401629    0.761418273037396
194.999999999968    -7.04410889500507e-05    0.760744187258669    0.760851370106671
195.499999999967    -5.04611475858256e-05    0.761102504287271    0.761179320375093
195.999999999967    -4.38687796685471e-05    0.762268652492279    0.762335535017462
196.499999999966    -5.42899593733652e-05    0.763246870797793    0.763329748580439
196.999999999966    -7.43053958606676e-05    0.763263575588605    0.763377013221894
197.499999999965    -8.64989116249707e-05    0.762522084665084    0.762654010737373
197.999999999965    -8.64484038224417e-05    0.761551347042038    0.761683028222427
198.499999999964    -7.37641703032026e-05    0.760870446433626    0.76098270466864
198.999999999964    -5.36130008569674e-05    0.760943385040742    0.761024982332126
199.499999999964    -4.19096162038192e-05    0.761911526384405    0.761975391900288
199.999999999963    -4.95085453333892e-05    0.763015493157734    0.763091048472633
200.499999999963    -6.73709565880833e-05    0.76330899824174    0.763411854886058
200.999999999962    -8.27615443263299e-05    0.762756036676793    0.762882300861691
201.499999999962    -8.58612204446827e-05    0.761832149117304    0.761962984027144
201.999999999961    -7.76594154737434e-05    0.761049777299176    0.761167991841352
202.499999999961    -5.91777763399251e-05    0.760857935191198    0.760947992282007
202.99999999996    -4.28667697367747e-05    0.761578917015714    0.761644212670872
203.49999999996    -4.30846606306705e-05    0.762725348076346    0.762791074433696
203.999999999959    -6.07091846705185e-05    0.763288203793647    0.763380886629388
204.499999999959    -7.78101699514537e-05    0.76295066824861    0.763069408130102
204.999999999959    -8.47724170035095e-05    0.762113649061284    0.762242872447987
205.499999999958    -7.99801561819193e-05    0.761272934369289    0.761394717565903
205.999999999958    -6.35931367741486e-05    0.760856696564012    0.760953473246285
206.499999999957    -4.60015717608298e-05    0.761286270442748    0.76135631439488
206.999999999957    -4.01319762529422e-05    0.762380685495376    0.76244187963835
207.499999999956    -5.38529794812014e-05    0.763184794567092    0.763266998544185
207.999999999956    -7.171768663328e-05    0.763101812117485    0.763211275761225
208.499999999955    -8.26755998951844e-05    0.762392620509505    0.762518693467175
208.999999999955    -8.12551965027737e-05    0.761528292039444    0.761652058358125
209.499999999954    -6.82989685133696e-05    0.760953113677918    0.761057065403216
209.999999999954    -4.9322157639792e-05    0.761086047042982    0.761161127558095
210.499999999954    -3.96367373555734e-05    0.762009429204526    0.762069838734178
210.999999999953    -4.73346998978769e-05    0.762978989869236    0.763051224051447
211.499999999953    -6.50825685985266e-05    0.763179491342312    0.76327883717119
211.999999999952    -7.87055988650493e-05    0.762643283128081    0.762763341169959
212.499999999952    -8.0922566031162e-05    0.76180671393266    0.761930018619014
212.999999999951    -7.23169690600822e-05    0.761126482388434    0.761236575070558
213.499999999951    -5.4675505548884e-05    0.760982643270295    0.761065862041793
213.99999999995    -3.95023038156651e-05    0.761652575411569    0.761712751851549
214.49999999995    -4.18049767987544e-05    0.762685818894295    0.762749589686159
214.999999999949    -5.73362811042067e-05    0.763168902198341    0.763256421749799
215.499999999949    -7.40634368934494e-05    0.762853656244784    0.762966663741764
215.999999999949    -7.98210371375388e-05    0.762103432701118    0.762225106186031
216.499999999948    -7.56086683791321e-05    0.761353174785398    0.761468313290291
216.999999999948    -5.94752497961469e-05    0.760978896332555    0.761069420536402
217.499999999947    -4.36234328196244e-05    0.761351947682245    0.761418376151166
217.999999999947    -3.83074777428303e-05    0.762323053625582    0.762381461209848
218.499999999946    -4.98872088846194e-05    0.76305456160997    0.763130698732849
218.999999999946    -6.74135287730026e-05    0.763011241563308    0.763114123059487
219.499999999945    -7.72739558759275e-05    0.762392108169359    0.762509943383206
219.999999999945    -7.68165813987203e-05    0.761622553427889    0.761739572898665
220.499999999944    -6.48238908106939e-05    0.761090324081978    0.761189004150935
220.999999999944    -4.57143113027532e-05    0.761159021064239    0.761228615966602
221.499999999944    -3.73763458120576e-05    0.76193631690848    0.761993275827932
221.999999999943    -4.38162601954225e-05    0.762827532810128    0.762894384238631
222.499999999943    -6.0134486569814e-05    0.763071923338468    0.763163702734226
222.999999999942    -7.36605297785846e-05    0.762641515752489    0.762753877185254
223.499999999942    -7.67503852198811e-05    0.761907453243084    0.762024415601066
223.999999999941    -7.0282486364522e-05    0.761277669258074    0.761384685754278
224.499999999941    -5.29251976886138e-05    0.761079966743338    0.761160531622643
224.99999999994    -3.80463262255996e-05    0.761601985690705    0.761659940210865
225.49999999994    -3.84250732710696e-05    0.762514363368551    0.762572964960887
225.999999999939    -5.19681875620413e-05    0.763030420796693    0.763109731534375
226.499999999939    -6.81077509543498e-05    0.762832815736044    0.762936732468447
226.999999999939    -7.53553832597216e-05    0.762194559253166    0.762309438836223
227.499999999938    -7.26225590582762e-05    0.76151216676495    0.761622780722628
227.999999999938    -5.85460617089374e-05    0.761123740053389    0.76121286686632
228.499999999937    -4.25620880183341e-05    0.761353619477762    0.761418431835842
228.999999999937    -3.60043050730476e-05    0.762153983361762    0.762208866986868
229.499999999936    -4.50952799788004e-05    0.762876580563917    0.762945387932785
229.999999999936    -6.15125465917104e-05    0.762945549282834    0.76303941650414
230.499999999935    -7.23811096408139e-05    0.762459290783255    0.762569674071966
230.999999999935    -7.38209767055449e-05    0.761772740982429    0.761885218901193
231.499999999934    -6.34522460378813e-05    0.761253345701827    0.76134995830129
231.999999999934    -4.79472101405821e-05    0.761213349668762    0.761286349281767
232.499999999934    -3.53917541710005e-05    0.761810954176634    0.761864879737184
232.999999999933    -3.87444835691006e-05    0.762631070451027    0.762690168234697
233.499999999933    -5.41343042212001e-05    0.762967739871699    0.763050349799212
233.999999999932    -6.85738310277473e-05    0.762671210547211    0.762775816293872
234.499999999932    -7.30634121455302e-05    0.762041104025024    0.76215246680808
234.999999999931    -6.78024501702105e-05    0.761442540946384    0.761545803287704
235.499999999931    -5.31792741374083e-05    0.761178835024511    0.761259797205891
235.99999999993    -3.83388628988428e-05    0.76152655778338    0.761584952146738
236.49999999993    -3.58343956056081e-05    0.762325428945594    0.762380065845476
236.999999999929    -4.69600926100657e-05    0.762890372701282    0.762962026871275
237.499999999929    -6.22426135027085e-05    0.762819493892333    0.762914459561105
237.999999999929    -7.10604755136606e-05    0.762296657305754    0.762405003330776
238.499999999928    -7.00572473092868e-05    0.761662834611526    0.761769562091701
238.999999999928    -5.84583709678392e-05    0.761246753412559    0.761335761106022
239.499999999927    -4.16566297564313e-05    0.761337717367492    0.761401149536686
239.999999999927    -3.29496761616532e-05    0.761994915887455    0.762045132513507
240.499999999926    -3.9981025206121e-05    0.762711784327196    0.762772774763804
240.999999999926    -5.54065580122399e-05    0.762890525933325    0.762975068893924
241.499999999925    -6.72832637240331e-05    0.762524028730032    0.762626645845088
241.999999999925    -7.06353127002035e-05    0.761916198128592    0.76202384210987
242.499999999924    -6.35494213967147e-05    0.761398731193896    0.761495510241788
242.999999999924    -4.83720299693567e-05    0.761253640749717    0.761327291080182
243.499999999924    -3.46075391227864e-05    0.761689315507492    0.761742037717649
243.999999999923    -3.5089261689111e-05    0.762439005764702    0.762492514485874
244.499999999923    -4.7379784191435e-05    0.762862280285053    0.762934572210644
244.999999999922    -6.24119219905708e-05    0.76270463597967    0.762799845646373
245.499999999922    -6.88971148392163e-05    0.762180986488585    0.762286017866852
245.999999999921    -6.64687658254947e-05    0.761609755951334    0.76171100920255
246.499999999921    -5.40211234307774e-05    0.761281467870968    0.761363722874759
246.99999999992    -3.92770352068471e-05    0.761452536067955    0.761512353613546
247.49999999992    -3.23848346304414e-05    0.762109357770903    0.762158720940565
247.999999999919    -4.0360527016531e-05    0.762716949144315    0.762778518945369
248.499999999919    -5.4658724637742e-05    0.762807593839716    0.762890986578303
248.999999999919    -6.56871586520506e-05    0.762429887359263    0.762530057645108
249.499999999918    -6.76317578372819e-05    0.761864558785518    0.761967618234299
249.999999999918    -5.96071437228894e-05    0.76141276948653    0.761503546178235
250.499999999917    -4.47087020683857e-05    0.761331157394694    0.761399236694214
250.999999999917    -3.24723047348182e-05    0.761781456765408    0.761830931971192
251.499999999916    -3.40050009357218e-05    0.762463031034145    0.762514887909706
251.999999999916    -4.71239027653387e-05    0.762808033165626    0.762879929536831
252.499999999915    -6.08949324768864e-05    0.762629237025898    0.762722123193982
252.999999999915    -6.60337300833448e-05    0.762134575795492    0.762235235620166
253.499999999914    -6.35849443640065e-05    0.761615732637526    0.761712593384384
253.999999999914    -5.14380352502461e-05    0.76133034592866    0.761408672631973
254.499999999914    -3.54698670379168e-05    0.761518310225516    0.761572334048155
254.999999999913    -3.16025850107361e-05    0.762136397861707    0.762184570344688
255.499999999913    -3.76071898264137e-05    0.762688965695158    0.762746333030005
255.999999999912    -5.33306887491813e-05    0.762752910856573    0.762834271471753
256.499999999912    -6.32881333855087e-05    0.762388606109787    0.762485112521088
256.999999999911    -6.44451929374935e-05    0.761858561217887    0.761956763790508
257.499999999911    -5.69344043758932e-05    0.761448041285686    0.761534751403863
257.99999999991    -4.26024316939597e-05    0.761383606015354    0.761448482365381
258.49999999991    -3.08937615564649e-05    0.761811367975072    0.761858439866806
258.999999999909    -3.28996549744021e-05    0.762450090583003    0.762500260923421
259.499999999909    -4.55478552684629e-05    0.762764701375723    0.762834189133186
259.999999999909    -5.88500779696953e-05    0.762590506801945    0.762680269106032
260.499999999908    -6.42643608074151e-05    0.76212006982769    0.762218030441359
260.999999999908    -6.07081477107533e-05    0.76163857112523    0.761731052073333
261.499999999907    -4.88613554617991e-05    0.761376017074408    0.761450424438474
261.999999999907    -3.4654034273061e-05    0.761562705281827    0.761615489551195
262.499999999906    -3.10464989820085e-05    0.762137962430565    0.762185287330787
262.999999999906    -3.73272180422243e-05    0.762646412195792    0.762703349258929
263.499999999905    -5.16776172597672e-05    0.762704703903992    0.762783537501465
263.999999999905    -6.0906901362059e-05    0.762364536871169    0.762457409051024
264.499999999904    -6.2396166615148e-05    0.761870456495131    0.761965538019739
264.999999999904    -5.50451952501894e-05    0.761492594923998    0.761576432555995
265.499999999904    -4.10248146285416e-05    0.761436752374838    0.761499230541228
265.999999999903    -2.97410678849039e-05    0.761835183504592    0.761880500436185
266.499999999903    -3.26564193858766e-05    0.76241800639694    0.76246780370747
266.999999999902    -4.41480040958308e-05    0.762708667736873    0.762776014840888
267.499999999902    -5.67921190345482e-05    0.762548257321744    0.762634875703785
267.999999999901    -6.20473679777957e-05    0.762115700368039    0.762210280783109
268.499999999901    -5.86450781922628e-05    0.761667231540212    0.76175657284834
268.9999999999    -4.66995866596814e-05    0.761434069457952    0.761505190091881
269.4999999999    -3.3844438556376e-05    0.761604741249931    0.761656295164483
269.999999999899    -2.88620211854094e-05    0.762129744205303    0.762173738684719
270.499999999899    -3.71452185467873e-05    0.76259810318049    0.762654759031396
270.999999999899    -4.9083925147818e-05    0.76265223550797    0.762727107113446
271.499999999898    -5.92425376123422e-05    0.762343146851697    0.762433478488274
271.999999999898    -5.99365032157519e-05    0.761886622794305    0.761977957908647
272.499999999897    -5.27333546563792e-05    0.761540527462436    0.761620848871494
272.999999999897    -4.01388733094408e-05    0.761486012272213    0.761547145107163
273.499999999896    -2.91988461368467e-05    0.761844276598614    0.761888767845332
273.999999999896    -3.06688441682278e-05    0.762380754727212    0.76242751883454
274.499999999895    -4.27056731484563e-05    0.76265548673576    0.762720628949585
274.999999999895    -5.40946196846051e-05    0.762515954072956    0.762598454556866
275.499999999894    -5.99101013006243e-05    0.762122078930804    0.762213402023884
275.999999999894    -5.63356770660211e-05    0.761707695239392    0.761793522712016
276.499999999894    -4.53886550864205e-05    0.761483671830892    0.761552800408015
276.999999999893    -3.26353012236259e-05    0.761629408155118    0.761679121787849
277.499999999893    -2.80475984995059e-05    0.762106263470341    0.762149015170407
277.999999999892    -3.54170348983503e-05    0.762546475105394    0.762600491288728
278.499999999892    -4.71455864635859e-05    0.76261311021416    0.762685021289101
278.999999999891    -5.68098672496064e-05    0.762335485195835    0.762422106472206
279.499999999891    -5.82381459162982e-05    0.761919213940673    0.762007964634064
279.99999999989    -5.09200074200598e-05    0.761590020455544    0.761667584744103
280.49999999989    -3.96293821440652e-05    0.761524829942444    0.761585189851466
280.999999999889    -2.93629471892252e-05    0.761839768314617    0.761884509350113
281.499999999889    -3.00152271891844e-05    0.762340488454984    0.762386253474545
281.999999999889    -4.06900530161039e-05    0.762608102092138    0.762670165745721
282.499999999888    -5.18744116056259e-05    0.762492333091201    0.762571444877344
282.999999999888    -5.67691111816531e-05    0.762132455336556    0.762218991413317
283.499999999887    -5.43567544097767e-05    0.761750430929297    0.761833247993155
283.999999999887    -4.43305997289558e-05    0.761532912481698    0.76160043389641
284.499999999886    -3.23722205276207e-05    0.761652970228112    0.761702284620364
284.999999999886    -2.77149908780181e-05    0.762088245621431    0.762130489329766
285.499999999885    -3.40233868623031e-05    0.762498348515663    0.762550235833633
285.999999999885    -4.50372246818761e-05    0.762572508224329    0.762641199616777
286.499999999884    -5.45972531708033e-05    0.762322597026649    0.762405843011306
286.999999999884    -5.57265980423454e-05    0.761939170640738    0.762024095929125
287.499999999884    -5.00925931656019e-05    0.76163121117849    0.761707519165762
287.999999999883    -3.83836772105515e-05    0.761561721315268    0.761620186637956
288.499999999883    -2.82186023545005e-05    0.76184919228099    0.761892190133151
288.999999999882    -2.9260693372173e-05    0.762306234773532    0.762350847296908
289.499999999882    -3.9245247818287e-05    0.762563562458009    0.762623418799058
289.999999999881    -5.00777457329884e-05    0.762466321952252    0.762542690965842
290.499999999881    -5.4510438550196e-05    0.762140248170236    0.762223341898041
290.99999999988    -5.27964531313619e-05    0.761781773051155    0.761862216049615
291.49999999988    -4.40267834427105e-05    0.761573016822703    0.76164007899581
291.999999999879    -3.10119181457507e-05    0.761670109195748    0.761717352363011
292.499999999879    -2.68059738172422e-05    0.762063399449425    0.762104256247696
292.999999999879    -3.23031536317396e-05    0.762456563634314    0.762505824728628
293.499999999878    -4.32591532595913e-05    0.762541753475623    0.762607730150879
293.999999999878    -5.1950568527451e-05    0.762323362396981    0.762402572776162
294.499999999877    -5.42918584076917e-05    0.761964813109655    0.762047554573333
294.999999999877    -4.8020519647454e-05    0.76167371605005    0.761746871498306
295.499999999876    -3.75978949990982e-05    0.761594565213065    0.761651836071318
295.999999999876    -2.76711561622624e-05    0.761839441100349    0.761881604223342
296.499999999875    -2.73873344588676e-05    0.762263302879948    0.762305056743519
296.999999999875    -3.63927254186091e-05    0.762522290714598    0.76257779326319
297.499999999874    -4.70344090446933e-05    0.762453924814911    0.76252565132808
297.999999999874    -5.32961338068641e-05    0.7621578786806    0.762239123147184
298.499999999874    -5.10258181029499e-05    0.761822774241469    0.761900523469297
298.999999999873    -4.25086865908371e-05    0.761616045078928    0.761680798427033
299.499999999873    -3.07257303580161e-05    0.761681580143989    0.761728388027896
