#t    a    aDot    H
0    1    0.827097369034944    0.827097369034944
0.5    1.49562906198281    1.13654381502879    0.75991022367674
1    2.09594128075681    1.2132386031516    0.578851427895688
1.5    2.67001862787736    1.06562660471688    0.399108303436834
2    3.16126932853292    0.907962714479861    0.287214602781481
2.49999999999999    3.58663777657647    0.800436345309921    0.223171782368822
2.99999999999998    3.96893399673814    0.73969848560625    0.186372080315311
3.49999999999997    4.34504704847149    0.789725023046402    0.181752927928413
3.99999999999996    4.7770877841298    0.939528442462226    0.196673891064652
4.49999999999995    5.2667404709529    0.992836300155839    0.188510579860831
4.99999999999994    5.75114030737016    0.936632153549835    0.162860250922679
5.49999999999993    6.20215168179517    0.869356982551304    0.1401702227153
5.99999999999992    6.622658501872    0.815115637040907    0.123079823126997
6.49999999999991    7.02232604625959    0.793368704393839    0.11297805017419
6.9999999999999    7.43053094543736    0.854159014223837    0.114952621891485
7.49999999999988    7.88089600366984    0.938277147685178    0.119057166500898
7.99999999999987    8.35356751825323    0.938706441251339    0.112371922439148
8.49999999999986    8.81251311851251    0.895417346623604    0.101607490914549
8.99999999999985    9.24940308262436    0.85315232786425    0.0922386364009755
9.49999999999984    9.66704856550628    0.820231234383902    0.0848481549281371
9.99999999999983    10.0760532945174    0.826336510978264    0.0820099384972379
10.4999999999998    10.5039266936149    0.890165174097186    0.0847459431184241
10.9999999999998    10.9614145692394    0.928251068212183    0.0846835107228859
11.4999999999998    11.4220124609663    0.908338821092686    0.0795252871765681
11.9999999999998    11.8677942167745    0.874947470285342    0.0737245232183626
12.4999999999998    12.2975104179081    0.844678022532762    0.068686912539851
12.9999999999998    12.7145096967941    0.827893189438041    0.0651140475866553
13.4999999999998    13.1331656679704    0.855801997438208    0.065163420539601
13.9999999999997    13.5746357166777    0.906769336329663    0.066798797054687
14.4999999999997    14.0317127549832    0.912964738885899    0.0650643834311441
14.9999999999997    14.4825869804377    0.888861687520763    0.0613745105568081
15.4999999999997    14.9204141101992    0.862809321307095    0.0578274379608071
15.9999999999997    15.3459761450593    0.840797995991101    0.0547894762798649
16.4999999999998    15.7647912010044    0.840847501178752    0.0533370528323384
16.9999999999999    16.1939348532866    0.880082894328207    0.0543464514524457
17.4999999999999    16.6428619668412    0.908554982977781    0.0545912707074039
18    17.0955720919149    0.897905830434331    0.052522713226952
18.5000000000001    17.5390481222376    0.875863481401943    0.049937914264084
19.0000000000002    17.9716537449776    0.854922652003683    0.0475706167131448
19.5000000000002    18.395113263095    0.841706872612802    0.0457570910586056
20.0000000000003    18.8184978357686    0.858310375613142    0.0456099303517062
20.5000000000004    19.2571399874074    0.894802464174969    0.0464660102569799
21.0000000000005    19.7078745565926    0.901886070271619    0.0457627263499058
21.5000000000006    20.1551095787402    0.885557598269668    0.0439371264547112
22.0000000000006    20.5931452737182    0.866756549806306    0.0420895661291962
22.5000000000007    21.022181210029    0.850197827455018    0.0404428931023302
23.0000000000008    21.4456996310518    0.848322694255721    0.0395567740316298
23.5000000000009    21.8758346744604    0.875974654887885    0.0400430277483569
24.000000000001    22.3208058798972    0.898978509873858    0.0402753607871975
24.500000000001    22.7695647596441    0.892487080505977    0.0391964927712534
25.0000000000011    23.2117724017913    0.876116316248214    0.0377444815967867
25.5000000000012    23.6457773018906    0.860112008751729    0.0363748671811672
26.0000000000013    24.072618307382    0.84916233980161    0.0352750302837315
26.5000000000013    24.4986869022461    0.860116008498896    0.0351086575346223
27.0000000000014    24.935979356005    0.888486280546407    0.0356306952240255
27.5000000000015    25.3832555075157    0.895694338426706    0.0352868188306855
28.0000000000016    25.8284155236061    0.883585884896254    0.0342098369947894
28.5000000000017    26.2665124895629    0.868890544286024    0.0330797834174325
29.0000000000017    26.6974999728039    0.855592568054776    0.0320476662206703
29.5000000000018    27.1237889966625    0.852891644494905    0.0314444137800899
30.0000000000019    27.5546306481309    0.873783444602447    0.0317109474541884
30.500000000002    27.9973142815932    0.893283954066727    0.0319060587412848
31.000000000002    28.443688993124    0.889161411091651    0.0312604110988064
31.5000000000021    28.8850960404128    0.876198490268139    0.0303339303093283
32.0000000000022    29.3199243669974    0.863247290991854    0.0294423437177597
32.5000000000021    29.7488498444227    0.853845417096835    0.0287017959202518
33.000000000002    30.1766565830242    0.86142852885538    0.028546188557548
33.5000000000019    30.6131680911919    0.884563971847392    0.0288948850119796
34.0000000000018    31.058254332555    0.89172141329293    0.0287112534962481
34.5000000000017    31.5020694096108    0.882277522327103    0.0280069702994792
35.0000000000016    31.9401840365034    0.870224785066542    0.0272454530653921
35.5000000000015    32.3724222115656    0.859098484953379    0.0265379735670953
36.0000000000014    32.8005446410101    0.855991474466129    0.0260968677146871
36.5000000000013    33.2319099312217    0.872434242965955    0.0262529070634696
37.0000000000012    33.6730956706067    0.889485045498921    0.026415303606177
37.5000000000011    34.117867146566    0.886905710780389    0.0259953445205222
38.000000000001    34.5587224629072    0.876223300362418    0.0253546207126983
38.5000000000009    34.99409265916    0.865347092581834    0.0247283763294066
39.0000000000008    35.4244345556695    0.857072065501394    0.02419437533024
39.5000000000007    35.8534663180893    0.862426216864552    0.0240541935112541
40.0000000000006    36.2894728655133    0.881877640120229    0.0243011973028216
40.5000000000005    36.7330387483427    0.888941266027027    0.024200047050753
41.0000000000004    37.1759078596607    0.881345241346195    0.0237074302172601
41.5000000000003    37.6140245759993    0.871137124692332    0.0231599020448396
42.0000000000002    38.0471331511717    0.861563684128735    0.0226446413375091
42.5000000000001    38.4765635639057    0.85824719604345    0.0223057133108571
43    38.9083347033614    0.871527582716133    0.0223995087263614
43.4999999999999    39.3484586092644    0.886752821869689    0.0225358972933417
43.9999999999998    39.7920717863246    0.885269330076867    0.0222473796999208
44.4999999999997    40.2325230131613    0.876225930734769    0.0217790450389633
44.9999999999996    40.6682766828938    0.866852072668426    0.0213151906934145
45.4999999999995    41.0996455892563    0.859438579851592    0.0209110946707593
45.9999999999994    41.5295932019465    0.863217156093808    0.0207855914190209
46.4999999999993    41.9652493832633    0.879913191098579    0.0209676626263422
46.9999999999992    42.4076912860629    0.886875218832792    0.0209130747734022
47.4999999999991    42.8498558927816    0.880646070081886    0.0205519027248406
47.999999999999    43.2879686053999    0.871800059934147    0.0201395465765837
48.4999999999989    43.7217181759928    0.863394255081976    0.0197474914322113
48.9999999999988    44.1521322796045    0.859973424445002    0.01947750606922
49.4999999999987    44.5842304872276    0.870882683089943    0.0195334241181853
49.9999999999986    45.0235590800922    0.884680059250505    0.0196492697895507
50.4999999999985    45.4662911870432    0.884022868711738    0.019443478797841
50.9999999999984    45.9064328564346    0.876219388251969    0.0190870719794808
51.4999999999983    46.342472130337    0.867983877328699    0.018729770714163
51.9999999999982    46.774621105152    0.861254437287988    0.0184128575911249
52.4999999999981    47.2052839867407    0.863867049383584    0.0183002193065131
52.999999999998    47.6406854150643    0.878407721463531    0.0184381839558037
53.4999999999979    48.0822572972522    0.885269751449454    0.0184115680338503
53.9999999999978    48.523874303058    0.880100966762827    0.0181374834430185
54.4999999999977    48.961980568124    0.872303418578701    0.017815934087164
54.9999999999976    49.3962221340133    0.864809452974318    0.017507603124548
55.4999999999975    49.8274058112164    0.861346292859574    0.017286597181539
55.9999999999974    50.2597766077754    0.870406554235871    0.0173181540584328
56.4999999999973    50.6984848612418    0.883042792831118    0.017417538122647
56.9999999999972    51.1405197423256    0.883036688548829    0.0172668696563519
57.4999999999971    51.5804157677353    0.876208956028424    0.0169872410485011
57.999999999997    52.0166759581406    0.868866353008081    0.0167036116207672
58.4999999999969    52.4494390453454    0.862697773044196    0.016448179213096
58.9999999999968    52.8806808512072    0.864419805261024    0.0163466088436585
59.4999999999967    53.315891442746    0.877211957339587    0.0164531049486736
59.9999999999966    53.7567645945569    0.883975693006101    0.016443989880589
60.4999999999965    54.1979406528619    0.879662268622823    0.0162305478404994
60.9999999999964    54.6360394207199    0.872698405305317    0.0159729441328128
61.4999999999963    55.0706713251935    0.86594235693635    0.0157242019408651
61.9999999999962    55.5024790168941    0.862481135809986    0.0155395065425359
62.4999999999961    55.9350870042534    0.870050362364953    0.0155546439446638
62.999999999996    56.3732942629819    0.881700179426106    0.0156403877217636
63.4999999999959    56.8147557107476    0.882225337156212    0.01552810227061
63.9999999999958    57.2544498183463    0.876196093226966    0.0153035457681789
64.4999999999961    57.6908857992346    0.869575723532473    0.0150730173663586
64.9999999999963    58.1241524187301    0.863895540151833    0.0148629357023269
65.4999999999966    58.5558902196759    0.864935041858576    0.014771102251434
65.9999999999969    58.9909597440805    0.876224962668196    0.0148535464835546
66.4999999999971    59.4312413405374    0.882869783537184    0.0148553145386682
66.9999999999974    59.8720417535852    0.879293281098377    0.0146862083761445
67.4999999999976    60.3101311268231    0.873014703325329    0.0144754237308739
67.9999999999979    60.7450864044469    0.866920230739381    0.0142714461704332
68.4999999999981    61.1774500701708    0.863557957325656    0.0141156252235939
68.9999999999984    61.6103125332783    0.869828333685949    0.0141182262825906
69.4999999999986    62.0480856541712    0.880471069845225    0.0141901407684451
69.9999999999989    62.4890146846183    0.881460339470352    0.0141058447459778
70.4999999999992    62.9285204642694    0.876175708279661    0.0139233482976475
70.9999999999994    63.3650980277821    0.870169111543854    0.0137326247197208
71.4999999999997    63.7988433231104    0.865088727909322    0.0135596302824499
71.9999999999999    64.2311429819011    0.865704882072062    0.0134779616535237
72.5000000000002    64.6661654186385    0.875270904630407    0.0135352219969136
73.0000000000004    65.1058153533733    0.881568416922514    0.0135405479854241
73.5000000000007    65.5461792026324    0.878848580695467    0.0134080825364138
74.000000000001    65.9842458251004    0.873278972578954    0.0132346586925262
74.5000000000012    66.4194860752332    0.867874476800552    0.0130665641678936
75.0000000000015    66.8524464747907    0.864880529804186    0.0129371560116401
75.5000000000017    67.2856992350193    0.869773308300507    0.0129265701061159
76.000000000002    67.7230590134843    0.879007249118294    0.0129794380514217
76.5000000000022    68.1633494138502    0.880590485800155    0.0129188265156059
77.0000000000025    68.6026087903492    0.876145635081958    0.012771316580095
77.5000000000027    69.0393216722031    0.870701363422268    0.0126116732078617
78.000000000003    69.4734341262665    0.866029462110489    0.0124656204634494
78.5000000000033    69.9061177580695    0.866082917957876    0.0123892292367774
79.0000000000035    70.3410479986019    0.874486728169497    0.0124320969483832
79.5000000000038    70.7802298838401    0.880723584190731    0.0124430732372036
80.000000000004    71.2203034257037    0.87855846246993    0.0123357865694357
80.5000000000043    71.6583725969969    0.873569710394014    0.0121907556470327
81.0000000000045    72.0938683539885    0.868523897191278    0.0120471257406626
81.5000000000048    72.5271689478502    0.865405424068533    0.0119321550340782
82.000000000005    72.960497930476    0.869445206452626    0.0119166566993707
82.5000000000053    73.3975171901551    0.878240379205845    0.0119655325251744
83.0000000000056    73.8374994928124    0.880187245155184    0.0119205993052469
83.5000000000058    74.2766975571584    0.876217204672072    0.0117966634690213
84.0000000000061    74.7135562309646    0.871222071736225    0.0116608299174381
84.5000000000063    75.1480454409026    0.866924184375361    0.0115362173332521
85.0000000000066    75.5811250758563    0.866535877300471    0.0114649772205796
85.5000000000068    76.0159667883889    0.873675318952211    0.0114933132585727
86.0000000000071    76.4546435830423    0.879791319112547    0.0115073627693647
86.5000000000073    76.8944150316638    0.878305407126452    0.0114222262665602
87.0000000000076    77.3325062303612    0.873873566349363    0.0113002100791384
87.5000000000079    77.7682685479934    0.869297743066332    0.0111780519136781
88.0000000000081    78.2020281842489    0.866322549129436    0.0110780061495122
88.5000000000084    78.6356176241462    0.869323014574107    0.0110550796298085
89.0000000000086    79.0722588434276    0.877103783817295    0.0110924336378712
89.5000000000089    79.5117301495571    0.879495748090527    0.011061207527949
90.0000000000091    79.9507779793145    0.876259817554961    0.0109599911308139
90.5000000000094    80.3877960341945    0.871773317920595    0.0108445978236519
91.0000000000096    80.8226589915624    0.867862392143522    0.0107378599389328
91.5000000000099    81.2561465929696    0.8670404951287    0.0106704604080218
92.0000000000102    81.6909094458925    0.872905337303464    0.0106854647992581
92.5000000000104    82.1290551383721    0.8788022918341    0.0107002605880889
93.0000000000107    82.5685069494376    0.878065603447882    0.0106343887747126
93.5000000000109    83.0066280824782    0.874224286280975    0.0105319816799728
94.0000000000112    83.4426778213551    0.870078907251554    0.0104272649196893
94.5000000000114    83.8768956590827    0.867178888058478    0.0103387098585899
95.0000000000117    84.3107285182538    0.86923489747814    0.0103098966496292
95.500000000012    84.7469756122432    0.875928546163933    0.0103358089163171
96.0000000000122    85.1859231123144    0.878751773428138    0.0103156923271177
96.5000000000125    85.6248279162842    0.876332248416286    0.0102345577765491
97.0000000000127    86.0620293976017    0.872395638977877    0.0101368239290229
97.500000000013    86.497306258992    0.86889373019908    0.0100453270486531
98.0000000000132    86.9312565527118    0.867715002948643    0.0099816226908269
98.5000000000135    87.3659634885997    0.872047824763253    0.0099815510519385
99.0000000000137    87.8035016986015    0.87754889497733    0.00999446352367182
99.500000000014    88.2425553839592    0.877765737066595    0.00994719308894987
100.000000000014    88.6807122221118    0.874628998504065    0.00986267449356348
100.500000000015    89.1170922432188    0.870953600880453    0.00977313755371913
101.000000000015    89.5518405550086    0.868232386116999    0.00969530476130944
101.500000000015    89.9860004366279    0.869237526263344    0.00965969730897752
102.000000000015    90.4218529988438    0.874508201592732    0.00967142535338127
102.500000000016    90.860145185522    0.877787603162192    0.00966086507312848
103.000000000016    91.2988270923711    0.876368914324038    0.0095989066041054
103.500000000016    91.7362254345978    0.873108469272266    0.00951759749363938
104.000000000016    92.1719669494686    0.870037652979928    0.00943928703894221
104.500000000017    92.6064723801973    0.868557255921248    0.0093790124339838
105.000000000017    93.0412254038504    0.871217712947593    0.00936378158355101
105.500000000017    93.478085997628    0.876010437743518    0.0093712919813714
106.000000000017    93.9165867776578    0.87721419975296    0.00934035434901094
106.500000000018    94.3547295601879    0.875029927915311    0.00927383218619834
107.000000000018    94.7914701158813    0.871924007626223    0.00919833827411166
107.500000000018    95.2267902426605    0.869511081370409    0.00913095022057016
108.000000000018    95.6613655445368    0.869445607106648    0.0090887852390301
108.500000000019    96.096880790862    0.873084152972745    0.00908545777747833
109.000000000019    96.5344114264991    0.8765357904855    0.0090800345444991
109.500000000019    96.9727629992593    0.876291885078237    0.00903647434573903
110.000000000019    97.4103416477197    0.873842936916174    0.00897074091040958
110.50000000002    97.8465613625478    0.871140934681605    0.00890313284954178
111.00000000002    98.2816460931666    0.869427338906253    0.00884628385326467
111.50000000002    98.7165328809811    0.870668777765605    0.00881988814189147
112.00000000002    99.1527704000872    0.874393649677085    0.0088186507159493
112.500000000021    99.5906210637002    0.876431842792732    0.0088003451874464
113.000000000021    100.028660615485    0.87534152628213    0.00875090719895756
113.500000000021    100.465743629958    0.872902352091794    0.00868855711959813
114.000000000021    100.901605796372    0.870694253708671    0.00862914169538395
114.500000000022    101.336631331874    0.869849283396549    0.00858375961351847
115.000000000022    101.771942205383    0.871870459033148    0.0085669040026145
115.500000000022    102.208725106431    0.875123743763962    0.00856212366265884
116.000000000022    102.646638228582    0.876015017191333    0.00853427868958116
116.500000000023    103.084332132757    0.874512574987034    0.00848346743771683
117.000000000023    103.521021356293    0.872225163590557    0.00842558498904859
117.500000000023    103.956656287557    0.870454319357568    0.00837324275753721
118.000000000023    104.391753623768    0.870400943914343    0.0083378323833059
118.500000000024    104.827480924537    0.872843672579075    0.00832647760759815
119.000000000024    105.26462256896    0.875420440554859    0.00831637846781199
119.500000000024    105.702463972496    0.875519189143829    0.00828286452595505
120.000000000024    106.139847985466    0.873843770277484    0.008232947256502
120.500000000025    106.576243383878    0.871785220947146    0.00817992071466675
121.000000000025    107.011754539128    0.870419869363473    0.00813387158366055
121.500000000025    107.447006015003    0.870990802629358    0.00810623613381781
122.000000000026    107.883099009008    0.873550582538341    0.00809719585887497
122.500000000026    108.320434573661    0.875443088665399    0.00808197541037441
123.000000000026    108.758139667283    0.875045736718213    0.00804579537122634
123.500000000026    109.195262973497    0.873333699471415    0.00799790829464265
124.000000000027    109.631456937633    0.871525683734606    0.00794959501660545
124.500000000027    110.066920814796    0.870544279839402    0.00790922716284782
125.000000000027    110.50235138034    0.87153904742605    0.00788706336597566
125.500000000027    110.938722294789    0.873993538865994    0.00787816481736284
126.000000000028    111.376142955162    0.875329768199107    0.00785922141828436
126.500000000028    111.813703131709    0.874643441401792    0.00782232782659496
127.000000000028    112.250621641723    0.872958009306809    0.00777686570051329
127.500000000028    112.6866832517    0.871392569702561    0.00773287973838217
128.000000000029    113.122156115574    0.870758735783678    0.00769750830150417
128.500000000028    113.557772492393    0.872019392945424    0.00767908152657574
129.000000000028    113.994348889167    0.874248397059601    0.00766922576056471
129.500000000027    114.4317832383    0.875148745353431    0.00764777687271522
130.000000000027    114.869196877137    0.874293794364205    0.00761121186647924
130.500000000026    115.305952442707    0.872690377643695    0.00756847638093371
131.000000000026    115.741931911393    0.871331330971571    0.00752822522125022
131.500000000025    116.177441865212    0.870996347218314    0.00749712106958629
132.000000000025    116.613219363705    0.872387820671637    0.00748103710224095
132.500000000024    117.049938113878    0.874392852738688    0.00747025472057906
133.000000000024    117.487352336869    0.874954881962919    0.00744722614442938
133.500000000024    117.924636658362    0.874016066358409    0.00741164943242952
134.000000000023    118.361272956623    0.872512757203892    0.00737160673765016
134.500000000023    118.797204806956    0.871322992407732    0.00733454119416045
135.000000000022    119.232769058309    0.871212293144224    0.00730681925803611
135.500000000022    119.668681604379    0.872660862189529    0.00729230781596242
136.000000000021    120.105488517935    0.874431377033947    0.00728052804100932
136.500000000021    120.542859337297    0.874773101891972    0.00725694667192375
137.00000000002    120.980039775303    0.873803328790315    0.00722270657550814
137.50000000002    121.416591554352    0.872403994994606    0.00718521236534694
138.000000000019    121.852505702198    0.871355451667262    0.00715090302530843
138.500000000019    122.288126472456    0.871383875017088    0.00712566215668827
139.000000000019    122.724136000232    0.872835875244319    0.00711217779722378
139.500000000018    123.160985450959    0.874416991577713    0.00709978885258185
140.000000000018    123.59830893677    0.874624395478885    0.00707634597109515
140.500000000017    124.035413461917    0.873667319468559    0.00704369256395314
141.000000000017    124.471919296995    0.87236612843876    0.00700853761527736
141.500000000016    124.907841508073    0.871423564963633    0.00697653209312172
142.000000000016    125.343519547417    0.871532232385452    0.00695314951688231
142.500000000015    125.779594947057    0.872924549831773    0.0069401125850278
143.000000000015    126.216450980339    0.874356078633899    0.00692743356228656
143.500000000014    126.653725719492    0.874502474384489    0.00690467232145469
144.000000000014    127.090774959114    0.873582624086876    0.0068736902766382
144.500000000014    127.527258894157    0.872365048267958    0.00684061631868046
145.000000000013    127.963201094201    0.871502072586273    0.0068105679221381
145.500000000013    128.398929678968    0.871640700744328    0.00678853556586232
146.000000000012    128.835045759436    0.872964128140271    0.00677582813740206
146.500000000012    129.271893760215    0.874284438078366    0.00676314404196837
147.000000000011    129.709119048482    0.874399510249246    0.00674123389830762
147.500000000011    130.146129202474    0.87353448876131    0.00671195135893989
148.00000000001    130.582606165235    0.872383108094422    0.0066806991659405
148.50000000001    131.018571511809    0.871578525637936    0.00665232810570963
149.000000000009    131.454345213714    0.871723945566174    0.00663138174815717
149.500000000009    131.890485377983    0.872967963577838    0.00661888506267916
150.000000000009    132.327312170519    0.874209322817188    0.00660641638130357
150.500000000008    132.764494719219    0.874320267110897    0.00658549764347748
151.000000000008    133.201477230304    0.873508425383976    0.00655779833337499
151.500000000007    133.637957774177    0.872420745240105    0.00652824062692076
152.000000000007    134.073955613289    0.871662746333345    0.00650135771967147
152.500000000006    134.509769712571    0.871785298688147    0.00648120430620791
153.000000000006    134.945920066911    0.872939475537636    0.00646880969135488
153.500000000005    135.382714641924    0.874119908587244    0.0064566581553577
154.000000000005    135.819856210015    0.874254741401007    0.00643686987894588
154.500000000004    136.256820792597    0.873504729916787    0.0064107229629729
155.000000000004    136.693315257968    0.872479561131716    0.00638275221787671
155.500000000004    137.129351209639    0.871744133267264    0.00635709368984447
156.000000000003    137.565196264009    0.871819567761218    0.00633750099180655
156.500000000003    138.001342325215    0.872886426251859    0.00632520243313873
157.000000000002    138.438095811055    0.874024466706143    0.00631346784702268
157.500000000002    138.875199016786    0.874206465236411    0.00629490702030063
158.000000000001    139.312157423865    0.873529376022033    0.00627030255058266
158.500000000001    139.748679584966    0.872554983301208    0.00624374402600848
159    140.184756821578    0.871832100515393    0.00621916476714391
159.5    140.620632399997    0.871844026263753    0.00619997230409106
159.999999999999    141.056762620048    0.872804330645265    0.0061876106783782
160.499999999999    141.493465071012    0.873924380796903    0.00617642928143928
160.999999999999    141.930531720198    0.874168084388662    0.00615912639651066
161.499999999998    142.367489191883    0.873565564792616    0.0061359905253033
161.999999999998    142.804042883515    0.872641260401927    0.00611076019124852
162.499999999997    143.240167247569    0.871926379055487    0.0060871639276188
162.999999999997    143.676076162924    0.871867313902421    0.0060682845549996
163.499999999996    144.112190278994    0.872719799206304    0.00605583606436596
163.999999999996    144.548835830001    0.873803324383187    0.006045038822802
164.499999999995    144.985857868195    0.874117770173564    0.00602898643375424
164.999999999995    145.422813415623    0.873602454849223    0.00600732742222806
165.499999999994    145.859401885533    0.872737715124921    0.00598341761890555
165.999999999994    146.29557886126    0.872030139533088    0.00596074157757072
166.499999999994    146.731525274272    0.87189824104712    0.00594213301754588
166.999999999993    147.167623426848    0.872623612142763    0.00592945371966623
167.499999999993    147.604205053829    0.873664776320726    0.00591896942232853
167.999999999992    148.041176434238    0.874062174690608    0.00590418284793135
168.499999999992    148.478130151276    0.873645016251424    0.00588399796900269
168.999999999991    148.914756479776    0.872838598153747    0.00586133046037171
169.499999999991    149.350989352916    0.872144535776362    0.00583956316295626
169.99999999999    149.786977534017    0.87193085810063    0.0058211392769616
170.49999999999    150.22306096837    0.872527826060822    0.0058082149334218
170.999999999989    150.659577452532    0.873525338848937    0.00579800735949995
171.499999999989    151.096493458932    0.873999884766848    0.00578438231595626
171.999999999989    151.533442264833    0.873683235564114    0.00576561333594726
172.499999999988    151.970107824346    0.872946557340905    0.00574419910493118
172.999999999988    152.406396451552    0.872250934730756    0.0057231911195278
173.499999999987    152.842425243949    0.871967457349551    0.00570500929933438
173.999999999987    153.278492329736    0.872430422324176    0.00569179934551669
174.499999999986    153.714940139696    0.873377579087042    0.00568180020948723
174.999999999986    154.151800081861    0.873936180811474    0.00566932193037889
175.499999999985    154.588745247129    0.873727748462824    0.00565194928690354
175.999999999985    155.025452827962    0.873061575240276    0.00563173052756146
176.499999999984    155.461801609539    0.872365963193193    0.00561144894862498
176.999999999984    155.897873872434    0.872005945284519    0.00559344347439948
177.499999999984    156.33392856457    0.872338413071248    0.0055799686036224
177.999999999983    156.770309142873    0.873219986906995    0.00557005973695686
178.499999999983    157.207105925623    0.8738608022579    0.00555865968724936
178.999999999982    157.644042020625    0.873769073083204    0.00554267108279858
179.499999999982    158.080790161666    0.873174886313428    0.00552359894848988
179.999999999981    158.517201688169    0.872488561350557    0.00550406234817904
180.499999999981    158.953323122703    0.872066998646054    0.00548630869436348
180.99999999998    159.389373816599    0.872258054209518    0.00547249815544905
181.49999999998    159.825686432903    0.873052556311055    0.00546252968340965
181.999999999979    160.262410322938    0.873759535733286    0.00545205537575911
182.499999999979    160.699329365263    0.873797308437226    0.00543746705035167
182.999999999979    161.136115774077    0.873290605610671    0.0054195833219356
183.499999999978    161.572592761459    0.872621855302505    0.00540080369070279
183.999999999978    162.008770992093    0.872146350133517    0.00538332798152071
184.499999999977    162.444826579162    0.872192334398695    0.00536916042674749
184.999999999977    162.881074591061    0.872877444405084    0.00535898628245535
185.499999999976    163.317716439998    0.873634047036537    0.00534929134499322
185.999999999976    163.754606115194    0.873808411768738    0.0053360844772455
186.499999999975    164.191426650966    0.873405161569128    0.00531943219803913
186.999999999975    164.62797233161    0.872766701957112    0.00530144840877404
187.499999999974    165.064215287629    0.872251548884119    0.00528431645444287
187.999999999974    165.500293248305    0.872163482788206    0.00526986064900606
188.499999999974    165.936485166108    0.872696187793282    0.00525921822991299
188.999999999973    166.37303322334    0.87347061189163    0.00525007325387328
189.499999999973    166.809875513576    0.87378928287368    0.00523823472791073
189.999999999972    167.246720433634    0.873509833498124    0.00522288168780413
190.499999999972    167.683334649562    0.872924402571097    0.00520579104891614
190.999999999971    168.119652292326    0.872378737062086    0.00518903486396221
191.499999999971    168.555767604767    0.872165021588879    0.00517434101474328
191.99999999997    168.991918578736    0.872539334843298    0.00516320154349137
192.49999999997    169.428371567783    0.873281070925776    0.00515427884270494
192.999999999969    169.865149167212    0.87373215616998    0.0051436810932294
193.499999999969    170.30200367371    0.873594177739802    0.00512967645062807
193.999999999969    170.738680015902    0.873076616361999    0.00511352563040012
194.499999999968    171.175074261222    0.872517844746816    0.005097224864733
194.999999999968    171.611239230532    0.872206504939438    0.00508245560634738
195.499999999967    172.047368266061    0.872411889125355    0.00507076567295247
195.999999999967    172.4837308632    0.873079980581549    0.00506181061954189
196.499999999966    172.920428718723    0.873640012131881    0.00505226605442304
196.999999999966    173.357274593949    0.873649572533865    0.00503958991383659
197.499999999965    173.794005090132    0.873225105379526    0.00502448346780811
197.999999999965    174.230477842863    0.872669093667261    0.00500870516152927
198.499999999964    174.666702739857    0.872278881111784    0.00499396202841781
198.999999999964    175.102829103583    0.872320689334342    0.00498176239527412
199.499999999964    175.539111293712    0.872875435777869    0.0049725410442427
199.999999999963    175.975717606027    0.873507580480979    0.00496379609848548
200.499999999963    176.412538103009    0.873675568069601    0.00495245733361339
200.999999999962    176.849311322148    0.873359053698301    0.00493843627192527
201.499999999962    177.28586115199    0.872829965753528    0.00492329145754741
201.999999999961    177.722154848133    0.872381669511216    0.00490868271463781
202.499999999961    178.158297978363    0.872271709498364    0.0048960487352899
202.99999999996    178.594516541855    0.872684889874755    0.00488640360730355
203.49999999996    179.03102563499    0.873341484229591    0.0048781571860632
203.999999999959    179.467799175733    0.873663667433668    0.0048680803545052
204.499999999959    179.904601022918    0.873470473598627    0.00485518696371393
204.999999999959    180.341222460779    0.872991207894606    0.0048407745937536
205.499999999958    180.777592218617    0.872509561190758    0.00482642539090586
205.999999999958    181.21377191572    0.872270999497296    0.00481349176873254
206.499999999957    181.649947476485    0.872517203522514    0.00480328904931537
206.999999999957    182.08635657335    0.873144137869216    0.00479521999506583
207.499999999956    182.523061970468    0.873604484058485    0.00478626905897422
207.999999999956    182.959872722857    0.873556988477274    0.00477458240146742
208.499999999955    183.396559228085    0.873150972346424    0.00476099974842227
208.999999999955    183.833009013382    0.872655884091458    0.00474700321109326
209.499999999954    184.269243560633    0.872326265612768    0.0047339764833068
209.999999999954    184.705404274713    0.872402457036305    0.00472321024098883
210.499999999954    185.14172412622    0.872931514612988    0.00471493672608271
210.999999999953    185.578339986452    0.873486685570671    0.00470683532159216
211.499999999953    186.015134095343    0.873601448798199    0.004696399855027
211.999999999952    186.451870404406    0.873294499655231    0.00468375295866485
212.499999999952    186.888399992593    0.872815395105208    0.004670249170841
212.999999999951    187.324702122073    0.872425631437106    0.00465729090479789
213.499999999951    187.760875393558    0.872343191221376    0.00464603282975163
213.99999999995    188.19712460492    0.872727091026496    0.0046373030026819
214.49999999995    188.633639587303    0.873318852936484    0.00462970896838522
214.999999999949    189.070388524972    0.873595388150796    0.00462047703485527
215.499999999949    189.507156828432    0.873414939329975    0.00460887574879671
215.999999999949    189.943762211995    0.872985356521585    0.00459602013962034
216.499999999948    190.380142214197    0.872555542521734    0.00458322770628053
216.999999999948    190.816352885964    0.872341043590496    0.00457162622802997
217.499999999947    191.25255693699    0.872554839355238    0.00456231724861441
217.999999999947    191.688967885877    0.873111134750658    0.00455483246834773
218.499999999946    192.125643917996    0.873529943167359    0.0045466598073717
218.999999999946    192.562421267266    0.8735051468442    0.00453621813173934
219.499999999945    192.999094038535    0.873150678960601    0.00452411801884554
219.999999999945    193.435557211301    0.872709890758601    0.00451163117753625
220.499999999944    193.871827163728    0.872404908332122    0.00449990553601871
220.999999999944    194.308021090757    0.87244427963294    0.00449000650994969
221.499999999944    194.74434130186    0.872889636155958    0.00448223363164607
221.999999999943    195.180922484024    0.873399984434468    0.00447482250477608
222.499999999943    195.617676280827    0.873539880794499    0.00446554676143096
222.999999999942    196.054396800102    0.873293487753395    0.00445434278448654
223.499999999942    196.490940874526    0.872873102600306    0.00444230710441608
223.999999999941    196.927280575898    0.87251227456012    0.00443063181499551
224.499999999941    197.363492646095    0.872398972227351    0.00442026516926159
224.99999999994    197.799750500499    0.872698106844919    0.00441202835006973
225.49999999994    198.236230100635    0.873220684230826    0.00440495001235413
225.999999999939    198.67293139605    0.873516125092544    0.00439675460041011
226.499999999939    199.109676112012    0.873403008774325    0.00438654226067336
226.999999999939    199.546292089646    0.873037547447512    0.00437511285378984
227.499999999938    199.98270928708    0.872646644848274    0.00436361047392136
227.999999999938    200.418966348104    0.87242405976302    0.00435300149312078
228.499999999937    200.855194182803    0.872555797343506    0.00434420329976317
228.999999999937    201.291578310028    0.873014308795545    0.00433706325979983
229.499999999936    201.728200150631    0.873428062615301    0.00432972713761937
229.999999999936    202.164941017858    0.873467543348254    0.0043205688333028
230.499999999935    202.601614457949    0.873189149487816    0.00430988248452014
230.999999999935    203.038110487425    0.872795933183943    0.00429868033685232
231.499999999934    203.474426513153    0.872498335644159    0.00428799997422653
231.999999999934    203.91065404979    0.872475414936583    0.00427871421923617
232.499999999934    204.346963828156    0.872817824163    0.0042712541836295
232.999999999933    204.783493855786    0.873287507325639    0.00426444285563676
233.499999999933    205.220202254487    0.873480245839423    0.00425630730426943
233.999999999932    205.65691220031    0.873310489200268    0.00424644365150081
234.499999999932    206.093481105943    0.872949657211127    0.00423569757047476
234.999999999931    206.529865059464    0.872606750458867    0.00422508749622058
235.499999999931    206.966119080052    0.872455634989259    0.00421545148967983
235.99999999993    207.402381734876    0.872654890425407    0.00420754517438921
236.49999999993    207.838820161133    0.873112495011722    0.00420091152526183
236.999999999929    208.275470701985    0.873435957985061    0.00419365734736393
237.499999999929    208.712193528429    0.873395382339713    0.00418468785926849
237.999999999929    209.148822767772    0.873096018376991    0.00417452035743194
238.499999999928    209.585278174954    0.872732968674569    0.00416409480796664
238.999999999928    210.021577044936    0.872494557812574    0.00415430914332148
239.499999999927    210.457822624184    0.872546684921496    0.004145945605831
239.999999999927    210.894180402267    0.872923201597629    0.00413915263063487
240.499999999926    211.330752719849    0.873333718762304    0.00413254440029388
240.999999999926    211.767460497472    0.873436045703018    0.0041245054535347
241.499999999925    212.204136048961    0.873226218531047    0.00411502921097435
241.999999999925    212.640663815125    0.872878111839558    0.00410494444561394
242.499999999924    213.077023129399    0.872581647293762    0.00409514660228689
242.999999999924    213.513280123885    0.87249850472635    0.00408638986867753
243.499999999924    213.949578424476    0.872748139790336    0.00407922346104746
243.999999999923    214.386060285477    0.873177533932649    0.00407292121871135
244.499999999923    214.822723428317    0.873419876282337    0.00406577042848907
244.999999999922    215.259423383222    0.873329626189144    0.00405710287829942
245.499999999922    215.696017944048    0.873029774113452    0.0040475006559459
245.999999999921    216.132448047185    0.87270255869416    0.0040378136951636
246.499999999921    216.568743867004    0.872514451382307    0.00402881060213437
246.99999999992    217.00501181106    0.872612477602719    0.00402116278476774
247.49999999992    217.441405164968    0.872988750082671    0.00401482297918537
247.999999999919    217.877995457427    0.87333667571236    0.00400837484243795
248.499999999919    218.314690885251    0.87338856978994    0.00400059458320652
248.999999999919    218.751339124389    0.873172312524431    0.00399162042170594
249.499999999918    219.187844880028    0.872848531410529    0.00398219404861744
249.999999999918    219.624198890422    0.872589691370767    0.00397310358229755
250.499999999917    220.060469614294    0.872542925817804    0.00396501437694437
250.999999999917    220.496793875873    0.872800926194174    0.00395833839963002
251.499999999916    220.933293413459    0.873191291203792    0.00395228477208134
251.999999999916    221.369951233119    0.873388821296464    0.00394538109816322
252.499999999915    221.806630856698    0.873286457599051    0.00393715216820209
252.999999999915    222.243207858597    0.873003193462367    0.00392814341492866
253.499999999914    222.679631886053    0.872705982927541    0.00391911004852978
253.999999999914    223.115935843176    0.872542460817042    0.00391071331377395
254.499999999914    223.552221360501    0.872650164857325    0.00390356293284193
254.999999999913    223.988629413069    0.873004237023914    0.00389753818893174
255.499999999913    224.425219269859    0.873320654568045    0.00389136594099936
255.999999999912    224.861901735992    0.873357264157442    0.00388397170625569
256.499999999912    225.298535869974    0.873148673542935    0.00387551863207338
256.999999999911    225.735034836327    0.872845095774667    0.003866679784144
257.499999999911    226.171392962886    0.872609902124475    0.00385817981086435
257.99999999991    226.607676592896    0.872572980337664    0.00385058879494738
258.49999999991    227.044013715162    0.872818061210395    0.00384426810876145
258.999999999909    227.480515921098    0.873183881311951    0.00383849965249251
259.499999999909    227.917164700613    0.873364014243616    0.0038319361132403
259.999999999909    228.353832072058    0.873264282334932    0.00382417178818953
260.499999999908    228.790400419698    0.872994885338792    0.00381569717845396
260.999999999908    229.226825850111    0.872719067698896    0.00380722921264704
261.499999999907    229.663139890355    0.872568631727275    0.00379934120966844
261.999999999907    230.099439578769    0.872675601401705    0.0037926020289283
262.499999999906    230.535854727233    0.873005133106653    0.00378685187230238
262.999999999906    230.972438188317    0.873296291184036    0.0037809545503954
263.499999999905    231.409106416057    0.873329665077279    0.00377396412182282
263.999999999905    231.845729310552    0.873134890421388    0.00376601670868754
264.499999999904    232.282226099656    0.872851909830718    0.00375772147739035
264.999999999904    232.718592434856    0.872635430706316    0.0037497452248066
265.499999999904    233.154891079648    0.8726034336254    0.00374259115725481
265.999999999903    233.59123989572    0.872831703998309    0.00373657721234734
266.499999999903    234.027740621871    0.873165509165897    0.00373103422203571
266.999999999902    234.464376307031    0.873331934453832    0.00372479584408253
267.499999999902    234.901028890247    0.873240091453516    0.00371748091346812
267.999999999901    235.33759056194    0.872992382766333    0.00370953225399222
268.499999999901    235.774019703881    0.872735487728219    0.00370157614831492
268.9999999999    236.210347093621    0.872601896318104    0.00369417304133698
269.4999999999    236.646661714872    0.872699685602058    0.00368777518042298
269.999999999899    237.083082113933    0.873000426234319    0.0036822552602669
270.499999999899    237.519656161358    0.873268631739679    0.00367661626769293
270.999999999899    237.956309024247    0.87329962527644    0.00366999987879057
271.499999999898    238.392921086446    0.873122641357843    0.00366253594015584
271.999999999898    238.829417429175    0.872861170401287    0.00365474730791962
272.499999999897    239.265793581088    0.872662894514506    0.00364725304630208
272.999999999897    239.702107378751    0.872631658990328    0.00364048388448873
273.499999999896    240.138466196854    0.872836912944574    0.00363472344421932
273.999999999896    240.574962692317    0.873144177514351    0.00362940585230832
274.499999999895    241.011584174689    0.873301486736259    0.00362348345091693
274.999999999895    241.448223792081    0.873221595056464    0.00361659978831911
275.499999999894    241.884781437332    0.872996036033843    0.00360913998328589
275.999999999894    242.321217668814    0.87275866952978    0.00360166013494782
276.499999999894    242.757558465769    0.872630317964539    0.00359465766371838
276.999999999893    243.193884581671    0.872713818015458    0.00358855165916961
277.499999999893    243.630305219995    0.872986977835489    0.00358324460927467
277.999999999892    244.066868092319    0.873239070991097    0.00357786813841848
278.499999999892    244.503507254872    0.873277224147155    0.00357163475465751
278.999999999891    244.940112078016    0.873118253844137    0.00356461931219351
279.499999999891    245.376612129349    0.872879839348276    0.00355730658995382
279.99999999989    245.813000483068    0.872691251506249    0.0035502241532842
280.49999999989    246.249327608604    0.872653900433869    0.00354378186088244
280.999999999889    246.685691221604    0.872834330394158    0.00353824466296291
281.499999999889    247.122180902707    0.873121119006398    0.00353315560674074
281.999999999889    247.558788816104    0.873274356712791    0.00352754333986297
282.499999999888    247.995417681394    0.873208069758406    0.00352106534032915
282.999999999888    248.431973920122    0.873001978999221    0.00351404839410854
283.499999999887    248.868417632644    0.872783152294599    0.00350700647593991
283.999999999887    249.304772429288    0.872658531432368    0.00350036833602889
284.499999999886    249.741109507598    0.872727317223491    0.00349452806926423
284.999999999886    250.177530784994    0.872976658119466    0.00348942870840672
285.499999999885    250.614083475675    0.873211514190957    0.00348428748329187
285.999999999885    251.050709059597    0.873253976930153    0.0034783967757002
286.499999999884    251.4873059247    0.873110873272489    0.00347178904343552
286.999999999884    251.923807305837    0.872891270801088    0.00346490186908534
287.499999999884    252.360204899543    0.872714851012912    0.00345821105732703
287.999999999883    252.796544096663    0.872675037637303    0.00345208452416033
288.499999999883    253.232914941135    0.87283972886263    0.00344678624840506
288.999999999882    253.669400080414    0.873101503133245    0.00344188736543102
289.499999999882    254.105995879653    0.873248854827768    0.00343655352092262
289.999999999881    254.542613935749    0.873193175621667    0.0034304400434973
290.499999999881    254.979167328539    0.873006442227224    0.00342383439154604
290.99999999988    255.415617356187    0.87280110738424    0.00341717987497642
291.49999999988    255.851982989565    0.872681509385127    0.00341088429015897
291.999999999879    256.288329394467    0.872737136367961    0.003405294101491
292.499999999879    256.724749500408    0.872962427283915    0.00340038281849615
292.999999999879    257.16129175012    0.873187587883791    0.00339548608556631
293.499999999878    257.597906462631    0.873236367471959    0.00338992028104327
293.999999999878    258.034498680663    0.873111311573147    0.00338369991624139
294.499999999877    258.471004041005    0.872905958915194    0.00337719103987661
294.999999999877    258.907411943152    0.872739202769103    0.00337085445418121
295.499999999876    259.343762961313    0.872693855377168    0.00336500807041714
295.999999999876    259.780137361134    0.872834142950623    0.00335989560948322
296.499999999875    260.216614522203    0.873076916932265    0.00335519282093253
296.999999999875    260.653197382307    0.873225223361418    0.00335014199760855
297.499999999874    261.089807638767    0.87318607685585    0.0033443897513761
297.999999999874    261.526361569587    0.873016539752026    0.00333815885523928
298.499999999874    261.962820720696    0.872824595346321    0.00333186439566141
298.999999999873    262.399198759355    0.872706161934776    0.00332587205319605
299.499999999873    262.835552903897    0.872743708166372    0.0033204933599127
