#t    <phi>    <pi>    <phi^2>    <pi^2>    rms(phi)    rms(pi)
0    1.00000000000001    0.707107175690106    1.00000000000003    0.500000557912751    1.12501299906831e-07    5.5827883304353e-07
0.3535535    0.732695145025103    0.788437961799652    0.536842175543361    0.621634419606938    7.08402246099174e-08    3.8584281381503e-07
0.707106999999999    0.458970306500097    0.734747747950863    0.210653742248796    0.539854253118932    5.56400976733902e-08    2.59649356924743e-07
1.0606605    0.226071779146905    0.575066290253456    0.0511084493266491    0.330701238185913    4.66443511451708e-08    2.01953931348738e-07
1.414214    0.0507680235036382    0.425263183309291    0.00257739221046772    0.180848775078376    4.19505946190266e-08    1.57559004162508e-07
1.76776750000001    0.081388369396358    0.329647805889077    0.00662406667299934    0.108667675927504    3.62592659020024e-08    1.45587655531774e-07
2.121321    0.183404371138503    0.241558920471319    0.0336371633527106    0.0583507120592867    2.97327258940997e-08    1.32777669181205e-07
2.4748745    0.243146212822395    0.0802711212572481    0.0591200808098745    0.00644345290791334    3.05509303341996e-08    1.32318345202904e-07
2.82842799999999    0.233717919249459    0.129286304975566    0.0546240657782974    0.0167149486542485    2.84898934690147e-08    1.16047706202136e-07
3.18198149999998    0.164145653226494    0.240378297853457    0.0269437954731531    0.0577817260789359    2.45984226760984e-08    1.02176848641712e-07
3.53553499999997    0.0774253654147153    0.238690816942839    0.00599468720960267    0.0569733060928484    2.20708309586953e-08    9.17905261875595e-08
3.88908849999997    0.00145803398822287    0.207572043883322    2.1258631112554e-06    0.0430861534019063    2.10313524930083e-08    8.13186818245117e-08
4.24264199999997    0.0699407160016088    0.179361815135391    0.00489170375481813    0.0321706607286684    2.07036281450282e-08    7.82828996838206e-08
4.59619549999999    0.125370437724154    0.125717505560252    0.0157177466551465    0.0158048912042979    1.97054528684468e-08    7.69853117505766e-08
4.949749    0.151189259075454    0.0110115086248861    0.0228581920597851    0.000121253322202088    1.39829480058337e-08    7.83949621206627e-08
5.30330250000002    0.132245890691197    0.109908234277566    0.0174889756047083    0.012079819962017    1.54726152115147e-08    6.90386462405995e-08
5.65685600000003    0.0828587621535184    0.156200387692362    0.00686557446561358    0.0243985611152484    1.56178424655738e-08    6.39458247653315e-08
6.01040950000005    0.0279721807525277    0.150303813588784    0.000782442896052285    0.0225912363793355    1.43616982947518e-08    5.82418594637244e-08
6.36396300000006    0.0226845803777079    0.136506929189379    0.000514590186912884    0.0186341417167174    1.40095281949706e-08    5.60130363526107e-08
6.71751650000007    0.0680720821982722    0.117386754525638    0.00463380837480851    0.0137796501380654    1.38605343475151e-08    5.5463379947789e-08
7.07107000000009    0.101472709729369    0.0630964530826362    0.0102967108198209    0.00398116239161238    1.26757020329077e-08    5.53684606507963e-08
7.4246235000001    0.107574510934175    0.0311261709758746    0.011572275402727    0.000968838519622439    8.15898597279814e-09    5.53507309373694e-08
7.77817700000012    0.0825924712704371    0.100656701880723    0.00682151631055809    0.0101317716335073    1.02443291338395e-08    5.04676449950687e-08
8.13173050000013    0.0431031877120776    0.115831563486457    0.00185788479094273    0.0134169510997192    1.18173839403211e-08    4.4716664144247e-08
8.48528400000015    0.00316242350551858    0.109171736867848    1.00009224283757e-05    0.0119184681307445    1.09217742071599e-08    4.28580901667466e-08
8.83883750000016    0.0340161286046276    0.100711904583613    0.00115709700524668    0.0101428877248605    1.07139438816952e-08    4.1443617243038e-08
9.19239100000018    0.0664855245138723    0.0783417380497557    0.00442032496988481    0.00613742792065841    9.58135208508153e-09    4.33168100843387e-08
9.54594450000019    0.0848554690689508    0.0191345054684575    0.00720045063091176    0.000366129299524284    9.35347564153179e-09    4.30690269513338e-08
9.89949800000021    0.0782309307696192    0.0536663171115102    0.006120078529081    0.0028800735923149    6.23021612413322e-09    4.15240101110805e-08
10.2530515000002    0.0516836070328404    0.0887529839682434    0.00267119523592514    0.00787709216326873    8.67065744852584e-09    3.83018704791192e-08
10.6066050000002    0.019438498898307    0.090717568754903    0.000377855239419569    0.0082296772808018    9.27151407315972e-09    3.53223287723942e-08
10.9601585000002    0.0117391803788174    0.0856061061353616    0.000137808355966491    0.00732840540765997    8.93452756666936e-09    3.42148830910362e-08
11.3137120000003    0.0407813756421557    0.0770117795124801    0.00166312059926668    0.00593081418368008    7.93128656719701e-09    3.50301556668012e-08
11.6672655000003    0.0636009755592945    0.0465852851150412    0.00404508409209405    0.00217018878925091    8.31304700740995e-09    3.51323045655829e-08
12.0208190000003    0.0700325750716263    0.012893867913074    0.004904561571163    0.000166251829761028    5.68056854751512e-09    3.50717097798017e-08
12.3743725000003    0.0557925941141474    0.0620470189232841    0.00311281355798603    0.00384983255726748    5.55244527830865e-09    3.31208305031321e-08
12.7279260000003    0.0305112652529031    0.0761276089845965    0.000930937307333067    0.00579541284971259    7.31855671044205e-09    3.13217818555004e-08
13.0814795000003    0.00382942308385255    0.0739468624184529    1.46644811552025e-05    0.00546813846153443    7.72715141074851e-09    2.87715167339188e-08
13.4350330000004    0.0216531382572724    0.0699360819280871    0.000468858396388607    0.00489105555545293    7.29683415099356e-09    2.8569419502306e-08
13.7885865000004    0.0446291942920361    0.0569919494475073    0.00199176498315634    0.00324808230182811    6.3582169956549e-09    2.97895240836778e-08
14.1421400000004    0.0587797530199021    0.0182397946049018    0.00345505936508073    0.000332690107229913    6.06357932375094e-09    3.01255361569521e-08
14.4956935000004    0.0558215867768193    0.0336497865853197    0.00311604955028202    0.0011323081372384    7.08859602381755e-09    2.89238300413878e-08
14.8492470000004    0.0380457687769488    0.0614639601069124    0.00144748052182908    0.00377781839202489    5.4869464791677e-09    2.7588341033653e-08
15.2028005000004    0.0152980797711747    0.0648895069162124    0.000234031244685265    0.00421064810782982    6.48592446658734e-09    2.53638420454843e-08
15.5563540000004    0.00720596367514668    0.0623162514276061    5.19259124875747e-05    0.00388331519198922    6.42406924984924e-09    2.4566355782032e-08
15.9099075000005    0.028560495420486    0.0573785073507125    0.000815701898663646    0.00329229310579636    6.45435211718368e-09    2.44048196769035e-08
16.2634610000004    0.0459682944230231    0.0371044685743201    0.00211308409216176    0.00137674158818339    5.46573553687266e-09    2.59749591281104e-08
16.6170145000003    0.0519317361502659    0.00584195983851351    0.00269690521958085    3.41284947554968e-05    4.09498775967895e-09    2.63063259123396e-08
16.9705680000003    0.0424359616828096    0.0440505168228596    0.0018008108439449    0.00194044803236164    4.13027526959084e-09    2.45771889346766e-08
17.3241215000002    0.0239883702490239    0.056541591338653    0.000575441907204283    0.00319695155110778    5.3895502466869e-09    2.33911743635464e-08
17.6776750000001    0.00397611616387977    0.055889735281186    1.5809499748699e-05    0.00312366250980153    5.7497571269308e-09    2.19512602551851e-08
18.0312285    0.015404205456707    0.0535698103534217    0.000237289545752475    0.00286972458130202    5.91235749674601e-09    2.12587117712336e-08
18.384782    0.0332136544898054    0.0449773217306928    0.00110314684456819    0.00202295947006676    4.22604331781661e-09    2.25466552420377e-08
18.7383354999999    0.0448105834562683    0.0167932143222194    0.00200798838969121    0.000282012047272546    5.15336217514705e-09    2.34629601109833e-08
19.0918889999998    0.043529743268733    0.0234609073797759    0.00189483854904183    0.000550414175082923    4.74078398945089e-09    2.24009382312841e-08
19.4454424999997    0.0303901262629971    0.0466945233669123    0.000923559774280931    0.00218037851246357    5.1852288026505e-09    2.1229760902765e-08
19.7989959999997    0.0128662158026731    0.0504756989976879    0.00016553950908098    0.0025477961893056    5.07624234103498e-09    2.03728803601809e-08
20.1525494999996    0.00473552740884203    0.0489799789796661    2.24252198399195e-05    0.0023990383408489    5.04482094172677e-09    1.93607909318611e-08
20.5061029999995    0.0216255684796926    0.045782516951392    0.000467665212069898    0.00209603885840487    4.83076335847645e-09    1.94410870185998e-08
20.8596564999994    0.035756282894863    0.0310647585522707    0.0012785117664575    0.000965019223911295    4.74230874026006e-09    2.05095262873511e-08
21.2132099999994    0.0412548047294508    0.00221097691014984    0.00170195891326514    4.88841889765617e-06    5.0335988134521e-09    2.09863222038481e-08
21.5667634999993    0.0344244410701871    0.0336289660975808    0.00118504214299481    0.00113090736079261    4.52002089046137e-09    1.92599982543969e-08
21.9203169999992    0.0199988738013301    0.0448685020755433    0.000399954953321545    0.00201318247850339    4.17040451770684e-09    1.90203713083578e-08
22.2738704999991    0.00400107308663139    0.0449149316379118    1.60085858445881e-05    0.00201735108403859    4.69972140513781e-09    1.73069015912408e-08
22.6274239999991    0.0116340079502297    0.0434160948597493    0.000135350140986028    0.00188495729287107    4.60994033385957e-09    1.76686805195249e-08
22.980977499999    0.0261942825237191    0.0372758433202397    0.000686140436932431    0.00138948849523539    3.94688301990088e-09    1.80244518321662e-08
23.3345309999989    0.0360905695986308    0.0155335599386289    0.00130252921395363    0.00024129148436735    4.00613391489552e-09    1.93256836812889e-08
23.6880844999988    0.0357518963796771    0.0172920319121777    0.00127819809474317    0.00029901436765211    2.21052274204954e-09    1.84235171901996e-08
24.0416379999988    0.0254842732435593    0.0374222129075535    0.000649448182752407    0.00140042201889857    3.99837990834843e-09    1.7461954789575e-08
24.3951914999987    0.0112681879248099    0.0412779278174894    0.00012697205910885    0.00170386732490614    4.19775560418164e-09    1.64110967963293e-08
24.7487449999986    0.0031827273765104    0.0403426906246089    1.01297535532064e-05    0.00162753268683315    4.19594534234544e-09    1.5754279720782e-08
25.1022984999985    0.0171555476309208    0.0381233088598864    0.000294312814516808    0.00145338667842656    3.84909768284312e-09    1.64450018202383e-08
25.4558519999985    0.0290870460377399    0.0268866357475705    0.000846056247201609    0.00072289118182283    3.28881985413847e-09    1.71498118674003e-08
25.8094054999984    0.034199294111249    2.98289521235578e-05    0.00116959171770772    8.89766687611556e-10    3.07714031696089e-09    1.74017829715237e-08
26.1629589999983    0.029076998123046    0.0268162964798678    0.000845471819847631    0.000719113756896443    3.54779121042272e-09    1.65368016798706e-08
26.5165124999982    0.0173057969299922    0.0371108250404087    0.000299490607382143    0.00137721333518007    3.94963547258062e-09    1.57136873127389e-08
26.8700659999982    0.00399062764194447    0.0375399153807326    1.5925108976668e-05    0.00140924524679278    4.09349828964773e-09    1.48057750036679e-08
27.2236194999981    0.0091119578794279    0.0365011896267212    8.30277763964834e-05    0.00133233684416608    3.89904812091869e-09    1.49275682614039e-08
27.577172999998    0.0214384683446751    0.0319109238795384    0.000459607924965649    0.00101830706284594    3.50155447211481e-09    1.55881036839807e-08
27.9307264999979    0.0301200844085893    0.0145018100998032    0.000907219484780557    0.000210302496171018    3.96093877687932e-09    1.62515581203498e-08
28.2842799999979    0.0303781240338612    0.0131509314727707    0.000922830419816668    0.000172946998601758    3.45121721311834e-09    1.57490084877786e-08
28.6378334999978    0.0220688576870631    0.0310464432653062    0.000487034479611858    0.000963881639426119    3.58963527236176e-09    1.55309916450503e-08
28.9913869999977    0.0101381899456299    0.0348959806564005    0.000102782895373685    0.00121772946597209    3.59427432697814e-09    1.44511682175554e-08
29.3449404999977    0.00211692201271638    0.0342936918303178    4.48135880793903e-06    0.00117605729935299    3.98401902197168e-09    1.35836170766711e-08
29.6984939999976    0.0140337481861019    0.032682699652802    0.000196946088150934    0.0010681588565956    3.96621979503485e-09    1.82206014708589e-08
30.0520474999975    0.0243845819703983    0.0238182253719053    0.000594607837871109    0.000567307859867132    6.05713784260999e-09    1.61316183347321e-08
30.4056009999974    0.029181346044653    0.00141181700182096    0.00085155095697782    1.99322724694532e-06    5.83459330267015e-09    1.77370957912294e-08
30.7591544999974    0.0252486577284614    0.0220018586587888    0.00063749471708901    0.000484081784441626    3.94184891567687e-09    1.75038336050052e-08
31.1127079999973    0.0153644082103524    0.0315742272181665    0.000236065039654356    0.000996931824424671    3.41049012300744e-09    1.62557180549283e-08
31.4662614999972    0.00396962290440599    0.0322430274527188    1.57579060032034e-05    0.00103961281931699    4.32685545211548e-09    1.44951453594776e-08
31.8198149999971    0.00730627780239553    0.0314876635232805    5.33816953257965e-05    0.0009914729541558    4.34388943195897e-09    2.16198859000013e-08
32.1733684999971    0.0180012986275576    0.0279521110961055    0.000324046752278636    0.00078132051473021    1.13509467349583e-08    3.44142278975275e-08
32.5269219999972    0.0257696206010755    0.0136544154051381    0.000664073345923732    0.000186443060056705    1.89368805955751e-08    2.51196544686489e-08
32.8804754999974    0.026436195770032    0.0101737793757112    0.000698872446791664    0.000103505786787132    1.43981196642831e-08    3.85462662213242e-08
33.2340289999975    0.0195514518771725    0.0263825460079017    0.000382259270505436    0.000696038733860195    6.52846234827969e-09    3.38531730435608e-08
33.5875824999976    0.00929677554798879    0.0302056801998521    8.64300355897348e-05    0.000912383116336784    7.24284100085703e-09    3.23773292484001e-08
33.9411359999977    0.00134026871412322    0.0298214683811104    1.79632022616349e-06    0.000889319976406183    1.0294510772466e-08    2.48051849266106e-08
34.2946894999978    0.0117295821856207    0.0286151246866893    0.000137583098249527    0.000818825360849929    1.71849204959483e-08    1.2309449507032e-07
34.6482429999979    0.0208872265102188    0.0214619220692959    0.000436276231291971    0.000460614098916263    5.27576663764654e-08    8.79282793857625e-08
35.001796499998    0.025423277699707    0.00242773516488665    0.000646343048999857    5.89389803916342e-06    5.86123925087349e-08    9.13028988458534e-08
35.3553499999981    0.0223681022816859    0.0184087871929701    0.000500331999684966    0.000338883445929273    3.16706746145912e-08    1.14942522490092e-07
35.7089034999982    0.0138974644544814    0.027417903423545    0.000193139518263797    0.000751741428152361    1.48875941816337e-08    9.75653925114909e-08
36.0624569999983    0.00394634024631011    0.028253902257279    1.5573601340506e-05    0.00079828299276973    2.93102147499437e-08    7.65163958746603e-08
36.4160104999984    0.0059496599833251    0.0276852066837134    3.53984539180065e-05    0.000766470669148919    2.87482301399447e-08    1.70258321551695e-07
36.7695639999985    0.0153995809796161    0.0249044760760108    0.00023714709436069    0.000620232928736516    1.13739827192561e-07    3.40475898916633e-07
37.1231174999986    0.02245376784831    0.012946818656834    0.000504171690626662    0.000167620113383153    2.02149180719445e-07    2.24075166849569e-07
37.4766709999987    0.0234154666257124    0.00792619399169253    0.00054828407732435    6.2824551337803e-05    1.56518330493533e-07    3.79289196259971e-07
37.8302244999988    0.0176165167301864    0.0228134192478184    0.000310341661708966    0.000520452097895261    6.34703813637762e-08    3.44280131720134e-07
38.1837779999989    0.00864568229096402    0.0266102955857403    7.47478222810323e-05    0.000708107831273632    6.88730557841277e-08    3.36393912428301e-07
38.537331499999    0.000749186597833627    0.0263805513585847    5.61280570203079e-07    0.000695933490037694    1.08763749931757e-07    2.34030097437581e-07
38.8908849999991    0.00995838896158309    0.0254550905812312    9.91695107381502e-05    0.000647961638278666    1.67242949512757e-07    1.33415860308507e-06
39.2444384999992    0.0181810623837972    0.0195875383306367    0.000330551029725417    0.000383671658919223    5.67354486544244e-07    1.03201727599701e-06
39.5979919999993    0.0224974298909149    0.00317628001889337    0.00050613435211973    1.0088755660346e-05    6.50461076860501e-07    9.49697179979667e-07
39.9515454999994    0.020117538266508    0.0156152760314556    0.000404715346035657    0.000243836847103023    3.6227261485751e-07    1.25078823466209e-06
40.3050989999995    0.0127486993450954    0.0241758222526035    0.000162529335017273    0.000584470382780847    1.60111845176337e-07    1.09149782540098e-06
40.6586524999996    0.00392374157619663    0.0251401065844587    1.53957480610539e-05    0.000632024959826497    3.2292404325049e-07    8.65190536754709e-07
41.0122059999997    0.00489274455179007    0.0247000889218383    2.39389493548428e-05    0.000610094395633737    3.25225071958701e-07    1.69912222497721e-06
41.3657594999998    0.0133589473110367    0.0224764767461498    0.000178461474738163    0.000505192021377769    1.21618654413359e-06    3.80230910153361e-06
41.7193129999999    0.0198355676713071    0.0123406152551118    0.000393449749843699    0.000152290791487252    2.23622329035241e-06    2.5714886246317e-06
42.0728665    0.0210184967850562    0.00616414303486366    0.000441777210289399    3.79966763712336e-05    1.78493193916464e-06    4.1251636918185e-06
42.4264200000001    0.0160786321379524    0.0199808005051093    0.000258522411984672    0.000399232404398399    7.4637601965459e-07    3.94631741858625e-06
42.7799735000002    0.00812629627402509    0.0237609044236916    6.60366917016281e-05    0.000564580593715471    7.53919182009366e-07    3.83192674791605e-06
43.1335270000003    0.000283721565305874    0.0236488697736481    8.04994464756326e-08    0.000559269048475461    1.23282440639822e-06    2.62764014436304e-06
43.4870805000005    0.00855118704115853    0.0229119945743926    7.31228026738277e-05    0.000524959709709773    1.69143434836923e-06    1.46401084654307e-05
43.8406340000006    0.0160137503518785    0.0180356437862027    0.000256440238967455    0.000325284601656657    6.21571930636675e-06    1.24448328599031e-05
44.1941875000007    0.0201369902091883    0.00374098457127922    0.000405498428796401    1.39950732355514e-05    7.35604889001001e-06    1.03765602321793e-05
44.5477410000008    0.0182963976543646    0.0133579643663884    0.000334758185132607    0.000178435413033011    4.24334418527818e-06    1.41781278116394e-05
44.9012945000009    0.0118197158666833    0.0215515634195877    0.000139705686416008    0.000464470042539047    1.80191089880206e-06    1.25184079214021e-05
45.254848000001    0.00390315658707078    0.0226322647453446    1.52346445727777e-05    0.00051221951016135    3.63724947268331e-06    1.01320275210518e-05
45.6084015000011    0.00404235549661442    0.0222769393479987    1.63406521587335e-05    0.00049626232244219    3.76798681838701e-06    1.71967374195004e-05
45.9619550000012    0.0116954121852059    0.0204378235966418    0.000136782835603243    0.000417706513262208    1.30161968503533e-05    4.33577531605693e-05
46.3155085000013    0.0176722268435506    0.0117596100521033    0.0003123082157166    0.000138289321664747    2.47811761170118e-05    2.98845648880482e-05
46.6690620000014    0.0190207024020684    0.00471988417293563    0.000361787539529494    2.22794205319672e-05    2.04856398998568e-05    4.59774514191865e-05
47.0226155000015    0.0147989059822281    0.0176012268191893    0.000219007698044004    0.000309805301782441    8.93158308197807e-06    4.60026291936175e-05
47.3761690000016    0.00769715643030536    0.0214063316198215    5.92462855253368e-05    0.000458232930348238    8.27119976793746e-06    4.35537652725653e-05
47.7297225000017    9.80238445893373e-05    0.0214016675008884    9.80737808755612e-09    0.000458032265927025    1.40962399057893e-05    2.99016461504271e-05
48.0832760000018    0.00737683702221826    0.020663637596845    5.44179852461081e-05    0.000427009235703624    1.61491095141751e-05    0.000152698951785085
48.4368295000019    0.014141388790794    0.0165046600013837    0.000199983041854532    0.00027242446182277    6.45362079691869e-05    0.000143736082782149
48.790383000002    0.0180390567450234    0.00411239002561283    0.000325413866445407    1.69247085583831e-05    7.93611695611916e-05    0.000113828096809124
49.1439365000021    0.0166647044702144    0.0113106816160529    0.000277714729655161    0.000127956858678583    4.85239690797363e-05    0.000159185611363519
49.4974900000022    0.0110005929944751    0.0191712224831442    0.000121013457077776    0.000367554362153725    2.02693779305235e-05    0.000136347554106565
49.8510435000023    0.00388300882975365    0.020485440922932    1.50793547121958e-05    0.000419668917572034    3.99642371504143e-05    0.00012501105990721
50.2045970000024    0.00331467111952647    0.0201454610147344    1.09889244149533e-05    0.000405864188355342    4.33564796825154e-05    0.000156808351686053
50.5581505000025    0.0101600973694476    0.0182319663082521    0.000103238050601942    0.000332571463924603    0.000102333011708787    0.000408495360271209
50.9117040000026    0.0155210977192025    0.0107573866823941    0.000240946016470476    0.000115800608975154    0.000203818697478536    0.00028149731899899
51.2652575000027    0.01693323200553    0.00334211264193801    0.000286766159604062    1.13576199814732e-05    0.000178363255623004    0.000433477877257052
51.6188110000028    0.0134632328265797    0.0149767396056325    0.000181267092447161    0.000224465384237803    9.1947291797218e-05    0.000403305123797393
51.9723645000029    0.00726570595771922    0.0189982579675048    5.27961404664829e-05    0.000361067960233428    7.52157061146561e-05    0.000366270983790902
52.325918000003    0.000417215595357281    0.019409325986801    1.93104053233499e-07    0.000376828206786223    0.000137968113070263    0.000325993135378525
52.6794715000031    0.00635430890801602    0.0185590093913051    4.03918889395804e-05    0.000344838835686482    0.000121025786874694    0.00063403950975594
53.0330250000032    0.0124065833455206    0.0147789531831665    0.000153961364368877    0.000218798087079108    0.000195074497377187    0.000616952096099566
53.3865785000033    0.0159884612238845    0.00427623888465077    0.000255677182669601    1.8733935034301e-05    0.00021515195082452    0.000669115861194323
53.7401320000034    0.015026117133497    0.00924443557627942    0.00022581227211021    8.58663351766976e-05    0.000167558946754961    0.000637766456249399
54.0936855000036    0.0101822591804859    0.0168559203283825    0.000103697101785995    0.000284541952239878    0.000136747092861672    0.00064799855177337
54.4472390000037    0.00384719262822183    0.0185882104392961    1.48358548444812e-05    0.000345891210391477    0.00018698589742748    0.000607982776006689
54.8007925000038    0.00272811459106906    0.018472574007011    7.48674504057761e-06    0.000341606531952464    0.00021008526500848    0.000608721207092634
55.1543460000039    0.00906448416591437    0.0169579197396843    8.21985432207301e-05    0.000288223687014563    0.000183493941637585    0.000807864541237448
55.507899500004    0.0141440480756981    0.0105469850142932    0.000200103533422404    0.000111732245425435    0.000222345350176354    0.000702390584867094
55.8614530000041    0.0156930752164591    0.00237962222695276    0.000246306785215828    6.34773677719099e-06    0.000184866076892548    0.000827728720163408
56.2150065000042    0.0126796493835153    0.0135239067757239    0.000160807813249081    0.000183423758140648    0.000185215442662728    0.000726432145611534
56.5685600000043    0.0070184028206952    0.0174573610524541    4.92938174424711e-05    0.000305293411156635    0.000189312675034432    0.000730723094539566
56.9221135000044    0.00072055978838126    0.0179031841187071    5.67269390080379e-07    0.000320916347241025    0.000219232710717023    0.000626375009639386
57.2756670000045    0.00554309779923718    0.0172909396635036    3.07618308450141e-05    0.000299595840824353    0.000189466707117744    0.00078692209108077
57.6292205000046    0.0112441639647182    0.0141798036265779    0.000126479913780446    0.000201587052815512    0.000220659273493807    0.000721264117505463
57.9827740000047    0.0147939220108485    0.00473584890156963    0.000218902943899769    2.31311493867534e-05    0.000206918913349845    0.000838382113510977
58.3363275000048    0.0141499625817851    0.00806304921888989    0.000200262743869407    6.55844650953965e-05    0.000203230911747059    0.00075611003772979
58.6898810000049    0.00976609533397344    0.0154903540212535    9.54104586186947e-05    0.000240559257277767    0.000183958001828747    0.000779865099874739
59.043434500005    0.00390626740752596    0.0171700206820681    1.53034486297548e-05    0.000295283061993099    0.000211006091512002    0.000688078317091724
59.3969880000051    0.002162798518084    0.0170457301036484    4.72421886235494e-06    0.000291021155989557    0.000215688276289226    0.000681352495504881
59.7505415000052    0.00798350987579905    0.0155902102570844    6.37763338742836e-05    0.000243745315733723    0.000199759698894897    0.000831059488619246
60.1040950000053    0.012705754922627    0.0100666784700999    0.000161500427427158    0.000101919631562419    0.000253415219152095    0.00076263762170893
60.4576485000054    0.0143412933326422    0.00146898391251525    0.000205725397923443    2.73390064786131e-06    0.000229572364531091    0.000758938016331181
60.8112020000055    0.0118380483324937    0.0118234824997906    0.000140182340817729    0.000140422862413263    0.000207249837809426    0.000792542737275216
61.1647555000056    0.00677600028930676    0.0158333617433919    4.59560221297329e-05    0.000251261317962503    0.000204553682556901    0.000752312345636389
61.5183090000057    0.00100379141535083    0.0165181642161937    1.05679530421777e-06    0.000273397603530151    0.000221806444193476    0.000740171910442544
61.8718625000058    0.00477903273948722    0.0159508016547006    2.28926780305184e-05    0.00025504017194808    0.000231352772682063    0.000782367254222556
62.2254160000059    0.0100507205025747    0.013236139320234    0.000101069453033059    0.000175961887253222    0.000229064209739025    0.000875501655382857
62.578969500006    0.0134546509843509    0.00498830286403886    0.000181090026985971    2.56276639762285e-05    0.00024978766037501    0.000862843272472023
62.9325230000061    0.0131202843800794    0.00669743395077284    0.00017219088941949    4.56544765583255e-05    0.000221420878271405    0.000893786906013333
63.2860765000062    0.00928390265162144    0.0139197401801562    8.62377444702332e-05    0.000194455943058154    0.000216554901698292    0.000834731319108242
63.6396300000063    0.00394912775070227    0.0157891124825498    1.56496139974681e-05    0.000249894999426492    0.000232387620370089    0.000773903378906616
63.9931835000064    0.00166112804561648    0.0157798233028417    2.81367333340308e-06    0.000249622640476561    0.000233081422403082    0.000787284578570496
64.3467370000062    0.00703648359121011    0.0143966351928928    4.95696519031756e-05    0.000208016616609804    0.000239897006664312    0.000868050535721034
64.7002905000059    0.011446262825662    0.00964461140252186    0.000131087275395601    9.3857644038084e-05    0.000265222022970732    0.00091603216779177
65.0538440000057    0.0131551762465158    0.000938567711436654    0.000173127647087206    1.21630384476238e-06    0.000262649976800629    0.000579132537344385
65.4073975000054    0.0111043341098907    0.0103250236725258    0.000123356994419524    0.000107467541635423    0.000225296239295739    0.000928131346957671
65.7609510000052    0.00657485956442358    0.0144010174695903    4.32871718624108e-05    0.000208036837845595    0.00024164761641386    0.000804694778254766
66.1145045000049    0.0012753067821618    0.015293071832201    1.68716443865068e-06    0.000234589542902489    0.000246489452153205    0.000843502719395962
66.4680580000047    0.0040830091801701    0.014743584568719    1.67391573779341e-05    0.000218104722452963    0.000261138684573671    0.000855240619938787
66.8216115000044    0.00895314009814391    0.0123259685507395    8.02232232385266e-05    0.000152915716101099    0.000253979569127568    0.000993083776567315
67.1751650000042    0.0121976540255296    0.00514787720858306    0.000148863152917117    2.73383188043228e-05    0.000283529876023908    0.000915248080945157
67.5287185000039    0.0121405143971941    0.00543724957967343    0.000147449461160063    3.05983737651464e-05    0.000239523133719691    0.00101719750957596
67.8822720000037    0.00882922624792506    0.0123895391271279    7.80175022700849e-05    0.00015431125586114    0.000249531827701548    0.000900319986730311
68.2358255000034    0.00399447496699246    0.0144917357855501    1.6021514582905e-05    0.00021083991296499    0.000256289525684483    0.000910772686677468
68.5893790000032    0.00120485131471363    0.0146653776160692    1.53079224671961e-06    0.000215781751346034    0.000281292652147964    0.000841695149165967
68.9429325000029    0.00619270739495587    0.0133394331909596    3.84189852546068e-05    0.000179011800618791    0.000263363579611383    0.00103504722728842
69.2964860000027    0.0103228857825989    0.00924324665208485    0.000106656740632879    8.6448736822359e-05    0.000307846962460944    0.00100554868160681
69.6500395000024    0.012091511189579    0.000981622144736785    0.000146299010685974    1.33045745026297e-06    0.000307193486683824    0.000605702414742858
70.0035930000022    0.0104463566436174    0.00895836268793655    0.000109204207372424    8.13114492222151e-05    0.000278998650132284    0.00102916819500082
70.3571465000019    0.00639821451294404    0.0131454363898198    4.10097427632693e-05    0.000173733316459177    0.000269432384136773    0.000964789396903941
70.7107000000017    0.00153068322772308    0.014207557432253    2.42375267638076e-06    0.000202767948311545    0.000284185736355654    0.00095564644130439
71.0642535000014    0.00345801933221488    0.0137016755780912    1.20491984581981e-05    0.000188859864418301    0.000302160149964008    0.0010601654451259
71.4178070000012    0.00798454749373976    0.0115606432033653    6.38665383936892e-05    0.000135242678716368    0.000336956546016361    0.00126261927787072
71.7713605000009    0.0110920854394561    0.00525319400916322    0.000123259967852077    2.87983159992786e-05    0.000474982584821876    0.00109648014180387
72.1249140000007    0.0112706107587038    0.004368700163218    0.000127214130156467    2.05381964724394e-05    0.000432970301818728    0.00120526153026569
72.4784675000004    0.00841610927107083    0.0110229011734719    7.09490341828009e-05    0.000122853631580131    0.000343713427431231    0.00116158568345279
72.8320210000002    0.0040287995378178    0.0132885029219052    1.63318564350684e-05    0.000177847918672291    0.000317223453022431    0.00112410353918464
73.1855744999999    0.000795027590776654    0.0136311975269039    7.44829911881876e-07    0.000186967327140718    0.000335799109268838    0.00107600238068881
73.5391279999996    0.00538904277672871    0.0122658215437142    2.91828315970897e-05    0.000152776053971342    0.000375565636976772    0.0015250166651874
73.8926814999994    0.00920494473439634    0.00866840305141295    8.5094325882556e-05    7.74381284321924e-05    0.000602758923007506    0.00151555830321602
74.2462349999991    0.0109723382694811    0.00144663718467833    0.000120934451428076    3.11063026791148e-06    0.000736372411322102    0.00100889599256685
74.5997884999989    0.00969969856869757    0.00760054631574466    9.44408087073949e-05    6.00742316692695e-05    0.000597207153173093    0.00151852802789075
74.9533419999986    0.00615270825519505    0.0118418981025478    3.80429571858535e-05    0.000142342479440446    0.000432594859317779    0.00145324766276135
75.3068954999984    0.00174486855172883    0.0130079059190893    3.19330498625308e-06    0.000171080615734459    0.000385666596221145    0.00136930615078639
75.6604489999981    0.00283673470008631    0.0124901041564069    8.20547766050792e-06    0.000158610315649206    0.000398012439295729    0.00161481076641017
76.0140024999979    0.00687493346771508    0.010378439869435    4.76821182663975e-05    0.000111442207965439    0.000646071266106636    0.00193137097471241
76.3675559999976    0.0096614022903108    0.00505037498993241    9.43307838027534e-05    2.8382159288216e-05    0.000994026955132833    0.00169583954113626
76.7211094999974    0.00998260855472062    0.00344998600229492    0.000100745404396574    1.44870563144902e-05    0.00104543332632595    0.00160768557201318
77.0746629999971    0.00766639551531912    0.00938764265913574    5.9385240428233e-05    9.18875503450248e-05    0.000782061526305928    0.00193899862026758
77.4282164999969    0.00386880045149968    0.0118335285868933    1.52820107133047e-05    0.000143263468407815    0.000560708284030693    0.00179751761910555
77.7817699999966    0.000586443645542886    0.0123230392004365    5.0194901378116e-07    0.000155000980773951    0.000397533475802391    0.00177304417273118
78.1353234999964    0.00453754268733896    0.0108039876107389    2.08879247096593e-05    0.00012206962598901    0.000546471472481461    0.00231159635230977
78.4888769999961    0.00784509556825539    0.00766731807015598    6.25425383037054e-05    6.38374722439644e-05    0.00099850579800276    0.00224715505807318
78.8424304999959    0.00943415491937941    0.00233523347582611    9.08525082907379e-05    8.1215462389781e-06    0.00135986368724483    0.00163347202374549
79.1959839999956    0.00851680748913205    0.00621742115427869    7.41866542579529e-05    4.32607354092263e-05    0.00128477408559529    0.00214578880590662
79.5495374999954    0.00559969285114427    0.0101666587381367    3.22199805004778e-05    0.000108765645222004    0.000929204215079482    0.00232480006113906
79.9030909999951    0.00182009098364836    0.011502124405782    3.68686366134968e-06    0.000137033069937923    0.000611663692392842    0.00217582262416716
80.2566444999949    0.00224865409051114    0.0110922837950749    5.35644096929875e-06    0.000128904889566472    0.000547718678270404    0.00242200945002102
80.6101979999946    0.00571827195107994    0.00907316033702142    3.35340546080199e-05    8.8990040041214e-05    0.000914013403354809    0.00258220865537921
80.9637514999944    0.00811201810102908    0.00495691813826237    6.79060896493942e-05    2.97308270829056e-05    0.00144956958369397    0.00227151703790023
81.3173049999941    0.0085212753350179    0.00311559373866032    7.52997917780341e-05    1.39552340489147e-05    0.00163940795497935    0.00206114281517204
81.6708584999939    0.00674874418327221    0.00780225752835198    4.73648579668386e-05    6.73030868085204e-05    0.00134881796977505    0.00253532330675898
82.0244119999936    0.00361660197324223    0.010223072035387    1.39099034679416e-05    0.000111196780117123    0.000911094745392617    0.00258564852143721
82.3779654999934    0.000637468689042948    0.0108250246780673    5.94713737197085e-07    0.000123674236186969    0.000433990100908937    0.00254815166467808
82.7315189999931    0.00363957717351925    0.00956285241063574    1.37875769771467e-05    9.94061993131557e-05    0.000735564392248753    0.00282100214206827
83.0850724999928    0.00646931972439131    0.00701522453422037    4.35558623785365e-05    5.64091641712824e-05    0.00130528337235175    0.00268249676714718
83.4386259999926    0.00793103294646142    0.00314466206575013    6.58401534096044e-05    1.43198469811802e-05    0.00171431321868202    0.00210498158505302
83.7921794999923    0.0073984029530938    0.0050594496439015    5.74105434036275e-05    3.17319251920063e-05    0.00163529115061523    0.00247667004117044
84.1457329999921    0.0051307537592022    0.00849385260233317    2.78364345880316e-05    8.01726232978526e-05    0.00122955294740164    0.00283321218190423
84.4992864999918    0.00200277106627934    0.00998841345571224    4.64962488133003e-06    0.000107438341409382    0.000799082559817419    0.00276946529986001
84.8528399999916    0.00156985948395424    0.00988483034771135    2.91884920720322e-06    0.000106190406010348    0.000674084866943436    0.00291213581539602
85.2063934999913    0.00458997306037212    0.00817624276350814    2.20114662054269e-05    7.55815166520715e-05    0.000971397709738464    0.00295475395325097
85.5599469999911    0.00675903988352334    0.00518853958010022    4.79737578433034e-05    3.36855600548665e-05    0.00151298965503542    0.00260088774855817
85.9135004999908    0.0073752073443364    0.00316049320762021    5.75834134885938e-05    1.44471891031687e-05    0.0017859815555151    0.00211150936245974
86.2670539999906    0.00616845544336472    0.00627020460552894    4.0536312424212e-05    4.72081879785482e-05    0.00157685442176381    0.00280939890071736
86.6206074999903    0.00366186927063126    0.00872080000594952    1.47418938805874e-05    8.48413954769449e-05    0.00115438612491396    0.00296463197263602
86.9741609999901    0.000924928879028496    0.0095842474134651    1.14922141660595e-06    0.000100751289120353    0.000541966775130215    0.00298219560690445
87.3277144999898    0.00266477135688388    0.00877454955097992    7.67995348967205e-06    8.69342855444824e-05    0.000760885737284727    0.00315302485272166
87.6812679999896    0.00521433617304221    0.00680781047253658    2.86996419084085e-05    5.52065045521853e-05    0.0012289589834132    0.00297661235672478
88.0348214999893    0.00670885912073682    0.00390349493199377    4.79112695569878e-05    2.08293443455343e-05    0.00170366629804494    0.00236475615263672
88.3883749999891    0.00660528275788286    0.00408843698439821    4.68723676491972e-05    2.25949810389775e-05    0.00180072411479729    0.0024248018606852
88.7419284999888    0.00494462340117421    0.00703819922070799    2.66832470469081e-05    5.83194966982026e-05    0.00149463924325185    0.00296365457296023
89.0954819999886    0.00236600855482834    0.00871998435493041    6.64178170868072e-06    8.56054728109514e-05    0.00102165807742112    0.00309311261688291
89.4490354999883    0.000968291000011936    0.00899029352729798    1.30715015061155e-06    9.07968576825809e-05    0.000607916680070083    0.00315776502856135
89.8025889999881    0.00349940767211025    0.00769235309822819    1.31309062549221e-05    6.92320622668686e-05    0.000940772129316126    0.00317171342952792
90.1561424999878    0.00556470430913897    0.00550462160285297    3.31579461728995e-05    3.83866411277967e-05    0.00148054453656408    0.00284355097320255
90.5096959999876    0.00643017633943214    0.0034132523823864    4.4816541270792e-05    1.62036318644526e-05    0.00186262543593689    0.00213385567426342
90.8632494999873    0.00575223094282965    0.00507613233490185    3.62851520308446e-05    3.32160420625375e-05    0.00178801320218777    0.00272927143778361
91.2168029999871    0.00381597096410101    0.00741924246771535    1.6489234539101e-05    6.44455411890034e-05    0.00138838040184922    0.00306600430434342
91.5703564999868    0.0013887450629604    0.00851569057702902    2.51489440026447e-06    8.2796064690597e-05    0.000765690244398867    0.00320610023032596
91.9239099999865    0.00172026691990559    0.0082032207124141    3.59298898443828e-06    7.80942563469029e-05    0.000796034364030097    0.00328655234102899
92.2774634999863    0.00406735300143569    0.00675904674653237    1.78803799862086e-05    5.5573363123738e-05    0.00115629561441728    0.00314462242597236
92.631016999986    0.0056502082329836    0.00453274730992277    3.48664957046074e-05    2.71498415679069e-05    0.00171512175326761    0.0025698333394006
92.9845704999858    0.00595944460697305    0.00363882204891366    3.9431904957256e-05    1.83135716489828e-05    0.00197912226344807    0.00225223128149011
93.3381239999855    0.00486900275115695    0.00575397230786532    2.68946757231403e-05    4.13878306794043e-05    0.00178535372751908    0.00287743520513031
93.6916774999853    0.00282103720724731    0.00754409361698522    9.5736390478031e-06    6.67751035335978e-05    0.00127097919854315    0.00314034313917456
94.045230999985    0.000903637758743136    0.00813971033387964    1.10833193402023e-06    7.69893370406433e-05    0.000540158064823544    0.00327634746649012
94.3987844999848    0.00238799380225253    0.00747243338109659    6.52113967809422e-06    6.63574209877063e-05    0.000904779132439358    0.00324347966739113
94.7523379999845    0.00440676053324145    0.00594222668854996    2.14740491201478e-05    4.43897555683227e-05    0.00143335645350813    0.00301325364850144
95.1058914999843    0.00555585252799586    0.00391199379100135    3.47287425290954e-05    2.05886571730487e-05    0.00196500514407913    0.0022989044678315
95.459444999984    0.00542658713772998    0.0040960374868148    3.37610800189288e-05    2.25405941980927e-05    0.00207683221651446    0.00240063972821841
95.8129984999838    0.00407488504031583    0.00619741763090359    1.95004683732939e-05    4.69714514924956e-05    0.00170169923356161    0.00292634006920947
96.1665519999835    0.00202041708651986    0.00752383546921975    5.15787155573835e-06    6.67953483196052e-05    0.00103720121106608    0.00319174688089705
96.5201054999833    0.000898715058311895    0.00775256113857625    1.13697796188056e-06    7.06701199068241e-05    0.000573837264251812    0.00325083307776045
96.873658999983    0.00287842852920542    0.00682899998185215    9.3258488297642e-06    5.67147934281592e-05    0.00102004805378007    0.00317483112559116
97.2272124999828    0.00458436936496144    0.00517463091975209    2.38562404554532e-05    3.42704563706587e-05    0.00168517001547506    0.0027374534178693
97.5807659999825    0.00534466509670906    0.00358386404603284    3.29890822610859e-05    1.7562071671513e-05    0.00210324446156548    0.00217209349961418
97.9343194999823    0.00486638303366778    0.00458293763715627    2.77604610191206e-05    2.72863870058448e-05    0.0020195982741008    0.00250660519822754
98.287872999982    0.00335055019736866    0.0064227865817619    1.34075503616277e-05    5.01822030720393e-05    0.00147694405328724    0.00298831316919406
98.6414264999818    0.00135535243394767    0.00737581509611155    2.36688556451595e-06    6.4568880604396e-05    0.00072794597622906    0.00318845295909615
98.9949799999815    0.00126129309742355    0.00730902426668482    1.99042132827464e-06    6.36044439757757e-05    0.000632108416860865    0.00319101993801169
99.3485334999813    0.00321859654786854    0.00624250374660504    1.18844479630772e-05    4.79028475021399e-05    0.00123494300480867    0.00298897883494714
99.702086999981    0.00463809945825127    0.0045218719058918    2.50285763673619e-05    2.67507100598328e-05    0.00187526259034066    0.00251065420289997
100.055640499981    0.00506198500760869    0.00347125480283582    3.01909003280377e-05    1.64760199541871e-05    0.00213710273753571    0.00210390352629971
100.409193999981    0.00432019187154059    0.00497291231497541    2.20890867437772e-05    3.15890327044375e-05    0.00185068337023161    0.00261900282779599
100.76274749998    0.00271354867728378    0.00651457657971297    8.78332272600904e-06    5.1467765922971e-05    0.0011916275852885    0.00300467267934899
101.11630099998    0.00083264454511056    0.00717080606561656    9.23457284694153e-07    6.11737676238493e-05    0.000479750295666174    0.00312302865711574
101.46985449998    0.00167812284621228    0.00683392751183342    3.32907093265425e-06    5.64742262666214e-05    0.000716222483362988    0.00312596561555428
101.823407999979    0.00346658462760051    0.00567940346190804    1.40751191227229e-05    4.03186881160006e-05    0.00143454178830969    0.00283955356224664
102.176961499979    0.00462147100813285    0.0039717757132318    2.52494997351327e-05    2.10126521112549e-05    0.00197268990368994    0.00228859122497596
102.530514999979    0.00475665368802285    0.0036786433293437    2.67568662680496e-05    1.82785915195774e-05    0.00203251370481682    0.00217857172823217
102.884068499979    0.00382632216694987    0.00524154053492136    1.72002206711741e-05    3.46980186106663e-05    0.00159983728731459    0.00268780048207499
103.237621999978    0.00217186276829368    0.00648915339024261    5.56400524081044e-06    5.13808592232479e-05    0.000920335458683486    0.00304495443334556
103.591175499978    0.000645095964855893    0.00692221247535953    5.64193053911823e-07    5.71665679164253e-05    0.000384765188184258    0.0030413060290609
103.944728999978    0.00203287008599533    0.00637799519840114    4.96621045452451e-06    4.95776021570862e-05    0.000913044176362713    0.00298308219904483
104.298282499978    0.00363653238683773    0.00512708492489564    1.55962176664676e-05    3.33452444395419e-05    0.00154008112317107    0.0026567357061721
104.651835999977    0.00453690296927149    0.00364681525386409    2.43233970933923e-05    1.78017726019029e-05    0.00193388431422561    0.00212191213439366
105.005389499977    0.00442277911018617    0.00390956701378638    2.30631761986792e-05    2.02640651317718e-05    0.00187141688064953    0.00223144592058272
105.358942999977    0.00334516614558553    0.00541162104688167    1.31513470853514e-05    3.67563118638416e-05    0.00140043227032936    0.002733252551227
105.712496499977    0.00167176721565963    0.00643585278326884    3.42235384061758e-06    5.02474372507573e-05    0.000792179409769794    0.00297106650932759
106.066049999976    0.00072920207527429    0.00666862202227331    7.25597389742934e-07    5.34844524700943e-05    0.000440297312231863    0.00300232123433614
106.419603499976    0.00234618902473142    0.00596384194875155    6.52024164905483e-06    4.3709950276413e-05    0.00100778902022431    0.0028535135336501
106.773156999976    0.0037732718586424    0.00465742108089435    1.6734350253314e-05    2.78949964587636e-05    0.00158011700012732    0.00249066764824304
107.126710499976    0.00444393148732632    0.00347303748704159    2.32642537169582e-05    1.61942664950095e-05    0.00187502710724616    0.00203280031203593
107.480263999975    0.00411995597313766    0.00410255295135391    1.99732592850717e-05    2.20114576718794e-05    0.0017318262223673    0.00227607490061657
107.833817499975    0.00292386586167908    0.00553423081086621    1.00756954256677e-05    3.81653309736855e-05    0.0012355985790601    0.00274547269258767
108.187370999975    0.0012592252662553    0.00634835542057012    2.03793324075717e-06    4.86323466345795e-05    0.000672521352509667    0.00288630041553153
108.540924499975    0.000947550075586969    0.00639625151537835    1.18235572613216e-06    4.95629979695076e-05    0.000533389707800304    0.00294125220297882
108.894477999974    0.00259837650480311    0.00557848150589306    7.87703638802798e-06    3.86379512567654e-05    0.00106088450234469    0.00274198748085664
109.248031499974    0.00385559741673178    0.00425710098174859    1.73581689614327e-05    2.36077747565615e-05    0.00157877722352581    0.00234197907500403
109.601584999974    0.00431457091541003    0.00337054625948854    2.19014947459606e-05    1.52197237285302e-05    0.00181272517549089    0.00196446981172479
109.955138499974    0.00380768074915298    0.00427103451544267    1.71767102249613e-05    2.35377826846742e-05    0.00163654438909889    0.00230131415773065
110.308691999973    0.00252739743038299    0.00558255303510652    7.66634182552187e-06    3.85343020363937e-05    0.00113075375498618    0.00271466455508166
110.662245499973    0.000929097170085695    0.00624088880134181    1.15377848620333e-06    4.70176002352512e-05    0.000539033333609417    0.0028405821946456
111.015798999973    0.00121491789087955    0.00610419995524033    1.81289058699401e-06    4.54096047556583e-05    0.000580400814450494    0.00285453107569392
111.369352499973    0.00278167928499477    0.00522383388775563    8.94505173250114e-06    3.41973313684044e-05    0.00109877754251356    0.00262847691287944
111.722905999972    0.00385669347734086    0.00393762535870111    1.74709779141683e-05    2.02475761931676e-05    0.00161148792611199    0.00217777012737378
112.076459499972    0.00411869300866371    0.00337043505116853    2.02215353483938e-05    1.5140270781598e-05    0.00180496627358475    0.00194433493705497
112.430012999972    0.00347210565583238    0.00443748804961066    1.45379363120143e-05    2.51697653143328e-05    0.00157556930242726    0.00234061212589684
112.783566499972    0.00215596978391684    0.00558702027871892    5.72966476196889e-06    3.82965078777487e-05    0.00103993223471843    0.00266114867734448
113.137119999971    0.000701318163504592    0.00610071519107247    6.63914338176206e-07    4.49782720249071e-05    0.00041480980185472    0.00278559619872025
113.490673499971    0.00145326322337497    0.00580185008277385    2.50808058856216e-06    4.13045298259131e-05    0.00062936999622475    0.00276460945576951
113.844226999971    0.00288397050936864    0.00489208608564375    9.76021156491948e-06    3.02586657112699e-05    0.00120121840895462    0.002515185766881
114.197780499971    0.00378907811839806    0.00365304121914195    1.71957616086041e-05    1.75533702176771e-05    0.00168482895905817    0.0020515019056601
114.55133399997    0.00388460845754802    0.00340346694544681    1.83477645630605e-05    1.5358190402965e-05    0.00180487719654464    0.00194283379479975
114.90488749997    0.00313562655203758    0.00455940972036702    1.20643289146167e-05    2.63589886455548e-05    0.00149404653233211    0.00236024821732323
115.25844099997    0.00180203973111096    0.00555815740478256    4.10429895632428e-06    3.78933376304195e-05    0.000925716891831304    0.00264579362273031
115.61199449997    0.000572341930576923    0.00593078592238644    4.35073345357516e-07    4.2822445556249e-05    0.000327868967517508    0.0027655422432268
115.965547999969    0.00166527753084297    0.00550171786089442    3.29084585912793e-06    3.74825214231131e-05    0.000719511365023146    0.00268581868379614
116.319101499969    0.00296648543781474    0.0045600956103913    1.05054005456702e-05    2.65945580520459e-05    0.00130589612638343    0.00240833678627718
116.672654999969    0.00370801153838196    0.00344263426544098    1.67505269535002e-05    1.56146297699761e-05    0.00173239065592217    0.00193981934323476
117.026208499969    0.00364583858768925    0.00350410510756774    1.63992803141041e-05    1.61592148276804e-05    0.00176270851436651    0.00196988888590146
117.379761999968    0.00280089710347246    0.00467705982759461    9.75076413006011e-06    2.75683642487516e-05    0.00138048525737138    0.00238610050455806
117.733315499968    0.00146271219217854    0.00551198531156771    2.75960466751799e-06    3.73580438076389e-05    0.000787450131989476    0.00264122352948415
118.086868999968    0.000571097866233567    0.00573213761438269    4.37940422004203e-07    4.02032804378412e-05    0.000334346600383    0.00271032817341745
118.440422499968    0.00185293073539845    0.00520736224221503    4.09005906052614e-06    3.38397271618886e-05    0.000810374450696655    0.00259289522353717
118.793975999967    0.00302784144582808    0.00425519076885099    1.10895660211185e-05    2.32912831109773e-05    0.00138626916579869    0.002276979277829
119.147529499967    0.00361638663789931    0.0032955800602348    1.6136344334268e-05    1.43730469669587e-05    0.00174874012348644    0.00187408618626293
119.501082999967    0.00341553200770698    0.00361518540830514    1.45706256599539e-05    1.70835831160752e-05    0.00170433763212664    0.00200350133008512
119.854636499967    0.00250044683393248    0.00472703997446141    7.87359076672359e-06    2.8045987699377e-05    0.0012733249378696    0.0023876936108347
120.208189999966    0.00118239665605676    0.00542069633806534    1.82951190845275e-06    3.61996383033684e-05    0.000656848579353374    0.00261068755577022
120.561743499966    0.000664835550267546    0.00552194211409516    5.73913389688203e-07    3.75348452971775e-05    0.00036319014412378    0.00265386521620066
120.915296999966    0.00198440735718627    0.00495816668828703    4.69872080515458e-06    3.08601711308128e-05    0.000872266155424819    0.00250534513031112
121.268850499966    0.00303520973911791    0.00399404734327135    1.13501606217252e-05    2.05676582106414e-05    0.00146207471125418    0.00214831190248262
121.622403999965    0.00348714475815298    0.00317810768723341    1.53232860394515e-05    1.33815193094726e-05    0.00177851271435931    0.00181139472170495
121.975957499965    0.00318118141207408    0.00371005334246611    1.2870218830872e-05    1.78785238409745e-05    0.00165840394788073    0.00202830669205387
122.329510999965    0.00223213721902898    0.00475206035744231    6.34313850781142e-06    2.82512066555815e-05    0.00116649129582565    0.00238099328323428
122.683064499965    0.000955893612162232    0.00534130139482684    1.18528307478117e-06    3.51360194111004e-05    0.000521105053716245    0.00257031492637018
123.036617999964    0.00080410205320704    0.00534153889564426    8.05940372281979e-07    3.52569901163827e-05    0.000399199524436343    0.00259325130727862
123.390171499964    0.00207404584801361    0.0047169029805291    5.25163480316175e-06    2.80242777241537e-05    0.000974663338542717    0.00240314460580909
123.743724999964    0.00301603210427644    0.00376331718437087    1.14105471366824e-05    1.8328863634128e-05    0.00152121579095676    0.0020411534493876
124.097278499964    0.00334961305734992    0.00311574789050404    1.43131211915091e-05    1.28697943413275e-05    0.00175875341010045    0.00177817586985852
124.450831999963    0.00296003907247445    0.00379848865312609    1.11675004857936e-05    1.85958134906332e-05    0.00155102197767093    0.00204139595441589
124.804385499963    0.00198178707368965    0.00474131624939717    4.97359842702749e-06    2.81699824953244e-05    0.0010227993066013    0.00238535169703061
125.157938999963    0.000739059988133778    0.0052432041699235    7.12593240715828e-07    3.39322056984532e-05    0.000407901427621341    0.00253791562723232
125.511492499963    0.000960400676758172    0.00514182403967022    1.13677231838962e-06    3.27799298341481e-05    0.000463036562781025    0.00251824847447934
125.865045999962    0.00216178444481026    0.00447966241645837    5.79671201291066e-06    2.54254281456896e-05    0.00105990566895693    0.00231474680694453
126.218599499962    0.00300037551726094    0.00352692656929061    1.13992384846879e-05    1.62035387861348e-05    0.00154822002315855    0.00194018755819297
126.572152999962    0.00322167470566672    0.00310222127393725    1.32480212834996e-05    1.26962831670967e-05    0.00169376308094339    0.00175285662124083
126.925706499962    0.00274592257131578    0.00387777408510168    9.5578373447846e-06    1.93163246299166e-05    0.00142047406774046    0.00206862098385142
127.279259999961    0.0017371026198573    0.00472119688405105    3.78482855941309e-06    2.79245015375082e-05    0.000875958359454373    0.00237377368751422
127.632813499961    0.000552724448030656    0.00512352167855031    3.94829778102977e-07    3.25106964968396e-05    0.000298873656671483    0.00250204358600417
127.986366999961    0.00112439124709764    0.00492940340228422    1.54972774805825e-06    3.02906786549821e-05    0.000534295865142581    0.00244778690913463
128.339920499961    0.0022531497521595    0.00423740826952758    6.33765346418892e-06    2.28400671672547e-05    0.00112292905320529    0.00221007654270026
128.69347399996    0.00298173833870029    0.00333166262628435    1.12945653367309e-05    1.44973411438401e-05    0.00155041988385588    0.00184319431652231
129.04702749996    0.00308277244172456    0.00312354557819382    1.21460462034998e-05    1.28033394547741e-05    0.00162559536048899    0.0017455092310612
129.40058099996    0.00251941045738021    0.00395545377299507    8.05734534639238e-06    2.00322499839578e-05    0.00130763767674216    0.00209442962012497
129.75413449996    0.0014887593461709    0.00470844070661491    2.7895246342019e-06    2.77386469418179e-05    0.000757047054938262    0.00235992225594607
130.107687999959    0.00044105938684418    0.00500835752314433    2.54666318674053e-07    3.10986986949404e-05    0.000245220178514512    0.00245256062418528
130.461241499959    0.00128595621039348    0.00472565394014423    2.03475463328397e-06    2.79006722644316e-05    0.000617309693941713    0.00235984471998284
130.814794999959    0.00233001714122688    0.00400275932892949    6.80242375981475e-06    2.05226108529152e-05    0.0011719402209173    0.0021214449339031
131.168348499959    0.00293793465661135    0.00316821729782736    1.1030614405937e-05    1.31147431557144e-05    0.00154892038511309    0.00175417852838926
131.521901999958    0.002918712009963    0.00318976707868152    1.09714104229704e-05    1.33008252149461e-05    0.00156605575439323    0.00176810949850559
131.875455499958    0.00228536829867645    0.00400851854444197    6.70157142117417e-06    2.04604360982738e-05    0.00121600294431341    0.00209576124048962
132.229008999958    0.00124874819665046    0.0046701805067391    1.99178400783435e-06    2.72788087706839e-05    0.000657580374704541    0.00233842314501847
132.582562499958    0.00043459318698746    0.00488238041661514    2.46700307801749e-07    2.9646051815966e-05    0.0002404767548555    0.00241006499568351
132.936115999957    0.00142496087253547    0.00451079302579971    2.52303481641146e-06    2.56005183099215e-05    0.000701798637897239    0.00229200012834166
133.289669499957    0.00237657996493261    0.00379645561037364    7.17770463527426e-06    1.8477212931211e-05    0.00123675879036907    0.00201597066686832
133.643222999957    0.00287539841243241    0.00304666615226571    1.06915395076009e-05    1.21365601038608e-05    0.00155679911272525    0.00168949266364173
133.996776499957    0.0027613257520356    0.00322881180180933    9.88740420941837e-06    1.35439650423509e-05    0.00150415567697076    0.00176599529751573
134.350329999956    0.00207766422976694    0.00404079802564416    5.55273798557338e-06    2.07661775494806e-05    0.00111177755595278    0.00210668670319789
134.703883499956    0.00104479003545675    0.00462635124983461    1.40008774076955e-06    2.67453678153753e-05    0.000555429133715387    0.0023113290394336
135.057436999956    0.000507213374493698    0.00473649773441338    3.3833753017163e-07    2.79958099851815e-05    0.000284731668253367    0.00235826190171456
135.410990499956    0.00153248321060927    0.00432472456292807    2.96096338817238e-06    2.35658468165111e-05    0.000782597340509841    0.00220513135012808
135.764543999955    0.00240215864259467    0.0035906808735821    7.40555961752453e-06    1.65942689735905e-05    0.00127874683707615    0.00192387105536783
136.118097499955    0.00280621953786157    0.00297600179161102    1.02206127878893e-05    1.15842895071326e-05    0.00153158241476366    0.00165157586669841
136.471650999955    0.00261258759831098    0.00329177320011984    8.85125570307564e-06    1.40517889252376e-05    0.00142325041515093    0.00179332599496311
136.825204499955    0.00189248042206244    0.00406377904411335    4.59636811597578e-06    2.09613768990121e-05    0.00100741548930227    0.00210880932747304
137.178757999954    0.000872551755515235    0.00456206056136577    9.84317128890926e-07    2.59988872282663e-05    0.000472197588767888    0.00227738680568263
137.532311499954    0.000602173364375347    0.00460861699037579    4.76259856633231e-07    2.65472473263593e-05    0.000337115849330917    0.00230388731546899
137.885864999954    0.00161946294028505    0.00415075279110796    3.31633259231871e-06    2.17811417960042e-05    0.000832869964257341    0.00213363376967879
138.239418499954    0.00241378475766976    0.00342952314537693    7.49419311055431e-06    1.51645646249927e-05    0.00129144734859593    0.00184470475152981
138.592971999953    0.00273338390651348    0.0029111798198432    9.72001183384565e-06    1.11008183641793e-05    0.00149954134769894    0.00162044759888032
138.946525499953    0.00247076782419052    0.00331898383156271    7.94196697739952e-06    1.42151394942631e-05    0.00135546056244525    0.0017887106585718
139.300078999953    0.00171531087561836    0.00405917222990673    3.81998258962626e-06    2.08370074834209e-05    0.000936851743666864    0.00208809202176889
139.653632499953    0.000721491182460913    0.00448509709891285    6.89845277040607e-07    2.51677236040192e-05    0.000411455648486883    0.00224758261635535
140.007185999952    0.000705535903377919    0.00446614814712833    6.37478882691726e-07    2.50115746452672e-05    0.000373761918520908    0.00225057667569212
140.360739499952    0.00169111299029961    0.00398803188597355    3.60499458037977e-06    2.02023018418548e-05    0.000863209959638839    0.00207313856707965
140.714292999952    0.00240841427500103    0.00329882104651959    7.49096685662171e-06    1.40311761253095e-05    0.00130019519172814    0.00177452974851055
141.067846499952    0.00264454597419616    0.00287517546480361    9.1751889853252e-06    1.08104915433923e-05    0.00147701238169763    0.00159494751950768
141.421399999951    0.00231710669462391    0.00336444685904087    7.07405307048758e-06    1.45638824123723e-05    0.00130578315053329    0.00180121618498788
141.774953499951    0.00154119667113321    0.00405293893698133    3.12624131870907e-06    2.07381732832127e-05    0.000866576101445791    0.00207650168704804
142.128506999951    0.000589879280565165    0.00441302657481191    4.57820469630712e-07    2.43351980263781e-05    0.000331455734587041    0.00220463023574975
142.482060499951    0.000806588094972396    0.00432565385833773    8.05537656190497e-07    2.35318187082967e-05    0.000393641081747444    0.00219557222749437
142.83561399995    0.00174217508293788    0.00383854123545917    3.84464885490419e-06    1.87516177479472e-05    0.000899708194524524    0.00200430011016984
143.18916749995    0.0023800674347335    0.00315928574731351    7.41198853683995e-06    1.29090774565005e-05    0.00132184248038903    0.00171113734788363
143.54272099995    0.00253866443298033    0.00285235088627693    8.57394711755796e-06    1.06435654845335e-05    0.00145915386929502    0.00158355925247169
143.89627449995    0.00215978445247681    0.00339219159392439    6.21794476946124e-06    1.47841995480616e-05    0.00124630489379633    0.00181031371263942
144.249827999949    0.00137445810383462    0.00402953981894433    2.49753407475682e-06    2.05412460023867e-05    0.000779999356128037    0.00207462161608539
144.603381499949    0.000473910207709493    0.00433533100766129    2.91249084553564e-07    2.35402969055373e-05    0.000258182492788161    0.00217834844768873
144.956934999949    0.000905208738705903    0.00418672358155739    1.01233771927766e-06    2.21225527513025e-05    0.000439243507235024    0.00214333814479512
145.310488499949    0.00177968562270519    0.00368112212941873    4.08743794434859e-06    1.73065708168367e-05    0.000959248158030567    0.00193801720455224
145.664041999948    0.00234254540276268    0.00302900752239125    7.30061929387816e-06    1.18740238629032e-05    0.00134651414024273    0.00164290513791892
146.017595499948    0.00242564134001219    0.00285545298281004    7.92354683884407e-06    1.06315950977276e-05    0.00142821949589967    0.0015741611609644
146.371148999948    0.00200169168245247    0.00343254981919764    5.35784626634979e-06    1.50891425179571e-05    0.0011623582385609    0.00181844556054982
146.724702499948    0.00121050960229983    0.00399810612430251    1.91972697297372e-06    2.01920869213921e-05    0.000674087142522112    0.00205115439209407
147.078255999947    0.000382731814452635    0.00423885155263749    1.90016934141921e-07    2.25544446590375e-05    0.00020864633317582    0.00214163072767932
147.431809499947    0.000996496111007561    0.00405093761738054    1.26066248593789e-06    2.07158994139133e-05    0.000517356730587992    0.00207504309208378
147.785362999947    0.00181974190079397    0.00352416585154231    4.35436958914934e-06    1.59074648120027e-05    0.00102122916313827    0.00186754380479434
148.138916499947    0.00231604356603958    0.00290886093264083    7.20677599616767e-06    1.09951532607549e-05    0.00135746756733791    0.00159175416924563
148.492469999946    0.00233484002052275    0.00285845349021344    7.34929573601921e-06    1.0611389821682e-05    0.0013776130859514    0.00156225268953797
148.846023499946    0.0018734533678645    0.00345113005558437    4.65481456635978e-06    1.52458087206895e-05    0.00107004067436567    0.00182633788224734
149.199576999946    0.00108181805017627    0.003960965031867    1.49963645977259e-06    1.98428577427025e-05    0.000573852041980691    0.00203804164801147
149.553130499945    0.000352550227371038    0.00415872815002086    1.61735896874681e-07    2.17512233945186e-05    0.000193505126689994    0.00211097218568665
149.906683999945    0.00106978432237761    0.00391132479440724    1.48314632929475e-06    1.93245288867785e-05    0.000581986110564368    0.0020065062271106
150.260237499945    0.00183885753386756    0.00337961355274808    4.49251824969321e-06    1.46366245683029e-05    0.00105409734836575    0.00179299659854233
150.613790999945    0.00227576117724241    0.00282393279481844    6.95207955013796e-06    1.03804228527013e-05    0.00133153693688693    0.0015510726685266
150.967344499944    0.00224491115010836    0.00287350721337671    6.71799796665399e-06    1.07101415600883e-05    0.00129551993221761    0.00156623684503982
151.320897999944    0.00175391762813872    0.00345846668192216    4.01684424670941e-06    1.52741603948997e-05    0.000969854216062225    0.00182021114295402
151.674451499944    0.000955310507812796    0.00392807489716473    1.15993040399467e-06    1.94528195291213e-05    0.00049730497449465    0.00200575350713531
152.028004999944    0.000373530811903979    0.00406318089203574    1.81021442834538e-07    2.07508227902185e-05    0.000203706100529395    0.00205946202412526
152.381558499943    0.00113815802494721    0.00378092566967202    1.67487388746034e-06    1.80846473981782e-05    0.000616011524006328    0.00194659920851556
152.735111999943    0.00186194248324155    0.00324982271826387    4.55914588625511e-06    1.35478652113496e-05    0.00104513926122569    0.00172815436556045
153.088665499943    0.00224011197985181    0.0027541253439301    6.65327699542992e-06    9.86482543454888e-06    0.00127873973628504    0.0015098407281799
153.442218999943    0.00215323231889268    0.00289574685667723    6.1159259822945e-06    1.08430239422447e-05    0.00121635379851856    0.0015676970639408
153.795772499942    0.00163024026588898    0.00345329072022933    3.44958559678583e-06    1.51887247636159e-05    0.000889888910066899    0.00180651818844813
154.149325999942    0.000833544676105041    0.00387569177030489    8.8243478098454e-07    1.89151781272805e-05    0.000433172083497403    0.00197337057565765
154.502879499942    0.000412798982280354    0.003977965890782    2.19117916135407e-07    1.98717355532006e-05    0.000220714558567646    0.00201184565137972
154.856432999942    0.00120780866085405    0.00366185153813897    1.86015983354863e-06    1.6997928250308e-05    0.000633528272703426    0.00189440533227113
155.209986499941    0.00187927126624317    0.00312202950465046    4.61201724212452e-06    1.25102996366889e-05    0.00103940211179183    0.00166229702784455
155.563539999941    0.00218952943711208    0.00268914246947295    6.34767923291872e-06    9.41132788013165e-06    0.00124645099259393    0.00147642834536884
155.917093499941    0.00204244229691854    0.00290300147638966    5.53019766557258e-06    1.08792208946474e-05    0.00116560161690464    0.00156582352860304
156.270646999941    0.00148676835504521    0.00346026262696182    2.90565824102518e-06    1.52032706776288e-05    0.000833773410142914    0.0017971792426133
156.62420049994    0.000699380561069232    0.00383914127619132    6.30581751990025e-07    1.85607263157681e-05    0.000376096507280394    0.00195492214095911
156.97775399994    0.000485984855093816    0.00387760286859014    2.96583630685725e-07    1.89305535602112e-05    0.000245768898164856    0.00197351198468942
157.33130749994    0.00127843452914189    0.00352098798297782    2.06854945239444e-06    1.57650100082055e-05    0.000658904095519365    0.0018351167897252
157.68486099994    0.00188386967649304    0.00300638464179127    4.65351736424478e-06    1.16112469566582e-05    0.00105097688187457    0.00160402566758136
158.038414499939    0.00212163936988455    0.00264995378873943    6.03435911481644e-06    9.13223180851836e-06    0.00123814599259229    0.00145257589339211
158.391967999939    0.00191656313015114    0.00291796921456125    4.96431435206446e-06    1.09644858898947e-05    0.00113626586686819    0.00156522891385493
158.745521499939    0.00133699874785763    0.00345966080414724    2.41310444664714e-06    1.51779797073006e-05    0.000790910105431888    0.00179129194369535
159.099074999939    0.000580892350430736    0.00378522598000576    4.44252106719981e-07    1.80484911242506e-05    0.000326827452841764    0.00192887412874455
159.452628499938    0.000574209260796731    0.00376707469023103    4.06847948430862e-07    1.79372177418875e-05    0.000277725895886813    0.00193555315610506
159.806181999938    0.00132848040230493    0.00340402353239748    2.25999910993492e-06    1.47723641801352e-05    0.000703661090743723    0.00178465345964403
160.159735499938    0.00186454218782705    0.00289415275435722    4.65565186813152e-06    1.07988043252411e-05    0.00108587950433952    0.00155649740111816
160.513288999938    0.00203359110311449    0.00262464996007567    5.68508421007376e-06    8.95453971807167e-06    0.0012448258654958    0.00143727252292196
160.866842499937    0.00178038431525606    0.00296121060374767    4.39389054603586e-06    1.12555518034975e-05    0.0011064005766566    0.0015769538876422
161.220395999937    0.001194416145827    0.0034496681752324    1.95423374939067e-06    1.5099649115799e-05    0.000726363421421026    0.00178869745809284
161.573949499937    0.000472248469877621    0.00373287302904656    2.93434626472663e-07    1.76081466717629e-05    0.00026536014993007    0.00191671740764767
161.927502999937    0.000658689125273761    0.0036592062571162    5.42577879092476e-07    1.70004890012186e-05    0.000329706711091183    0.00190018382508119
162.281056499936    0.00136381589721114    0.00328451714595707    2.46445400317451e-06    1.3805155806394e-05    0.000777470386374098    0.00173698097983484
162.634609999936    0.00183912737769212    0.00280149258747405    4.65357075942662e-06    1.01191999724085e-05    0.00112746673922114    0.0015069304080602
162.988163499936    0.0019515377298078    0.00261053159505186    5.3140326419509e-06    8.84726702497888e-06    0.0012270016834086    0.00142561980072349
163.341716999936    0.00166058248684286    0.00299588198001933    3.82557523925277e-06    1.15227846456498e-05    0.0010334607121916    0.00159608139123455
163.695270499935    0.00106152163955174    0.00344343526399076    1.52652640611011e-06    1.50790378486585e-05    0.000632216904925433    0.00179493493791929
164.048823999935    0.00038327484176527    0.00366343720241355    1.90623239301861e-07    1.69990894167933e-05    0.000209101972663265    0.00189164406820249
164.402377499935    0.00073961058145526    0.00355332860177269    7.03559939677139e-07    1.60490732201503e-05    0.000395646467792335    0.00185011596068312
164.755930999935    0.00140382421013631    0.00316391253054112    2.66378975383324e-06    1.28218596019401e-05    0.000832506661155572    0.00167675791366106
165.109484499934    0.00182659395662393    0.0027109653851047    4.62380120814882e-06    9.49420567073372e-06    0.0011346169951899    0.00146453827245923
165.463037999934    0.00188209009794545    0.00260393611971277    4.93609189019092e-06    8.79033916016276e-06    0.00118060524876294    0.00141769384728084
165.816591499934    0.00155004896645584    0.00302100225440934    3.3037878023774e-06    1.17051659747598e-05    0.000949281835898363    0.0016058366522201
166.170144999934    0.00093751249427819    0.00342607430233593    1.1732998456359e-06    1.49260259113875e-05    0.000542558908053486    0.0017855085511587
166.523698499933    0.00032789537043912    0.00360861687495452    1.38665359713765e-07    1.64859769875508e-05    0.000176493585601168    0.00186114514139662
166.877251999933    0.000822793800963588    0.00344214545564448    8.85913125210663e-07    1.50679563215403e-05    0.000457081487599919    0.0017943218729443
167.230805499933    0.00144888737181756    0.00305126787497743    2.84663995364803e-06    1.194146540149e-05    0.000864502942410055    0.00162210657992031
167.584358999933    0.00181482140003116    0.00262542014806346    4.56897070496938e-06    8.92880711393753e-06    0.00112933342771669    0.00142687636467915
167.937912499932    0.00181266435042479    0.00262117489741467    4.57481623452068e-06    8.88893317481502e-06    0.00113536962581344    0.00142069536916899
168.291465999932    0.00144209052041419    0.00303954806302518    2.85687265395902e-06    1.18311856268287e-05    0.000881616461331424    0.00161007242054157
168.645019499932    0.000821949380613456    0.00340929040931298    9.03081623782033e-07    1.4772379161463e-05    0.00047694951461469    0.00177457546090031
168.998572999932    0.000326590389538918    0.00353664609108178    1.37645508877805e-07    1.58431490068457e-05    0.000176023368728764    0.00182627583712913
169.352126499931    0.000891953380870729    0.00333880422001452    1.04867456656412e-06    1.41841185593075e-05    0.000503084220501296    0.00174255701189968
169.705679999931    0.00147578581371449    0.00293922909632221    2.96766789042271e-06    1.10700156291976e-05    0.000888664234940156    0.0015591497517976
170.059233499931    0.0017872642703561    0.00255374519352054    4.44952295055827e-06    8.44805165418423e-06    0.00112036127140612    0.00138796150550186
170.412786999931    0.0017335097183685    0.00263243967748076    4.20517331536842e-06    8.96073366450002e-06    0.00109549868630245    0.00142512982177942
170.76634049993    0.00133823614244713    0.00304634579132944    2.46790993577619e-06    1.18663409917425e-05    0.000822820735533823    0.00160814125977539
171.11989399993    0.000722461837768595    0.00337572924258954    6.94636339331087e-07    1.447841736709e-05    0.000415554126798316    0.00175581019697912
171.47344749993    0.000346013429003398    0.00346837805492544    1.54766824380946e-07    1.52255923988532e-05    0.000187193833579678    0.00178772091417112
171.82700099993    0.000947918760837562    0.00324289070718731    1.1912210582058e-06    1.33982094646024e-05    0.000540990832693105    0.00169760694091434
172.180554499929    0.00148521664658533    0.00285132890148157    3.04358483547071e-06    1.04352119248522e-05    0.000915268456889318    0.00151826724275674
172.534107999929    0.00174834509855652    0.00251107899635729    4.29751005627968e-06    8.15953784131087e-06    0.00111391178853312    0.00136162407270293
172.887661499929    0.00165397545365905    0.0026393638997954    3.84708727467307e-06    8.98534638071276e-06    0.00105425446328978    0.00142095199960082
173.241214999929    0.00123728474725861    0.00304438400401785    2.11132682862404e-06    1.18459804962217e-05    0.000761874847219179    0.00160552375638043
173.594768499928    0.000626086933576771    0.00335328068482813    5.17200425086342e-07    1.42816838856879e-05    0.000353858130739959    0.00174275429548933
173.948321999928    0.000388766095426575    0.00339993502766421    1.94987888257688e-07    1.46831328166815e-05    0.000209401077610559    0.00176736374986686
174.301875499928    0.00099549133427483    0.00315494657261874    1.33533866108963e-06    1.27018058648029e-05    0.000586801213762671    0.00165774485030845
174.655428999928    0.00149357589380283    0.00275998231529529    3.11556706673686e-06    9.7729033929982e-06    0.000940637079955894    0.00146812840455303
175.008982499927    0.00171164622367789    0.0024745015497751    4.14974419422069e-06    7.92999872188601e-06    0.00110454126187748    0.00134418778526165
175.362535999927    0.00158322109179593    0.00265208980623185    3.52429034459615e-06    9.04806797874245e-06    0.00100881183532345    0.00141932647351608
175.716089499927    0.00114944890572204    0.00304213098155153    1.81001294902087e-06    1.18413497748156e-05    0.000699128144302088    0.00160834973370218
176.069642999927    0.000546546541674535    0.00330942221427824    3.90201623015346e-07    1.39239831562072e-05    0.000302470661054839    0.00172386419530336
176.423196499926    0.000436664521748816    0.00333312262674605    2.48849022032574e-07    1.41276258893582e-05    0.000241191039382584    0.00173721600396487
176.776749999926    0.00103275992163293    0.0030721604530796    1.45534143118371e-06    1.2053932882195e-05    0.000623496892897194    0.00161733207249739
177.130303499926    0.00149848829790958    0.00268689441739289    3.14012169767769e-06    9.26651528825793e-06    0.000945861786259357    0.00143077380393997
177.483856999926    0.00167962981097718    0.00244407387435206    3.9765816554595e-06    7.73708250237761e-06    0.00107490713716872    0.0013280005267647
177.837410499925    0.00152043252063964    0.00265726153843853    3.22014566319437e-06    9.07917250156291e-06    0.00095311626435381    0.00142061029768836
178.190963999925    0.00107224395087366    0.00303019175007802    1.55485468840213e-06    1.17434185405762e-05    0.000636512056615555    0.00160042384958963
178.544517499925    0.000476070414548201    0.00327332737189291    2.93687741466765e-07    1.36248594230562e-05    0.000258929916886153    0.00170592712021144
178.898070999925    0.000485171947907271    0.00325930391082733    3.08851097901381e-07    1.35061333660686e-05    0.000271033722745428    0.00169796094858931
179.251624499924    0.0010710678836834    0.00298440621218875    1.5589281369237e-06    1.138052008201e-05    0.000641671041473481    0.00157284444324898
179.605177999924    0.00150305090169774    0.00261279608862856    3.13461628372941e-06    8.77562085650773e-06    0.000935657133054097    0.00139603633754821
179.958731499924    0.00164614835926235    0.0024213912908405    3.77971715723742e-06    7.5779319617527e-06    0.00103436586203108    0.001309502263608
180.312284999924    0.00145397631061212    0.00266188311028569    2.92238743302923e-06    9.09039280182852e-06    0.000899077483428433    0.00141589939932338
180.665838499923    0.000992172620029136    0.00301139731188611    1.32700171464006e-06    1.15684495956202e-05    0.000585316330461209    0.00158111853622216
181.019391999923    0.000414712980507596    0.00322950392559978    2.22241701868216e-07    1.32550992485517e-05    0.000224175925707294    0.00168089370368484
181.372945499923    0.000530913182117148    0.0031970258059438    3.67802194065318e-07    1.29831912958364e-05    0.000293143969952585    0.00166199196507257
181.726498999923    0.00110238045626269    0.00290557243249573    1.63889688010055e-06    1.07941292655402e-05    0.000650887248108767    0.00153355081593699
182.080052499922    0.00149758935081506    0.00255266859542592    3.10389520360346e-06    8.37292185987891e-06    0.000927966238571634    0.00136264628638733
182.433605999922    0.00160265808319818    0.00239848250047023    3.58817602636268e-06    7.42337410943385e-06    0.00100978368709452    0.0012925385117558
182.787159499922    0.00138377879400228    0.00266143218785426    2.65915200486091e-06    9.07090742786105e-06    0.000862733014396984    0.00140985323254385
183.140712999922    0.000912039995317174    0.00299929992335006    1.13059427635662e-06    1.14625152478459e-05    0.00054660527192707    0.00157057798839735
183.494266499921    0.000364054172255565    0.00318599200425278    1.71089958045604e-07    1.28944666859888e-05    0.000196353043543817    0.00165647868529182
183.847819999921    0.000578354056624497    0.00312040437462471    4.31008477370333e-07    1.23856696874095e-05    0.00031066873443641    0.0016274969204986
184.201373499921    0.00112252307124607    0.0028381504385187    1.69910848389335e-06    1.02787385600541e-05    0.000662608812508292    0.00149118766370641
184.554926999921    0.00148270302123082    0.0024931836726199    3.04927322017976e-06    7.99816897729294e-06    0.000922423422844832    0.00133499219169045
184.90848049992    0.00155285918794238    0.00238247083028013    3.38612785335878e-06    7.32253619782132e-06    0.000987297420123092    0.00128310909149832
185.26203399992    0.00131263817551118    0.0026572912367059    2.40890538580269e-06    9.04427884670139e-06    0.000828182592182049    0.00140821948929399
185.61558749992    0.000836411280624164    0.00298103602265395    9.58002152948964e-07    1.13243703646269e-05    0.000508348623086175    0.0015613438430616
185.96914099992    0.00032579258981585    0.00314606186553023    1.36020094021039e-07    1.25755866903099e-05    0.000172856247911728    0.00163642336470926
186.322694499919    0.000621282934653494    0.00304877424982428    4.97116315763943e-07    1.18492597642302e-05    0.000333352412429076    0.00159819752779142
186.676247999919    0.00113657835622386    0.0027625268392278    1.75301685715868e-06    9.77147002531629e-06    0.000679121857491088    0.00146284499789361
187.029801499919    0.00145957143759329    0.00243883681689661    2.98248036834186e-06    7.66090461197798e-06    0.000923109737194731    0.00130880846288813
187.383354999919    0.00149603038389187    0.00236822418335427    3.17167361799318e-06    7.23692359379097e-06    0.000966212558635788    0.00127610258645885
187.736908499918    0.00123402149069263    0.00265398716719461    2.14864255196792e-06    9.00946458179457e-06    0.000791096398978443    0.00140207585321225
188.090461999918    0.000756122912457342    0.00296135091533561    7.88462823135003e-07    1.11783525834614e-05    0.000465554469844324    0.00155201589544125
188.444015499918    0.000294684536157725    0.00309893361948703    1.11874307587678e-07    1.22233010183549e-05    0.000158225572323771    0.00161861404923098
188.797568999918    0.000660694546954562    0.00298016319495855    5.70040399670023e-07    1.13384718374748e-05    0.000365408148916425    0.00156751369017602
189.151122499917    0.00114803955894629    0.00269246054259832    1.81535808034773e-06    9.27659215500694e-06    0.000705239853838492    0.00142381472866315
189.504675999917    0.0014374881230273    0.00238102613731173    2.92949204921018e-06    7.30070566270347e-06    0.0009290424884609    0.00127727060411717
189.858229499917    0.00144159630822686    0.00236324622884849    2.97870218163733e-06    7.19935753979167e-06    0.000948947978418214    0.00127060017378602
190.211782999917    0.00116419058065925    0.00264944904397649    1.92204014933284e-06    8.98435334134877e-06    0.000752795085821572    0.00140170364368537
190.565336499916    0.000690518298077734    0.00293506177275562    6.51455422411565e-07    1.09835298074049e-05    0.000417899392714795    0.00153913683521431
190.918889999916    0.000280033498176379    0.00304744894020126    1.00972213095367e-07    1.1831462821746e-05    0.000150178070950678    0.0015951544685742
191.272443499916    0.000690682515150274    0.00290621939872073    6.35564280939554e-07    1.07811025441653e-05    0.000398148143541126    0.00152806784884201
191.625996999916    0.00114908010222101    0.00261946455379092    1.84882572223951e-06    8.79960162777681e-06    0.000726939227803301    0.00139212322702043
191.979550499915    0.00140675265775895    0.00234027480764512    2.83263182965355e-06    7.04673476193049e-06    0.000923947395440717    0.00125293598664581
192.333103999915    0.00138594282362293    0.00235893750128271    2.7522248384886e-06    7.16398165396383e-06    0.000911804435247336    0.00126467209940202
192.686657499915    0.00109619495581092    0.00264453216779527    1.68390377027339e-06    8.95664784768448e-06    0.000694449702374545    0.00140110579942434
193.040210999915    0.000623812009901202    0.00291248404534375    5.16945213474516e-07    1.08273242068042e-05    0.000357496559112866    0.00153126120972951
193.393764499914    0.000283756387728758    0.00299660729534306    1.03561071690794e-07    1.14413745629291e-05    0.00015180047468279    0.00156898670498695
193.747317999914    0.000727076085661041    0.00284727411165751    7.16464514721818e-07    1.03420712096158e-05    0.000433387679083792    0.00149502553245782
194.100871499914    0.00116104282934334    0.00254431182537807    1.89487772742273e-06    8.30251117460114e-06    0.000739497989079846    0.00135240101665241
194.454424999913    0.00138565248562209    0.00230007279247766    2.73471438426195e-06    6.81117031921037e-06    0.000902597126824189    0.00123322158127175
194.807978499913    0.00133866953666159    0.00236416586387243    2.52886026362946e-06    7.18361638544136e-06    0.000858384607995567    0.00126267024734952
195.161531999913    0.00103348665291154    0.00264370849552434    1.46432617415835e-06    8.95165360264472e-06    0.000629469230711126    0.00140087793663015
195.515085499913    0.000559326301258821    0.00288062345981578    4.06094822718826e-07    1.05736171165651e-05    0.000305366847314755    0.00150851768280126
195.868638999912    0.000301522272264365    0.00294312999336394    1.16196469537437e-07    1.10297153427325e-05    0.000158999336055128    0.0015387336302603
196.222192499912    0.000761813474638033    0.00276306422324083    7.884124210853e-07    9.74599814175082e-06    0.000456127888804475    0.00145309127036032
196.575745999912    0.00116683989781907    0.00247944293993481    1.90574820667395e-06    7.87341357968222e-06    0.000737721396959272    0.00131368804793591
196.929299499912    0.00136089583548166    0.00225937083911949    2.60862718248278e-06    6.5787171483332e-06    0.00086982165266878    0.00121406777391945
197.282852999911    0.00128572932381604    0.00235727396623706    2.30187183093998e-06    7.12005643523685e-06    0.00080546380230246    0.00125032631074366
197.636406499911    0.000961335965635542    0.00263405087078307    1.25494961798721e-06    8.86116456698417e-06    0.000575137182907513    0.00138670132945459
197.989959999911    0.000487842858679781    0.00285411242260564    3.07720007601297e-07    1.03661390493129e-05    0.000264063160695384    0.00149002729117324
198.343513499911    0.000335722503787401    0.00289148319159627    1.44216801688681e-07    1.06176543698581e-05    0.000177502682062552    0.00150232463954179
198.69706699991    0.000800976036818371    0.00268429368901621    8.61551229795205e-07    9.18593217487803e-06    0.00046902944282629    0.00140730222979492
199.05062049991    0.00117470639060078    0.0024110126146767    1.89987149963548e-06    7.44449196786825e-06    0.000721066151970242    0.00127730581292738
199.40417399991    0.00132959546892318    0.00223323677974959    2.45313065873208e-06    6.42167295241544e-06    0.000827832439416951    0.00119763368272152
199.75772749991    0.00121791069981051    0.00235713872630296    2.05171981601017e-06    7.12318988074271e-06    0.000753931922190087    0.00125183341771402
200.111280999909    0.000873539661994884    0.00263406197988847    1.03916930007593e-06    8.84129673831322e-06    0.000525450053761337    0.00137949781602555
200.464834499909    0.000410146801966284    0.00283131458229657    2.18292076690942e-07    1.01914115956136e-05    0.000223767016174796    0.00147481162583173
200.818387999909    0.000385039666225664    0.00283453959688864    1.88581105853313e-07    1.0217497636635e-05    0.000200812253824666    0.00147745826008906
201.171941499909    0.000846749037784239    0.00261384840156897    9.56950497847191e-07    8.71027766153317e-06    0.000489863822769814    0.00137042847137255
201.525494999908    0.00118374511525027    0.00234368404125979    1.92891984709619e-06    7.04290232022977e-06    0.000726407151133111    0.0012450090099971
201.879048499908    0.00129209842971647    0.0022071020162487    2.33614759067489e-06    6.27404134983554e-06    0.00081647366068914    0.00118437411306836
202.232601999908    0.00114457872657949    0.00236572506504507    1.83287835927803e-06    7.16431510846634e-06    0.000723061475906237    0.00125206230878652
202.586155499908    0.000783378775154739    0.00262907365524196    8.47990206244379e-07    8.80972404375676e-06    0.000484053613643612    0.00137756878560363
202.939708999907    0.00034296248495656    0.00279940912916139    1.51940849783777e-07    9.96896376292694e-06    0.000185250057209705    0.00146023021831999
203.293262499907    0.000445089751038126    0.00276407716893084    2.51265043547481e-07    9.72420942259704e-06    0.000230564865207819    0.00144363666716814
203.646815999907    0.000883210881133608    0.0025399571722847    1.04704997670404e-06    8.24132415294844e-06    0.000516709314945296    0.00133788703406078
204.000369499907    0.00117449872288005    0.00228130631860652    1.92284323409524e-06    6.6598546328431e-06    0.000737153975807213    0.00120643943632867
204.353922999906    0.00123761300047249    0.00219962630134501    2.1756323388104e-06    6.21691573873086e-06    0.000802462709334126    0.0011741208937593
204.707476499906    0.00105542116622378    0.00238379988904844    1.58795448807428e-06    7.27303808872775e-06    0.000688506100162605    0.00126116461165876
205.061029999906    0.000686723964712718    0.00262543245125325    6.578064043487e-07    8.78896476902245e-06    0.000431528215343963    0.00137697829065269
205.414583499906    0.000284901964647575    0.00276278655549312    1.0461780764967e-07    9.71851344386048e-06    0.000153129612386442    0.00144413430561251
205.768136999905    0.000510592749880404    0.00269445022085846    3.33635588333937e-07    9.23689034986875e-06    0.000270056720159867    0.00140599728206869
206.121690499905    0.000916832358627735    0.00246317169536547    1.14759136616183e-06    7.74725611171416e-06    0.000554084643655583    0.00129616407559559
206.475243999905    0.00116362270771635    0.00222686146732637    1.91816723511406e-06    6.36287642448112e-06    0.000751098814538361    0.00118489004967472
206.828797499905    0.00118256185759055    0.00218868922870468    2.01759373475432e-06    6.14974536960734e-06    0.000786855252080274    0.00116592659707181
207.182350999904    0.000969895303904031    0.00239545831019214    1.3574530116456e-06    7.33239378331368e-06    0.000645566504018373    0.00126260574505468
207.535904499904    0.000590163788058522    0.00262826010422297    4.91421436161018e-07    8.7929494883768e-06    0.000378322797919229    0.00137302524118337
207.889457999904    0.000258322794394408    0.00272827695248237    8.57570234750901e-08    9.49021557438e-06    0.000137936062620893    0.00143063637760736
208.243011499904    0.00057633251300981    0.00261665428676243    4.33394391336895e-07    8.75000611348386e-06    0.000318174835247373    0.00137953849422612
208.596564999903    0.000944642565557736    0.0023902816199064    1.24400598168374e-06    7.31090993967508e-06    0.000593006243660421    0.00126390811264613
208.950118499903    0.00114372738252777    0.00218199874875901    1.89600520208533e-06    6.10743292502846e-06    0.000766741727403374    0.00116030788390089
209.303671999903    0.00111851351511565    0.00219727810308321    1.8454295792037e-06    6.19433517793177e-06    0.000770945585438643    0.00116889012128721
209.657225499903    0.000877368380380825    0.00241871966870716    1.13289959812784e-06    7.47496481978369e-06    0.000602597978121211    0.0012746607328983
210.010778999902    0.000499222281489756    0.00261824712667522    3.51852863711857e-07    8.7457252073676e-06    0.000320359138118487    0.00137495715970518
210.364332499902    0.000270867809744608    0.00267547047968406    9.41056919081664e-08    9.14762081685496e-06    0.0001440011164968    0.00141048875542987
210.717885999902    0.00063066476410779    0.00254716992037334    5.34777830434125e-07    8.2927709558057e-06    0.000370188851462318    0.00134338987362232
211.071439499902    0.000959268636381793    0.00232228163491733    1.32453290958484e-06    6.90981125974772e-06    0.000635874667555691    0.00123159216783536
211.424992999901    0.00111299289132906    0.0021462759689796    1.8472503363905e-06    5.91926194203169e-06    0.000780062279719696    0.00114575800543238
211.778546499901    0.00104819628003635    0.00221474046388753    1.655117631111e-06    6.27967252174854e-06    0.000745923715690119    0.00117243217260864
