#t    <phi>    <pi>    <phi^2>    <pi^2>    rms(phi)    rms(pi)
0    1    -0.707107175689875    1.00000000000003    0.500000557912712    1.54857409677107e-07    7.7530447377071e-07
0.3535535    0.732695145025098    -0.788437961799568    0.536842175543362    0.621634419606935    1.09914007730587e-07    5.2605539860183e-07
0.707106999999999    0.458970306500095    -0.734747747950819    0.210653742248796    0.539854253118941    7.25800002366909e-08    3.76329580694671e-07
1.0606605    0.226071779146905    -0.57506629025344    0.0511084493266496    0.330701238185913    5.30937945299404e-08    2.4328886397116e-07
1.414214    0.0507680235036269    -0.425263183309244    0.00257739221046768    0.180848775078377    5.35100632472811e-08    2.55762201650787e-07
1.76776750000001    -0.08138836939634    -0.329647805889076    0.00662406667299949    0.10866767592751    6.62400744316776e-08    1.67982293918415e-07
2.121321    -0.183404371138458    -0.241558920471159    0.0336371633527134    0.0583507120592985    1.42669318842256e-07    3.26669677715565e-07
2.4748745    -0.243146212822345    -0.0802711212570611    0.0591200808098804    0.00644345290791323    1.77673133615223e-07    2.17785554476536e-07
2.82842799999999    -0.233717919249409    0.12928630497556    0.0546240657783022    0.0167149486542516    1.70447019382958e-07    1.35058207900659e-07
3.18198149999998    -0.16414565322646    0.24037829785343    0.026943795473155    0.0577817260789425    1.16841459379658e-07    1.74108637690799e-07
3.53553499999997    -0.0774253654146987    0.23869081694269    0.00599468720960299    0.0569733060928521    5.80443304866216e-08    2.88543772696464e-07
3.88908849999997    0.00145803398808294    0.207572043883275    2.12586311123095e-06    0.0430861534019074    2.87385733726026e-08    1.65197956644101e-07
4.24264199999997    0.0699407160015672    0.179361815135179    0.00489170375481821    0.0321706607286709    7.95861042697401e-08    2.90869712661966e-07
4.59619549999999    0.125370437724054    0.125717505560227    0.0157177466551475    0.0158048912043011    1.62981856161072e-07    1.23869812342457e-07
4.949749    0.151189259075335    0.0110115086247527    0.0228581920597878    0.000121253322202087    1.97186730115086e-07    9.53166125910819e-08
5.30330250000002    0.132245890691093    -0.109908234277408    0.0174889756047106    0.012079819962019    1.7333440740099e-07    2.03140298551703e-07
5.65685600000003    0.0828587621534482    -0.156200387692268    0.00686557446561435    0.024398561115252    1.1245776170664e-07    1.93144548714724e-07
6.01040950000005    0.0279721807525166    -0.150303813588602    0.000782442896052349    0.0225912363793378    2.98126281650721e-08    2.46353706954192e-07
6.36396300000006    -0.0226845803776683    -0.136506929189256    0.000514590186912955    0.0186341417167193    4.54238036537767e-08    1.96435536679636e-07
6.71751650000007    -0.0680720821981347    -0.117386754525207    0.00463380837480907    0.0137796501380677    1.39487391226869e-07    3.2643755105671e-07
7.07107000000009    -0.101472709729175    -0.0630964530824265    0.0102967108198223    0.0039811623916129    2.02252185391208e-07    1.73335842189884e-07
7.4246235000001    -0.107574510933966    0.0311261709758333    0.0115722754027282    0.000968838519622711    2.15008241413554e-07    7.68337281642269e-08
7.77817700000012    -0.0825924712702804    0.100656701880516    0.00682151631055861    0.0101317716335087    1.6287536903522e-07    2.13666135736346e-07
8.13173050000013    -0.0431031877119858    0.115831563486078    0.00185788479094284    0.0134169510997201    9.03121854122718e-08    3.01355489617492e-07
8.48528400000015    -0.0031624235054959    0.109171736867603    1.00009224283736e-05    0.011918468130746    1.61454273252284e-08    2.38671482449257e-07
8.83883750000016    0.0340161286044936    0.100711904583088    0.00115709700524692    0.0101428877248618    9.73286831671794e-08    3.29814202085708e-07
9.19239100000018    0.0664855245135232    0.0783417380494977    0.00442032496988545    0.00613742792065838    2.17162800181607e-07    2.055707456505e-07
9.54594450000019    0.0848554690685121    0.0191345054683374    0.00720045063091236    0.000366129299524063    2.74139475276705e-07    7.89294532873937e-08
9.89949800000021    0.0782309307692127    -0.053666317111224    0.00612007852908138    0.00288007359231488    2.53041483374815e-07    1.80071107761689e-07
10.2530515000002    0.05168360703257    -0.0887529839679762    0.00267119523592549    0.00787709216326827    1.68440198989664e-07    2.20066641768131e-07
10.6066050000002    0.0194384988982371    -0.0907175687541516    0.000377855239419723    0.00822967728080183    5.43875022821303e-08    3.70950996111753e-07
10.9601585000002    -0.0117391803786624    -0.0856061061348464    0.000137808355966392    0.00732840540766099    6.01690962925649e-08    3.00682322186464e-07
11.3137120000003    -0.0407813756416601    -0.0770117795108906    0.00166312059926667    0.00593081418368276    2.0119485537312e-07    4.98727119234102e-07
11.6672655000003    -0.0636009755585292    -0.0465852851144961    0.00404508409209492    0.00217018878925271    3.13501079874504e-07    2.31992100421405e-07
12.0208190000003    -0.0700325750707777    0.0128938679127826    0.00490456157116454    0.000166251829761072    3.47024470074173e-07    9.37481802203803e-08
12.3743725000003    -0.0557925941134777    0.0620470189222658    0.00311281355798682    0.00384983255726976    2.74875346565516e-07    3.60208340689212e-07
12.7279260000003    -0.030511265252484    0.0761276089833648    0.000930937307333106    0.00579541284971489    1.60223335078824e-07    4.36823281799657e-07
13.0814795000003    -0.00382942308384448    0.0739468624172591    1.46644811551866e-05    0.00546813846153609    1.02777115166009e-08    4.23134410170361e-07
13.4350330000004    0.0216531382567383    0.0699360819262213    0.000468858396388916    0.00489105555545297    1.5326554438555e-07    5.11696309639339e-07
13.7885865000004    0.0446291942906132    0.0569919494459928    0.00199176498315674    0.00324808230182637    3.569803240293e-07    4.14450189035672e-07
14.1421400000004    0.0587797530180752    0.018239794603903    0.00345505936508051    0.000332690107229304    4.63245886226208e-07    1.91660436641928e-07
14.4956935000004    0.0558215867750803    -0.0336497865846155    0.00311604955028167    0.00113230813723776    4.40284263611009e-07    2.18166135267415e-07
14.8492470000004    0.0380457687757802    -0.0614639601058054    0.00144748052182931    0.00377781839202266    2.98636434070445e-07    3.66906054904657e-07
15.2028005000004    0.0152980797707805    -0.0648895069130271    0.000234031244685534    0.00421064810782812    1.11217646810802e-07    6.42128563053956e-07
15.5563540000004    -0.00720596367452704    -0.0623162514253092    5.19259124873972e-05    0.00388331519199079    9.37766096909471e-08    5.37060409695672e-07
15.9099075000005    -0.0285604954185415    -0.0573785073444515    0.000815701898663594    0.00329229310580163    3.33261257095557e-07    8.51090860647461e-07
16.2634610000004    -0.0459682944198213    -0.0371044685723774    0.00211308409216299    0.00137674158818555    5.43702216443261e-07    3.83417627707654e-07
16.6170145000003    -0.0519317361466156    0.00584195983661739    0.00269690521958255    3.41284947557779e-05    6.17124381043856e-07    1.52076354190731e-07
16.9705680000003    -0.0424359616798345    0.0440505168182709    0.00180081084394536    0.00194044803236509    5.02963254043071e-07    6.39000100863464e-07
17.3241215000002    -0.0239883702471298    0.0565415913340787    0.00057544190720408    0.00319695155110964    3.01160677706246e-07    7.20881131869286e-07
17.6776750000001    -0.00397611616385054    0.0558897352757677    1.58094997486594e-05    0.00312366250980144    1.50305679720217e-08    7.78484237579739e-07
18.0312285    0.0154042054545846    0.0535698103463026    0.000237289545752657    0.00286972458130128    2.56133444560002e-07    8.73179029190976e-07
18.384782    0.033213654484066    0.0449773217231478    0.00110314684456854    0.00202295947006722    6.17756279522307e-07    8.24428144788215e-07
18.7383354999999    0.0448105834487756    0.016793214316687    0.00200798838969205    0.000282012047273076    8.19978653906782e-07    4.32312256007766e-07
19.0918889999998    0.0435297432614456    -0.0234609073778379    0.00189483854904283    0.000550414175083155    7.9715655777275e-07    3.02767246307037e-07
19.4454424999997    0.0303901262580151    -0.0466945233621245    0.000923559774281336    0.00218037851246532    5.50667099251863e-07    6.70320808100227e-07
19.7989959999997    0.0128662158007098    -0.0504756989847017    0.000165539509080977    0.00254779618930739    2.24815013111483e-07    1.14593769559311e-06
20.1525494999996    -0.00473552740647988    -0.0489799789698924    2.24252198399718e-05    0.00239903834084941    1.49832210228035e-07    9.78932835673513e-07
20.5061029999995    -0.0216255684722103    -0.0457825169271501    0.000467665212070076    0.00209603885840406    5.69050900002677e-07    1.48972472342979e-06
20.8596564999994    -0.0357562828818674    -0.0310647585448183    0.00127851176645757    0.000965019223910978    9.64080668781446e-07    6.80528091618664e-07
21.2132099999994    -0.0412548047143252    0.00221097689689892    0.00170195891326526    4.88841889754043e-06    1.11720798768001e-06    2.42733665600099e-07
21.5667634999993    -0.0344244410575717    0.0336289660786185    0.0011850421429953    0.00113090736079117    9.32242687887259e-07    1.12884832044884e-06
21.9203169999992    -0.0199988737932322    0.0448685020585064    0.00039995495332203    0.00201318247850281    5.69560396590016e-07    1.2363720884409e-06
22.2738704999991    -0.00400107308627302    0.044914931615026    1.60085858446628e-05    0.00201735108403972    5.44475514360029e-08    1.43431366674272e-06
22.6274239999991    0.011634007942127    0.0434160948328115    0.000135350140985951    0.00188495729287466    4.34139754269553e-07    1.53067944440033e-06
22.980977499999    0.026194282501366    0.0372758432858954    0.000686140436933144    0.00138948849523893    1.08248523700339e-06    1.60134482797651e-06
23.3345309999989    0.0360905695689298    0.0155335599129306    0.00130252921395524    0.000241291484367109    1.46474339638626e-06    8.93590866800584e-07
23.6880844999988    0.0357518963502152    -0.0172920319066009    0.00127819809474384    0.00029901436765379    1.45165785428848e-06    4.41459235024792e-07
24.0416379999988    0.025484273223064    -0.0374222128871581    0.000649448182751932    0.00140042201890105    1.02183954775044e-06    1.23663683448892e-06
24.3951914999987    0.0112681879158966    -0.0412779277662675    0.00012697205910853    0.00170386732490564    4.47853321933774e-07    2.05631691541265e-06
24.7487449999986    -0.00318272736767621    -0.0403426905849503    1.01297535532593e-05    0.00162753268683001    2.37284846795891e-07    1.78800721832709e-06
25.1022984999985    -0.0171555476028946    -0.038123308768556    0.000294312814516535    0.0014533866784239    9.80486137339679e-07    2.6384156600585e-06
25.4558519999985    -0.0290870459867447    -0.0268866357187147    0.000846056247201187    0.000722891181824966    1.7222613329497e-06    1.24663661293962e-06
25.8094054999984    -0.0341992940508338    2.98267161453679e-05    0.00116959171770911    8.89766176302789e-10    2.03315253612405e-06    3.64938743403263e-07
26.1629589999983    -0.0290769980715927    0.0268162964064222    0.000845471819849889    0.000719113756896206    1.7304572510305e-06    1.98471942963388e-06
26.5165124999982    -0.0173057968966687    0.0371108249781738    0.000299490607382899    0.00137721333518608    1.07431473445532e-06    2.15068324392649e-06
26.8700659999982    -0.00399062763922079    0.0375399152880198    1.59251089766368e-05    0.001409245246798    1.47390418906661e-07    2.63937527195927e-06
27.2236194999981    0.00911195784937232    0.0365011895260306    8.30277763968338e-05    0.00133233684416465    7.4033503609604e-07    2.71098654650623e-06
27.577172999998    0.0214384682597429    0.0319109237313854    0.000459607924965526    0.00101830706283993    1.90827759038275e-06    3.07402561387743e-06
27.9307264999979    0.0301200842937403    0.0145018099915663    0.00090721948477895    0.000210302496170275    2.63000582606627e-06    1.77166116469997e-06
28.2842799999979    0.0303781239178985    -0.0131509314560059    0.000922830419815782    0.000172946998600185    2.65416407897512e-06    6.63037314561263e-07
28.6378334999978    0.0220688576049726    -0.0310464431804312    0.000487034479612339    0.000963881639423738    1.90362388911777e-06    2.2952113357655e-06
28.9913869999977    0.0101381899071354    -0.0348959804591809    0.000102782895373921    0.00121772946597449    8.8361689770087e-07    3.71038495849722e-06
29.3449404999977    -0.00211692197975523    -0.0342936916736828    4.48135880796815e-06    0.00117605729935665    3.73627296822508e-07    3.27826599476958e-06
29.6984939999976    -0.0140337480827849    -0.0326826993134311    0.000196946088151444    0.00106815885659517    1.70304890944185e-06    4.70988506433458e-06
30.0520474999975    -0.0243845817736022    -0.0238182252580087    0.000594607837871046    0.000567307859862782    3.09799209082036e-06    2.32841995308846e-06
30.4056009999974    -0.0291813458076224    -0.0014118169154818    0.000851550956975302    1.99322724701229e-06    3.71904052188411e-06    4.94137365190158e-07
30.7591544999974    -0.0252486575227218    0.0220018583853388    0.000637494717085969    0.000484081784440878    3.22277407535208e-06    3.46877158094802e-06
31.1127079999973    -0.0153644080761292    0.031574226992892    0.000236065039653172    0.000996931824418978    2.03060302135889e-06    3.77098210589867e-06
31.4662614999972    -0.00396962288854968    0.0322430270839728    1.57579060031755e-05    0.00103961281931024    3.54792794288564e-07    4.87569823457234e-06
31.8198149999971    0.00730627769207031    0.0314876631492985    5.33816953253607e-05    0.000991472954152659    1.26953395050242e-06    4.85272796525232e-06
32.1733684999971    0.0180012983086041    0.0279521104762196    0.000324046752277619    0.000781320514732936    3.3885492373081e-06    5.8871172361497e-06
32.5269219999972    0.0257696201619576    0.0136544149744765    0.000664073345923614    0.000186443060058868    4.75731476420982e-06    3.42981924570652e-06
32.8804754999974    0.0264361953188867    -0.0101737793227102    0.000698872446792159    0.00010350578678724    4.88403862909865e-06    1.03924689477395e-06
33.2340289999975    0.0195514515518038    -0.0263825456573141    0.000382259270505424    0.000696038733860379    3.566916301748e-06    4.30117582749019e-06
33.5875824999976    0.00929677538553743    -0.0302056794486009    8.6430035589973e-05    0.000912383116330349    1.7380559420293e-06    6.73637273937896e-06
33.9411359999977    -0.00134026858742335    -0.0298214677674161    1.79632022591553e-06    0.000889319976400164    5.82650614436908e-07    6.04955604751833e-06
34.2946894999978    -0.0117295818064044    -0.0286151234320942    0.000137583098249116    0.000818825360877021    2.98261355639479e-06    8.47602707384572e-06
34.6482429999979    -0.0208872257545872    -0.0214619216107095    0.000436276231300361    0.000460614098942066    5.61936572985007e-06    4.44047616794978e-06
35.001796499998    -0.0254232767761735    -0.00242773510561236    0.000646343049015511    5.89389803790963e-06    6.85401993210114e-06    5.43034963982709e-07
35.3553499999981    -0.022368101465985    0.0184087862053305    0.000500331999687193    0.000338883445969111    6.0410752939172e-06    6.03452931331264e-06
35.7089034999982    -0.0138974639186852    0.0274179026113399    0.000193139518257922    0.00075174142816851    3.85833701571059e-06    6.67559688553326e-06
36.0624569999983    -0.00394634016390817    0.0282539007993466    1.55736013398645e-05    0.0007982829927213    8.06591422149073e-07    9.07424823652259e-06
36.4160104999984    0.00594965957881414    0.0276852052903802    3.53984539152776e-05    0.000766470669133771    2.19351377077199e-06    8.78426304116589e-06
36.7695639999985    0.0153995797844715    0.0249044735212349    0.00023714709436688    0.000620232928863906    6.06865512266865e-06    1.12913247070469e-05
37.1231174999986    0.022453766170783    0.0129468170057237    0.000504171690683909    0.000167620113460871    8.68514292691868e-06    6.54837196006765e-06
37.4766709999987    0.023415464872725    -0.00792619380803755    0.000548284077387876    6.28245513719247e-05    9.06543202274977e-06    1.75765521372992e-06
37.8302244999988    0.0176165154413157    -0.0228134177935801    0.000310341661709771    0.000520452098056422    6.73911387876328e-06    8.16284180378675e-06
38.1837779999989    0.00864568161176    -0.0266102927337668    7.4747822269133e-05    0.000708107831256935    3.42596087537677e-06    1.23239673450347e-05
38.537331499999    -0.000749186064605935    -0.0263805489482413    5.61280569692051e-07    0.00069593348983087    9.00162386673286e-07    1.12703290096142e-05
38.8908849999991    -0.00995838756582937    -0.0254550859402357    9.91695107296421e-05    0.000647961638580717    5.27431295755723e-06    1.54387801932031e-05
39.2444384999992    -0.0181810594760238    -0.019587536437321    0.000330551029846608    0.000383671659432936    1.03041687215735e-05    8.70342231782817e-06
39.5979919999993    -0.0224974262900379    -0.00317627997639269    0.000506134352434768    1.00887556482511e-05    1.27577067369772e-05    1.07694846566736e-06
39.9515454999994    -0.0201175350326429    0.0156152725613179    0.000404715346183993    0.000243836847688986    1.14190357129746e-05    1.05130746754388e-05
40.3050989999995    -0.0127486972063981    0.0241758193152571    0.000162529334960632    0.000584470383301587    7.38242575966348e-06    1.19890629734329e-05
40.6586524999996    -0.00392374117164399    0.0251401008043987    1.53957480479984e-05    0.000632024959254104    1.80719236160699e-06    1.70528230942691e-05
41.0122059999997    0.00489274305981913    0.0247000836840545    2.39389493214203e-05    0.000610094395351601    3.83040625706697e-06    1.6166394390562e-05
41.3657594999998    0.0133589428218504    0.0224764663164086    0.00017846147487538    0.000505192023567323    1.10253304372314e-05    2.20339436697156e-05
41.7193129999999    0.0198355612396958    0.0123406091055402    0.000393449750884668    0.000152290792982834    1.61614029185428e-05    1.26446468169911e-05
42.0728665    0.0210184899507947    -0.00616414232643602    0.000441777211486633    3.79966769158784e-05    1.70784945248944e-05    5.12789610206353e-06
42.4264200000001    0.0160786270070673    -0.0199807944264072    0.000258522412033497    0.000399232407441023    1.28686091753143e-05    1.61719101673678e-05
42.7799735000002    0.00812629343476893    -0.0237608936065894    6.60366914750228e-05    0.000564580593555255    6.81814154905954e-06    2.29906849344698e-05
43.1335270000003    -0.000283718447948824    -0.0236488601952129    8.04994416629189e-08    0.000559269044664879    1.81216898468999e-06    2.13572505596949e-05
43.4870805000005    -0.00855118187176136    -0.0229119774311135    7.31228025328415e-05    0.000524959715733722    9.54614589410974e-06    3.17163974863854e-05
43.8406340000006    -0.0160137391344348    -0.0180356358559344    0.00025644024132982    0.000325284612230448    2.00066011983349e-05    2.12485900812962e-05
44.1941875000007    -0.0201369761712295    -0.00374098389112571    0.000405498434949644    1.39950731492491e-05    2.50125764417326e-05    1.06148757430211e-05
44.5477410000008    -0.0182963848215239    0.0133579527233906    0.000334758188105037    0.000178435423560763    2.21487640155816e-05    2.28604555039664e-05
44.9012945000009    -0.0118197072974501    0.0215515528439686    0.000139705685305932    0.000464470052356808    1.43076391280266e-05    2.49473532934848e-05
45.254848000001    -0.0039031546347647    0.0226322415984395    1.52346442927935e-05    0.000512219498906438    5.30941695016508e-06    3.37510933299304e-05
45.6084015000011    0.00404234991398062    0.0222769193817252    1.6340651482026e-05    0.000496262315162184    7.65865306946895e-06    3.43223294868204e-05
45.9619550000012    0.0116953953584597    0.0204377818255073    0.00013678283803117    0.000417706557804077    2.37789925935498e-05    6.0264890616289e-05
46.3155085000013    0.0176722023225271    0.0117595883735787    0.00031230823630256    0.000138289353440714    3.87475706229896e-05    3.78777600467468e-05
46.6690620000014    0.0190206759264765    -0.0047198802828614    0.000361787564338452    2.22794314197248e-05    3.81003727987749e-05    4.64923131382862e-05
47.0226155000015    0.0147988854993268    -0.0176012008199709    0.000219007699399712    0.000309805368661745    2.62178856575304e-05    5.56628853209883e-05
47.3761690000016    0.00769714437716292    -0.0214062914182004    5.92462805886264e-05    0.00045823293068991    1.57805492819012e-05    6.01532126237662e-05
47.7297225000017    9.80054298113468e-05    -0.0214016271440211    9.80741254316823e-09    0.000458032181635524    1.42249172462062e-05    5.03708628408518e-05
48.0832760000018    -0.00737681760731248    -0.0206635764968822    5.44179808840997e-05    0.000427009324926842    2.32996254086028e-05    0.000161031935776695
48.4368295000019    -0.0141413460103994    -0.0165046254264693    0.000199983081651202    0.000272424700229757    7.35844097794866e-05    0.000148457945895239
48.790383000002    -0.01803900335837    -0.00411235503147896    0.000325413982674547    1.69247124182635e-05    9.13263995858618e-05    0.000115102186483017
49.1439365000021    -0.0166646543389209    0.0113106368445424    0.000277714785678317    0.000127957006445141    6.38861690937207e-05    0.000162790098041489
49.4974900000022    -0.0110005587042355    0.0191711863476167    0.000121013430356287    0.00036755455146877    3.37424207147918e-05    0.000142005259500357
49.8510435000023    -0.00388299638908392    0.0204853427895242    1.50793479782821e-05    0.000419668733977283    4.10733568544591e-05    0.000139516210421779
50.2045970000024    0.00331464491959534    0.0201453638468216    1.09889093310831e-05    0.000405863746881434    4.5148511424579e-05    0.000167518239620148
50.5581505000025    0.0101600268023589    0.01823175491112    0.000103238020934161    0.000332571779344648    0.000108978481866874    0.000418201154349006
50.9117040000026    0.0155209954533362    0.0107572051525634    0.000240946205828541    0.000115801014765357    0.000211910278322888    0.000289053751090175
51.2652575000027    0.016933120453763    -0.00334116907736298    0.000286766423529177    1.13579205020218e-05    0.000189354766321511    0.000441032536776138
51.6188110000028    0.0134631394066369    -0.0149764989874836    0.000181266996686891    0.000224466953809103    0.000104278494193114    0.000414043339526972
51.9723645000029    0.00726563949207348    -0.0189977773438183    5.27959855358899e-05    0.000361067720529862    8.04257863630109e-05    0.000390098096080251
52.325918000003    0.000414463051579232    -0.0194089564037937    1.93175354934109e-07    0.00037682702377084    0.000146272806118362    0.000345593817184405
52.6794715000031    -0.00635396836940285    -0.0185571606145378    4.03917266044687e-05    0.000344835162494185    0.000137158904547825    0.00068333916939691
53.0330250000032    -0.0124053714278645    -0.0147781579050209    0.000153960062962726    0.000218797071397225    0.000258500869337627    0.000634917578503013
53.3865785000033    -0.0159869613436936    -0.00427452998429691    0.00025567490712466    1.8734444557215e-05    0.000303272352690451    0.00068032196095792
53.7401320000034    -0.015024697638837    0.00924386383736552    0.000225810348188733    8.5867623081501e-05    0.000262314792296386    0.000646996474292555
54.0936855000036    -0.0101813727898413    0.0168553620774296    0.000103696151285304    0.000284539576672779    0.000189207292624469    0.000660564842787151
54.4472390000037    -0.0038467550769367    0.0185828022958144    1.48355503509262e-05    0.000345891313026711    0.00019500186919097    0.000755494448281888
54.8007925000038    0.00272591959574571    0.0184679911373504    7.48715921683362e-06    0.000341602926917899    0.000237742664162723    0.000732277453322831
55.1543460000039    0.00905922381575268    0.0169387151394043    8.21983802333567e-05    0.00028821892633373    0.000358948588876049    0.00113967353213339
55.507899500004    0.0141357760969188    0.0105416582748595    0.000200102246776413    0.000111732881118485    0.000531112901549916    0.000778666767347469
55.8614530000041    0.0156838134139113    -0.00236880350544446    0.000246307758897538    6.34498598487816e-06    0.000570750116210903    0.000856595550696015
56.2150065000042    0.0126721806033918    -0.0135090682666957    0.000160811660697722    0.000183416600266284    0.000476969027025931    0.000960038974228587
56.5685600000043    0.00701340119307473    -0.0174469203426779    4.92953082152272e-05    0.000305307790255474    0.000327890103853611    0.000955385164070491
56.9221135000044    0.000717982641269787    -0.0178828732909788    5.67063911227612e-07    0.00032093268053001    0.00022707892474396    0.00106560939786004
57.2756670000045    -0.00553482394970249    -0.0172691327815228    3.0764832145383e-05    0.000299639384011921    0.000361325325963672    0.00119014158235669
57.6292205000046    -0.0112245873532994    -0.0141558470755358    0.000126497743690209    0.000201626924569699    0.000711605535645051    0.00111306699876648
57.9827740000047    -0.0147689671785496    -0.00471702117837716    0.000218939130750918    2.31388493480613e-05    0.000903736261218466    0.000942634897933783
58.3363275000048    -0.0141260099054432    0.00805618829134995    0.000200292041241809    6.56004442477556e-05    0.000864803673170537    0.000835628184105555
58.6898810000049    -0.0097500429308055    0.0154721703853813    9.54186067792912e-05    0.000240587538447414    0.00059604498717876    0.0010952086619198
59.043434500005    -0.00389913003377918    0.0171258016379636    1.53040765286021e-05    0.000295316281539571    0.000317587008996444    0.00142239227946944
59.3969880000051    0.00215266895057456    0.0170061914312741    4.72505198938012e-06    0.000290974188747948    0.000301775377743667    0.00132802174334888
59.7505415000052    0.00795767451441876    0.0155181558657608    6.3773755858901e-05    0.000243716435336002    0.000670203089720684    0.00170389960442426
60.1040950000053    0.012663239582651    0.0100428186586606    0.00016150629019941    0.000101957088371358    0.00107175252357554    0.00104827561290728
60.4576485000054    0.0142931102089227    -0.00136493711906688    0.000205749673543349    2.7307720270283e-06    0.00120692754502386    0.000931514190993193
60.8112020000055    0.0117978012613569    -0.0117647739201268    0.000140191135225518    0.000140484588162461    0.00100150917271997    0.00144037591300508
61.1647555000056    0.00675093009602942    -0.0157872974201455    4.59516814573815e-05    0.000251290696348061    0.000613697234722243    0.00143245820739287
61.5183090000057    0.000999299132284013    -0.0164359237704874    1.05804905107269e-06    0.000273283219560744    0.00024382431234212    0.0017730283053216
61.8718625000058    -0.00475330415605378    -0.0158837393303442    2.28810670522897e-05    0.000255005574143366    0.000535879326277408    0.00164693625530671
62.2254160000059    -0.00999511706285588    -0.0131528481660191    0.000101052339073068    0.000176002701071453    0.00107236839419843    0.00173357612844098
62.578969500006    -0.0133818600039988    -0.00493568012197781    0.00018107568575144    2.56275665375958e-05    0.00141474682711018    0.00112544580993884
62.9325230000061    -0.0130488489090931    0.006671674243103    0.000172153417858084    4.57075478900069e-05    0.00137148095347483    0.00109375988403439
63.2860765000062    -0.00923387128141589    0.0138461433953791    8.61943914320308e-05    0.000194454223865742    0.000964371603830026    0.00165485254338272
63.6396300000063    -0.00392523673123237    0.0156832331553626    1.564134396267e-05    0.000249687122760788    0.00048359132173166    0.00192959077405646
63.9931835000064    0.00164221672000126    0.0156767428576836    2.80780525146796e-06    0.000249413697978697    0.000333060799278853    0.00191139513255691
64.3467370000062    0.00698631542935667    0.014278895197603    4.9528850908233e-05    0.000208036926911676    0.000848674042118629    0.00203717423102379
64.7002905000059    0.0113624905160499    0.00958891212326133    0.000131043180533035    9.39232352426554e-05    0.00139175781144231    0.00140570250587646
65.0538440000057    0.0130589125396818    -0.000518828195279286    0.000173092887096505    1.21991658726174e-06    0.0015992780800869    0.000975055839962503
65.4073975000054    0.0110215714441703    -0.0102342533043312    0.000123291287218701    0.000107596066395797    0.00134768324162247    0.00169000760311362
65.7609510000052    0.00652420885975802    -0.014308279810612    4.32368339037097e-05    0.000207978021112686    0.000819470962246136    0.00180309455490264
66.1145045000049    0.00126184814939827    -0.0151490008471978    1.68187595863924e-06    0.000234336712672245    0.000299357990538756    0.00220101931019387
66.4680580000047    -0.00404528346744344    -0.014633165730621    1.6726858068148e-05    0.000217877153351242    0.000602112727134022    0.00193587552580723
66.8216115000044    -0.00887256557305007    -0.012195940507725    8.01861682792085e-05    0.000153040288582594    0.00120985471488736    0.00207348106203687
67.1751650000042    -0.0120912411652634    -0.00506915221473894    0.000148872724677949    2.74159289201799e-05    0.00163542403106589    0.0013113446320427
67.5287185000039    -0.0120353280295035    0.00538521613243825    0.000147485326823266    3.05823649467054e-05    0.00162363975238165    0.00125770113843956
67.8822720000037    -0.00875290603922408    0.0122708345789282    7.80122897404955e-05    0.000154410401575935    0.00118276185642341    0.00195883136398096
68.2358255000034    -0.00395520080139983    0.0143538245367793    1.601412914917e-05    0.000210809706666104    0.000608700065529961    0.00218573279095535
68.5893790000032    0.00118192253410567    0.014511199602323    1.53070921904458e-06    0.000215694191476246    0.000365743547335859    0.00226258205990101
68.9429325000029    0.00612918160887878    0.0131915740843614    3.8413912769427e-05    0.000179002575911812    0.00092035078899795    0.00223269995490109
69.2964860000027    0.010212414203903    0.00915315538186515    0.000106659702996385    8.64590376886377e-05    0.00153827797367905    0.00163669919168754
69.6500395000024    0.0119618179725853    0.000180600813774832    0.000146287693597642    1.309908759057e-06    0.001789582182627    0.00113017348452389
70.0035930000022    0.0103333246979852    -0.00885439317318373    0.000109175717527867    8.127248467304e-05    0.001548585875525    0.00169475845114203
70.3571465000019    0.00633054098967298    -0.0130146754453887    4.10081884252279e-05    0.000173565011818173    0.000965628915939332    0.00204529579018992
70.7107000000017    0.00150870660498098    -0.0140243784290919    2.43031042517395e-06    0.000202734597713805    0.000392574585602152    0.00245996085160441
71.0642535000014    -0.00341435351243437    -0.0135626280885651    1.20444355844987e-05    0.000188968397115715    0.000621792309879909    0.00224132024641263
71.4178070000012    -0.0078914344467092    -0.0113879093482681    6.38611540470844e-05    0.000135204234063979    0.00125953023797596    0.0023494158294364
71.7713605000009    -0.010963651784625    -0.00514896874415113    0.000123222251633872    2.87384331072757e-05    0.00173798480412277    0.00149216419305329
72.1249140000007    -0.0111387042592246    0.00425906459043262    0.000127134111395599    2.05963101147764e-05    0.00175025107374054    0.00156737963789868
72.4784675000004    -0.00831753615410148    0.0108516106165182    7.09225002517688e-05    0.000122621556812824    0.00131950467107301    0.00220547134197986
72.8320210000002    -0.00397906188920181    0.0131253961365921    1.63500127508383e-05    0.000177650296549718    0.000719082215563724    0.00231824778814747
73.1855744999999    0.000759328304507131    0.0134457152053635    7.40887194212946e-07    0.000187139604445007    0.000405348886993997    0.00252038629207173
73.5391279999996    0.00532199814112789    0.0120839047394335    2.91901392823992e-05    0.000152941553916765    0.000930846425695726    0.00263074137175494
73.8926814999994    0.00908363137703852    0.00853139629746188    8.51236971642703e-05    7.73542444939235e-05    0.00161596354239556    0.00213764396230458
74.2462349999991    0.0108287594245203    0.000734093236796121    0.000120942167009226    3.10064769898821e-06    0.00191836814378488    0.00160054828689371
74.5997884999989    0.00957315298983549    -0.00746023504228016    9.44575165541671e-05    5.99616787204238e-05    0.00167697894660932    0.00207522814031588
74.9533419999986    0.00607500121738799    -0.0116390829263885    3.80822940103301e-05    0.000142172551336702    0.00108473693542009    0.0025892662994278
75.3068954999984    0.00170689265508432    -0.0127914849980402    3.20402457944055e-06    0.000171172491323237    0.000539019520481186    0.00274779964119452
75.6604489999981    -0.00279027044410813    -0.0122891795693006    8.19865072629653e-06    0.00015885914324393    0.000642683106229759    0.00279914429021001
76.0140024999979    -0.00677268084940077    -0.0101043639201255    4.77166788735019e-05    0.00011169484215312    0.00135921778448562    0.00309784956425992
76.3675559999976    -0.00952090828157794    -0.00481418316899763    9.43932209872541e-05    2.83034932401361e-05    0.00193533627078985    0.00226431748115763
76.7211094999974    -0.0098330775770028    0.00310789048408175    0.000100756930051068    1.45607679069353e-05    0.00201680822482272    0.00221399743583623
77.0746629999971    -0.00754848995668824    0.00914013678398878    5.93591501573699e-05    9.18375783743887e-05    0.00154254644375676    0.00288018713703885
77.4282164999969    -0.00380505409872668    0.0115671691894885    1.52784647738573e-05    0.000143237971870552    0.000894442887847285    0.00307222538435894
77.7817699999966    0.000412341023773631    0.0120324908114092    5.00126780963613e-07    0.000154404757972382    0.000574544742449991    0.00310224480751201
78.1353234999964    0.00444340681460944    0.0104189932220704    2.07683944291482e-05    0.000121014242027979    0.00101219084615038    0.00352970569119167
78.4888769999961    0.00766706995106192    0.00731537731981227    6.21788321601446e-05    6.36676840285555e-05    0.00184251744243249    0.00318636763373779
78.8424304999959    0.00923159641934075    0.00102379132706912    9.04231580181955e-05    8.18270458978747e-06    0.00228052309100578    0.00267105894888254
79.1959839999956    0.00833903015301705    -0.00584641349177206    7.39411582628495e-05    4.29412804203143e-05    0.00209803106981806    0.002959852986812
79.5495374999954    0.00547760776767269    -0.00977067791673019    3.21185904445248e-05    0.000108628404597526    0.00145409889211727    0.00362798258610036
79.9030909999951    0.00173472988394581    -0.0110972954320376    3.66852535707112e-06    0.000136766545900388    0.00081193447199664    0.0036900650393271
80.2566444999949    -0.00217962116671701    -0.010665286070838    5.34368682185099e-06    0.000128032688629533    0.00077002492910954    0.00377946578986
80.6101979999946    -0.00556617395771426    -0.00845696868050945    3.33148668465215e-05    8.8457163935659e-05    0.0015272767656797    0.0041154397909022
80.9637514999944    -0.00790151865704911    -0.00429438097488464    6.74853167741875e-05    2.95727863828921e-05    0.00224751411263476    0.00333632708609947
81.3173049999941    -0.00829899837847082    0.00206488469472495    7.48916681507298e-05    1.38789489319248e-05    0.0024532211610184    0.00310083861711884
81.6708584999939    -0.00656793327189302    0.0072740297705987    4.70713746832475e-05    6.7082515214225e-05    0.00198333739419398    0.00376443968083816
82.0244119999936    -0.00350441978834156    0.00968036652812951    1.38045977182046e-05    0.00011046192299986    0.00123435799721341    0.00409297286589217
82.3779654999934    6.6983394428474e-05    0.0102652297665898    5.8721787433936e-07    0.000122417548022325    0.000763368259236785    0.00412826911204252
82.7315189999931    0.003517480419471    0.00888022944137024    1.36090107249e-05    9.84798008693209e-05    0.00111190926947216    0.00442959658862318
83.0850724999928    0.00624734730550516    0.00627750890556319    4.30483489926347e-05    5.59656109710097e-05    0.00200474453161297    0.00406921281227519
83.4386259999926    0.00767832068894249    0.00138127795627767    6.5169576187827e-05    1.41183989987412e-05    0.00249258251329516    0.00349434832354226
83.7921794999923    0.00716196845497354    -0.00418204777565667    5.68422857247285e-05    3.14239073366747e-05    0.00235552405521414    0.00373287874686545
84.1457329999921    0.00495756922922155    -0.007829344629384    2.75972700719889e-05    7.91547316936536e-05    0.00173775067528817    0.00422564721291183
84.4992864999918    0.00187558421299136    -0.00933806446636296    4.61569024910348e-06    0.000106646472474957    0.00104779487929703    0.00440987805919922
84.8528399999916    -0.00146410077418714    -0.00923538341508244    2.8963841497683e-06    0.000105154588146934    0.000867636486550048    0.00445671194080954
85.2063934999913    -0.00441103780992032    -0.00729006577412664    2.18045440794924e-05    7.48296206767016e-05    0.00153208665516861    0.00465666851790086
85.5599469999911    -0.00649148168847217    -0.004161827583867    4.75401878400946e-05    3.35482561682276e-05    0.00232397360749325    0.00402833058851819
85.9135004999908    -0.00708968773251576    0.000911272790407607    5.71926512398939e-05    1.41401071988313e-05    0.002632295404264    0.00364824466014741
86.2670539999906    -0.0059239158772682    0.00544493293406099    4.02358842917277e-05    4.71773449131646e-05    0.00226784147831753    0.00418689028477491
86.6206074999903    -0.00349723162125887    0.00793025774416864    1.4588043576289e-05    8.41734872570445e-05    0.00153538743109225    0.00461351269295943
86.9741609999901    -0.00049764465029391    0.00881048340209834    1.1460286086135e-06    9.95173627454184e-05    0.000947828260101667    0.00467896836565157
87.3277144999898    0.0025291664997729    0.00794768594591746    7.59019320713902e-06    8.65265198332747e-05    0.00109247884353223    0.0048333019705312
87.6812679999896    0.00496967225311692    0.00575547682936765    2.84357826686754e-05    5.49332821062158e-05    0.00193342710368794    0.00466987886061597
88.0348214999893    0.00640325893043932    0.00204532119857353    4.74560833438288e-05    2.06854490223319e-05    0.00254054293677119    0.00406227894377006
88.3883749999891    0.00629562483158344    -0.00260011478021513    4.63686690374427e-05    2.25452941754351e-05    0.00259495221871091    0.00397299601121646
88.7419284999888    0.00470009619661216    -0.00609816715408084    2.63695009816097e-05    5.73805272325357e-05    0.00206847690927446    0.00449364936253657
89.0954819999886    0.00219715699012701    -0.0078167002355527    6.57293843797997e-06    8.45821356976198e-05    0.00132115086145224    0.00484575413378868
89.4490354999883    -0.000660362794039956    -0.00808567999226417    1.30624159728518e-06    8.97206917710786e-05    0.000932825051943246    0.00493380895797329
89.8025889999881    -0.00330625513652073    -0.00662747023086899    1.30016296945396e-05    6.86839088614695e-05    0.00143885602711667    0.00497599710615017
90.1561424999878    -0.00526200538521934    -0.00422645127153675    3.28767050761563e-05    3.8244022148534e-05    0.00227771912273638    0.00451454668796983
90.5096959999876    -0.00609526825276766    -0.000242078229884811    4.45072015915418e-05    1.59400464036145e-05    0.00271199308965648    0.00398515301264961
90.8632494999873    -0.00544243994052577    0.0038277523486413    3.59554449768028e-05    3.32522013880054e-05    0.00251700068942634    0.00431283124472503
91.2168029999871    -0.00357556653904176    0.00641075848728396    1.62730187750786e-05    6.41685436345437e-05    0.00186771055037002    0.00480319885620618
91.5703564999868    -0.00107984394195956    0.00751149646440184    2.48220575306833e-06    8.18839482013129e-05    0.00114723267652275    0.00504592598703069
91.9239099999865    0.00156653770278166    0.00715626345505082    3.60331840260627e-06    7.72567890942829e-05    0.00107204385561871    0.00510339910806386
92.2774634999863    0.00379983553754072    0.00539625309264351    1.77322139703818e-05    5.47815577151483e-05    0.00181479030690172    0.00506576847825516
92.631016999986    0.00527824723071623    0.00271135951934324    3.44521384405121e-05    2.67007355721997e-05    0.00256753668171432    0.00439877995915532
92.9845704999858    0.00556160333101272    -0.00112894353488939    3.8917799567563e-05    1.83030656187641e-05    0.00282601626959774    0.00412656662539156
93.3381239999855    0.00453384879773247    -0.00449279606031543    2.65938756053819e-05    4.042189753493e-05    0.00245725267009353    0.0044985198782871
93.6916774999853    0.00257850723341531    -0.00633404833058249    9.5125696885096e-06    6.5662554025079e-05    0.00169229729531619    0.00505394754334907
94.045230999985    0.000191873912006036    -0.00696387839568626    1.09964569171942e-06    7.62913280383171e-05    0.00103093651289054    0.00527216518409763
94.3987844999848    -0.00218013618578654    -0.00619141773195726    6.43709931520521e-06    6.59522017664365e-05    0.00129773091456948    0.00525533521621996
94.7523379999845    -0.00406808318949695    -0.00439416870865732    2.12605383087437e-05    4.4083538238496e-05    0.0021705385212145    0.00497743102396736
95.1058914999843    -0.00515060651647576    -0.00147408571073504    3.44570512815994e-05    2.02910346527511e-05    0.00281572438175983    0.00425653685173263
95.459444999984    -0.00503472550019088    0.00208817041451153    3.35566075440254e-05    2.24105806343591e-05    0.00286498633186147    0.00424854386282145
95.8129984999838    -0.00376474044616165    0.004844557692612    1.94486221860121e-05    4.6543494480556e-05    0.002296813348761    0.00480351488428108
96.1665519999835    -0.00177118872164165    0.00624307871486567    5.16720524527184e-06    6.64035232576154e-05    0.00142481428881144    0.00523712625564886
96.5201054999833    0.00051383826453404    0.00647429303439141    1.12849563162969e-06    7.04931126684699e-05    0.000929766567225522    0.00534571252250818
96.873658999983    0.00264157902339754    0.00536662639443516    9.33956423541457e-06    5.64241513830559e-05    0.001536757787864    0.00525580369930307
97.2272124999828    0.00422806243382869    0.0034552968320471    2.38125927460849e-05    3.40200078405572e-05    0.00243640735545835    0.00469903518214138
97.5807659999825    0.00493398627270601    0.000362078933748148    3.28454368242918e-05    1.74427178889455e-05    0.0029156845311248    0.00416072310238032
97.9343194999823    0.00447742671437467    -0.00286245988629468    2.75717651631411e-05    2.73720162664498e-05    0.0027430667473733    0.00437930812638294
98.287872999982    0.00304839351389116    -0.00498609075285984    1.32750626396077e-05    4.97577795862975e-05    0.00199558503303518    0.00498965716162374
98.6414264999818    0.00108303083593583    -0.00597183362654334    2.32525262859244e-06    6.4215593833918e-05    0.00107345090106841    0.00534348172737628
98.9949799999815    -0.00105058335358142    -0.00588912223439655    1.99462120564296e-06    6.29118370957094e-05    0.000943872778938231    0.00531319832154283
99.3485334999813    -0.00293055135107631    -0.00462194691308895    1.18085324274802e-05    4.77187059532579e-05    0.00179454763274343    0.00513383995522313
99.702086999981    -0.00423791377336847    -0.00259465187371054    2.48888880320521e-05    2.68844428435917e-05    0.00263229460386673    0.0044891229096386
100.055640499981    -0.00462797402796005    0.00047128116104166    3.00918566025372e-05    1.66049672093277e-05    0.00294511680567417    0.00404757474008509
100.409193999981    -0.00393682667833339    0.00329735240052364    2.20572466132387e-05    3.15161916899296e-05    0.00256098463837665    0.00454352933705622
100.76274749998    -0.00244055203692213    0.00496726702247881    8.77056886762118e-06    5.13585087250393e-05    0.0016775799899547    0.00516573005996576
101.11630099998    -0.000533941762457385    0.00567613392338813    9.28181219651291e-07    6.09082927719312e-05    0.000801927312139444    0.0053562856958618
101.46985449998    0.00145421573612843    0.00535209729914268    3.31877588303377e-06    5.61810571545981e-05    0.00109728413632486    0.00524748622247907
101.823407999979    0.00312727530803486    0.00402013463253726    1.40695686497291e-05    4.06653087294207e-05    0.00207116339227126    0.00495013396441906
102.176961499979    0.00419998600287957    0.00186080072891839    2.5423281689167e-05    2.13733878161561e-05    0.00278987441738561    0.00423211631024158
102.530514999979    0.00433297178722953    -0.00111394812423463    2.70499625128642e-05    1.83660740150845e-05    0.00287668524589277    0.00413825972983797
102.884068499979    0.00346625858686112    -0.00361942868225794    1.73683057712395e-05    3.49729079502058e-05    0.00231373230522701    0.0046768198558694
103.237621999978    0.00192276825157262    -0.004936599763645    5.58706683207937e-06    5.14857303270778e-05    0.00137478328576679    0.00520727501680657
103.591175499978    6.80573039806294e-05    -0.00542388595352601    5.58148622693592e-07    5.7200675247735e-05    0.000743987114181744    0.00527087624697053
103.944728999978    -0.00178361619600385    -0.00484283385504472    4.97801522180529e-06    4.94296164233925e-05    0.00134042101115957    0.00509672215014956
104.298282499978    -0.00325979603664989    -0.00339401365028503    1.56122013400437e-05    3.33280756827356e-05    0.00223291986857689    0.00466998362142893
104.651835999977    -0.00408274149065091    -0.00110275679460806    2.43600227680587e-05    1.81085785733929e-05    0.00277330933878216    0.00411004939451324
105.005389499977    -0.00398431472984008    0.00164567071925244    2.32136041435673e-05    2.03206605495338e-05    0.00270902939761581    0.00419671638704939
105.358942999977    -0.0029953133822377    0.0037676322564834    1.32228293464932e-05    3.70293454290444e-05    0.00206177765258064    0.00477852410362763
105.712496499977    -0.00143943740700118    0.00487310352310851    3.43298621334341e-06    5.0136179710885e-05    0.0011666216887531    0.0051370265488853
106.066049999976    0.0003507277054357    0.00511470129343199    7.17630986524979e-07    5.2982880799131e-05    0.000771116763638807    0.00517906473005465
106.419603499976    0.00205507942806969    0.00436893501933267    6.43548546582078e-06    4.40471150973859e-05    0.00148732444683247    0.00499595054961862
106.773156999976    0.00336096740880259    0.00287509838570879    1.67590554904808e-05    2.83581847532812e-05    0.00233729620875224    0.00448240939961711
107.126710499976    0.003977913604638    0.000481608960253356    2.34682805630484e-05    1.61779159516505e-05    0.00276486598537512    0.00399324038358001
107.480263999975    0.00368023539283507    -0.00210765986302863    2.01528432362219e-05    2.21338018813906e-05    0.00257074127238546    0.00420613501723004
107.833817499975    0.00258746848521154    -0.00389388534974953    1.01347795544184e-05    3.8489087003297e-05    0.00185466611347042    0.00482977679466692
108.187370999975    0.00103101899757649    -0.00478327386121879    2.07012667829271e-06    4.8309594407015e-05    0.00100355692660111    0.00504280532794953
108.540924499975    -0.000706176539688797    -0.00489128613777972    1.17162918862875e-06    4.9782449540494e-05    0.000820331569197425    0.00508505353549577
108.894477999974    -0.00229311185406587    -0.00394068486906406    7.892450564264e-06    3.90334095082527e-05    0.00162298755047801    0.00484813492706034
109.248031499974    -0.00342515195660311    -0.00233536520548304    1.75031088849538e-05    2.38442326329699e-05    0.00240238276699024    0.00428839153879272
109.601584999974    -0.00383898272500167    7.70733462883244e-05    2.21222924608905e-05    1.52424014550451e-05    0.00271744440569246    0.00390339098148482
109.955138499974    -0.00338257691206369    0.00242584874411825    1.73577108913586e-05    2.34670722268748e-05    0.00243225909913649    0.00419312891496729
110.308691999973    -0.00222112983924177    0.00397536408170229    7.75298892113215e-06    3.85506818189695e-05    0.00167915787178037    0.00476939851940271
110.662245499973    -0.000668144942952056    0.00468820331960015    1.16133398600413e-06    4.74634606889731e-05    0.000845527244511804    0.00504818881610655
111.015798999973    0.000999264243081767    0.00456918958144391    1.83881888676462e-06    4.59897887026545e-05    0.000916673256543924    0.00501121694516201
111.369352499973    0.00244006180085715    0.00347279676321483    9.03229422878692e-06    3.40940617729033e-05    0.0017545348776199    0.00469401154816516
111.722905999972    0.0033927112512121    0.00179924817948177    1.75637793669888e-05    2.03722948761233e-05    0.00246034341767315    0.00413944451161685
112.076459499972    0.00362458343811083    -0.000511427522494642    2.03312307966192e-05    1.51624176748906e-05    0.00268209352871817    0.0038601631525268
112.430012999972    0.00305359002268685    -0.00262575665473793    1.46517428416503e-05    2.51167969418738e-05    0.00230810112755    0.00426874676362669
112.783566499972    0.00186692481317109    -0.0039523947745338    5.79083099842386e-06    3.86851475066524e-05    0.00151836186081908    0.00480247051556699
113.137119999971    0.000348857864391303    -0.00450709471676543    6.69618778526398e-07    4.54635631126021e-05    0.000740214137245931    0.00501494370125002
113.490673499971    -0.00121595886958804    -0.00417381565086141    2.5407810489671e-06    4.21019524434538e-05    0.00103064304026044    0.00496801925882722
113.844226999971    -0.00251220113920185    -0.00308209400857966    9.9249032030093e-06    3.06103819600027e-05    0.00190098622804118    0.00459467936664573
114.197780499971    -0.0033219210026941    -0.00136460047376247    1.74248567896772e-05    1.7503378380018e-05    0.00252778512566576    0.00395490125376415
114.55133399997    -0.00340996291885977    0.000878614493399022    1.84702523848371e-05    1.55116779128848e-05    0.0026157991659985    0.00383923358040038
114.90488749997    -0.00273717033453055    0.00279945467509317    1.21241639974371e-05    2.64767626356719e-05    0.00215222270158156    0.00431738533811506
115.25844099997    -0.00153180713064684    0.00389598420095274    4.14171014510403e-06    3.80589933476928e-05    0.00133987949443356    0.00478333570362978
115.61199449997    -6.36778747789167e-05    0.00427907718714012    4.3378816869765e-07    4.32375810818731e-05    0.000655540461727032    0.0049927026256698
115.965547999969    0.00139294639989117    0.00381488456327295    3.31918015032174e-06    3.79484668875247e-05    0.00117425741528507    0.00483685048936046
116.319101499969    0.00256112973170834    0.00271420697662269    1.06450609392346e-05    2.67814534902969e-05    0.0020213053793512    0.00440619268511372
116.672654999969    0.00322728768569849    0.000912698824785943    1.69422999388567e-05    1.5611924831613e-05    0.00255478259986942    0.00384433423193761
117.026208499969    0.00316800562441409    -0.00122613606381948    1.64941153752894e-05    1.63768947783451e-05    0.00254123114630884    0.00385661576143468
117.379761999968    0.00241152622426864    -0.00292544547669384    9.74217205901436e-06    2.74959422577423e-05    0.00198159363358863    0.00435174804195209
117.733315499968    0.00120161279964819    -0.00380264137104809    2.76400573278424e-06    3.71197799099922e-05    0.00114897015300916    0.00476022042695353
118.086868999968    -0.000202810578924242    -0.00403408457327347    4.32883266155028e-07    4.02486839532457e-05    0.000625900259810972    0.00489641150322588
118.440422499968    -0.00156043343616109    -0.0035018876084623    4.1098086503e-06    3.41261827738045e-05    0.00129416233201655    0.00467578506258604
118.793975999967    -0.00260289725285245    -0.00230676655238409    1.12011593685131e-05    2.34483129347484e-05    0.00210382633779649    0.00425759803264122
119.147529499967    -0.00312224219540179    -0.000512726479577853    1.62937459552498e-05    1.44726020587839e-05    0.00255838809184658    0.00376957737895426
119.501082999967    -0.00294185724664572    0.00149272092798537    1.4656946649089e-05    1.73215772580279e-05    0.00244998420187704    0.00388501756613563
119.854636499967    -0.00213046268687979    0.0029618260700158    7.87129436249908e-06    2.82496277703365e-05    0.0018254925642993    0.00441329968405854
120.208189999966    -0.000936967153852377    0.0036931849257756    1.8299023301738e-06    3.58970780026105e-05    0.000975702251086659    0.00471778158742373
120.561743499966    0.000416338802286276    0.0038381338502597    5.6355887874954e-07    3.75240334244537e-05    0.000624676620708963    0.00477417657527917
120.915296999966    0.00167011022871056    0.00313525473997651    4.70777027781246e-06    3.12215709217566e-05    0.00138510003312714    0.00462512147269793
121.268850499966    0.00258455902733038    0.0019592884171886    1.14554782205077e-05    2.08251879734166e-05    0.00218529925977034    0.00412145324754354
121.622403999965    0.00298469281656082    0.000218784089967389    1.54944915117369e-05    1.3328762102114e-05    0.00256633986496472    0.0036442963139804
121.975957499965    0.00272154338688845    -0.0016836409211346    1.29865506907948e-05    1.80930168826169e-05    0.0023621499283658    0.00390619637643807
122.329510999965    0.00187560678845867    -0.00297159882926642    6.3634319383304e-06    2.85069150859788e-05    0.00168687021238095    0.00443582184988095
122.683064499965    0.00070007122710454    -0.00357972324256678    1.18761374725685e-06    3.5340973156488e-05    0.000835173050473487    0.00474621477212265
123.036617999964    -0.000584087530049139    -0.00356914483549803    8.0699390202922e-07    3.5397319663267e-05    0.000682521544912918    0.00476009714254916
123.390171499964    -0.00173710271002532    -0.00286449380454752    5.27503117479604e-06    2.8145708998165e-05    0.00150249970037226    0.00446546573627812
123.743724999964    -0.00255443642857206    -0.00165156283794269    1.15068578223727e-05    1.84769879412248e-05    0.00223197498972473    0.00396854231847809
124.097278499964    -0.00283852035309619    9.13117037597828e-05    1.44028506902919e-05    1.30069337704304e-05    0.00251905793806942    0.00360535656255895
124.450831999963    -0.00249548888443002    0.00180027064923581    1.12028229058908e-05    1.88994828387122e-05    0.00223055108293377    0.00395708332338508
124.804385499963    -0.00163666230681605    0.00292299766442176    4.9685105117413e-06    2.83128047907946e-05    0.00151322404328932    0.00444622192929903
125.157938999963    -0.000502667383356357    0.00341307144139488    7.14730031035377e-07    3.38686708298708e-05    0.000679746668064692    0.00471376857363676
125.511492499963    0.000717259341044732    0.00337214980479488    1.13288801959524e-06    3.29517960412931e-05    0.000786401333467408    0.00464547109939508
125.865045999962    0.00179154567686588    0.00261172085671832    5.79965106066908e-06    2.54286280392668e-05    0.00160935240030649    0.00431364604549902
126.218599499962    0.0025137617462413    0.00139335611082991    1.14131227876084e-05    1.63000527937353e-05    0.00225701676350493    0.00378927585986402
126.572152999962    0.00271066268786498    -0.000320747566156258    1.33105431335086e-05    1.27258206720371e-05    0.00244189494575937    0.00355287794201292
126.925706499962    0.00230122467027466    -0.00192284244721909    9.62462710966411e-06    1.93974686684444e-05    0.00208062301404733    0.00396234092319388
127.279259999961    0.00142709915695314    -0.00291977757853716    3.80767930335915e-06    2.80743201987739e-05    0.00133081452486167    0.00442144988557437
127.632813499961    0.000302090172852856    -0.00335941247917632    3.98475064742864e-07    3.26748444790566e-05    0.000554271226213842    0.0046248451080886
127.986366999961    -0.000877471956241857    -0.00318284002512758    1.56159808660714e-06    3.04177397919292e-05    0.000889742127032451    0.00450413911490032
128.339920499961    -0.00187195753742369    -0.00237620603332008    6.39087257966604e-06    2.30338663154363e-05    0.00169901370145996    0.00416983347421088
128.69347399996    -0.00249735069803583    -0.00106406773018787    1.13777562359381e-05    1.45441600877735e-05    0.00226737639728344    0.00366222882318217
129.04702749996    -0.00258035436016895    0.000596594088573719    1.22338416188115e-05    1.27993750997678e-05    0.00236127359591568    0.00352752754677362
129.40058099996    -0.00209177542075957    0.00207616887254223    8.12251856299378e-06    2.00967928764431e-05    0.00193571541092691    0.00397319967899046
129.75413449996    -0.00119444048974633    0.00290009363449419    2.81569401466579e-06    2.77944902722479e-05    0.0011785609577448    0.0044027204298495
130.107687999959    -9.73881978989916e-05    0.00322737409402346    2.55708586836487e-07    3.11462392635825e-05    0.000496209759825897    0.00455305345024729
130.461241499959    0.00101494148126453    0.00294087775821332    2.02344995035409e-06    2.78454484257528e-05    0.000996666313247645    0.00438140233680942
130.814794999959    0.00191220258531867    0.00207627315356699    6.8015443586311e-06    2.0553145870158e-05    0.00177342201162941    0.00403016571147329
131.168348499959    0.00243404791634016    0.000772026670256539    1.10892317945926e-05    1.30732138523188e-05    0.00227258498973147    0.00353230642395749
131.521901999958    0.0024204059189586    -0.000838239743115032    1.10457337466771e-05    1.32198690305486e-05    0.00227757962191167    0.00353796879064967
131.875455499958    0.00187679648284823    -0.00214512283421203    6.73932844637841e-06    2.06061801137701e-05    0.00179358953173431    0.00400057847565976
132.229008999958    0.000974981241342671    -0.00286841866754692    2.01120362285836e-06    2.71744153993429e-05    0.00102986173920981    0.00435276805573319
132.582562499958    -9.61887739332997e-05    -0.0031009570277495    2.46517496960439e-07    2.97024518677063e-05    0.000487098775126409    0.00448179845371891
132.936115999957    -0.00113877301833773    -0.00268947053639011    2.51710241421826e-06    2.56964666399876e-05    0.0011046711849796    0.0042968843216774
133.289669499957    -0.00194845046093573    -0.00182907194195417    7.1855857003062e-06    1.85394907935811e-05    0.0018409580390616    0.00389794646252833
133.643222999957    -0.00237583370393021    -0.000500568608762237    1.0730715727237e-05    1.21446185421416e-05    0.00225524498414391    0.00344877508835578
133.996776499957    -0.0022806443138141    0.00100830546404114    9.9471577500794e-06    1.34399142723039e-05    0.00217849013400263    0.00352466088631072
134.350329999956    -0.00170073161236182    0.00219588161679316    5.59470489923045e-06    2.08144187485551e-05    0.00164384210979753    0.00399906522497258
134.703883499956    -0.000794365110354746    0.00283896978803499    1.39954346011292e-06    2.69452353165863e-05    0.000876657020484073    0.0043457434184741
135.057436999956    0.000248106207384167    0.00297197961856106    3.35648251836543e-07    2.79655626932335e-05    0.000523537545639267    0.00437411703548169
135.410990499956    0.00123342456095352    0.00249989133790653    2.96705803994573e-06    2.3659232098594e-05    0.00120238175817098    0.00417250229445759
135.764543999955    0.00196568739109755    0.00157227062826733    7.41728935413355e-06    1.65125062469595e-05    0.00188503645445219    0.00374706169130525
136.118097499955    0.00229560984599514    0.000241832160828882    1.02284986342098e-05    1.154276881184e-05    0.00222680804497828    0.00338884729927874
136.471650999955    0.00212947728606556    -0.00117136550480794    8.8303899005202e-06    1.39739415986726e-05    0.00207261100755812    0.00354990766821036
136.825204499955    0.00151494193094708    -0.00221284196690616    4.60430534867795e-06    2.08763044840889e-05    0.00151962373452651    0.00399745355364985
137.178757999954    0.000623766216753596    -0.00274670062933513    1.00204004142947e-06    2.5911239679057e-05    0.000782914904869216    0.0042856592645551
137.532311499954    -0.000371609976949424    -0.00279632105982753    4.61295221643253e-07    2.64908855060628e-05    0.000568507912587768    0.00432105010806724
137.885864999954    -0.0012883415712324    -0.00231043592160494    3.28586112035949e-06    2.1964194441834e-05    0.00127516160395219    0.00407750907957193
138.239418499954    -0.00195362332619562    -0.00138027613948482    7.49992152027199e-06    1.51685513422422e-05    0.00191918665575195    0.00364189361747582
138.592971999953    -0.00221922001958995    -6.89767574498722e-05    9.76627164662001e-06    1.10835889431002e-05    0.00220030319530541    0.00332848781731763
138.946525499953    -0.00199804021790747    0.00127014404863026    7.97620128193883e-06    1.43538212885153e-05    0.00199600515268952    0.00356939145853245
139.300078999953    -0.0013690796225377    0.00221850195177319    3.84559673226925e-06    2.06848549757235e-05    0.00140400061232938    0.00397027758043466
139.653632499953    -0.000482990920243709    0.00271066922306582    7.02765186259498e-07    2.5084999074265e-05    0.000685189723523079    0.00421156401321275
140.007185999952    0.00048673673767996    0.00268082668951748    6.22360209370478e-07    2.50883152855904e-05    0.00062084422970915    0.00423101448193707
140.360739499952    0.00134854792665571    0.00211040198090648    3.59375187369906e-06    2.02471670218405e-05    0.00133235519408739    0.00397408737961643
140.714292999952    0.00193610887611301    0.00116718457960075    7.50071142902079e-06    1.41018756441203e-05    0.00193705803962018    0.00356925143430138
141.067846499952    0.00213181683607497    -0.000104024314953937    9.24009526129289e-06    1.08395857823877e-05    0.00216689922209599    0.00329070884830094
141.421399999951    0.00185916055119275    -0.00139169085391814    7.12112805257125e-06    1.45664059061511e-05    0.00191432758363346    0.00355381519965117
141.774953499951    0.0012056898202524    -0.00222859735079036    3.14190576506837e-06    2.07138869556565e-05    0.0012993143662748    0.00396827932531301
142.128506999951    0.000337387236318852    -0.00259986114834474    4.62394295614337e-07    2.4293832037743e-05    0.00059039321505541    0.00418742809455524
142.482060499951    -0.000581988470471418    -0.00251556394460206    7.95314894692131e-07    2.36383319912496e-05    0.000675725029083924    0.00416056126404452
142.83561399995    -0.00137776660255153    -0.00192894606402935    3.83349712124035e-06    1.89344701681746e-05    0.00139113490004887    0.00390046628625864
143.18916749995    -0.00190548114980409    -0.000987167805971397    7.45859640799211e-06    1.30220984130852e-05    0.00195646057863004    0.00347096501508425
143.54272099995    -0.00203609715673936    0.000265938681525382    8.65075608902752e-06    1.06235987601743e-05    0.00212251371193343    0.00324851895143661
143.89627449995    -0.00172550401574314    0.00144656283723106    6.29222872166578e-06    1.47748599989961e-05    0.00182067696566966    0.00356122394085771
144.249827999949    -0.00106561014709014    0.00220515929463439    2.52712337212142e-06    2.06738175350847e-05    0.00117966028437849    0.00397631613687497
144.603381499949    -0.000220434019366896    0.00250781858755092    2.9157795925905e-07    2.36428614146714e-05    0.000492936915197884    0.00416577812018421
144.956934999949    0.000656234302082428    0.0023520585265545    1.01360673044831e-06    2.21384219346754e-05    0.000763520314869686    0.00407507578117728
145.310488499949    0.0013862625579369    0.00174763129416749    4.07303347945213e-06    1.72086426192803e-05    0.00146673433174327    0.00376223703119923
145.664041999948    0.00185923296811208    0.000849497789523997    7.32181714227928e-06    1.19319885395851e-05    0.00196597810582022    0.00334818488814148
146.017595499948    0.00193723426361667    -0.00040577560758123    7.99701900305188e-06    1.05793967871801e-05    0.00206013164892962    0.00322718808616297
146.371148999948    0.00159179774844134    -0.00150794086377611    5.4164589024923e-06    1.5191165367085e-05    0.00169783356974392    0.00359406172991495
146.724702499948    0.000925317981678324    -0.00218170105480357    1.9349600475194e-06    2.0401007222389e-05    0.00103862730577535    0.00395489414900803
147.078255999947    9.58636763507705e-05    -0.0024415292798934    1.91714582552702e-07    2.27757357425652e-05    0.000427229140051585    0.004100569535807
147.431809499947    -0.000746207403783303    -0.00223885559455481    1.28018630328891e-06    2.0798228940686e-05    0.000850506210340577    0.00397312906503384
147.785362999947    -0.00143490469457909    -0.00160180937554732    4.37904550925998e-06    1.58865035105939e-05    0.00152318548664792    0.0036497548184779
148.138916499947    -0.00183712520927532    -0.000621292480012622    7.24282832041749e-06    1.09812543653341e-05    0.00196667213481622    0.00325503456504134
148.492469999946    -0.00185234173162576    0.000542975790030603    7.40979297299551e-06    1.0555074430825e-05    0.00199464861122785    0.00320316276861881
148.846023499946    -0.00147113501318846    0.00155904489066909    4.69305882617392e-06    1.52723909096103e-05    0.00159022658735946    0.00358354153575606
149.199576999946    -0.000802812890308454    0.00214156519777122    1.51223017814318e-06    2.00077019100496e-05    0.000931515776193708    0.00392700909264859
149.553130499945    1.12734132454216e-06    0.00235314966279564    1.61117553858728e-07    2.18811913092529e-05    0.000401392928388463    0.00404275623476579
149.906683999945    0.000804020284347137    0.00209327549291009    1.49804539079272e-06    1.94316628894621e-05    0.00092282001124329    0.00387941498170074
150.260237499945    0.00143454837927012    0.00143083882889667    4.52343670571586e-06    1.46222617737005e-05    0.0015701935082178    0.0035461192900722
150.613790999945    0.00178423723096431    0.000491761028144615    6.99811593175258e-06    1.04605565633658e-05    0.0019531035393428    0.00319667446803142
150.967344499944    0.00176222729758213    -0.000623685207982313    6.78372011908209e-06    1.07467838835451e-05    0.00191788296586066    0.00321835371655901
151.320897999944    0.00136418974037396    -0.00156045558218284    4.07471309653199e-06    1.52969889395081e-05    0.00148785061373459    0.00358635850348826
151.674451499944    0.000707746461448801    -0.00210067270805982    1.17709340844457e-06    1.95901661405306e-05    0.000822306727901013    0.00389581061066157
152.028004999944    -8.36083457536602e-05    -0.00230731310409651    1.82878421217153e-07    2.08992472486317e-05    0.000419390111635324    0.00394658757514594
152.381558499943    -0.000863509652932707    -0.00200363302962568    1.6916329401881e-06    1.82268039123804e-05    0.000972617098081326    0.0037699149320606
152.735111999943    -0.00145563729070093    -0.00131725377124747    4.61578160131835e-06    1.36675823019842e-05    0.0015801587512776    0.00345433420562031
153.088665499943    -0.00176356741342383    -0.000361196865079194    6.74769384201621e-06    9.88197794812547e-06    0.00190722935703228    0.00312274154754799
153.442218999943    -0.00169346109562246    0.000744097102735287    6.17822552122302e-06    1.0886001377815e-05    0.00181945459927864    0.00321439276995141
153.795772499942    -0.00126492049301713    0.00161956711900783    3.48559331766147e-06    1.52799697665811e-05    0.00137316039267333    0.00355766385618565
154.149325999942    -0.000592634795722785    0.00211443398003068    8.82428894783944e-07    1.90062419098904e-05    0.000728843531687397    0.00381253339053995
154.502879499942    0.000183441964500303    0.00221149509425976    2.20481061693597e-07    1.99090629855582e-05    0.000432238484350788    0.0038753519109396
154.856432999942    0.000916608753728638    0.00185915105126497    1.87292245888579e-06    1.71817471779233e-05    0.00101624350008933    0.00370476781276556
155.209986499941    0.00146226719798187    0.00117738759644087    4.66539767758401e-06    1.26738590242982e-05    0.00158970824973964    0.00335970496800618
155.563539999941    0.0017096361020771    0.000177637173823641    6.44240797863075e-06    9.45102061977579e-06    0.00187604700823443    0.00306911479978377
155.917093499941    0.00158444404423315    -0.000856486016349944    5.60564503412707e-06    1.09024786865151e-05    0.00175931296386435    0.00318887290281569
156.270646999941    0.00113767739271166    -0.00162286878571841    2.9511571016865e-06    1.52483700209332e-05    0.00128718578759995    0.00355171323804077
156.62420049994    0.000473620079239978    -0.00207500620289938    6.38599523678195e-07    1.88057130803523e-05    0.000643648618594736    0.00380789473834052
156.97775399994    -0.000279304618068481    -0.00211105700624167    3.0211849228701e-07    1.8976866666133e-05    0.000473399854892912    0.0038105517950201
157.33130749994    -0.000967710007088238    -0.00171565783306817    2.09703275294533e-06    1.58853542692637e-05    0.00107729758893567    0.00359748140635856
157.68486099994    -0.00145382370260561    -0.000991070347614238    4.73216397400764e-06    1.16325018274277e-05    0.0016181967172596    0.00326347688723353
158.038414499939    -0.0016451260908057    -4.97971264350187e-05    6.14441496701619e-06    9.11987337182801e-06    0.00185417774562379    0.00301950221361515
158.391967999939    -0.00148073676089625    0.000948349178821297    5.05688571247445e-06    1.10035297604221e-05    0.00169242558400803    0.00317870470403451
158.745521499939    -0.00101261693866479    0.00163962183846172    2.46386194718619e-06    1.53160371676098e-05    0.00119936186479116    0.0035535443425472
159.099074999939    -0.000358079278281641    0.00200987052068287    4.49226245117231e-07    1.83257914543964e-05    0.000566573451180454    0.00377971056358637
159.452628499938    0.000367942545687457    0.00202445066738482    4.12785527527797e-07    1.81644584984084e-05    0.000526691380792234    0.003750474369161
159.806181999938    0.00101267386614802    0.00155298162559346    2.30279380692477e-06    1.49481202062964e-05    0.00113017053923095    0.00354067342137982
160.159735499938    0.00143741528128974    0.000823987476770555    4.75908705163061e-06    1.08382920232422e-05    0.00164101321163035    0.00318737143448445
160.513288999938    0.00157327643977851    -9.23799385820098e-05    5.8193966384851e-06    8.9831012445449e-06    0.00182871481716613    0.00299575819977055
160.866842499937    0.00137054771589678    -0.00101089746489858    4.49815682349939e-06    1.12195070054218e-05    0.00161856596465807    0.0031933670820755
161.220395999937    0.000891146005428165    -0.00165661820196374    1.9995497185016e-06    1.5300388130865e-05    0.0010979109779536    0.00354344525339216
161.573949499937    0.000244150688452261    -0.00193313713314901    2.93912483779789e-07    1.78889080816054e-05    0.00048404847392392    0.00376189964061322
161.927502999937    -0.000437479746428376    -0.00186894550814528    5.5360344131177e-07    1.70313432471146e-05    0.000601842930320473    0.00367945457027236
162.281056499936    -0.0010275363081832    -0.00140728144695331    2.52667150724846e-06    1.39841014799349e-05    0.0012127821909204    0.00346462990938367
162.634609999936    -0.00140572058807884    -0.000708417805194563    4.78381276359637e-06    1.01545598630417e-05    0.00167563790594736    0.00310688011940033
162.988163499936    -0.00150110872917663    0.000213606037148939    5.47933948953391e-06    8.83207834942468e-06    0.00179611026185021    0.00296419479965778
163.341716999936    -0.00126301798224535    0.00108948640279703    3.93205048276364e-06    1.16563180285611e-05    0.00152867133789069    0.00323563554911265
163.695270499935    -0.000772303225769648    0.00162416051572468    1.55616232291444e-06    1.52996067246354e-05    0.000979647921643399    0.00355832957211616
164.048823999935    -0.000151718245568028    0.0018465272240255    1.89701547770959e-07    1.72054423607552e-05    0.000408268443224208    0.0037142670302077
164.402377499935    0.000499747104379414    0.00177238458123469    7.16291043690596e-07    1.61971323424135e-05    0.000683040171113666    0.00361327901477523
164.755930999935    0.00104931518747335    0.00128634546199863    2.72219227125803e-06    1.29885117765897e-05    0.00127323599878255    0.00336657498490457
165.109484499934    0.00138327823866317    0.000568466462583724    4.75565511672167e-06    9.57179043685281e-06    0.00168588149973911    0.00304115706890821
165.463037999934    0.00142730333845705    -0.000323877593982815    5.08396646648039e-06    8.84225620705512e-06    0.00174550040003139    0.00295590248674935
165.816591499934    0.00116882608476673    -0.00110705931402636    3.39925062069733e-06    1.19131902742618e-05    0.0014258668255718    0.00326919102370743
166.170144999934    0.000680110669262195    -0.0016126711337965    1.19823559502276e-06    1.51796341473905e-05    0.000857720859358389    0.00354667815872966
166.523698499933    5.69509956319387e-05    -0.00185197381472656    1.41532448484097e-07    1.66257639691176e-05    0.000371872333712295    0.00363262397705636
166.877251999933    -0.000575343308853549    -0.0016551646603269    9.07354171855357e-07    1.51968067247161e-05    0.000759166812244059    0.00352948107686117
167.230805499933    -0.00107917868607996    -0.00116579906084451    2.91480081363461e-06    1.20761677305688e-05    0.00132294148666724    0.00327369520271861
167.584358999933    -0.00136844008438943    -0.000414689182317083    4.6972095745738e-06    8.91799982201621e-06    0.00168064907402172    0.0029573692201153
167.937912499932    -0.00135732440982943    0.000458361065473623    4.71817784246756e-06    8.92976059288461e-06    0.00169583262409613    0.00295290801186601
168.291465999932    -0.00106092357001104    0.00117615133896787    2.93664124648112e-06    1.19749295014557e-05    0.0013457646246934    0.00325447346421811
168.645019499932    -0.000566793302623146    0.00158110326556929    9.1847808466303e-07    1.49897109080057e-05    0.00077280232709573    0.0035340944203023
168.998572999932    3.2435962760795e-05    0.00175361535548124    1.39541188156804e-07    1.61173405634884e-05    0.000372141231895344    0.00361139498649882
169.352126499931    0.000625121550840641    0.00153494741874984    1.08223415382694e-06    1.43108706480565e-05    0.000831539055307407    0.00345757242436507
169.705679999931    0.0010851001007231    0.00103170956700358    3.05218582004148e-06    1.1144923711754e-05    0.00136921276339808    0.00317498017019119
170.059233499931    0.00132529479687291    0.000291960289143147    4.55665784833702e-06    8.46266057886179e-06    0.00167339521623513    0.00289437726781172
170.412786999931    0.0012849433081837    -0.000515807873147969    4.30704580187991e-06    8.99643763340531e-06    0.00162971362411739    0.00295472162333508
170.76634049993    0.000975382023061224    -0.00119253574496237    2.50824340993157e-06    1.20202446421623e-05    0.00124774729774124    0.00325547279809697
171.11989399993    0.000481436936895172    -0.00156479748665991    7.02521416047763e-07    1.45858872829812e-05    0.000686104869419214    0.0034838622402047
171.47344749993    -0.000102148316790362    -0.0016859344549433    1.557728571448e-07    1.54062984660231e-05    0.000381232971451442    0.0035445625230285
171.82700099993    -0.000665860381719974    -0.0014328019208243    1.22382700161676e-06    1.34847678435346e-05    0.000883434747829453    0.00338110137369716
172.180554499929    -0.001083914198533    -0.000908322216520206    3.11164592473289e-06    1.05065503126197e-05    0.00139168097455971    0.00311151105792595
172.534107999929    -0.00128663586662978    -0.000194947682515892    4.38579688415151e-06    8.26796060483601e-06    0.0016523816238549    0.00286878998985943
172.887661499929    -0.00121408622470157    0.000584449504499795    3.91876058030262e-06    9.05839363253294e-06    0.00156357130291282    0.0029524248354908
173.241214999929    -0.000891730362599463    0.00120116105859163    2.15184436465583e-06    1.19332466244377e-05    0.00116475805430744    0.00323889776556173
173.594768499928    -0.000396864550161968    0.0015510411010044    5.27717984600983e-07    1.4426492552089e-05    0.000608454199940901    0.00346709735298622
173.948321999928    0.000169833233652162    0.00160223223627342    1.98410510049915e-07    1.48544614067203e-05    0.000411785360105438    0.00350532641386883
174.301875499928    0.0006990966396513    0.00133774191678327    1.36916880443978e-06    1.29415451738392e-05    0.00093831374969572    0.00333945979732055
174.655428999928    0.00108370875407922    0.000805869103462852    3.19409970425467e-06    9.83207534453201e-06    0.00142115271543446    0.00303028881999983
175.008982499927    0.00124722319554211    9.26042745759208e-05    4.25013320582413e-06    7.94030632054732e-06    0.00164151378499416    0.00281633285832438
175.362535999927    0.00114596881185602    -0.00064854657111995    3.59834139346123e-06    9.08489565289107e-06    0.00151165368908178    0.00294351541493834
175.716089499927    0.00081006072095709    -0.00119865080039378    1.8447414754867e-06    1.19288411362679e-05    0.00109020323969854    0.00323914763402091
176.069642999927    0.000327676549667122    -0.00149862533342648    3.97634734516901e-07    1.40562682761e-05    0.000538760441490604    0.00343662485385186
176.423196499926    -0.000217537121439502    -0.00152689298764935    2.53843347773617e-07    1.4293068817641e-05    0.000454445759766149    0.00345856424284821
176.776749999926    -0.000712993925554076    -0.0012373349832538    1.49470068064427e-06    1.21977270726775e-05    0.000993146687437089    0.00326599589894014
177.130303499926    -0.00106873145354609    -0.000737183087682836    3.23036533344015e-06    9.31004619198351e-06    0.00144505308332996    0.00296084570472997
177.483856999926    -0.00120893403751615    -2.43096809314972e-05    4.09014242230149e-06    7.71710591027698e-06    0.00162130222822162    0.00277786157856902
177.837410499925    -0.00108658827338393    0.000692929348355625    3.29014307735346e-06    9.16561288791021e-06    0.00145240111591047    0.00294711075565505
178.190963999925    -0.00074092830496972    0.0012056090526763    1.57788043327291e-06    1.1900518941378e-05    0.00101434988054793    0.00323218590948648
178.544517499925    -0.00026430579377837    0.00146945189660483    2.95092739453886e-07    1.38040200411427e-05    0.000474589492961098    0.00341243771587221
178.898070999925    0.000269903822610821    0.00148907858120468    3.1746261533534e-07    1.36623697861245e-05    0.000494585222055215    0.00338304814702983
179.251624499924    0.000746546000242628    0.00115894595658634    1.60320127372247e-06    1.15258528153844e-05    0.00102267802520843    0.00319103385834381
179.605177999924    0.00106486500640605    0.00062334453181752    3.21594791067877e-06    8.81605054243066e-06    0.00144291733263226    0.00290301431913173
179.958731499924    0.00116779354146946    -7.08248544496339e-05    3.86511284583563e-06    7.60690299369735e-06    0.00158157234748773    0.00275715194243798
180.312284999924    0.00101924943622498    -0.000733414411088707    2.97265278817129e-06    9.16760731272525e-06    0.00139060539871178    0.00293763690988738
180.665838499923    0.000669447177372877    -0.00120706496720587    1.33521526511565e-06    1.16808518858861e-05    0.000941836366797935    0.00319747494921076
181.019391999923    0.000196269679583163    -0.0014300911647164    2.20377064386837e-07    1.33624217993458e-05    0.000426444928757699    0.00336411371091197
181.372945499923    -0.000312963957368572    -0.00140433229280798    3.8028738264475e-07    1.29880001009837e-05    0.0005313576423022    0.00331901354507033
181.726498999923    -0.000757838862028701    -0.00107065058881234    1.67545217624719e-06    1.0850531855426e-05    0.0010493485767114    0.00311516278420596
182.080052499922    -0.00104684221238828    -0.00053199583014284    3.16784877691969e-06    8.38211613125274e-06    0.00143943397183813    0.0028458911728953
182.433605999922    -0.00111900022155945    0.000140063168632973    3.65051254990114e-06    7.41028434086465e-06    0.00154866105202237    0.00271857805656875
182.787159499922    -0.000952506605829164    0.000772855736293043    2.70516933164285e-06    9.14302714822651e-06    0.00134085811982277    0.00292330654552434
183.140712999922    -0.000598186556396936    0.00119213540152534    1.14150279234485e-06    1.16102243129264e-05    0.000885254560050852    0.00319202717678851
183.494266499921    -0.000134834285917431    0.00139231184382904    1.69619335574011e-07    1.29644933324711e-05    0.000389151706812584    0.0033205362612091
183.847819999921    0.000351451582745345    0.00131162119759098    4.37070076471875e-07    1.24820010461473e-05    0.000559957017509082    0.00328049552357221
184.201373499921    0.000764228968798311    0.000982780694379002    1.73420891975264e-06    1.038115543917e-05    0.00107245652732505    0.00306843568385031
184.554926999921    0.00102127650255757    0.000455069251693666    3.11501196301004e-06    7.98357590958964e-06    0.00143944651457907    0.00278863548814696
184.90848049992    0.00107167285343423    -0.000188887523414949    3.44824113080803e-06    7.33921576788087e-06    0.0015164954421363    0.00270250573937948
185.26203399992    0.000894693320308934    -0.000784411754731919    2.44311887935032e-06    9.03657416225049e-06    0.00128165624952438    0.00290194285975601
185.61558749992    0.000542371779148671    -0.00117000285667004    9.64653745747224e-07    1.14566290680134e-05    0.000818832460843077    0.00317611750150988
185.96914099992    9.08814019432268e-05    -0.00134423539921704    1.36789468640345e-07    1.26542819830257e-05    0.000358510863742201    0.00329352594866316
186.322694499919    -0.000379486597416844    -0.00126437481481656    5.08058530518761e-07    1.19458971957547e-05    0.000603364278773401    0.00321671470967077
186.676247999919    -0.000770218096763331    -0.000914080994652239    1.78724646915664e-06    9.82793004340839e-06    0.00109270789901735    0.00299873072792873
187.029801499919    -0.00100499866898958    -0.000390023872564888    3.05005227839619e-06    7.72897089582164e-06    0.00142829617157135    0.00275260826756208
187.383354999919    -0.00102696452296985    0.000265262796456335    3.24987979262936e-06    7.29028777408197e-06    0.00148162871907596    0.00268699151894794
187.736908499918    -0.0008312650139176    0.000812425406029396    2.188508916326e-06    9.14400049252823e-06    0.00122372684573093    0.00291272474706523
188.090461999918    -0.000476916692231349    0.00115115476041971    7.94487040051561e-07    1.12151054266911e-05    0.000753018929856793    0.00314482879410854
188.444015499918    -3.63848793955246e-05    0.00130829348626272    1.11224975896876e-07    1.23285552307659e-05    0.000331513372955374    0.00325836207082155
188.797568999918    0.000411492473353923    0.00117709855986111    5.82020849527592e-07    1.13407099730083e-05    0.000642413257880519    0.00315517811753651
189.151122499917    0.000765466901675685    0.000792798751484172    1.83743724347547e-06    9.25784909411847e-06    0.00111870356480817    0.00293757029426763
189.504675999917    0.000960511946351372    0.000300377896610228    2.96294004351343e-06    7.27042694273486e-06    0.00142841060078317    0.00267958953236552
189.858229499917    0.000969487350185021    -0.000263500504018197    3.02088587276718e-06    7.18812512096406e-06    0.00144256027624443    0.00266808781814734
190.211782999917    0.000773923083876247    -0.000812809470160534    1.95182461298424e-06    8.98775053367783e-06    0.00116312839928691    0.00288566999133567
190.565336499916    0.000424533565250582    -0.00112798914674547    6.63336565274654e-07    1.10238513986346e-05    0.000695059578201958    0.00312273788260543
190.918889999916    -1.03538724700948e-06    -0.001249048529749    1.00136310022442e-07    1.18618174499324e-05    0.000316441523817104    0.00320962540185989
191.272443499916    -0.000427092192752109    -0.0011159913227444    6.436109855857e-07    1.08941499923565e-05    0.000679119462595423    0.00310623781444945
191.625996999916    -0.00076465126843911    -0.000757037984593117    1.88757271142263e-06    8.85370751463822e-06    0.00114143819328823    0.00287760334384734
191.979550499915    -0.000943094312236262    -0.000230702095384065    2.88791117238784e-06    7.00674291702498e-06    0.00141367757661196    0.00263695268448457
192.333103999915    -0.000922569542642408    0.000337319031691849    2.79716621482457e-06    7.13499917707543e-06    0.00139500238487723    0.00264975754512255
192.686657499915    -0.000713710975718915    0.000825590956735889    1.69934338275156e-06    9.0130094132116e-06    0.00109085288920638    0.00288641801985913
193.040210999915    -0.000363350287469071    0.00111696165228959    5.17780948929591e-07    1.08685455750946e-05    0.000621093807347758    0.00310176437570765
193.393764499914    4.99655894674231e-05    0.00118768735960476    1.04085965240375e-07    1.15037731633469e-05    0.00031873092901309    0.0031769752751921
193.747317999914    0.000449699202017787    0.00102957032463105    7.266092000349e-07    1.03173385186388e-05    0.000724140751331856    0.00304258499721502
194.100871499914    0.000755354509740509    0.000671005306747185    1.90963014534795e-06    8.30565022597086e-06    0.00115718179641862    0.00280274902627545
194.454424999913    0.000909176184420389    0.000177503936683833    2.76188360485531e-06    6.8206456917836e-06    0.00139114423067419    0.00260559744478024
194.807978499913    0.000875578867338968    -0.00036132720778652    2.55464573514065e-06    7.19685543833868e-06    0.00133716393243688    0.00265825094512386
195.161531999913    0.000662233032528579    -0.000821704447195289    1.47374166294026e-06    8.97691844722215e-06    0.00101744241781452    0.00288127059622689
195.515085499913    0.000317655998384726    -0.00108567884701155    4.02980153124658e-07    1.06214598347986e-05    0.000549613336642099    0.00307290762567804
195.868638999912    -8.47179935773396e-05    -0.00115576523956406    1.16823734243612e-07    1.10410349896088e-05    0.000331129273559197    0.0031153236911474
196.222192499912    -0.000469471120339551    -0.000972666943251284    7.95269464645715e-07    9.73945858647559e-06    0.000758199401089741    0.0029653629801395
196.575745999912    -0.000750745504656276    -0.000600950851074279    1.905600594903e-06    7.79973488225718e-06    0.00115843937352862    0.00272737840367821
196.929299499912    -0.000884231861642755    -0.000123062624482961    2.61688713349828e-06    6.57988504591424e-06    0.00135462952439184    0.00256217498160637
197.282852999911    -0.000828776264154569    0.00041484482459043    2.2970544812055e-06    7.1347485204226e-06    0.00126893040990414    0.00263868381810575
197.636406499911    -0.000611636140477301    0.000791058365020965    1.25595533675813e-06    8.86223696368422e-06    0.00093907218488259    0.00286992397579005
197.989959999911    -0.000277794517400714    0.00108200211613259    3.04338675029199e-07    1.03783932908619e-05    0.000476622367426565    0.00303441340485217
198.343513499911    0.000122829673129328    0.00113601875689624    1.44890980292808e-07    1.05454823982155e-05    0.000360283016102273    0.00304219390936794
198.69706699991    0.000494616987211302    0.000918943054464882    8.6426408132576e-07    9.20184191349728e-06    0.000787158254284216    0.00289091431490939
199.05062049991    0.000751905179757714    0.000510973489212714    1.90563780759263e-06    7.40465107440912e-06    0.00115770307430107    0.00267274337857769
199.40417399991    0.000849131188084089    2.97009441835673e-05    2.44984847597604e-06    6.38693377862508e-06    0.00131484778639923    0.0025270638362613
199.75772749991    0.00077367710627591    -0.000450454061954322    2.04499512891586e-06    7.11326963248503e-06    0.00120267155289397    0.0026287565065167
200.111280999909    0.000538913116733115    -0.000844437073653102    1.0372694215855e-06    8.84007043571007e-06    0.000864200251214093    0.00285078874425136
200.464834499909    0.000200849852496502    -0.00104017070186633    2.20770045567814e-07    1.01679648231547e-05    0.000424769799208874    0.00301430086987574
200.818387999909    -0.000178604919517818    -0.00106726967261197    1.88035528581385e-07    1.02476725974197e-05    0.000395140242579035    0.00301804705784095
201.171941499909    -0.000521271394799555    -0.000832202381411982    9.55612490534135e-07    8.75198092860583e-06    0.000826975588211563    0.00283891178534629
201.525494999908    -0.000749119835653992    -0.000439284012063996    1.93308061325596e-06    7.02672717768923e-06    0.00117128138595544    0.0026141455075099
201.879048499908    -0.000824422938142622    2.6901286241088e-05    2.34045076066591e-06    6.25290613937905e-06    0.00128871159680131    0.00250043645393712
202.232601999908    -0.000727714669560836    0.000507507380369136    1.83011666269408e-06    7.14772893228987e-06    0.00114041572349738    0.00262491241590281
202.586155499908    -0.000479059280238345    0.000865324853752817    8.43378554648578e-07    8.78763478324499e-06    0.000783505431165666    0.00283528617263278
202.939708999907    -0.000137473889797296    0.00103795326271601    1.53306855109257e-07    9.9417681175648e-06    0.000366616672743151    0.00297731777645282
203.293262499907    0.000230633752294923    0.00100217206023722    2.50488786785067e-07    9.7344289324151e-06    0.000444181110682828    0.00295467089437978
203.646815999907    0.0005446606627409    0.000746189698760341    1.04539523979084e-06    8.28372836795232e-06    0.000865297637956724    0.00277973547328092
204.000369499907    0.000740856553845377    0.000352503291033947    1.92006263446933e-06    6.66153071180842e-06    0.00117098001737591    0.00255680897636461
204.353922999906    0.000784543015575822    -0.000118284113929252    2.18042046383042e-06    6.20860808452769e-06    0.0012509647159459    0.00248889874300255
204.707476499906    0.00066359070314621    -0.000543558939482673    1.59106130614819e-06    7.23937034467028e-06    0.00107271090459923    0.00263513074134449
205.061029999906    0.000414866563375896    -0.000843874154882425    6.63437440443601e-07    8.78831289485125e-06    0.000700944487842136    0.00284186370284937
205.414583499906    7.82402468718547e-05    -0.00103718275648181    1.05996878546353e-07    9.74744797579172e-06    0.000316030603448122    0.00294477501779822
205.768136999905    -0.000282601897804039    -0.000945199768630533    3.3078818997137e-07    9.25813307381312e-06    0.000500923504468422    0.00289218437710909
206.121690499905    -0.000565673680238768    -0.000649079973306759    1.14319377252004e-06    7.77202110299889e-06    0.000907307588420361    0.00271122044313091
206.475243999905    -0.000731060133345329    -0.000262611308178961    1.9236069156929e-06    6.37246515783562e-06    0.00117862546940324    0.00251067729082257
206.828797499905    -0.000740369070269788    0.000202349090982975    2.02486115056103e-06    6.11386030184137e-06    0.00121520154309846    0.00246432853881534
207.182350999904    -0.0005992527761328    0.00058747384242656    1.36374095989596e-06    7.31004755415317e-06    0.00100231585350781    0.00263911387374962
207.535904499904    -0.000339138093118345    0.000850140493035584    4.96896436523847e-07    8.77534701883421e-06    0.000617965848829771    0.00283771178256979
207.889457999904    -1.40619349690065e-05    0.000967622588330912    8.58438956851136e-08    9.47663539507021e-06    0.000292653647969816    0.00292238634024011
208.243011499904    0.000320955800114442    0.000879213619661036    4.28545399710962e-07    8.70394404490858e-06    0.000570554794988054    0.00281619023787654
208.596564999903    0.000576228766203313    0.000545342969252147    1.23430187390003e-06    7.25566714753623e-06    0.000949874877496945    0.00263785295144052
208.950118499903    0.000705116109319006    0.000188131369451067    1.89480707322505e-06    6.10453059227332e-06    0.00118220909555115    0.00246356188883125
209.303671999903    0.000698713771376273    -0.000241189028041208    1.86281101419483e-06    6.19139755225556e-06    0.00117243766567096    0.00247653495937532
209.657225499903    0.000539776609646082    -0.000625309060271766    1.14399164333851e-06    7.52358348650854e-06    0.000923381207853771    0.00267068756421461
210.010778999902    0.000274737990503122    -0.000856384668354893    3.55524485812151e-07    8.78423588159869e-06    0.000529191385404616    0.00283740042669437
210.364332499902    -4.72807704334024e-05    -0.000931109302928065    9.44930901504047e-08    9.1899603945539e-06    0.000303739393061928    0.00288496028751779
210.717885999902    -0.000355829728469245    -0.00078455694698998    5.32572822960172e-07    8.30267369280445e-06    0.000637148355799241    0.0027725699431636
211.071439499902    -0.000587220644961405    -0.000500127815807102    1.31470540369835e-06    6.90850538650752e-06    0.000984823495774475    0.00258038321850913
211.424992999901    -0.000696696660268125    -9.89400902673129e-05    1.8373168444167e-06    5.91404098498483e-06    0.00116272550844468    0.00242986663080975
211.778546499901    -0.000655733772722836    0.000315729457906282    1.64281559038419e-06    6.25161038278702e-06    0.00110128507194771    0.00248030749952445
