#t    <|E|>    <|B|>    <|E|^2>    <|B|^2>    rms(|E|)    rms(|B|)
0    11.8442014484068    1.68367135493849    165.584730233608    3.32680650860738    5.02987298877093    0.701467944504228
0.3535535    11.9300365923117    1.60461147428891    167.90584554135    3.02206863784397    5.05767460869663    0.668797917479064
0.707106999999999    9.7261751879478    1.68321350577132    111.46307901818    3.33014329199123    4.10665255792698    0.704936582949301
1.0606605    8.00117997014546    2.06631473112338    75.3023071583335    5.03953837788364    3.35908116062662    0.877429091053026
1.414214    5.28294436423528    2.95311102149624    32.8723095476866    10.2707247636941    2.22773615854333    1.24493375663587
1.76776750000001    4.88613954340237    3.12953419441943    27.9402376406156    11.5686456230005    2.01640224236517    1.33216415991425
2.121321    7.88725224281852    2.21114716132115    72.8234421344567    5.77473012102715    3.25801998038853    0.941041100063425
2.4748745    11.6575867015429    1.72726315814717    159.697185184825    3.51767173467363    4.87830477531236    0.730912934063354
2.82842799999999    11.7287440056325    1.68985783328125    161.613427598342    3.36839325682137    4.90407908262926    0.716082229998316
3.18198149999998    9.11060762085949    1.7417607997614    98.1355721690306    3.58049590047089    3.89003868204001    0.739435742228776
3.53553499999997    7.15078006051977    2.51398316571648    59.9678170620446    7.46142022746997    2.97223175208755    1.06832058389049
3.88908849999997    4.69756805658556    3.49662646055843    25.9394463542691    14.4173326046599    1.9678162282124    1.48018106999874
4.24264199999997    8.38276603371664    2.19215007701435    82.9132108757536    5.66368003385306    3.55562153493876    0.926368217124838
4.59619549999999    13.6063828170162    1.7988754616811    218.347711639023    3.81896553888004    5.76316391193491    0.763552625718522
4.949749    12.7386147082397    1.53769354725998    191.369815596791    2.79429177058017    5.39421087016537    0.655583957472415
5.30330250000002    11.5369773358559    1.65435664623027    156.858703219411    3.23641049737921    4.87410065256747    0.706763457213902
5.65685600000003    10.2369210053401    2.2468066024044    123.408012574547    5.95537848637303    4.31433203462293    0.952490723191059
6.01040950000005    7.75224344954476    3.03500835312921    70.5678730550104    10.8592565934175    3.23582980918354    1.28373707972208
6.36396300000006    5.47480104228533    4.38486541996048    35.3164527383661    22.6857570574142    2.31149438367426    1.85976135733834
6.71751650000007    16.3185210869288    2.65507164642864    313.67882015765    8.32464814815312    6.8836538039845    1.12926644353042
7.07107000000009    13.4954542315607    1.95615422361372    214.277133487495    4.53388269077299    5.67008364764969    0.841037064707143
7.4246235000001    12.4139453012933    1.96606447508554    181.468898503826    4.57846398299325    5.23095216574613    0.844425522352256
7.77817700000012    11.0714120942469    2.33745293421276    144.769477822525    6.44560816861826    4.71097782438938    0.990919749000096
8.13173050000013    10.1045483137654    2.88953109563139    119.759129878979    9.87536070955899    4.20205107700516    1.23530188898836
8.48528400000015    9.79228039252028    4.54422966984768    113.587736381214    24.3283211397715    4.20701569945686    1.91788890383345
8.83883750000016    11.2266683508044    4.7097304310642    149.167474884554    26.4203935381402    4.80930271719323    2.05884258865219
9.19239100000018    23.4744533170873    2.69058180919522    652.309308548393    8.57315669322315    10.0627704938691    1.15495723784515
9.54594450000019    12.5885940365739    3.1213135120935    186.799435775341    11.5943025697881    5.32228672261058    1.36077350393468
9.89949800000021    13.66171647744    3.20173586961177    220.227036343153    12.1931122009951    5.79521692719082    1.39355646539222
10.2530515000002    29.0167749156575    2.70675389996722    1003.18624748229    8.66418151455328    12.696968968079    1.1565746147852
10.6066050000002    19.3233965392027    3.42336439981503    444.628444107031    13.8631231430767    8.44007051485713    1.46413774254875
10.9601585000002    13.7471464739636    9.09773278099255    224.836060508596    98.311760821768    5.98765599646365    3.94246357845212
11.3137120000003    47.08059433451    2.93298954458095    2640.01957369752    10.1599955026826    20.5775900145478    1.24802557428181
11.6672655000003    14.7793596134022    5.66731450865709    257.18351771244    38.1886703103304    6.22527486382543    2.46378095014457
12.0208190000003    23.2583871017977    5.29476313367353    640.6933107669    33.3404200657985    9.98702859662612    2.30345467159442
12.3743725000003    39.8454407437345    5.09039893048306    1883.8482030052    30.800752140774    17.2101439547362    2.21101580033045
12.7279260000003    14.9331473429351    7.17911239404028    263.003569197658    60.9328601754265    6.32492526689829    3.06483366745469
13.0814795000003    28.5274162983455    9.4263046991655    966.687583918807    105.650954127623    12.3642267554303    4.09825985585504
13.4350330000004    20.4147649312323    15.7358688811696    496.004608721329    292.899630023698    8.90179653350136    6.72919464559743
13.7885865000004    42.6478716670398    10.0454051645299    2166.87129132669    119.216250177409    18.6555711142379    4.27856112003152
14.1421400000004    49.7118628118861    9.36230834016628    2923.93296559092    103.663545655004    21.2758939027985    4.00134080011397
14.4956935000004    58.8164372990814    9.15815695932715    4096.09374423763    99.1616491415083    25.23332018742    3.91021869590897
14.8492470000004    87.5571713982111    3.51946996961496    9111.51435975521    14.5925618407201    38.0165239928574    1.48522488994044
15.2028005000004    56.565331091711    5.23887916613111    3803.84931500759    32.1910762883206    24.580737041283    2.17835290322712
15.5563540000004    42.2491367183804    27.6278719159617    2114.2071204857    902.24132821563    18.1443535855456    11.7873670347047
15.9099075000005    142.484124174782    4.43130283601787    24112.6169086193    23.177447771069    61.732416660653    1.88175528339075
16.2634610000004    68.262088628924    18.5981947920014    5512.38921444742    408.891489277382    29.2006244875745    7.93716824542328
16.6170145000003    118.512522025573    15.5478298189722    16638.5467449738    285.563168695108    50.9247372905545    6.6202837261999
16.9705680000003    152.937552920228    12.4325348821704    27740.6319069422    182.294256442402    65.9601153252081    5.26558001040897
17.3241215000002    32.4925696453922    24.8245412672545    1248.4859075299    728.838883938117    13.8823206046122    10.6104210476537
17.6776750000001    90.6416598031712    27.103375703456    9747.57265461588    865.262544829323    39.1364556742438    11.4310791400739
18.0312285    45.5926811888699    56.4227239825737    2465.84858844857    3762.59232032198    19.676280402013    24.0638429746432
18.384782    76.3746990761555    38.7423779152329    6927.42682502473    1773.92468040964    33.0806917408242    16.5212842685704
18.7383354999999    235.270794154036    26.899031682194    65540.1201631226    853.489462244861    100.934501441537    11.3987524231901
19.0918889999998    258.861401865571    25.2276100113213    79357.3786954142    750.197565903528    111.122244935951    10.6660798337632
19.4454424999997    267.133306590444    11.7944037360424    84693.4040197506    161.677115939572    115.469478780352    4.75070062736014
19.7989959999997    178.123515014084    15.8834184746402    37673.275251008    293.049518820665    77.1056979090085    6.38486776528093
20.1525494999996    138.412527070252    91.4744136881398    22669.8813592201    9867.62249862137    59.2608952788167    38.730532387671
20.5061029999995    449.91392051889    23.2152298718716    239859.739105996    630.533282525556    193.486958809421    9.57007756090389
20.8596564999994    340.127117351458    57.7239507438985    136716.579595433    3930.09014127414    145.017666639689    24.4547674654681
21.2132099999994    513.494771378002    41.1643826706419    311907.58134021    1995.2517742008    219.61489272739    17.3420118079118
21.5667634999993    558.757724358755    27.1120150243048    369590.042135332    862.309774771074    239.540910085851    11.280443967014
21.9203169999992    122.645258613901    86.754334570558    17701.8830007378    8887.14555177809    51.575416045508    36.8894427309192
22.2738704999991    304.446419994042    83.6427080222129    109706.689508201    8222.60605557758    130.457145687819    35.0214712753252
22.6274239999991    103.69050708845    202.617140810697    12675.7055344372    48444.8319873225    43.8632451396072    85.9716594990506
22.980977499999    136.614497139199    141.891183870125    22045.2280606346    23756.486273691    58.1524482033084    60.1945031844705
23.3345309999989    976.981526762312    68.2555820363692    1127626.26126434    5480.46417184285    416.092967531925    28.6642581051616
23.6880844999988    1034.94528147731    60.2516120670814    1265589.48016979    4266.30319648788    440.996308961472    25.2199611380711
24.0416379999988    820.285197307501    63.9766164817939    797318.397989349    4811.12740014553    352.775556221718    26.7977600498061
24.3951914999987    585.415282295335    66.3263388621724    406186.447123927    5129.14442075558    251.943236422415    27.0177940234923
24.7487449999986    476.943281738308    307.645616362665    268356.626994852    111462.250209889    202.192316865762    129.678159081339
25.1022984999985    1453.07548976607    125.71358200985    2496996.07369029    18601.6169540278    620.940975239506    52.8934046198635
25.4558519999985    1491.23676178117    165.086287673309    2622356.06000675    32073.0866314555    631.323197989077    69.4233696510115
25.8094054999984    2025.11493144452    88.772668078689    4841614.73394231    9246.41227359704    860.537185938401    36.9570788319092
26.1629589999983    1984.31397752868    44.537540968208    4652394.77690966    2321.20556253056    845.513344361865    18.3742484754005
26.5165124999982    572.243637106507    297.777321199086    382925.093200097    104505.12169507    235.504379983078    125.832383250762
26.8700659999982    1059.63966235919    260.738240800564    1326151.65786468    79787.3377745821    450.905138382766    108.641187211891
27.2236194999981    238.999237802152    724.608546486492    67141.060741299    618609.970658064    100.102073261693    305.863409084508
27.577172999998    726.910903846207    498.723357256562    616247.912448416    292983.131129218    296.392392476436    210.37619650512
27.9307264999979    3758.56357770161    135.438635891852    16667921.8526201    21490.0783514082    1594.08961008938    56.0932639375051
28.2842799999979    3879.0809346142    105.765794926475    17758688.0387969    13079.0069486206    1646.63874043749    43.5040638583502
28.6378334999978    2453.002878496    307.426449730832    7125558.13452355    111298.057088695    1052.77491070687    129.564791106964
28.9913869999977    1954.11450981168    284.714663118138    4520806.48859765    94989.1674197038    837.999386122155    118.011558862804
29.3449404999977    1687.3654802238    1039.79195971577    3352949.82754452    1271682.11787601    711.159309644219    436.48000914871
29.6984939999976    4706.98488176123    597.063069185161    26177065.0514598    419780.602943901    2005.33248473439    251.587548100254
30.0520474999975    6037.70278135713    417.256842210646    42951987.4927559    204424.112337881    2549.14350650338    174.128802804939
30.4056009999974    7429.14657413007    124.136062106013    65116429.26163    18013.1067931211    3150.2714869867    51.0229838203635
30.7591544999974    6770.90822350923    179.140097720588    54136695.1920713    37298.1349519186    2879.49596646469    72.159270648869
31.1127079999973    2661.52521361648    1000.38897709709    8289035.90141746    1177715.83152114    1097.87041070485    420.639662922772
31.4662614999972    3760.02738587959    808.381645263467    16677710.1217393    766110.639843123    1593.70768310087    335.603568878898
31.8198149999971    784.423970635357    2581.15093655722    718588.190010411    7840757.09197408    321.352181108315    1085.54913969099
32.1733684999971    4308.38597894497    1689.4195347236    21730725.8367864    3357984.43966145    1780.03822802117    709.821157303546
32.5269219999972    13548.8277937124    189.562888942391    216513837.360296    42163.6728363353    5739.60824243459    78.9277135874985
32.8804754999974    13641.6992020567    237.477834861571    219574925.620788    65472.1190420116    5786.10132139031    95.2701264377873
33.2340289999975    6876.83526796088    1338.15650857826    56015032.2738956    2107858.43783541    2953.67042359586    563.201204175778
33.5875824999976    6511.42690862617    1199.30276967896    50170253.7759193    1688924.07279729    2787.75418384374    500.596583525761
33.9411359999977    6040.13716029483    3519.89495442354    42926669.940144    14562890.6372123    2538.38787914092    1474.18796190852
34.2946894999978    15137.4677763522    2622.88503223719    270613163.863487    8094939.72575379    6439.73859588937    1102.45808692208
34.6482429999979    23006.8974869133    832.236600347382    623604607.631051    810592.072684732    9710.16352373698    343.473890895602
35.001796499998    25376.1579789159    681.724057560146    759775162.106334    542275.72273784    10762.2380727913    278.438560694404
35.3553499999981    21861.6463764882    1263.24770596443    564418756.375886    1872963.08549727    9299.84806785931    526.467775721239
35.7089034999982    11874.3973892066    3274.43240010139    165243798.165796    12605255.5100013    4923.66578973431    1372.35125502457
36.0624569999983    13477.8451947883    2471.27617497313    214159294.084259    7154381.5644829    5701.48954130239    1023.31599786824
36.4160104999984    3701.70951633155    9161.43578887932    15910718.2183766    98702669.1859571    1485.95587924979    3843.27509712723
36.7695639999985    21196.8167783741    5510.63537665621    527101717.005596    35698438.4761081    8820.24237023198    2308.96864891085
37.1231174999986    45790.4486895118    1566.5924336994    2473443426.60088    2871769.00885431    19408.2002105827    646.186625929474
37.4766709999987    44662.1547862779    2037.48158929106    2354245709.75446    4868268.09700817    18961.4777799888    846.721247110376
37.8302244999988    17080.332965521    5436.61301498881    345674663.001174    34765354.2047882    7344.17379887703    2282.23424083559
38.1837779999989    21414.7733871076    4933.55513716563    542569523.136215    28594368.6422392    9163.89676475264    2062.62026335093
38.537331499999    21733.5521430779    11912.8893058751    555619504.39518    166737827.85671    9125.36112377437    4982.05743068839
38.8908849999991    48064.1871275144    10967.1957049561    2727948991.12281    141432588.175193    20439.7384252853    4599.26152163411
39.2444384999992    83258.7907422144    1213.73159187175    8168473468.12916    1729692.8307565    35163.1516260036    506.506123999461
39.5979919999993    79972.0685227331    4941.84078644978    7548805677.4704    28683249.5241429    33959.8871268102    2064.33019779403
39.9515454999994    65340.0920506443    6716.14116125418    5044047809.53369    53014526.873948    27833.7956510968    2812.11215566793
40.3050989999995    50843.2643404763    10357.4069425714    3034501587.76828    126027217.850203    21200.5674210087    4330.28166245299
40.6586524999996    48551.9909414257    7367.73170152593    2778645630.5349    63517589.7865719    20526.8070132355    3038.76938264519
41.0122059999997    17467.2540123619    32389.4660000218    355381789.2826    1233057384.53961    7090.61538586226    13563.9181939824
41.3657594999998    93521.8804916395    17196.6396704228    10274603941.0066    347434698.20518    39092.9892731948    7190.98618068636
41.7193129999999    143916.430450807    10251.5479667793    24437700215.3797    123446907.393829    61039.0142587328    4284.00182990763
42.0728665    133298.633886871    11823.6435904601    20973339862.2503    164282331.268796    56611.07723886    4948.10908474831
42.4264200000001    33185.5116034619    20928.5786274553    1293455604.33508    514910967.377069    13862.8072175725    8769.58174666797
42.7799735000002    68455.032020641    19928.7013110493    5540425894.86721    466711856.782192    29229.0007684188    8340.18709845139
43.1335270000003    78420.7314089636    40102.9231047945    7236854516.89942    1888403571.04398    32970.3412506243    16737.9547584202
43.4870805000005    149615.022543966    44297.6627230121    26429522685.7505    2306598322.01481    63599.2744842186    18555.737638075
43.8406340000006    286393.200485886    9883.674710043    96651498011.0092    114278123.403926    120956.325698411    4073.2171105875
44.1941875000007    224603.933160795    25919.9585380863    59453521103.0424    789731786.482841    94903.0785156273    10857.6026758547
44.5477410000008    169908.147617489    30751.4051334145    33998319289.8866    1111984727.90642    71620.8116616959    12897.1241068321
44.9012945000009    211397.418859592    30703.2939158959    52653894922.7564    1104996951.1782    89246.9955923358    12739.8859450276
45.254848000001    174514.25611183    20221.412653041    35915318427.0659    476438803.367701    73892.4410261325    8217.86308495904
45.6084015000011    77910.5097868394    113168.707397748    7105137801.8002    15038940313.8131    32172.8187536467    47241.7609720034
45.9619550000012    384458.956797487    49915.5157221806    173829714862.901    2922166597.30595    161310.338791687    20751.09364575
46.3155085000013    400806.425225669    52174.9523175509    188525508621.372    3201422535.2363    166972.20762508    21890.5661392664
46.6690620000014    325075.449345675    56841.6559536283    123112518854.387    3802407922.93918    132054.803347302    23904.6872263273
47.0226155000015    92568.3921061324    76144.5346859948    10171707537.7813    6807445011.72783    40034.9887057134    31771.9191926009
47.3761690000016    189724.602380399    81976.741537488    41947708308.3465    7922274095.33191    77151.0438033466    34671.1399037844
47.7297225000017    282926.056538916    126574.556052004    94636429953.1142    18708081969.0365    120786.077361806    51835.9308711119
48.0832760000018    431442.867419876    172117.944145263    218975613540.508    34840876490.0418    181197.863378749    72223.8865836632
48.4368295000019    888171.382108954    69737.2764065989    922856956230.953    5749622911.09526    366071.785629025    29771.3820721323
48.790383000002    411867.113214523    118001.51407818    190635346574.034    16389859748.1112    144916.623016026    49653.8258683885
49.1439365000021    192997.34667923    128686.608510178    43469512118.113    19474474249.2603    78876.7157841288    53983.6182504319
49.4974900000022    867549.424135335    55035.9777661161    898738047052.802    3501328561.10834    382225.121800297    21734.0680139708
49.8510435000023    569326.079343326    41546.4364953838    380053627443.835    2091899594.03071    236477.150742714    19125.7211253785
50.2045970000024    347496.695648737    339355.753901642    144295985819.268    133460245001.449    153434.130272494    135269.794467565
50.5581505000025    1372979.34619437    97476.419125614    2198509638010.59    10919769062.2838    559854.760571238    37657.8912942748
50.9117040000026    509016.275399498    223079.76232864    284723224418.824    58318809668.9987    160080.154289178    92489.0766977171
51.2652575000027    410411.420677514    214714.168848541    277148324244.784    53660170255.2582    329713.193582315    86936.7353363255
51.6188110000028    1295715.81339023    162363.557428574    2187400721908.93    30243717299.5559    713106.761179153    62304.0329247968
51.9723645000029    422990.981838249    314707.756511732    292136006251.748    114463746021.281    336473.825928945    124188.461672708
52.325918000003    748248.781260622    137189.502597842    649058321853.49    23421671878.6898    298633.694005689    67828.5504463015
52.6794715000031    408341.663759056    387312.963403228    201577712683.352    170394482238.859    186640.827049811    142769.571753467
53.0330250000032    1020398.44586949    249632.038169913    1181631445958.49    71216719978.5482    374724.508973743    94342.8084046856
53.3865785000033    865319.107821234    233548.62322207    983703641634.095    62195623097.4481    484692.153096745    87468.0723951519
53.7401320000034    1426657.59705344    191503.27587028    2546738252655.94    41838956524.8    715112.82566155    71871.0780199617
54.0936855000036    1315930.7018079    185945.863177374    1928834701342.55    43551468789.4918    444028.252909551    94739.668337572
54.4472390000037    465912.689077541    370859.86227679    252075807155.224    164915570052.634    187086.005119996    165464.596227333
54.8007925000038    654105.508353601    229091.575137442    500861998528.067    63010087745.9431    270199.893540957    102601.841830392
55.1543460000039    1204632.85934681    115798.690026798    1682791547945.94    18417069879.3197    481301.591653173    70765.3394494594
55.507899500004    790133.173718845    195072.232191309    788867103299.85    44586803953.778    405655.853019324    80830.8615670902
55.8614530000041    1183370.82679136    156318.408500962    1685301684394.17    28734680944.8806    533793.190939427    65568.5603670468
56.2150065000042    1403921.02912317    110537.54300746    2307911443415.02    14566794721.385    580445.679974234    48458.7072388324
56.5685600000043    754693.319888235    255422.005659677    697550526303.234    75671087968.2242    357754.83116138    102130.734810889
56.9221135000044    588118.812688293    226956.081915381    410246766574.494    67760781002.1991    253698.696757799    127482.225756448
57.2756670000045    476390.765985462    332471.886249129    284029095001.151    129939262958.945    238916.163297789    139290.013327917
57.6292205000046    820931.416313167    224695.87732062    804672529966.197    59521703690.5802    361585.591079422    95044.5495843758
57.9827740000047    1032630.1668156    189104.277043055    1323628416045.78    42039818310.9505    507250.780805863    79242.6066896711
58.3363275000048    1289516.97081687    166427.799754973    2066128950468.43    32627556174.8469    635039.315667714    70209.284596594
58.6898810000049    1161370.72757014    167042.408024781    1552328474003.28    34594142349.9965    451161.28728701    81798.3879503682
59.043434500005    625123.902478538    276450.613534181    459436719711.324    93705034179.0286    262024.476454639    131453.765467572
59.3969880000051    601323.567391265    374231.978429729    432569696639.725    169187241825.565    266420.089219202    170697.592678209
59.7505415000052    1525755.93740968    132470.063434167    2702106699301.9    21527371025.7407    611698.879156243    63079.7377886793
60.1040950000053    965123.252749968    258601.606513243    1151202609935.06    79445787440.1844    468764.031188808    112120.455533121
60.4576485000054    1636183.32121626    188978.714302057    3283019214894.14    42375100740.9269    778410.787610156    81621.971807034
60.8112020000055    1790064.01609091    136615.742215824    3763640754528.25    23025787819.9491    747871.361147581    66044.8847282552
61.1647555000056    1027559.98810409    310074.457506126    1366687899924.94    112114212501.921    557501.902034845    126364.723337655
61.5183090000057    727334.446568491    302657.676104089    623991552544.94    116980823777.192    308182.01663927    159308.364100773
61.8718625000058    567240.407912077    450478.123112569    401966745623.87    242727385389.332    283204.988048604    199491.468454943
62.2254160000059    850657.158848466    314879.467037375    877599887002.603    119643547535.13    392405.765888395    143158.893448464
62.578969500006    1579348.02381209    218735.118589345    3001867083260.96    56806743148.1878    712409.224351982    94666.2085640534
62.9325230000061    1784387.37389311    178264.017620627    3849532769780.65    37847311363.123    815778.443985561    77905.4002292249
63.2860765000062    1145465.8555523    255438.912085654    1523152392017.82    82435563392.7456    459413.0666205    131097.389696526
63.6396300000063    728114.130845669    370671.747070596    625685594026.298    172961178024.534    309088.02385268    188583.228173043
63.9931835000064    685704.827615343    496913.767997474    572361413235.277    292376867982.462    319640.896351343    213198.440794051
64.3467370000062    1704086.22880466    188186.638978588    3380275281957.66    44570424306.4913    690192.296940476    95688.1038396824
64.7002905000059    1420086.6409821    311325.2349552    2497960962901.58    114451661136.283    693768.617772339    132394.332266802
65.0538440000057    2150355.62477917    189785.542587976    5565824005058.85    42699221619.2049    970461.071882563    81735.362260116
65.4073975000054    1950492.02879557    190298.147600752    4396920737065.68    48460995680.2726    769741.243971387    110668.92382234
65.7609510000052    1375548.62115729    350382.977624062    2421160356053.63    142791068778.981    727341.973823799    141502.076911532
66.1145045000049    854884.662428604    399801.852353572    861340278747.59    208245435412.451    361265.127976562    220008.895881744
66.4680580000047    648401.866130382    595353.397738537    542412836228.081    414043838615.681    349267.599737965    244127.365153643
66.8216115000044    929454.436308774    429089.883932121    1067590786033.33    215683406269.908    451337.165386663    177666.197620783
67.1751650000042    2172066.74118587    215340.665687993    5557505830013.2    55582575960.487    916314.302980909    95973.8175834389
67.5287185000039    2218327.299883    191757.897298348    5720658332839.42    46250864842.9452    894249.586767154    97364.1292605316
67.8822720000037    1058243.09219596    403468.10660799    1341263921171.89    192731610091.183    470516.183559521    173046.516987043
68.2358255000034    792116.343174914    539879.619579778    757215054002.989    349111397651.598    360231.526768813    240086.22204115
68.5893790000032    833506.316998292    549458.199279559    831346247210.08    357881511307.012    369612.590064276    236595.009565876
68.9429325000029    1765177.92936254    315323.951838613    3657141165503.84    123052979208.417    735722.803231764    153700.307759278
69.2964860000027    2003909.1262981    292537.81659248    4860763513767.28    101981170094.618    919299.585176924    128073.400665098
69.6500395000024    2397682.84500377    220649.671006805    6745276204864.86    61988294202.3346    998194.960736366    115334.369929018
70.0035930000022    1650900.48143665    341615.321637443    3166623373472.51    146590821197.381    664191.97064158    172886.648472133
70.3571465000019    1732486.74923028    326910.974192613    3705238818517.63    130247322063.592    838885.261677149    152893.875011488
70.7107000000017    849436.336019451    571164.661422932    875253748042.239    432394288192.324    392060.784945508    325830.044246923
71.0642535000014    803838.496970874    630363.104414414    875286801351.959    479153419966.649    478675.748434746    285999.609369789
71.4178070000012    1216245.49122346    449697.136109476    1824278001709.58    245763140874.234    587388.207906989    208651.927020023
71.7713605000009    2299047.61318072    262319.947399125    6278560842758.85    92221977097.5264    996464.206626051    153003.994372848
72.1249140000007    2004306.74668031    302805.884508708    4845503218586.03    128015602030.425    910086.63532536    190589.08241902
72.4784675000004    1386781.38857331    427219.67477925    2668407347986.64    248569693218.565    863275.580734978    257007.865054898
72.8320210000002    1035371.33112345    564622.945430561    1527654590677.39    439683336654.958    675026.516045882    347684.147105208
73.1855744999999    848878.074550518    668689.580241844    951663126962.699    649587618595.613    480696.517056348    449935.399664885
73.5391279999996    1761001.55358774    419015.673265855    3929675388888.57    263430664535.551    910246.624355245    296406.022363098
73.8926814999994    2308426.03585684    335276.134767279    6574434091122.46    168812603723.874    1116066.00526166    237492.141300269
74.2462349999991    2084875.63389355    336016.279401272    5545115109932.67    180125511698.905    1094718.54881957    259265.446359965
74.5997884999989    1684243.28914016    416914.319462423    4000430684264.43    289312192837.803    1078774.87329413    339845.02801275
74.9533419999986    1685054.31321464    437312.385322428    3734596351449.44    371220635241.171    946143.917681755    424238.745148035
75.3068954999984    1015357.33538083    654497.732682156    1568169829367.43    715943104343.545    732952.461525144    536260.964696725
75.6604489999981    880240.00627819    798480.31103696    1194625553175.22    981319732243.292    647922.128440287    586301.053324664
76.0140024999979    1713555.31886598    557564.570761435    4058667994530.32    487978634181.876    1059432.00051558    420832.964029071
76.3675559999976    2155624.38949934    421856.88598536    5855505331200.65    304742287347.155    1099449.32697977    356060.465502546
76.7211094999974    2046798.09431473    462223.638868064    6020996313403.07    366819477556.543    1353371.29957475    391367.838775886
77.0746629999971    1940335.29657359    537344.06013312    5378995569803.79    543732716137.682    1270470.19117903    504969.382415743
77.4282164999969    1385704.07282794    699982.699743068    2935848516689.23    941016324930.69    1007805.9035535    671595.521866469
77.7817699999966    1030022.60379938    885634.079301048    1731913209028.18    1430878516583.82    819125.536587966    804071.386236575
78.1353234999964    1870627.87664639    653745.105154273    4743792391984.42    825367354057.03    1115591.20608664    630860.278939686
78.4888769999961    2432009.18881827    539139.454283874    7377967541131.99    600894597884.873    1209668.89959009    556976.88167406
78.8424304999959    2133962.30986763    552527.170509428    6667048673323.32    606359120199.179    1453703.38562849    548701.053441694
79.1959839999956    2199766.82090864    601812.641245959    6829075618713.09    784598107436.104    1410709.59178088    649938.191117176
79.5495374999954    1752876.98909007    692347.600663879    4530863836535.8    1154281549501.44    1207595.17126159    821545.098796412
79.9030909999951    1281301.08830206    896871.569695857    2649096850111.6    1671640361261    1003675.43121647    931268.891745174
80.2566444999949    1144977.35704146    1016250.5164746    2343693919422.02    1866168236189.19    1016228.70028571    912909.154272374
80.6101979999946    2280105.37030851    749477.23598017    6939625056140.92    1163739367700.65    1319372.7890294    775901.566210675
80.9637514999944    2184784.92824465    671709.632903441    6930582920788.07    951894350611.581    1468774.22979269    707601.950022967
81.3173049999941    2501358.41988851    693777.569475547    8562163566447.49    1068241935054.77    1518344.3686135    766103.530306036
81.6708584999939    2112142.26031756    763428.335081956    6378750144237.05    1375763825582    1384776.23333796    890472.348125417
82.0244119999936    1633216.35647361    919708.527427561    4166256347861.93    1851858399945.95    1224279.65792502    1002992.83373461
82.3779654999934    1279973.55157248    1106680.35860461    2869014222458.55    2359079727622.25    1109361.04570761    1065053.19655922
82.7315189999931    1770569.60725055    980594.21349339    4670618265334.97    1873063897950.28    1239234.25195384    954724.508124493
83.0850724999928    2157166.76653952    841716.215626364    6265546526101.71    1453401179676.71    1269715.74277046    863084.579880991
83.4386259999926    2581799.65808562    791383.059810689    8987819365251.69    1284122990548.97    1523853.63167223    811070.800358168
83.7921794999923    2455456.08729513    820991.221072934    8198874523970.14    1448996510971.7    1472959.5810257    880323.761972193
84.1457329999921    2041377.58635057    940203.148150033    6130017745038.86    1892449796073.58    1400997.96394726    1004224.99285885
84.4992864999918    1534268.85613749    1126424.74871221    3809602507092.84    2520531526168.31    1206491.43560135    1118793.46246613
84.8528399999916    1395548.82616846    1258620.55003866    3377012522449.27    2756208846870.81    1195598.59326997    1082627.89447306
85.2063934999913    2383777.17842255    1004299.32004278    7487103529347.41    1930217117254.27    1343394.91326238    959999.996362444
85.5599469999911    2583277.98432528    930812.271750956    8852792199662.52    1634357758688.38    1476301.81716438    876325.438091467
85.9135004999908    2591423.92567223    901860.115264828    8893450424088.54    1562390599512.66    1475795.53514099    865470.353049238
86.2670539999906    2358545.95187078    976582.346971297    7820646491022.12    1830913929956.95    1502633.5161762    936590.011446303
86.6206074999903    1910750.91665532    1114497.78850904    5438162075990.9    2312765922548.19    1336859.38321565    1034727.30801726
86.9741609999901    1513599.34841885    1321342.75499057    3610471665656.87    3016759732151.68    1148689.98346939    1127303.4445018
87.3277144999898    1707382.19790953    1277922.350591    4399341137584.47    2725359171209.08    1218272.20597291    1045118.95833396
87.6812679999896    2303122.8973641    1094468.30578998    7112202327956.21    2071605677934.67    1344554.66515624    934743.176255312
88.0348214999893    2629536.12788421    1002402.35738566    8993312900866.29    1770383052000.51    1441822.68431941    874970.037148803
88.3883749999891    2578534.38590942    1025711.7423752    8935158789359.96    1878068183110.51    1512057.93871884    908836.401484962
88.7419284999888    2273493.9235483    1128290.10096424    6973897418225.83    2263338300911.39    1343548.58409169    995138.055235294
89.0954819999886    1792075.43249616    1301765.02181743    4642820684469.05    2844944312757.98    1196363.79446754    1072544.70337169
89.4490354999883    1574798.78770028    1452959.6068869    3770080420519.17    3281887093060.87    1135820.93605326    1082033.0280615
89.8025889999881    2205067.84572872    1252240.10452499    6431859388991.69    2514549733659.06    1252810.91339635    972853.768188367
90.1561424999878    2560814.0191377    1131486.21569958    8301624914806.78    2103941383082.8    1320551.57952826    907568.359279145
90.5096959999876    2675688.40827192    1101671.92911343    9259967156827.05    2039622641617.76    1449364.92943163    908813.293378377
90.8632494999873    2554981.90240142    1147502.17176045    8415659034318.2    2220441826071.24    1373945.60034938    950621.161071162
91.2168029999871    2194828.73209929    1268229.75802544    6476275610007.6    2631787251453.96    1288022.68875942    1011622.72231929
91.5703564999868    1723712.78728888    1465449.63430493    4238399922450.21    3347278862388.12    1125706.06704727    1095324.71518891
91.9239099999865    1731481.28582118    1497953.19619042    4346625413142.95    3333773390911.69    1161291.50948157    1043987.36244007
92.2774634999863    2448207.42879691    1281275.91118597    7653151966648.98    2593948089577.12    1288189.56378034    975848.414966006
92.631016999986    2630847.2821978    1206898.19412431    8868603692865.79    2361736058909.71    1395437.66274894    951384.679259234
92.9845704999858    2703967.8792559    1194829.80194038    9227670921205.82    2355152618938.25    1384279.10088904    963085.854601429
93.3381239999855    2428430.22890057    1277640.69305594    7705027099544.88    2674433354801.1    1344527.32322807    1020817.13065986
93.6916774999853    2024461.86414501    1416621.90528628    5577775771244.81    3155891784264.19    1216277.07857516    1071948.76823814
94.045230999985    1718274.01665339    1568855.28305677    4233079462497.53    3669967523034.84    1131642.11047104    1099391.02409456
94.3987844999848    1964647.72359855    1492351.85687892    5279786102982.92    3358658519907.54    1191614.62945953    1063740.78382733
94.7523379999845    2416488.4517283    1340136.79283855    7453877454143.76    2837725162124.91    1270614.42491714    1020665.73304158
95.1058914999843    2677118.0000536    1264104.37195644    9001715474674.42    2580414795148.45    1354531.16924767    991188.645994835
95.459444999984    2616047.42417538    1286560.36342655    8721793105225.48    2679351102215.62    1370433.86549328    1011984.94725731
95.8129984999838    2343775.331631    1385609.22055935    7070657271488.83    3043437881743.03    1255935.69354758    1059964.60773176
96.1665519999835    1946720.35442439    1533834.51225608    5099617444271.24    3575061438811.48    1144507.45123874    1105627.93372076
96.5201054999833    1749291.28725043    1644430.37141332    4367923326323.78    3883237699600.01    1143636.00794725    1085857.47369232
96.873658999983    2240177.4158033    1474882.17418017    6441777335284.33    3297685739230.67    1193055.94211217    1059437.73366642
97.2272124999828    2541316.25498749    1367800.9161164    8058951997541.71    2952038643802.81    1265173.38324757    1039788.10229485
97.5807659999825    2695032.3590267    1328737.63229902    9142147777119.77    2840077078897.3    1370747.37312124    1036597.02074128
97.9343194999823    2583140.02685715    1375671.44164112    8389607648540.22    3044605979416.96    1310341.65399283    1073375.08079423
98.287872999982    2292628.38223591    1473525.79429819    6794763841533.48    3398016545988.56    1240410.79586557    1107582.17732431
98.6414264999818    1897962.01461473    1624938.70769299    4968104256533.7    3928258941007.47    1168693.47889568    1134827.36010748
98.9949799999815    1820296.65317734    1681935.08115511    4706046141936.46    4084161881575.74    1180070.43703663    1120382.19566159
99.3485334999813    2406816.65044756    1504901.26175696    7293995012506.71    3510252306699.91    1225246.35222273    1116030.68912204
99.702086999981    2649952.33946201    1418362.61733813    8793333250249.58    3215340761947.62    1330821.49397632    1097081.69599413
100.055640499981    2663418.81289381    1402543.47667186    8880926469825.19    3183080498758.33    1336834.58099666    1102702.26933816
100.409193999981    2517199.86437048    1470433.90258595    8053144439788.71    3433641327087.58    1310285.95451602    1127592.77454826
100.76274749998    2187660.99988402    1583352.41292586    6308896858503.46    3834784078664.31    1234113.53128062    1152293.02486224
101.11630099998    1861889.32818975    1719906.59614021    4883892603400.34    4308190348361.8    1190487.60303225    1161943.04891212
101.46985449998    1932826.11351386    1708770.50175189    5118481518255.95    4289252840658.44    1175867.65121542    1170194.94657986
101.823407999979    2420744.69204878    1539132.60866249    7465088777871.56    3607541361521.14    1266919.06363004    1112929.54605084
102.176961499979    2633476.28600918    1465894.24890562    8665666977719.48    3370155166039.48    1315473.15774469    1105128.5975238
102.530514999979    2668231.99485904    1464984.89481068    8903295130860.6    3395114884798.02    1335602.16848848    1117557.22125292
102.884068499979    2462110.70866878    1532497.7633016    7690639201964.45    3639219930815.29    1276185.74675592    1136076.81795329
103.237621999978    2132228.43505333    1648723.39225724    6038760484092.38    4028421337851.05    1221622.84885411    1144610.20162971
103.591175499978    1872550.13279006    1786282.98147034    4895755859550.21    4530234393225.31    1178690.73965062    1157336.3829651
103.944728999978    2126208.33693618    1704477.54374999    5898823188246.14    4229847199460.94    1173908.55529263    1150914.20284613
104.298282499978    2491171.9709447    1569255.25378749    7774742208425.17    3700506602983.16    1252519.22923549    1112629.56613759
104.651835999977    2716237.58122221    1506830.11154407    9091304419925.48    3462966911925.36    1308952.94884178    1091984.39863829
105.005389499977    2668130.45279099    1520086.38680841    8834592234929.91    3514053438802.35    1309836.67753627    1096991.71165606
105.358942999977    2451830.64771663    1604341.86865276    7568610099797.51    3819955302668.44    1247852.78567424    1116262.72496944
105.712496499977    2077045.54096086    1745854.48999242    5718397125012.11    4360004981716.24    1185022.76171671    1145424.41107633
106.066049999976    1909099.87083854    1828586.07456254    5019854461031.75    4639083781659.99    1172685.86765426    1138137.40364507
106.419603499976    2299656.68754486    1698293.63070486    6681107799427.58    4164865598923.21    1180121.56952484    1131664.41263765
106.773156999976    2601122.58548551    1589446.51412626    8349081700111.17    3730553512500.26    1258269.84204039    1097366.52547458
107.126710499976    2719990.7244352    1545813.43607637    9132181444086.01    3541824204896.1    1316750.50904584    1073445.3995159
107.480263999975    2667838.53347265    1571682.15031839    8788558741219.66    3639530731398.95    1292747.57804383    1081363.00554879
107.833817499975    2405719.78912927    1667141.91980942    7273952144904.77    3991920322077.84    1219206.48009128    1101162.17756151
108.187370999975    2047161.77614795    1816861.09314821    5513975976253.57    4596902490702.79    1150262.85627779    1138384.05597895
108.540924499975    1959263.89114259    1869189.84608635    5158020021267.58    4773942922241.27    1148610.04093312    1131402.77599489
108.894477999974    2413849.84665623    1699151.4376031    7241563977509.99    4095565335413.15    1189492.705025    1099295.10483058
109.248031499974    2689335.43875496    1598120.5977325    8861487439927.42    3696447240838.9    1276308.08889707    1068858.17391364
109.601584999974    2752849.60783109    1573938.74809007    9307127468342.48    3615447313388.01    1314894.10410371    1066847.75420333
109.955138499974    2636271.62955775    1619319.61671352    8565847711131.41    3793163905154.4    1271188.26549034    1082112.69472323
110.308691999973    2333851.82931652    1732070.00895337    6874395286085.82    4230031458416.29    1194793.25612498    1109037.84538697
110.662245499973    2028594.4055229    1857652.10791149    5449175359258.8    4702873571841.84    1154980.5613689    1118929.0494995
111.015798999973    2032496.58288797    1870612.58952932    5481611865205.46    4721708871232.83    1162140.05427668    1105675.09293067
111.369352499973    2492218.02252968    1712062.15593485    7665824044254.07    4116926797142.64    1206098.4090995    1088930.65498146
111.722905999972    2711354.02027324    1632100.70241978    8970241227369.91    3819590415979.15    1272320.95169342    1075098.93179186
112.076459499972    2757782.16687779    1617590.36200411    9245117731146.17    3778956888262.98    1280529.28556789    1078127.22301888
112.430012999972    2608471.72895498    1668778.71438174    8365720192136.93    3976330150013.92    1249638.12016901    1091562.06989816
112.783566499972    2299057.31580769    1784186.49933156    6663497748101.71    4413779936463.15    1173811.40168804    1109260.32655376
113.137119999971    2011572.4866121    1921226.57143362    5306381017935.41    4938948498526.7    1122478.12853553    1117066.22889788
113.490673499971    2130225.02242305    1867586.93302875    5860309930352.34    4689906309271.12    1149978.81902019    1096369.16996575
113.844226999971    2520857.8348379    1730081.4089292    7824136172781.69    4152863083125.83    1212193.03302654    1076885.0456773
114.197780499971    2731718.26417152    1648504.32236151    9082848275449.4    3840914488821.41    1273013.59012429    1059881.11973788
114.55133399997    2765393.4263742    1655586.06788279    9248633791576.13    3909523876840.82    1265398.35188073    1080998.91242926
114.90488749997    2560837.43575007    1724424.52786566    8064015961558.67    4173191646469.68    1227243.89964656    1095240.47321352
115.25844099997    2248211.61657374    1845011.16440081    6372500471115.83    4646025184372.54    1148061.40873158    1114432.13683423
115.61199449997    2023969.78737614    1953667.18055975    5364259777595.54    5061321116488.34    1125968.95045296    1115574.14101084
115.965547999969    2223320.82413496    1871452.80009802    6236555693129.48    4740129348413.45    1137277.5413668    1112561.8029659
116.319101499969    2549449.90576715    1749120.83243877    7934732661172.59    4247939609413.54    1197930.64872574    1090190.77364572
116.672654999969    2759511.74096493    1680086.49728132    9180719157244.2    3990033455519.79    1251324.94130057    1080436.40126236
117.026208499969    2727838.04690092    1692704.83408677    9013742440479.37    4047321612900.87    1254050.25033256    1087231.32660908
117.379761999968    2528669.21039842    1768137.05198947    7832801638472.5    4347393823151.68    1199430.55774627    1105027.234295
117.733315499968    2210020.17353332    1893817.93423694    6191936123771.16    4858852713614.25    1143567.64397516    1127965.57818791
118.086868999968    2029802.38090356    1989493.07826918    5414190368203.37    5234378289130.67    1137581.93668922    1129732.52615374
118.440422499968    2329663.39660645    1858463.71479312    6774576687506.93    4700098988020.79    1160708.89805284    1116338.48308574
118.793975999967    2607997.66130807    1756940.65898873    8296355169709.74    4304135659585.63    1222580.61833213    1103311.00800177
119.147529499967    2785496.61240606    1705139.99165355    9358398739733.65    4128782376087.37    1264676.78163554    1105115.37178301
119.501082999967    2699510.6324701    1740131.37478982    8842682912877.49    4292007443165.06    1247126.80111462    1124255.41654784
119.854636499967    2479729.53300866    1818452.9449206    7575318032307.1    4610193495965.31    1194261.05832509    1141675.25289589
120.208189999966    2180980.0999804    1939399.35620725    6081291530998.42    5093473600170.82    1150920.21204248    1154211.3053136
120.561743499966    2059513.21122128    2001578.6317122    5604558727315.44    5325727871914.25    1167460.51758526    1148656.1073652
120.915296999966    2417024.39981312    1863602.4905114    7196495852218.54    4790492247680.99    1163825.1169856    1147814.44713016
121.268850499966    2675159.48482637    1771614.29614841    8650479022279.28    4420611290650.99    1222293.23528473    1132251.77250183
121.622403999965    2753651.43325283    1739651.04721371    9176444132978.7    4294321118194.25    1262476.89765926    1126026.35498575
121.975957499965    2673705.74292129    1770362.34750602    8663867114135.96    4441497122341.06    1230920.27134403    1143378.45041527
122.329510999965    2450123.51750371    1850625.85751058    7393206627202.18    4740226224411.12    1179025.60454701    1146913.31840045
122.683064499965    2153252.40513851    1973583.12961221    5969824727214.77    5232527876686.92    1154698.5784091    1156502.27288882
123.036617999964    2090025.20940218    2016234.58655272    5726675175777.37    5380290427966.16    1165534.12641619    1146773.09000288
123.390171499964    2492720.06180427    1869104.22018568    7578027007652.11    4802514451427.44    1168064.08263016    1144099.5872351
123.743724999964    2713973.58152769    1790618.71807861    8868636829551.04    4508261047558.89    1225962.57215334    1141028.33182416
124.097278499964    2737483.56664186    1766817.43008411    9072301136749.89    4416088521570.43    1256377.67375723    1137736.65244704
124.450831999963    2665336.06718815    1802398.20907225    8595168659542.25    4566466103343.91    1221127.47429916    1147966.37549932
124.804385499963    2409005.62892888    1897547.15280401    7181035842533.04    4919280388335.3    1173766.46839226    1148301.00201153
125.157938999963    2138220.60852244    2011413.89270169    5897702296212.33    5367193329091.95    1151396.9452375    1149524.89374462
125.511492499963    2139089.93725669    2022980.90623345    5901648016259.79    5402113655479.76    1151495.6606896    1144404.60873532
125.865045999962    2535767.05084066    1891803.19781179    7795445202536.21    4878421787423.17    1168473.64814404    1139957.2133077
126.218599499962    2709645.82960486    1814768.64331512    8860618491312.21    4560469841711.63    1232249.15070663    1125648.52993811
126.572152999962    2774141.48832091    1795114.93171347    9244496453589.76    4492661128050.79    1244441.82522382    1127041.92911806
126.925706499962    2648307.00604173    1840770.21391126    8501422862514.25    4665029047643.39    1219792.13977815    1129864.62340428
127.279259999961    2383721.16030802    1938500.97316038    7035342634976.72    5064237311029.74    1163278.15455999    1143001.00091207
127.632813499961    2132195.48389417    2047941.70575555    5866122777026.28    5487718852544.33    1148853.86167587    1137388.94946776
127.986366999961    2202645.26644944    2025782.63308812    6150169562361.66    5395469625875.24    1139527.70591571    1136518.52134218
128.339920499961    2555970.44514084    1896457.69736975    7949606759790.12    4857978743424.11    1190219.24171836    1123132.64822599
128.69347399996    2724427.50455884    1824480.82524587    8946996887245.79    4557669936353.26    1234703.06537607    1108575.50697435
129.04702749996    2796767.78627982    1811984.99002757    9353261945870.78    4510051061727.25    1237478.03839028    1107592.64065902
129.40058099996    2605776.09816325    1875356.71637322    8239154335805.78    4754683544072.74    1203779.57369565    1112528.97958956
129.75413449996    2335197.16013884    1981961.57031874    6785692712300.05    5187120704740.7    1154359.96793874    1122028.98292351
130.107687999959    2133838.61531786    2079534.05144419    5857435862489.32    5595382208781.46    1142002.02550945    1127351.0268171
130.461241499959    2287917.1218658    2012835.66872898    6543243861381.71    5295971075866.17    1143975.13297058    1115555.30860577
130.814794999959    2590730.64774064    1902537.23200527    8139842136685.3    4855709392576.45    1194971.48398725    1111783.01543519
131.168348499959    2776497.91795002    1841167.26722811    9238049900634.48    4610079294604.52    1236571.55565445    1104618.66211481
131.521901999958    2753571.60060704    1852504.46949136    9117961059587.75    4660195561789.28    1239275.79655141    1108342.34436109
131.875455499958    2578111.24821292    1916972.55154314    8056400342010.58    4913645490226.22    1187325.87517017    1113041.65549021
132.229008999958    2313387.78420222    2025190.98466293    6639385113431.62    5361007507896.97    1134734.36245474    1122323.02994145
132.582562499958    2150647.24550005    2107870.42742461    5917637573022.13    5679030438148.21    1136817.48686638    1111716.10554899
132.936115999957    2372816.35390878    2010058.90232282    6920040338816.51    5271301398797.32    1135686.08754336    1109488.44427967
133.289669499957    2625794.75960137    1917454.07918484    8289131967108.82    4909678989807.67    1180819.14261194    1110427.32496327
133.643222999957    2783884.77574187    1866391.38899203    9250880348740.89    4698251041170.71    1225098.32427177    1102195.18428775
133.996776499957    2735067.61378942    1881390.76923453    8952927646761.83    4785447930073.75    1213397.21227719    1116161.59381734
134.350329999956    2566446.25213807    1942462.40893822    7979074342200.97    5007205036525.75    1180011.85463851    1110875.70249226
134.703883499956    2290695.95232813    2050450.66738172    6549808207062.94    5452022916345.5    1141280.09754419    1116993.72289165
135.057436999956    2167641.85061837    2123159.65075306    5977547181961.81    5763404863633.41    1130873.99360387    1120534.67641458
135.410990499956    2437449.10948892    2009448.9468235    7224666323745.14    5286694302546.96    1132920.1924217    1117501.3345213
135.764543999955    2672577.54413741    1919427.71066503    8573077393935.21    4907735960645    1195996.09719583    1106134.36081528
136.118097499955    2798092.42691546    1878880.6428357    9348807976664.2    4740357898367.86    1232674.63148332    1100075.19213242
136.471650999955    2735859.76527236    1899925.9683887    8947552002454.63    4840149251005.38    1209389.6589679    1109247.74764145
136.825204499955    2521617.80942748    1983388.52366441    7720034984585.14    5198270990143    1166824.15460226    1124473.63434601
137.178757999954    2267845.59242862    2084066.91835804    6440929034098.08    5604234731300.71    1139212.6241401    1122897.95222287
137.532311499954    2189650.27723885    2133001.090502    6082622407611.27    5808576372006.46    1134924.69838271    1121999.4295559
137.885864999954    2489432.31470809    2012941.37201874    7526022593704.26    5312732639228.24    1152713.903877    1122853.36177239
138.239418499954    2700343.39050837    1929013.70332439    8739256632343.54    4969019944646.33    1203080.29893324    1117106.11717645
138.592971999953    2779840.86488766    1896161.47102958    9252613551210.24    4832671765559.08    1234948.71031589    1112314.45254568
138.946525499953    2703923.33803598    1929292.28011248    8786029396962.4    4964663081147.35    1214424.95815376    1114672.31913497
139.300078999953    2485980.92565661    2013880.00977186    7511140529365.04    5331739560727.81    1153706.79404974    1129613.591884
139.653632499953    2242589.56521486    2113703.47452315    6322931452895.39    5740357910957.04    1137419.66524447    1128102.62509481
140.007185999952    2221339.71659969    2129448.6081774    6239810694998.59    5783635956281.32    1142567.52905699    1117624.5261324
140.360739499952    2536458.08868506    2011129.57788688    7761975705819.47    5301930300031.24    1152543.30511421    1121288.59843475
140.714292999952    2721322.33445411    1936833.37051562    8859299825233.79    4984469645269.07    1205696.71859676    1110471.1343057
141.067846499952    2766840.90806966    1914992.86550318    9168201398996.07    4909210373132.42    1229956.41728816    1114456.23431535
141.421399999951    2685043.66653513    1950515.2944969    8653490108620.58    5056906492222.02    1201678.25037327    1119105.25785366
141.774953499951    2455386.93385468    2040694.5748698    7354192326243.78    5433785226623.52    1151202.55876171    1126654.72915197
142.128506999951    2234213.79696486    2138164.01819686    6274847129363.62    5844324866757.44    1132755.86019913    1128086.65360676
142.482060499951    2250530.60794415    2135058.96548354    6358516325642.99    5826953227220.6    1137377.82128435    1126266.59416364
142.83561399995    2567874.45735156    2019351.51009176    7931623872791.9    5337265207928.83    1156565.88401757    1122267.6537346
143.18916749995    2739068.85028785    1943207.28342286    8985741620448.31    5003171098833.38    1217884.82781874    1107752.929351
143.54272099995    2767621.93236686    1934791.88579495    9142631917896.75    4989975506615.47    1217744.12639877    1116492.66243782
143.89627449995    2662538.28296976    1973681.21635801    8501200095286.49    5156941247127.9    1188313.9261184    1123175.72237093
144.249827999949    2423567.30072437    2072130.3454966    7168125509829.19    5563672835175.24    1137737.68887594    1126919.99114728
144.603381499949    2225764.79716806    2158599.21537398    6250920103997.67    5917695518842.64    1138811.2976631    1121670.60504832
144.956934999949    2290919.88295053    2131875.95618496    6546699609942.35    5784646502719.99    1139467.28774647    1113441.24683812
145.310488499949    2586666.56014633    2026504.47038333    8054218181055.57    5362614767952.68    1167636.19662818    1120666.94404228
145.664041999948    2720706.76621922    1970051.86301122    8839738418027.51    5143897695415.2    1198955.0076114    1123740.78526198
146.017595499948    2776096.92039225    1961633.8597913    9174930112412.44    5108246708431.43    1211699.63316042    1122603.80747248
146.371148999948    2633753.5604868    2000318.83901736    8339437162301.91    5260876070684.98    1184389.86188037    1122319.30080402
146.724702499948    2391953.72041832    2107817.423859    7025974380200.25    5729730102720.05    1142161.0129825    1134387.85712668
147.078255999947    2225947.9204832    2190483.72150655    6226791970442.27    6091661899423.34    1127806.64377311    1137296.34011463
147.431809499947    2335898.27524282    2137665.92741125    6734266033744.28    5850901815997.29    1130418.18875224    1131939.13210132
147.785362999947    2600038.69323852    2029873.92926345    8137294950783.9    5361484021343.21    1173496.3759835    1114044.81626179
148.138916499947    2761011.62663167    1975260.77003119    9074662487718.02    5154407989473.1    1204772.71106328    1119264.43696246
148.492469999946    2755532.86013716    1982757.60653146    9046915817985.45    5204096920208.41    1205800.34611447    1128170.72907873
148.846023499946    2615568.64765187    2029462.30118806    8236192981810.17    5378289559317.18    1181098.48498367    1122306.69933564
149.199576999946    2376408.15625068    2130207.04285861    6937799011849.26    5828951769050.49    1135994.4043676    1136296.49458497
149.553130499945    2240382.19080408    2193761.48979525    6318357829812.13    6066019659085.75    1139756.75867268    1119566.96315008
149.906683999945    2383868.09620024    2133766.50518896    6955733726052.12    5814891765716.28    1128231.63666454    1123357.58645677
150.260237499945    2626677.94291837    2037306.83040177    8284236935590.77    5403467704802.99    1176775.22058246    1119307.18911356
150.613790999945    2788303.31523553    1984231.25694106    9247583460896.98    5183513984000.87    1213650.72535039    1116396.1227893
150.967344499944    2750719.00974373    1993166.42962263    9024449775122.9    5224740999162.92    1207474.51507574    1118940.83087011
151.320897999944    2609114.37153569    2048076.35893983    8183672511601.96    5450119374792.87    1173113.25448479    1120492.12524883
151.674451499944    2361536.51806295    2155338.61549604    6865615029391.07    5925450540038.98    1135235.79191557    1131355.82050502
152.028004999944    2239167.8344122    2216183.58857592    6296362970982.9    6186565128042.54    1132470.91808872    1129201.23528505
152.381558499943    2438864.56594486    2127331.03979093    7222804227445.08    5789791498030.66    1129045.55108449    1124390.56611691
152.735111999943    2666500.99343542    2033843.87339788    8497034631401.46    5373891411830.06    1177627.73549597    1112371.57032709
153.088665499943    2808171.77067494    1992346.36837925    9384071092246    5193047462155.47    1224027.12332301    1106166.08633672
153.442218999943    2751235.49941861    2003517.46704481    9036728638686.22    5239416055051.2    1211376.02148344    1106947.97271486
153.795772499942    2594086.51554475    2062472.9611925    8104940402327    5475627710774.71    1172883.43504199    1105365.54818962
154.149325999942    2351416.42067155    2171674.88912601    6805090998969.24    5965124872173.26    1129571.5185704    1117565.67955213
154.502879499942    2259650.74762916    2217886.46236629    6371332621415.82    6155962252951.65    1124860.48919623    1112178.89433489
154.856432999942    2482883.71700195    2127013.56697707    7440057251769.52    5759860974348.36    1129312.04705171    1111608.86117547
155.209986499941    2698763.89108988    2043631.53792361    8686834746231.09    5395936608147.24    1184697.51682888    1104312.79325706
155.563539999941    2805212.51308085    2003868.591174    9364495473579.86    5219090231451.33    1222815.69749268    1097087.46267453
155.917093499941    2754969.21088187    2020744.6856399    9051472460008.05    5296128632681.22    1208973.57584893    1101235.46443952
156.270646999941    2566101.74299136    2106982.58161741    7901271559159.75    5676441217796.26    1147341.88617711    1112234.51598892
156.62420049994    2344706.41791788    2197623.82843374    6762696477847.41    6071845011985.29    1124743.65595994    1114582.66660015
156.97775399994    2274624.22612527    2242094.30907197    6421931602979.98    6283810757135.81    1117146.4688679    1121081.56097711
157.33130749994    2537046.04316319    2133256.53843412    7736001658871.49    5771851455354.37    1139911.85349635    1105019.45529589
157.68486099994    2732796.26106949    2054136.47792049    8876434074806.53    5419268292100.41    1186700.75010137    1095349.99985248
158.038414499939    2793917.45122017    2032105.00612555    9279780280568.24    5338635798460.13    1214003.93588145    1099629.50239598
158.391967999939    2728677.95612093    2050605.72344836    8869156401022.96    5417468185988.99    1193093.88264405    1101128.67229484
158.745521499939    2544479.14644243    2126154.02663713    7791994442445.55    5732358657097.25    1147876.43749889    1100830.46474559
159.099074999939    2335331.71676523    2212737.67294583    6718473582223.97    6118387011748.09    1124588.52692633    1105522.0497459
159.452628499938    2299531.01176035    2242629.56924779    6547560113753.05    6261769536500.71    1122371.2575193    1110127.08805622
159.806181999938    2576517.506128    2130533.88729987    7943002052782.09    5757642303868.09    1142173.18888076    1103842.2255626
160.159735499938    2738386.00071933    2068097.39005606    8917672548988.5    5483663104815.23    1191182.04320453    1098469.97685807
160.513288999938    2781227.24601177    2040138.99886851    9197364107579.49    5370903795751.58    1209189.44488499    1099425.60505356
160.866842499937    2685747.63653636    2082780.86080549    8587755702358.7    5578817720900.49    1172397.2599755    1113930.70105946
161.220395999937    2500759.81207581    2155610.09067008    7537952993839.59    5886199953890.3    1133204.90474854    1113348.59360922
161.573949499937    2305279.17187257    2238947.80917126    6564470985517.38    6263805028511    1118105.0600225    1118444.3376039
161.927502999937    2323116.24938771    2237000.5426232    6650897716764.53    6238171940179.39    1119834.18799181    1110855.75683024
162.281056499936    2601052.65240968    2129467.86141233    8070171725965.78    5772083543142.28    1142233.26223601    1112407.37607869
162.634609999936    2745950.8078343    2072245.52746221    8964432657393.34    5513422664750.64    1193392.98571236    1104183.47146818
162.988163499936    2769170.98345909    2057931.72205683    9121339546760.84    5466503276343.28    1205417.60860254    1109693.78825669
163.341716999936    2673875.30510908    2094087.22319566    8530458836073.64    5625295066135.66    1175095.60836617    1113594.97474816
163.695270499935    2476977.40505726    2171759.96078886    7433822210044.37    5952475029670.99    1139475.82022619    1111725.55173718
164.048823999935    2293596.74432334    2265695.48409754    6520761388733.36    6394126395620.88    1122575.32627558    1122831.40718494
164.402377499935    2365850.79461688    2228517.64551176    6867852408483.38    6217121618654.99    1127210.01862744    1118405.43735164
164.755930999935    2607262.49716687    2139298.39424544    8128388845760.19    5817462361859.01    1153503.84335179    1113941.08562252
165.109484499934    2747928.71955896    2073127.26260161    8995673105774.2    5513427249802.41    1201898.85514433    1102529.18458441
165.463037999934    2765841.10459728    2069964.37834979    9086777075168.04    5508199123867.58    1198707.66214626    1106095.2021551
165.816591499934    2654008.43309619    2111472.72071762    8419332497675.88    5699119623929.3    1172847.70312695    1113913.18045646
166.170144999934    2451835.66140858    2195013.2375966    7292857941318.08    6070577652129.12    1131971.65634271    1119149.02443992
166.523698499933    2288768.80406077    2279559.59877441    6496701410965.19    6462091519668.23    1121712.42862126    1125033.13520254
166.877251999933    2399092.50411393    2221441.64112962    7022598202597.02    6193972583346.48    1125590.22708149    1122127.2737091
167.230805499933    2622260.16120642    2131450.3337609    8233180104324.82    5791581082862.55    1164874.1353788    1117363.21649368
167.584358999933    2754817.26573443    2080621.73492514    9028625943204.06    5555968199178.12    1199836.56204315    1107691.92257378
167.937912499932    2762246.44088797    2078421.96889044    9081033396291.08    5541882064484.22    1204586.23439453    1105461.07290932
168.291465999932    2609300.29283193    2144651.58715222    8144056046850.83    5856244063314.57    1155685.09061857    1121032.3960707
168.645019499932    2420892.2260872    2216380.53757583    7152172437570.88    6167351806992.14    1136421.25430733    1120271.89541076
168.998572999932    2311176.18359605    2269446.64005878    6622255320845.04    6396496794977.66    1131688.98961836    1116292.40922957
169.352126499931    2448556.49634349    2203663.71303082    7296279510176.35    6090225623850.75    1140548.37441927    1110896.87357647
169.705679999931    2640294.83827975    2132597.63867114    8343248730286.28    5783291726600.48    1171363.26442295    1111449.0713185
170.059233499931    2765295.13671094    2090536.77578401    9087138061572.03    5606384886349.21    1200117.02281688    1111773.75191349
170.412786999931    2747380.01513836    2099449.10076366    8982279259980.41    5643143059306.39    1197573.51022757    1111510.92329723
170.76634049993    2603195.12544966    2158426.97665903    8099558816558.93    5915217586169.03    1150188.66078311    1120897.21767858
171.11989399993    2412682.2510297    2231463.55973641    7091841976672.71    6228227039679.71    1127300.46227214    1117496.0497685
171.47344749993    2319280.74482055    2276389.3292039    6644632056516.51    6426746563634.54    1124975.05893293    1115705.24132549
171.82700099993    2479404.98675207    2213463.07352561    7398550076701.15    6153091997806.49    1118526.25734495    1119675.49760859
172.180554499929    2666781.27321403    2136795.30677465    8479921992666.11    5792299188430.46    1169700.65978482    1107431.71589777
172.534107999929    2777579.20756272    2089457.61936734    9160053913531.76    5571796723376.47    1202126.30752639    1098163.73107304
172.887661499929    2734096.18502422    2104330.63728495    8891728340253.92    5643683424124.5    1190145.53365961    1102486.27796831
173.241214999929    2577222.95291212    2173356.87206846    7956632070293.8    5956235245169.21    1146539.9780543    1110295.07420415
173.594768499928    2381329.90037801    2255746.41581246    6924364277149.7    6325912497806.72    1119657.17195728    1112439.03444457
173.948321999928    2324647.03199455    2282708.56643236    6666196018642.16    6440783941185.57    1123482.17399346    1109065.16576885
174.301875499928    2515793.15246651    2201017.89344624    7598792753766.37    6067327287745.61    1126755.32737546    1105824.36239896
174.655428999928    2681665.27190655    2134418.72674914    8558307868749.06    5773372598484.14    1169178.8734832    1103462.41321882
175.008982499927    2757413.20829747    2110355.17912226    9028967127150.2    5667837323715.71    1194001.47648855    1101924.83485379
175.362535999927    2719069.04032271    2119258.67360405    8788613177274.46    5697662406532.72    1181218.32496495    1098364.73035451
175.716089499927    2556027.40458367    2186048.08139662    7835950770810.82    5999970204734.88    1141347.74623167    1105062.88986511
176.069642999927    2372750.58774188    2267723.02436215    6875334327907.53    6380830379254.78    1115969.97104675    1112772.51225601
176.423196499926    2340001.80757157    2284495.15127535    6737410254128.43    6435874236141.99    1123299.51245882    1103157.35049059
176.776749999926    2544401.94926709    2197629.47029723    7755674895035.48    6043612838508.2    1132119.08189966    1101833.72147948
177.130303499926    2705282.56154214    2134107.54649962    8694604331297.57    5770500193503.16    1173051.82899716    1102762.51907494
177.483856999926    2761495.86031848    2107380.21749228    9051713275925.12    5639778522192.36    1194091.2399683    1094863.98292872
177.837410499925    2703162.71533843    2132256.17440378    8687581746166.19    5763645259152.11    1174943.86273148    1103235.63478936
178.190963999925    2533683.24486024    2198651.44615368    7701856144930.19    6065435935026.08    1132389.22621361    1109670.11014644
178.544517499925    2363889.52608688    2270448.18698202    6840454263207.08    6378594111774.52    1119142.78430583    1106191.27731355
178.898070999925    2343313.31537683    2290708.11359565    6730793317879.76    6474356425503.66    1113407.39348067    1107706.08186952
179.251624499924    2557817.34394951    2203818.55216173    7817499978226.17    6080181238282.68    1129190.15812982    1106058.32912666
179.605177999924    2727316.37309308    2130932.20635408    8826437746149.48    5745788393118.93    1178211.8430944    1097686.8064443
179.958731499924    2769995.53965291    2112055.61810449    9104628426505.28    5651174349887.46    1196558.87310582    1091052.43500059
180.312284999924    2692809.8419866    2144877.94605102    8623871627862.54    5807650353175.19    1171600.0950677    1098703.30377184
180.665838499923    2520184.85875447    2213840.90925888    7632838489071.13    6122791425474.62    1132036.55717288    1105305.32160415
181.019391999923    2355274.74768527    2287329.49216844    6785913916665.5    6460444804284.08    1112921.73111212    1108408.13716814
181.372945499923    2376270.66943371    2281731.13124613    6885619611931.97    6401649357186.35    1113084.59585111    1093321.72844439
181.726498999923    2573677.62127094    2209670.99378244    7891602965117.72    6096558525344.81    1125960.24214306    1101777.03033841
182.080052499922    2726043.29732996    2144352.94266878    8806080935216.44    5782407734146.78    1172505.38433683    1088190.32867165
182.433605999922    2762164.79442384    2125100.94259921    9056669302585.75    5700679324501.65    1194619.16568891    1088404.93763379
182.787159499922    2682267.57309105    2157287.31885846    8560622862998.21    5834192798023.86    1168787.20447414    1086418.06958294
183.140712999922    2503375.36988446    2230580.75099657    7539822217532.24    6182719376135.23    1128243.75690188    1098739.68228093
183.494266499921    2349572.94174101    2304061.42774308    6748945665818.51    6528834224063.02    1108355.83512562    1104597.28464701
183.847819999921    2380151.14490397    2291627.86603794    6897768240813.18    6476224974787.19    1110247.16537603    1106646.6004943
184.201373499921    2608249.54466473    2197959.60543295    8105727715675.31    6025439803822.98    1141386.01201851    1092892.2072684
184.554926999921    2739023.8880981    2140758.48853081    8900876176621.51    5756455398943.1    1182634.48159161    1083332.1248474
184.90848049992    2764460.1614132    2128226.74884965    9050624888560.58    5708202380995.27    1186753.9359614    1085750.10314349
185.26203399992    2666394.61742631    2168948.31246958    8452279315798.74    5901174045589.11    1158714.39965107    1094000.57743333
185.61558749992    2499746.22640192    2237087.24946979    7507677555540.81    6206010533866.83    1122027.78892956    1096107.28130349
185.96914099992    2352687.92183006    2304238.10769136    6779185644753.94    6516459388047.2    1115367.73632236    1098611.00081427
186.322694499919    2412608.43006147    2276639.57440959    7067904889415.29    6370323391949.6    1116792.48413106    1089603.43253026
186.676247999919    2622702.96424745    2196164.97822882    8199968315669.41    6005600340545.2    1149520.54222491    1087409.64173875
187.029801499919    2730448.41449922    2151886.8094533    8842028668689.5    5816375234197.87    1177573.82972288    1088925.33880831
187.383354999919    2749258.21597789    2147012.46979121    8950414429403.08    5792321216689    1179827.82272717    1087501.11321784
187.736908499918    2641456.64821141    2188650.42170579    8312248871997.48    5990533376489.36    1155402.8075166    1095601.52795458
188.090461999918    2462659.20865433    2268260.48103495    7297744459447.68    6360203281947.88    1110429.68326578    1102360.04650158
188.444015499918    2349541.86418819    2313855.17004728    6751045034641.68    6555319850554.58    1109368.31713762    1096081.24817462
188.797568999918    2430177.2015292    2276348.17978188    7139158357140.21    6388711991812.49    1110584.13742855    1098613.19681506
189.151122499917    2629582.16453128    2197513.68860023    8239371303938.7    6008938685411.1    1150942.63276572    1086219.25679197
189.504675999917    2726500.27630945    2162209.28130867    8821178562467.06    5861693283084.84    1177868.75574131    1089286.14555933
189.858229499917    2740197.17377285    2154569.01971966    8896442924579.79    5822604123525.83    1178033.26499173    1086478.92882931
190.211782999917    2629714.25252274    2201175.11747075    8231145174094.11    6040763878073.71    1147060.64537708    1093431.28741652
190.565336499916    2460327.82784535    2278170.26377937    7284759254364.9    6396940768189.11    1109750.52777401    1098581.36586261
190.918889999916    2347847.00132614    2332255.41191179    6728980634995.72    6656881317708.37    1102993.69597454    1103388.42268556
191.272443499916    2449869.07928396    2283372.09991986    7228352132733.71    6425051231430.53    1107471.72745045    1100573.9796752
191.625996999916    2631796.8748767    2209538.45418503    8233318864438.84    6070429802533.96    1143225.29443154    1090123.67280579
191.979550499915    2745278.46705946    2164769.73195347    8914339612494.96    5860358110029.4    1173791.1870493    1083572.84833439
192.333103999915    2736366.54229772    2173837.92209896    8868304174008.38    5913596452523.05    1174990.34898248    1089965.66045336
192.686657499915    2615224.44886926    2220414.63966351    8133685529463.91    6121320255921.59    1137667.17958303    1091365.69667988
193.040210999915    2453252.4399793    2282450.07928703    7260406863976.35    6389266588600.16    1114432.29032183    1086134.53317846
193.393764499914    2358573.7382697    2330270.01098476    6788657142208.02    6625736316881.44    1107152.68294509    1093424.89124152
193.747317999914    2483974.11321045    2275277.55618916    7388910830635.59    6372172810707.79    1103985.25150291    1093290.83642446
194.100871499914    2643367.77661854    2212533.24485195    8305700599221.36    6081749608257.23    1148175.68200868    1089241.13431422
194.454424999913    2761780.86855803    2167080.670771    9016142889005.5    5856415695493.94    1178435.1161911    1077115.15719752
194.807978499913    2733583.76220197    2180708.91099577    8842831564148.29    5924814226191.96    1170620.08319267    1081352.33466969
195.161531999913    2607177.24291024    2229179.39840159    8089610265852.54    6138166652796.67    1136766.06648135    1081168.74841007
195.515085499913    2440449.4134349    2304720.36626687    7181219434461.55    6497267100218.96    1106989.65439014    1088820.98323538
195.868638999912    2364594.96803879    2344861.00122284    6799024599092.23    6697895155553.38    1098960.98029815    1095226.93561544
196.222192499912    2515892.77535125    2278635.71153959    7540875933112.27    6382541249596.54    1100526.90837056    1091036.45387907
196.575745999912    2671141.36738484    2213623.63092734    8457899542933.48    6064779818558.96    1150175.35114388    1079189.62150264
196.929299499912    2766512.49947885    2175428.38270839    9041929125450.07    5895738334643.69    1178277.43578384    1078540.53533025
197.282852999911    2724141.14963446    2200006.42341206    8781901880805.16    6014744535754.42    1166600.56474931    1083843.2878881
197.636406499911    2592320.7475772    2249857.56640456    8014508558598.69    6238898016119.6    1137708.96993892    1084914.25790786
197.989959999911    2438155.28532318    2310753.38548576    7179725617933.49    6520405444848.18    1111361.5175019    1086657.36840749
198.343513499911    2376442.48885176    2353809.81780241    6853380374469.52    6739693757529.86    1098135.45232342    1095113.281422
198.69706699991    2559726.32039312    2271744.53438805    7793671790092.78    6339554898128.51    1114214.05249596    1085694.09531716
199.05062049991    2705515.37595049    2207112.78790936    8666996866932.42    6034802819395.18    1160682.30684709    1078636.15776691
199.40417399991    2778647.60893256    2195370.90855559    9133869794805.02    5980987463506.44    1188691.40662259    1077652.09477559
199.75772749991    2730961.32040559    2212806.86892423    8825569791481.47    6061779216636.67    1169367.37509219    1079474.39871376
200.111280999909    2584994.379226    2269677.58080441    7962317126695.39    6332761259316.46    1131424.40581126    1086887.73040748
200.464834499909    2417569.7324391    2341846.08773529    7054346026677.02    6684632741189.68    1099864.81690767    1095622.94725357
200.818387999909    2403041.67043445    2351017.08770447    6991888395317.04    6710347855885.67    1103303.73219375    1087688.6085674
201.171941499909    2597649.70798515    2273867.82338334    8004442336824.93    6334339701620.21    1121007.73031661    1078825.66867967
201.525494999908    2725226.57635649    2223980.99772782    8789064923078.72    6099576138724.19    1167135.39514447    1074004.03186848
201.879048499908    2777293.97672167    2202240.5643994    9131077526067.39    6003014435436.73    1190678.66905095    1073848.65411776
202.232601999908    2702963.47440428    2228335.85825311    8654157783098.67    6124136821300.49    1161096.9981595    1076408.90191594
202.586155499908    2554886.27286465    2289058.39572987    7778452987194.51    6404683853130.81    1118485.18985379    1079303.25398814
202.939708999907    2420307.08233939    2351187.05875599    7059254367998.49    6700473034886.22    1096069.33867174    1082770.7280974
203.293262499907    2419461.28714755    2359497.76281273    7050987844719.57    6749930094850.19    1094164.03007679    1087520.2996413
203.646815999907    2617851.10353646    2281940.97969286    8121933980770.14    6375520117385.79    1126405.60211812    1080863.30430086
204.000369499907    2737206.33705747    2234953.77882411    8850113698669.54    6155449611168.4    1165253.26304713    1077233.13061205
204.353922999906    2766688.84066819    2219470.33536786    9033970485554.21    6084038980966.62    1174480.03153579    1076099.62893252
204.707476499906    2678809.43051787    2249993.83441873    8503666500362.3    6223259488339.01    1152235.45134266    1077398.36338131
205.061029999906    2535429.91827404    2309552.49628239    7667420563908.47    6501945291687.15    1113110.81812611    1080700.03174003
205.414583499906    2415290.66199704    2368566.6305108    7026013015275.62    6795270734706.07    1091963.3846176    1088651.85047231
205.768136999905    2460163.4895139    2345071.1628769    7263636847959.19    6659348075038.33    1100560.06325051    1077028.00153083
206.121690499905    2656331.89245406    2268561.8238961    8365346851919.9    6295589407165.26    1144223.63594331    1072015.23232017
206.475243999905    2752216.59814776    2230135.21687385    8950461807007.87    6127678169691.39    1172930.34912047    1074325.40887312
206.828797499905    2749275.37193103    2230738.96604377    8939243768815.13    6122242846961.7    1175044.12602618    1070535.61936803
207.182350999904    2650333.8004016    2276754.7528861    8315693247319.92    6354419883067.12    1136408.37455939    1082038.66764441
207.535904499904    2506765.76633909    2332090.0613916    7512520170059.41    6597729209695.65    1108442.85498614    1076608.17164563
207.889457999904    2403860.77507645    2386765.21364937    6962462386734.12    6886634085157.82    1088078.93132023    1090864.74875261
208.243011499904    2492360.82082563    2340685.5732556    7423264695744.78    6643768925078.08    1100637.19479135    1079333.11458103
208.596564999903    2663335.79456793    2273844.75209412    8405045844225.83    6318838053450.23    1145289.60948706    1071666.03791679
208.950118499903    2741137.19571862    2243459.15514016    8886105989254.92    6188414996859.63    1171440.50788028    1074851.62514528
209.303671999903    2728863.94531058    2247127.34943572    8807667446133.95    6201915844689.12    1166605.76636579    1073468.45324263
209.657225499903    2623899.95266106    2296068.45781558    8162536922981.54    6433828930556    1130347.71703526    1077913.98895291
210.010778999902    2485246.23987315    2348897.35851145    7388306469901.82    6694028810840.46    1100844.03849873    1084762.65146731
210.364332499902    2419507.65262337    2382440.77601624    7052269982105.43    6847183499611.82    1094647.29525193    1082201.20513098
210.717885999902    2522191.5327566    2335847.2366102    7577664202272    6634284086177.18    1102820.96206179    1085403.96783764
211.071439499902    2667633.76021661    2270185.58255921    8426298066480.29    6313721861510.43    1144564.62807169    1077023.34341031
211.424992999901    2729367.04334776    2254492.49614187    8800601182689.42    6240249654136.82    1162392.67262682    1075877.89222422
211.778546499901    2715422.58298177    2263661.51429083    8722372979116.83    6286637648628.07    1161401.38408279    1078180.96688202
