#t    <phi>    <pi>    <phi^2>    <pi^2>    rms(phi)    rms(pi)
0    1    -0.707107175689875    1.00000000000002    0.500000557912788    1.33280037492501e-07    8.22766253483474e-07
0.3535535    0.732695145025096    -0.788437961799577    0.536842175543361    0.621634419606942    1.22208034792619e-07    5.20006172553051e-07
0.707106999999999    0.458970306500094    -0.734747747950817    0.210653742248796    0.539854253118924    7.57636161306285e-08    3.57029318135919e-07
1.0606605    0.226071779146902    -0.575066290253444    0.0511084493266489    0.330701238185914    5.64487058856543e-08    2.35661425955136e-07
1.414214    0.0507680235036269    -0.425263183309238    0.00257739221046776    0.180848775078378    5.42495723072056e-08    2.66492809942512e-07
1.76776750000001    -0.0813883693963363    -0.329647805889053    0.00662406667299923    0.108667675927496    6.89187060101614e-08    1.71147277463296e-07
2.121321    -0.183404371138442    -0.241558920471127    0.0336371633527078    0.0583507120592747    1.42524425210874e-07    3.13470699013023e-07
2.4748745    -0.243146212822322    -0.0802711212570546    0.0591200808098686    0.00644345290791341    1.74737710323374e-07    2.20569824330562e-07
2.82842799999999    -0.233717919249388    0.129286304975542    0.0546240657782925    0.0167149486542455    1.69932081450349e-07    1.28848560741811e-07
3.18198149999998    -0.164145653226448    0.240378297853406    0.0269437954731512    0.0577817260789295    1.18455820369209e-07    1.69470474668891e-07
3.53553499999997    -0.0774253654146932    0.238690816942671    0.00599468720960235    0.0569733060928445    5.98871988588086e-08    2.90971417471846e-07
3.88908849999997    0.00145803398808347    0.207572043883264    2.12586311127986e-06    0.0430861534019056    2.95513423512624e-08    1.72520951209848e-07
4.24264199999997    0.0699407160015632    0.179361815135162    0.00489170375481804    0.0321706607286661    8.20136894241914e-08    2.93602688950556e-07
4.59619549999999    0.125370437724043    0.125717505560207    0.0157177466551453    0.0158048912042948    1.64510626030736e-07    1.19209144222757e-07
4.949749    0.151189259075319    0.0110115086247441    0.0228581920597824    0.000121253322202089    1.96354315704832e-07    9.63101984668844e-08
5.30330250000002    0.132245890691077    -0.109908234277395    0.017488975604706    0.012079819962015    1.7212308415184e-07    2.00575136553756e-07
5.65685600000003    0.0828587621534389    -0.156200387692247    0.0068655744656128    0.024398561115245    1.12421264392974e-07    1.91574598815028e-07
6.01040950000005    0.0279721807525142    -0.150303813588586    0.000782442896052224    0.0225912363793329    2.99275983611416e-08    2.45968523512162e-07
6.36396300000006    -0.0226845803776659    -0.136506929189244    0.000514590186912814    0.0186341417167156    4.5061219544593e-08    1.95459227153824e-07
6.71751650000007    -0.0680720821981271    -0.117386754525191    0.00463380837480796    0.0137796501380631    1.39218298992173e-07    3.25182405095826e-07
7.07107000000009    -0.101472709729163    -0.0630964530824197    0.0102967108198196    0.00398116239161185    2.01501943108766e-07    1.72795552045633e-07
7.4246235000001    -0.107574510933955    0.0311261709758247    0.0115722754027257    0.00096883851962217    2.14597775807984e-07    7.68014988985878e-08
7.77817700000012    -0.0825924712702728    0.100656701880504    0.00682151631055758    0.0101317716335058    1.63506483720686e-07    2.12444492087048e-07
8.13173050000013    -0.0431031877119822    0.115831563486068    0.00185788479094263    0.0134169510997183    9.08439646123054e-08    3.0217923439321e-07
8.48528400000015    -0.00316242350549658    0.109171736867589    1.00009224283778e-05    0.011918468130743    1.61412728813898e-08    2.3875036175043e-07
8.83883750000016    0.0340161286044881    0.100711904583076    0.00115709700524643    0.0101428877248592    9.67129211537949e-08    3.29657171493307e-07
9.19239100000018    0.0664855245135147    0.0783417380494934    0.00442032496988415    0.00613742792065847    2.1676338621319e-07    2.07428660219499e-07
9.54594450000019    0.0848554690685031    0.0191345054683419    0.00720045063091118    0.000366129299524503    2.74754381831055e-07    8.05940127383171e-08
9.89949800000021    0.0782309307692058    -0.0536663171112216    0.00612007852908064    0.00288007359231491    2.53705038150823e-07    1.808713977484e-07
10.2530515000002    0.0516836070325636    -0.0887529839679742    0.0026711952359248    0.00787709216326924    1.68377241451796e-07    2.23027287756393e-07
10.6066050000002    0.0194384988982317    -0.0907175687541471    0.000377855239419414    0.0082296772808018    5.34689900022661e-08    3.72004913470125e-07
10.9601585000002    -0.0117391803786651    -0.0856061061348349    0.00013780835596659    0.00732840540765894    6.12697775959293e-08    3.00553868601267e-07
11.3137120000003    -0.0407813756416563    -0.0770117795108652    0.00166312059926669    0.00593081418367739    2.02004697413272e-07    4.97265197775925e-07
11.6672655000003    -0.0636009755585164    -0.0465852851144715    0.00404508409209319    0.00217018878924911    3.13348256960726e-07    2.29139841935262e-07
12.0208190000003    -0.0700325750707599    0.0128938679127816    0.00490456157116147    0.000166251829760984    3.46184962659792e-07    9.34085912611647e-08
12.3743725000003    -0.0557925941134652    0.062047018922242    0.00311281355798525    0.0038498325572652    2.74539995961063e-07    3.57975382701317e-07
12.7279260000003    -0.0305112652524802    0.0761276089833413    0.000930937307333019    0.00579541284971029    1.60672823619289e-07    4.35631950615377e-07
13.0814795000003    -0.00382942308384824    0.0739468624172401    1.46644811552183e-05    0.00546813846153277    1.04180474795663e-08    4.22521435615711e-07
13.4350330000004    0.0216531382567299    0.0699360819262173    0.000468858396388297    0.00489105555545287    1.52434884913242e-07    5.12151683645657e-07
13.7885865000004    0.0446291942906071    0.0569919494460056    0.00199176498315596    0.00324808230182984    3.56660873536316e-07    4.16870655861055e-07
14.1421400000004    0.0587797530180743    0.0182397946039167    0.00345505936508096    0.000332690107230521    4.63840145610514e-07    1.93527029162588e-07
14.4956935000004    0.0558215867750808    -0.0336497865846245    0.00311604955028236    0.00113230813723904    4.40996875992505e-07    2.19677528723222e-07
14.8492470000004    0.0380457687757753    -0.0614639601058231    0.00144748052182885    0.00377781839202709    2.98478470796343e-07    3.69977832106054e-07
15.2028005000004    0.0152980797707706    -0.064889506913038    0.000234031244684995    0.00421064810783149    1.10155256194564e-07    6.43652370583877e-07
15.5563540000004    -0.00720596367453681    -0.0623162514252923    5.19259124877523e-05    0.00388331519198766    9.49118108951765e-08    5.36115853333764e-07
15.9099075000005    -0.028560495418538    -0.0573785073443999    0.000815701898663696    0.00329229310579113    3.33711761824316e-07    8.48393861972943e-07
16.2634610000004    -0.0459682944198007    -0.0371044685723404    0.00211308409216054    0.00137674158818122    5.43193107295305e-07    3.81345436709288e-07
16.6170145000003    -0.0519317361465913    0.00584195983660143    0.00269690521957918    3.41284947552158e-05    6.16446439465418e-07    1.50836487601362e-07
16.9705680000003    -0.0424359616798225    0.0440505168182282    0.00180081084394445    0.0019404480323582    5.03074677543439e-07    6.36543624610094e-07
17.3241215000002    -0.0239883702471299    0.0565415913340527    0.000575441907204487    0.00319695155110593    3.01827550904008e-07    7.20350395456645e-07
17.6776750000001    -0.00397611616385758    0.055889735275756    1.58094997487386e-05    0.00312366250980164    1.57833907421635e-08    7.79458828658276e-07
18.0312285    0.0154042054545752    0.0535698103462972    0.000237289545752292    0.00286972458130276    2.55984804114229e-07    8.74360008681099e-07
18.384782    0.0332136544840527    0.0449773217231315    0.00110314684456783    0.00202295947006629    6.17897640789919e-07    8.24748696770196e-07
18.7383354999999    0.0448105834487558    0.0167932143166694    0.00200798838969038    0.000282012047272017    8.20043008762563e-07    4.31771714644358e-07
19.0918889999998    0.0435297432614238    -0.023460907377828    0.00189483854904083    0.000550414175082692    7.97089398733894e-07    3.02766127255553e-07
19.4454424999997    0.0303901262580012    -0.0466945233620935    0.00092355977428052    0.00218037851246182    5.50693901766307e-07    6.69873323972175e-07
19.7989959999997    0.0128662158007071    -0.050475698984672    0.000165539509080982    0.00254779618930382    2.24984397949672e-07    1.14568615823109e-06
20.1525494999996    -0.00473552740647456    -0.0489799789698774    2.24252198398674e-05    0.00239903834084839    1.49651859659496e-07    9.79163057921711e-07
20.5061029999995    -0.0216255684722025    -0.04578251692715    0.000467665212069721    0.00209603885840569    5.69034877672829e-07    1.49027526173761e-06
20.8596564999994    -0.0357562828818604    -0.0310647585448203    0.00127851176645742    0.000965019223911611    9.64260617559929e-07    6.808995975454e-07
21.2132099999994    -0.0412548047143169    0.00221097689690792    0.00170195891326502    4.88841889777192e-06    1.11740608384982e-06    2.43128279051154e-07
21.5667634999993    -0.0344244410575588    0.0336289660786318    0.0011850421429943    0.00113090736079405    9.32183826535261e-07    1.12972806487115e-06
21.9203169999992    -0.019998873793217    0.0448685020585047    0.00039995495332106    0.00201318247850396    5.69242974597669e-07    1.23690094822659e-06
22.2738704999991    -0.00400107308626042    0.0449149316150092    1.60085858445135e-05    0.00201735108403747    5.40005470223569e-08    1.43405468408489e-06
22.6274239999991    0.0116340079421278    0.0434160948327611    0.000135350140986105    0.00188495729286747    4.34294401370212e-07    1.52975918312377e-06
22.980977499999    0.0261942825013467    0.0372758432858409    0.00068614043693172    0.00138948849523184    1.08229441670362e-06    1.60039586948909e-06
23.3345309999989    0.0360905695688995    0.0155335599129355    0.00130252921395203    0.000241291484367591    1.46439502602846e-06    8.93774807753167e-07
23.6880844999988    0.0357518963501979    -0.0172920319065387    0.00127819809474251    0.00029901436765043    1.45162585606161e-06    4.40089357780798e-07
24.0416379999988    0.0254842732230676    -0.0374222128871162    0.000649448182752879    0.00140042201889609    1.02221177216122e-06    1.2358983303633e-06
24.3951914999987    0.0112681879159083    -0.0412779277662578    0.00012697205910917    0.00170386732490663    4.48273312293905e-07    2.05675412468311e-06
24.7487449999986    -0.00318272736766692    -0.0403426905849743    1.01297535531535e-05    0.00162753268683629    2.37186569136633e-07    1.789221425465e-06
25.1022984999985    -0.0171555476028935    -0.0381233087685624    0.000294312814517083    0.00145338667842923    9.8078393259329e-07    2.63933468211682e-06
25.4558519999985    -0.0290870459867356    -0.0268866357186588    0.000846056247202029    0.000722891181820694    1.72266006532503e-06    1.24612743360431e-06
25.8094054999984    -0.0341992940507941    2.98267162352071e-05    0.00116959171770635    8.89767198920326e-10    2.03314225415343e-06    3.66329830558593e-07
26.1629589999983    -0.0290769980715374    0.0268162964064119    0.000845471819845373    0.000719113756896684    1.7300825196756e-06    1.98497947774326e-06
26.5165124999982    -0.0173057968966375    0.0371108249780699    0.000299490607381388    0.00137721333517406    1.07411289749236e-06    2.14967980570896e-06
26.8700659999982    -0.00399062763922516    0.0375399152879359    1.59251089766992e-05    0.00140924524678757    1.47483604672857e-07    2.63859138234811e-06
27.2236194999981    0.00911195784935522    0.0365011895260552    8.30277763961338e-05    0.00133233684416751    7.40072632335261e-07    2.71118191574895e-06
27.577172999998    0.0214384682597524    0.0319109237314861    0.000459607924965774    0.00101830706285195    1.90823512620146e-06    3.07493548186756e-06
27.9307264999979    0.0301200842937764    0.0145018099915906    0.000907219484782164    0.000210302496171762    2.63020347611396e-06    1.77188228958e-06
28.2842799999979    0.0303781239179226    -0.0131509314560894    0.000922830419817554    0.000172946998603331    2.6542212610406e-06    6.63754089270004e-07
28.6378334999978    0.0220688576049685    -0.0310464431804798    0.000487034479611379    0.000963881639428499    1.9034191091614e-06    2.29559075459395e-06
28.9913869999977    0.0101381899071267    -0.0348959804591692    0.000102782895373448    0.00121772946596968    8.83449676798545e-07    3.70984590515184e-06
29.3449404999977    -0.00211692197975388    -0.0342936916736495    4.48135880790991e-06    0.00117605729934934    3.73556988664264e-07    3.27749850119452e-06
29.6984939999976    -0.0140337480827837    -0.0326826993134852    0.000196946088150423    0.00106815885659603    1.70275852168351e-06    4.70960103191568e-06
30.0520474999975    -0.024384581773636    -0.0238182252581373    0.000594607837871174    0.000567307859871483    3.09774639105335e-06    2.32897283054783e-06
30.4056009999974    -0.0291813458077044    -0.00141181691559069    0.000851550956980341    1.99322724687835e-06    3.71907454485624e-06    4.93690525156528e-07
30.7591544999974    -0.0252486575228154    0.022001858385381    0.000637494717092055    0.000484081784442376    3.22298493108372e-06    3.46871954298772e-06
31.1127079999973    -0.0153644080761878    0.03157422699303    0.00023606503965554    0.000996931824430362    2.03074265128128e-06    3.77133651893088e-06
31.4662614999972    -0.00396962288855718    0.0322430270841145    1.57579060032313e-05    0.00103961281932374    3.54787629818894e-07    4.87614517448915e-06
31.8198149999971    0.0073062776921053    0.0314876631493735    5.3381695326232e-05    0.000991472954158933    1.26967572232238e-06    4.85288760888426e-06
32.1733684999971    0.0180012983086442    0.0279521104761941    0.000324046752279654    0.000781320514727485    3.38863672877666e-06    5.88677525071507e-06
32.5269219999972    0.0257696201619767    0.0136544149744188    0.000664073345923847    0.000186443060054543    4.75723551921948e-06    3.4294186060396e-06
32.8804754999974    0.0264361953188947    -0.0101737793226987    0.000698872446791172    0.000103505786787024    4.88389407018054e-06    1.03925595379375e-06
33.2340289999975    0.0195514515518168    -0.0263825456573211    0.000382259270505447    0.000696038733860006    3.5668482657507e-06    4.30108987866529e-06
33.5875824999976    0.00929677538553253    -0.0302056794487193    8.64300355894962e-05    0.00091238311634321    1.7379449272408e-06    6.73679640469585e-06
33.9411359999977    -0.00134026858748272    -0.0298214677675483    1.79632022641145e-06    0.0008893199764122    5.8293956614943e-07    6.04989925544198e-06
34.2946894999978    -0.0117295818064084    -0.0286151234315717    0.000137583098249938    0.000818825360822835    2.98273542553132e-06    8.47459449448771e-06
34.6482429999979    -0.020887225754359    -0.0214619216099928    0.000436276231283584    0.000460614098890462    5.61872091987771e-06    4.43812888790707e-06
35.001796499998    -0.0254232767758324    -0.00242773510578672    0.000646343048984204    5.8938980404172e-06    6.85300113841558e-06    5.44562155614499e-07
35.3553499999981    -0.0223681014659055    0.0184087862043324    0.000500331999682742    0.000338883445889436    6.04100131932734e-06    6.03097138290797e-06
35.7089034999982    -0.0138974639188705    0.0274179026110201    0.000193139518269671    0.000751741428136215    3.85919208399071e-06    6.6744911253021e-06
36.0624569999983    -0.00394634016402001    0.0282539008000503    1.55736013411475e-05    0.000798282992818163    8.06839511238016e-07    9.0773939913744e-06
36.4160104999984    0.00594965957896462    0.0276852052904165    3.53984539207354e-05    0.000766470669164062    2.19434954841754e-06    8.78587256224011e-06
36.7695639999985    0.0153995797840376    0.024904473518456    0.000237147094354501    0.000620232928609134    6.06873644610348e-06    1.12861710852887e-05
37.1231174999986    0.0224537661691698    0.0129468170030635    0.000504171690569415    0.000167620113305435    8.68272208572469e-06    6.54175971219521e-06
37.4766709999987    0.0234154648710166    -0.00792619380539783    0.000548284077260824    6.28245513036816e-05    9.06283694705504e-06    1.75012988923477e-06
37.8302244999988    0.0176165154410319    -0.022813417789485    0.000310341661708162    0.000520452097734097    6.73973638500281e-06    8.15453893150342e-06
38.1837779999989    0.00864568161233932    -0.0266102927334785    7.47478222929317e-05    0.000708107831290325    3.42797161889303e-06    1.23259444888181e-05
38.537331499999    -0.000749186064700476    -0.0263805489517901    5.61280570714109e-07    0.000695933490244516    9.00651277056036e-07    1.12803689401278e-05
38.8908849999991    -0.00995838756568751    -0.0254550859322043    9.91695107466589e-05    0.000647961637976617    5.2761936419646e-06    1.54324564600222e-05
39.2444384999992    -0.0181810594715476    -0.0195875364215434    0.000330551029604223    0.000383671658405512    1.03003045546035e-05    8.6798745955795e-06
39.5979919999993    -0.0224974262816339    -0.00317627997304508    0.000506134351804695    1.00887556724408e-05    1.27478288736451e-05    1.09784952988732e-06
39.9515454999994    -0.0201175350276958    0.0156152725432013    0.000404715345887323    0.000243836846517059    1.14147603353718e-05    1.04842072761623e-05
40.3050989999995    -0.0127486972077162    0.0241758193026652    0.000162529335073915    0.000584470382260106    7.38782004054543e-06    1.19710061654251e-05
40.6586524999996    -0.00392374117374286    0.0251401008123856    1.53957480741096e-05    0.000632024960398891    1.80985762877207e-06    1.70746004125675e-05
41.0122059999997    0.00489274306192662    0.0247000836859617    2.39389493882654e-05    0.000610094395915872    3.83643510712631e-06    1.6180925875481e-05
41.3657594999998    0.0133589428129469    0.0224764662645677    0.000178461474600946    0.000505192019188215    1.1023672692595e-05    2.19874047353788e-05
41.7193129999999    0.0198355612078176    0.0123406090501482    0.000393449748802733    0.00015229078999167    1.61360979204131e-05    1.2580265097197e-05
42.0728665    0.0210184899163452    -0.00616414227770065    0.000441777209092166    3.79966758265888e-05    1.70507671314678e-05    5.08004451522294e-06
42.4264200000001    0.0160786270010885    -0.0199807943421215    0.000258522411935845    0.000399232401355774    1.2872284648104e-05    1.60876852976946e-05
42.7799735000002    0.00812629344660451    -0.0237608936009255    6.60366919282334e-05    0.00056458059387569    6.83724402941102e-06    2.30035038436231e-05
43.1335270000003    -0.00028371844959169    -0.0236488602686702    8.04994512883466e-08    0.000559269052286042    1.81456596298945e-06    2.14541127421457e-05
43.4870805000005    -0.00855118186951422    -0.0229119772595214    7.31228028148136e-05    0.000524959703685825    9.56291298862042e-06    3.16503554552232e-05
43.8406340000006    -0.016013739039491    -0.0180356355135419    0.000256440236605091    0.000325284591082868    1.99644727536882e-05    2.10405688066966e-05
44.1941875000007    -0.0201369759921668    -0.00374098382018465    0.000405498422643159    1.39950733218537e-05    2.49105209886544e-05    1.06479561607732e-05
44.5477410000008    -0.0182963847160351    0.0133579523314548    0.000334758182160178    0.000178435402505261    2.21016518852098e-05    2.26277670456128e-05
44.9012945000009    -0.0118197073266714    0.0215515525780761    0.000139705687526083    0.000464470032721284    1.43609858529794e-05    2.47829720813393e-05
45.254848000001    -0.00390315467797239    0.0226322417720998    1.5234644852762e-05    0.000512219521416265    5.33034560420161e-06    3.39674180163927e-05
45.6084015000011    0.00404234996821278    0.0222769194715252    1.6340652835441e-05    0.000496262329722195    7.71815594185898e-06    3.4475808582073e-05
45.9619550000012    0.0116953951770301    0.0204377806849298    0.000136782833175317    0.000417706468720338    2.37661191051386e-05    5.99115602320502e-05
46.3155085000013    0.0176722016233131    0.0117595870382836    0.000312308195130638    0.000138289289888781    3.8534602734292e-05    3.74510055124111e-05
46.6690620000014    0.0190206751484116    -0.00471987930083233    0.00036178751472054    2.22794096442096e-05    3.78367432168825e-05    4.63576291902468e-05
47.0226155000015    0.0147988853580245    -0.0176011988633686    0.000219007696688297    0.000309805234903136    2.62459205314526e-05    5.5076994165441e-05
47.3761690000016    0.00769714463543358    -0.0214062913202413    5.92462904620474e-05    0.000458232930006564    1.59663165258489e-05    6.01823855075327e-05
47.7297225000017    9.80054047968826e-05    -0.021401628885648    9.80734363194407e-09    0.000458032350218528    1.42226672091858e-05    5.12958041665876e-05
48.0832760000018    -0.00737681773721631    -0.0206635734634455    5.44179896081165e-05    0.000427009146480407    2.34452555393889e-05    0.000160867029553676
48.4368295000019    -0.0141413443628103    -0.0165046183493053    0.000199983002057861    0.000272424223415783    7.33598682787792e-05    0.000147636579329963
48.790383000002    -0.018038999829515    -0.00411235373830469    0.000325413750216267    1.69247046985026e-05    9.07489229975033e-05    0.000115114853750703
49.1439365000021    -0.0166646523271819    0.0113106284060766    0.000277714673632003    0.000127956710912025    6.35330319823556e-05    0.000162468371311381
49.4974900000022    -0.0110005597287887    0.0191711807454948    0.000121013483799264    0.000367554172838677    3.41972603498738e-05    0.000141427233048359
49.8510435000023    -0.00388299727282493    0.020485346415326    1.50793614461097e-05    0.000419669101166786    4.1153679590545e-05    0.000140297579727784
50.2045970000024    0.00331464762761392    0.0201453781707872    1.09889394988236e-05    0.000405864629829251    4.52835905925196e-05    0.000168428576023183
50.5581505000025    0.0101600309892639    0.0182317521703956    0.000103238080269723    0.000332571148504557    0.000108860309203176    0.00041756592513416
50.9117040000026    0.0155209946347275    0.0107571774444038    0.000240945827112413    0.000115800203184952    0.000211075013145256    0.000288680817794577
51.2652575000027    0.0169331182256733    -0.00334116104583512    0.000286765895678948    1.13573194609245e-05    0.000188156409185189    0.000440411542444619
51.6188110000028    0.0134631468095626    -0.0149764644791359    0.000181267188207432    0.000224463814666502    0.000104241026461329    0.000411492857388306
51.9723645000029    0.00726565178954963    -0.0189978029886345    5.27962953970759e-05    0.000361068199936993    8.12371226115549e-05    0.000389463145911865
52.325918000003    0.000414462215023252    -0.0194090152645994    1.93032751532891e-07    0.000376829389801604    0.000145786912481575    0.000345711238107562
52.6794715000031    -0.00635402330018339    -0.0185574001755164    4.03920512746919e-05    0.000344842508878778    0.000135790925390774    0.000682207889518039
53.0330250000032    -0.0124055163968417    -0.0147783526089806    0.000153962665775029    0.000218799102760991    0.000256571048095881    0.000631978580039034
53.3865785000033    -0.0159871523294236    -0.00427456392076243    0.000255679458214542    1.87334255113871e-05    0.000300696874521351    0.000679359108795363
53.7401320000034    -0.0150248731135615    0.00924394988141014    0.000225814196031688    8.58650472718947e-05    0.000259584192632997    0.000643768484683927
54.0936855000036    -0.010181493454935    0.0168555056586987    0.000103698052286685    0.000284544327806975    0.000187732026570281    0.000660497385726027
54.4472390000037    -0.00384682544231642    0.0185829694145903    1.48361593380361e-05    0.000345891107756245    0.000195175188954026    0.000751235976672124
54.8007925000038    0.00272590110075831    0.0184681194275698    7.48633086432157e-06    0.000341610136987028    0.000236207648492167    0.000733963075397538
55.1543460000039    0.00905927170111576    0.0169390422392757    8.21987062081034e-05    0.000288228447695398    0.000358193318567803    0.00113898889873024
55.507899500004    0.0141358847661736    0.010541707616193    0.000200104820068396    0.000111731609732385    0.000530642955154899    0.000777180974473323
55.8614530000041    0.0156838510656098    -0.00236921560590058    0.000246305811534116    6.35048756950382e-06    0.000568002892499051    0.000858664650641319
56.2150065000042    0.0126720952689761    -0.0135093355656058    0.000160803965800438    0.000183430916015012    0.000471134051446286    0.000963726408722732
56.5685600000043    0.00701331417260888    -0.0174464163260721    4.92923266697149e-05    0.000305279032057797    0.000325193766850354    0.000949520634405997
56.9221135000044    0.000718099053245721    -0.017882384162096    5.67474868933144e-07    0.000320900013952043    0.000227615066857937    0.00105846616916194
57.2756670000045    -0.00553428909437436    -0.0172666627112535    3.07588295446452e-05    0.000299552297636785    0.000361211523257911    0.00118939331282545
57.6292205000046    -0.0112230328303027    -0.0141534083864737    0.000126462083870682    0.000201547181061326    0.00071106818282801    0.00110824731311345
57.9827740000047    -0.0147667783554451    -0.00471619894146447    0.000218866757048621    2.31234494254456e-05    0.000899452083092271    0.00093857177134997
58.3363275000048    -0.0141240597578798    0.00805404428600781    0.000200233446497005    6.55684859430379e-05    0.000862776015454795    0.000837171775720426
58.6898810000049    -0.00974898399766792    0.0154696001045919    9.54023104580987e-05    0.00024053097610812    0.000599684476465265    0.00110564402595569
59.043434500005    -0.0038989154017885    0.0171233572487061    1.53028207309076e-05    0.000295249842446628    0.000318244278195173    0.00142845335234024
59.3969880000051    0.00215257287045404    0.0170072895913863    4.72338573532978e-06    0.000291068123231165    0.000299692797235826    0.00134915676846226
59.7505415000052    0.00795794500740219    0.0155188015652919    6.3778911889666e-05    0.000243774196131444    0.000670837647146092    0.00171493268338425
60.1040950000053    0.0126632416237482    0.0100405955819322    0.000161494564654906    0.00010188217475348    0.00106624398402815    0.00103373841641108
60.4576485000054    0.0142924999697734    -0.00136537512615136    0.000205701122303538    2.73702926869432e-06    0.00119397107065652    0.000934226971127185
60.8112020000055    0.0117976161549203    -0.0117627371130204    0.00014017354640994    0.000140361136664064    0.000994886662440753    0.0014139138142179
61.1647555000056    0.00675141347270609    -0.0157868298097721    4.59603628020842e-05    0.000251231939576946    0.000615450178850364    0.00141701945443172
61.5183090000057    0.000998982534663578    -0.0164403008871091    1.05554155736286e-06    0.000273511987499561    0.00023994885455028    0.00179680111333431
61.8718625000058    -0.00475535765818676    -0.0158878132266594    2.29042890087472e-05    0.000255074769752791    0.000539316745031884    0.00162854555588007
62.2254160000059    -0.00999804730539755    -0.0131542122632386    0.00010108656699305    0.00017592107343499    0.00106095102247134    0.00169934492339048
62.578969500006    -0.0133851250334657    -0.00493716956172425    0.000181104368220502    2.56277614148613e-05    0.00139384219300141    0.00111898084596871
62.9325230000061    -0.0130530232046891    0.00666962805749995    0.000172228360980897    4.56014052266442e-05    0.00135902398755331    0.00105710302300847
63.2860765000062    -0.00923815718682658    0.0138496181659603    8.62810975084361e-05    0.000194457662250567    0.000968271294586653    0.00162657274896278
63.6396300000063    -0.00392706733029219    0.0156940283812393    1.56578840322661e-05    0.000250102876092196    0.000485825293308011    0.00194944845047289
63.9931835000064    0.00164467172337154    0.0156882257975127    2.8195414153382e-06    0.000249831582974423    0.000338520808341641    0.00192643564664913
64.3467370000062    0.00699178172898053    0.0142832945308419    4.96104528981184e-05    0.000207996306307933    0.000851728332517131    0.0019959468061937
64.7002905000059    0.0113685780399622    0.00958874281514302    0.000131131370258168    9.37920528335125e-05    0.00137360969982662    0.0013594351983657
65.0538440000057    0.0130650018454744    -0.000516580607135487    0.000173162407077906    1.21269110226303e-06    0.00157102955276389    0.000972540785054571
65.4073975000054    0.0110286153918114    -0.0102315753942535    0.000123422701620346    0.000107339016875048    0.00133878458306314    0.00162907391690937
65.7609510000052    0.00653049782359334    -0.0143160409157554    4.3337509821112e-05    0.000208095654578504    0.000830727390396327    0.00177387346699854
66.1145045000049    0.00126422493643084    -0.0151636796674337    1.69245291866212e-06    0.000234842373132733    0.000306901008093104    0.0022147668220806
66.4680580000047    -0.00404844259431368    -0.0146459551736316    1.67514566877204e-05    0.000218332291554683    0.000601306284905689    0.00195660128964961
66.8216115000044    -0.00887820557746982    -0.0121965056959888    8.02602781978446e-05    0.000152791143619605    0.00119905959903098    0.00200907750654825
67.1751650000042    -0.012095582971309    -0.00506426837676863    0.000148853581156286    2.72607086884657e-05    0.00159701400759823    0.00127039147373041
67.5287185000039    -0.0120385160749639    0.00538481411145888    0.000147413595496861    3.06143825835875e-05    0.00157725274122359    0.0012720690109506
67.8822720000037    -0.00875665550186972    0.01227084950452    7.80227147996742e-05    0.000154212110146343    0.00115918040927589    0.00190744923491155
68.2358255000034    -0.0039577147343161    0.014360181029496    1.60289000166398e-05    0.000210870119263877    0.000604478368857814    0.00215761907295501
68.5893790000032    0.00118223698977354    0.0145212160446119    1.53087527439464e-06    0.000215869311215823    0.000364953386620589    0.00223687187865739
68.9429325000029    0.00613276502574977    0.0131970096922836    3.84240577397866e-05    0.000179021025325771    0.000901804235256723    0.00220453181141606
69.2964860000027    0.0102175858772497    0.00915743853673711    0.000106653778269372    8.64384359560809e-05    0.00150157154687989    0.00160616169857305
69.6500395000024    0.0119684006848858    0.000184374846364469    0.000146310327774306    1.35100614146894e-06    0.00175148874399244    0.00114761145754868
70.0035930000022    0.0103399419589141    -0.00886038093232469    0.000109232697216981    8.13504137713906e-05    0.00152259564667337    0.00168643514713363
70.3571465000019    0.00633393188503383    -0.013027676265694    4.10112971013106e-05    0.000173901621100179    0.00094477721027891    0.00204481593705953
70.7107000000017    0.00150785507973024    -0.014032320471151    2.41719492758757e-06    0.000202801298909284    0.000378903663375386    0.00242801999666431
71.0642535000014    -0.00341664037339906    -0.0135660405245656    1.20539613318974e-05    0.000188751331720887    0.000616871048726536    0.00217114628865283
71.4178070000012    -0.00789504183461347    -0.0113921346630389    6.38719227402939e-05    0.000135281123368756    0.00124106291943521    0.00234529127997839
71.7713605000009    -0.0109698464295817    -0.00515848287000447    0.000123297684070282    2.88581988912815e-05    0.00172050962847493    0.00149941767735076
72.1249140000007    -0.0111469011923689    0.0042582893837464    0.000127294148917333    2.04800828301023e-05    0.00174377255538022    0.00153200990674834
72.4784675000004    -0.00832278319279213    0.0108676909010209    7.09755681138328e-05    0.000123085706347439    0.00130646394500943    0.00223136747921666
72.8320210000002    -0.00397844142931461    0.0131385650760235    1.63137001192985e-05    0.000178045540794865    0.000696924610565294    0.00232887280416075
73.1855744999999    0.000761609601069126    0.0134405807058979    7.48772629550808e-07    0.000186795049836427    0.000410759595274578    0.0024790804998369
73.5391279999996    0.00532095447745744    0.0120738371787922    2.91755239117802e-05    0.000152610554025919    0.000928960365465535    0.00261400264076655
73.8926814999994    0.00908065176298039    0.00853595568341093    8.50649546008421e-05    7.75220123704608e-05    0.00161453341876939    0.00215858123342751
74.2462349999991    0.0108269521132222    0.000736248282598716    0.000120926735846926    3.12061283683475e-06    0.00192453729112186    0.00160578681748394
74.5997884999989    0.00957083244925349    -0.00746462734766079    9.44241008606222e-05    6.01867846181154e-05    0.0016802580423669    0.00211332041552389
74.9533419999986    0.00607076919983207    -0.0116421537588367    3.8003620361377e-05    0.00014251240754419    0.00107209219927546    0.00264058012561515
75.3068954999984    0.00170343324626296    -0.0127916228925626    3.18258539306564e-06    0.000170988740145678    0.000530000536406981    0.00271350767829124
75.6604489999981    -0.00279180822500644    -0.0122769899985532    8.21230459471939e-06    0.000158361488054482    0.000646615364421371    0.00276351309566387
76.0140024999979    -0.00677145323832967    -0.0100979467878497    4.76475576592927e-05    0.000111189573777758    0.00133976815173647    0.00303661727050263
76.3675559999976    -0.00951997983591603    -0.00481695611685588    9.42683466182531e-05    2.84608253362959e-05    0.00190744083578108    0.00229298039777507
76.7211094999974    -0.00983589262855179    0.00310121003272501    0.000100733878742081    1.44133447220451e-05    0.00199727187475359    0.00218994087933233
77.0746629999971    -0.00755188474888029    0.00914425507255947    5.94113306990962e-05    9.19375223156609e-05    0.00154284394503318    0.00288446207872998
77.4282164999969    -0.00380597808539402    0.0115806817749939    1.52855566527522e-05    0.000143288964945079    0.000894476084785208    0.003029319159713
77.7817699999966    0.000421362197048008    0.0120707897823751    5.03771246598706e-07    0.000155597203575521    0.000571161225485048    0.00314535174586742
78.1353234999964    0.00447012526603244    0.0104822648030939    2.10074549901705e-05    0.000123125009950043    0.00101263769243933    0.0036396613232361
78.4888769999961    0.00771308890944653    0.00736159678881738    6.29062444472663e-05    6.40072604593734e-05    0.00184783763416575    0.00313275488639744
78.8424304999959    0.00928478643565418    0.00100247207774264    9.12818585632806e-05    8.06038788816867e-06    0.00225268715261856    0.0026562073754726
79.1959839999956    0.00837854849829609    -0.00589183897157346    7.44321502530561e-05    4.35801903981383e-05    0.0020572008445352    0.00297765409864653
79.5495374999954    0.0055030930640887    -0.0097988165106785    3.23213705564309e-05    0.000108902885846481    0.00142735324443872    0.00358971876844621
79.9030909999951    0.00174820095100685    -0.0111398307243226    3.70520196562827e-06    0.000137299593975458    0.000805602507771055    0.00363369858531173
80.2566444999949    -0.00218863326680205    -0.0107547742097018    5.36919511674651e-06    0.00012977709050341    0.000760972759166785    0.00375658384729297
80.6101979999946    -0.00560599617170872    -0.00852382040283897    3.37532423695184e-05    8.95229161467691e-05    0.00152513910588692    0.00410699426429051
80.9637514999944    -0.00795394492865734    -0.00430429043167573    6.83268625246013e-05    2.98888677829187e-05    0.00224980501299281    0.00337074942152386
81.3173049999941    -0.00835154617047768    0.00207300700452789    7.57079154053384e-05    1.40315191659046e-05    0.0024412275534489    0.00311996171852843
81.6708584999939    -0.00661208809049302    0.00730941121717827    4.76583412504298e-05    6.75236584028162e-05    0.00198459878413504    0.00375448612475858
82.0244119999936    -0.00353118530433021    0.00973683226676224    1.40152092176786e-05    0.000111931637234387    0.00124335818015606    0.00413832510121243
82.3779654999934    6.73635536686713e-05    0.0103603093735282    6.02209600054808e-07    0.000124930924351612    0.000773092330638415    0.0041946291893796
82.7315189999931    0.00355198514420431    0.00896085611314395    1.39661432293934e-05    0.00010033259775699    0.00116169908528209    0.00447612058333116
83.0850724999928    0.00629734611219438    0.00630517033466296    4.40633757644381e-05    5.68527173715552e-05    0.00209923979279845    0.00413491770443395
83.4386259999926    0.00773470152447765    0.00137341946558166    6.65107306313816e-05    1.45212949636191e-05    0.002585560472823    0.00355457647761031
83.7921794999923    0.00720916193355733    -0.00422876473008889    5.7978801082526e-05    3.2039943047338e-05    0.00245087439463429    0.00376264427030967
84.1457329999921    0.00498547095307375    -0.00788397571710552    2.80755991040744e-05    8.11905149020517e-05    0.00179462488563273    0.00436273329395027
84.4992864999918    0.00188673371241658    -0.00937498610433481    4.68355951355655e-06    0.000108230210343806    0.00106009217145835    0.00450997182777627
84.8528399999916    -0.00147018212206194    -0.00930046626685534    2.94131426463816e-06    0.000107226223873762    0.000883107463793391    0.00455275203507148
85.2063934999913    -0.00444269305759527    -0.00736548588282063    2.22183883313614e-05    7.63334126274415e-05    0.00157507673697384    0.00469925848803953
85.5599469999911    -0.00654043787713766    -0.00416697713481083    4.84073278465123e-05    3.38228639415055e-05    0.00237276215028294    0.00405698970906623
85.9135004999908    -0.00713256482622528    0.00092860964721273    5.79741757372938e-05    1.4754271007506e-05    0.00266471288077865    0.00372719131929251
86.2670539999906    -0.00596119796960307    0.00545748359203008    4.0836740556696e-05    4.7239031043932e-05    0.00230235951230391    0.0041779066392937
86.6206074999903    -0.00352543808109121    0.00797724212283828    1.48957441848858e-05    8.55093036968452e-05    0.0015706783634079    0.00467684849128768
86.9741609999901    -0.000503927886123393    0.00887899574977855    1.15241422459842e-06    0.000101985215495287    0.000947877054361811    0.00481130439389372
87.3277144999898    0.00254596083476669    0.00801261089651905    7.7697137722051e-06    8.73420512556898e-05    0.00113481152621887    0.00481041764056657
87.6812679999896    0.00500514165193808    0.00579724001472563    2.89635011481414e-05    5.54797269981552e-05    0.00197789236111977    0.00467672269969251
88.0348214999893    0.00645591785803703    0.0020891915856273    4.83664557701469e-05    2.09732396687367e-05    0.00258603564948853    0.00407535497684321
88.3883749999891    0.00635532738899187    -0.00260504818762613    4.73760662609515e-05    2.26446679025201e-05    0.00264308154238216    0.0039822596402879
88.7419284999888    0.00474963635684556    -0.00615729648429342    2.69969931122064e-05    5.92584661638694e-05    0.00210664367892087    0.00462019113980983
89.0954819999886    0.00222421422180828    -0.00788422154105654    6.71062497938149e-06    8.66288099242829e-05    0.00132796689525276    0.00494649983481481
89.4490354999883    -0.000659607487346656    -0.00816862963286773    1.30805870393792e-06    9.18730235940833e-05    0.0009343322035412    0.00501462994797408
89.8025889999881    -0.0033285023361479    -0.00666551440667618    1.32601828153045e-05    6.97802156722679e-05    0.00147690724609315    0.00503499090035525
90.1561424999878    -0.00528804034477766    -0.00421504661865657    3.34391872696428e-05    3.85292601070593e-05    0.00234004627767198    0.00455660423008309
90.5096959999876    -0.00612303591535004    -0.000269106063223123    4.5125880950042e-05    1.64672173252907e-05    0.00276302590095994    0.00404904917876126
90.8632494999873    -0.0054803384423804    0.00381078940597156    3.66148590848863e-05    3.31798827370697e-05    0.00256529718392506    0.00431946372139003
91.2168029999871    -0.00361563134986055    0.00641241499096204    1.67054503031235e-05    6.47225387434631e-05    0.0019059538937312    0.00485834053223406
91.5703564999868    -0.0011152462458509    0.00754251712049181    2.54758304746062e-06    8.37081811798809e-05    0.00114184449842178    0.00517866939154923
91.9239099999865    0.00155073201287537    0.00724092570564912    3.58265956627027e-06    7.89317235995232e-05    0.00108530631183725    0.00514788485931776
92.2774634999863    0.00382225049670154    0.00551853750271649    1.80285460020354e-05    5.63651685323279e-05    0.0018490395189125    0.00509027625610237
92.631016999986    0.00534171849796327    0.00281443970315775    3.52808529687025e-05    2.75989475636143e-05    0.00259747886559631    0.00443597528407267
92.9845704999858    0.00563984176692744    -0.00115665501863468    3.99460103469491e-05    1.83240776792015e-05    0.00285275221338446    0.00412143504705202
93.3381239999855    0.00458912934854979    -0.00458063423854505    2.71954758408986e-05    4.23537638238784e-05    0.0024769674328052    0.00462293778852227
93.6916774999853    0.00260036595254426    -0.00642552016136024    9.63470840709656e-06    6.78876530421164e-05    0.00169493519638514    0.00515755210328208
94.045230999985    0.000188660153919536    -0.00701958039525144    1.11701817632106e-06    7.76873460429696e-05    0.00103991611327266    0.00533036932281162
94.3987844999848    -0.00220139897253085    -0.00624052656915661    6.60518004098323e-06    6.67626402089759e-05    0.00132628149528046    0.00527432160079629
94.7523379999845    -0.00410685038935983    -0.004430698663496    2.1687559931552e-05    4.46959728981494e-05    0.00219575495239496    0.00500648402089172
95.1058914999843    -0.00519700227399742    -0.0014747564483328    3.50004337765916e-05    2.08862796933464e-05    0.00282694201225586    0.0043256644705117
95.459444999984    -0.00506887815108012    0.00215066518058213    3.39655524938323e-05    2.26706077618265e-05    0.00287611313813189    0.00424796975540765
95.8129984999838    -0.00377714351617698    0.00489940834030254    1.95523145605758e-05    4.73994085044351e-05    0.00229902183956091    0.0048368591481879
96.1665519999835    -0.00177198974913087    0.00625002299504944    5.14853786620485e-06    6.71871733815958e-05    0.00141724740083726    0.00530324296472913
96.5201054999833    0.000508935274689429    0.00645739744957604    1.14546029213143e-06    7.08471271451785e-05    0.00094151217639934    0.00539899484380077
96.873658999983    0.00263413514424825    0.00537683699336271    9.31213342411378e-06    5.70054354732623e-05    0.00154060555170686    0.00530047728228964
97.2272124999828    0.00423452323415365    0.00350996552195294    2.38998881648214e-05    3.452090490076e-05    0.00244309253697731    0.00471179869428456
97.5807659999825    0.00496155934012113    0.00042071277380179    3.31327276978799e-05    1.76814254540807e-05    0.00291815979897206    0.0041838291332272
97.9343194999823    0.00451964264878999    -0.00285503112571324    2.79491568751e-05    2.72007577452398e-05    0.00274262414529199    0.00436457959217705
98.287872999982    0.0030804165807042    -0.00504267751611946    1.35400380836477e-05    5.06066265577814e-05    0.00201272744627043    0.00501777142028259
98.6414264999818    0.00109190754251877    -0.00602579412662407    2.40851850043945e-06    6.49221673748744e-05    0.00110284016023632    0.00534901603273137
98.9949799999815    -0.00105529150055038    -0.00592751996332043    1.98622145090633e-06    6.42970508558421e-05    0.000934120602370192    0.0054001442518029
99.3485334999813    -0.00295076161558068    -0.00466386066723725    1.19603634986742e-05    4.80869890510219e-05    0.00180370989537949    0.00513180209357486
99.702086999981    -0.00427300353222399    -0.0026327868929136    2.5168264702672e-05    2.66169772760738e-05    0.00262863187157754    0.00443682436575713
100.055640499981    -0.00467126814698719    0.000471405616068943    3.02899440535383e-05    1.63470726990466e-05    0.00291018864551443    0.00401557585461727
100.409193999981    -0.00397768756291913    0.00332311111377271    2.21209268743158e-05    3.16618737189451e-05    0.00250976662781906    0.00454079356990223
100.76274749998    -0.00246878899908915    0.00501212795767488    8.79607658439688e-06    5.15770231209025e-05    0.00164351983936102    0.00514350040894295
101.11630099998    -0.000539362026968259    0.00575672865718585    9.18733349737014e-07    6.14392424757672e-05    0.000792352165139785    0.00531971029693369
101.46985449998    0.001474256997379    0.00539963030997489    3.33936598227472e-06    5.67673953786449e-05    0.00107978344493411    0.00525465392716261
101.823407999979    0.00314935831366596    0.00398946432798895    1.40806695957167e-05    3.99720675025806e-05    0.00204014994739597    0.00490471628927548
102.176961499979    0.00420178070299886    0.00179358143266674    2.50757177810983e-05    2.06519164063538e-05    0.00272410658840742    0.00417552176988061
102.530514999979    0.00431963313008746    -0.00111646664829381    2.64637700232351e-05    1.81911090240703e-05    0.00279366061730589    0.00411638327264577
102.884068499979    0.00346206002808474    -0.00358479384773941    1.70321355711086e-05    3.44231292711269e-05    0.00224639175858674    0.00464460787799536
103.237621999978    0.0019242642985583    -0.00494151279503401    5.54094364954153e-06    5.12759881194184e-05    0.00135578411217843    0.00518241636844566
103.591175499978    6.57808722336818e-05    -0.00542767150808367    5.70237485130052e-07    5.71324605851162e-05    0.000752270138964872    0.00526049832101988
103.944728999978    -0.00178919015909202    -0.00487550475963182    4.95440568724374e-06    4.97255878907796e-05    0.00132408619879977    0.00509460903598962
104.298282499978    -0.00327977104600169    -0.00342302135107825    1.55802339928915e-05    3.33624131963482e-05    0.00219620943416161    0.00465245505366905
104.651835999977    -0.00409819443603611    -0.00104830801359545    2.42867714187257e-05    1.74949666304128e-05    0.00273707394550611    0.0040491995430016
105.005389499977    -0.00398203818076893    0.00166606879015726    2.2912748253791e-05    2.02074697140099e-05    0.002656335856154    0.00417512688435619
105.358942999977    -0.00299624374273417    0.00374149522812432    1.30798648242096e-05    3.64832782986387e-05    0.00202543532563643    0.00474178149607947
105.712496499977    -0.00144399425867647    0.00490266890108521    3.41172146789171e-06    5.03586947906297e-05    0.0011517821186323    0.00513054894109408
106.066049999976    0.000369761803558464    0.00519089829406011    7.33563792960888e-07    5.39860241410574e-05    0.000772554206247096    0.00520005759985226
106.419603499976    0.00209220138457076    0.00438079917320715    6.60499783228887e-06    4.337278545544e-05    0.00149254520825637    0.00491745707245804
106.773156999976    0.0033859768430869    0.00281939838696352    1.67096450161472e-05    2.7431808164246e-05    0.00229015410709114    0.00441393258895438
107.126710499976    0.00398920250658194    0.000453997412770219    2.30602268708681e-05    1.62106170383686e-05    0.00267329202152486    0.00400056288384104
107.480263999975    0.0036897933512808    -0.00208546018942965    1.97936753339213e-05    2.18891134623682e-05    0.00248577962795685    0.00418807464841211
107.833817499975    0.00260738022860436    -0.00387814904064172    1.0016611296917e-05    3.78415749440738e-05    0.0017939285494133    0.00477509528309577
108.187370999975    0.00104431572108118    -0.00483523804566766    2.00573980322163e-06    4.89550988621439e-05    0.000956631840325378    0.00505722966690973
108.540924499975    -0.000709154671816458    -0.00490689635907596    1.19308226363558e-06    4.93435463985213e-05    0.000830771879083824    0.00502652111502661
108.894477999974    -0.00229661247446656    -0.00394214623952176    7.86162221179195e-06    3.82424930052779e-05    0.00160847547507462    0.00476465906770908
109.248031499974    -0.0034292606038799    -0.00233810507641571    1.72132290379114e-05    2.33713168801532e-05    0.00233525175272147    0.00423138057042762
109.601584999974    -0.00384305726652311    8.01359042338407e-05    2.16806970310308e-05    1.51970460020153e-05    0.00262899370049734    0.00389751513645142
109.955138499974    -0.00338546726112808    0.00243478084408145    1.6995709558564e-05    2.36084931424737e-05    0.00235251375817314    0.00420479908958415
110.308691999973    -0.00221994741501412    0.00398815075251654    7.57969472991162e-06    3.85179222538181e-05    0.00162835137623418    0.00475526821840996
110.662245499973    -0.00066489990464526    0.00467708608673559    1.14622298640253e-06    4.65717397815291e-05    0.000839125201150136    0.00496956794085697
111.015798999973    0.000993692382458701    0.00454268880268705    1.78696228722339e-06    4.48294208086624e-05    0.000894168740376747    0.00491867860818372
111.369352499973    0.0024361665532489    0.00351937803319087    8.85780923621531e-06    3.43006009639057e-05    0.00170964960183269    0.00468130101824261
111.722905999972    0.00340816707310626    0.00184093426658845    1.73781764613477e-05    2.01228575102119e-05    0.00240053611994112    0.00409069902783282
112.076459499972    0.00364884843961739    -0.000512399794139755    2.01118399001683e-05    1.51181238883053e-05    0.00260724854297975    0.00385429245637521
112.430012999972    0.00306567407450323    -0.00268410752872344    1.44241297823784e-05    2.52227336867917e-05    0.00224182342107872    0.00424479686923201
112.783566499972    0.00186194944946724    -0.00397341982858498    5.66849852551394e-06    3.79078682488452e-05    0.00148379337279238    0.00470316947543387
113.137119999971    0.000343779827169411    -0.00450150587195356    6.58209897826014e-07    4.44929809372123e-05    0.000734864156329171    0.00492233946634931
113.490673499971    -0.00121926724447678    -0.00417453728400181    2.47538012815721e-06    4.0507107208372e-05    0.00099436789705984    0.0048042008360237
113.844226999971    -0.00251414548402835    -0.00306592011603417    9.59551992682968e-06    2.99069494625371e-05    0.00180958349129559    0.00452847472165122
114.197780499971    -0.00331931326936483    -0.00136333496367416    1.69666664275308e-05    1.76033620553361e-05    0.00243902149382686    0.00396795663183958
114.55133399997    -0.00340838603227854    0.000873682798002368    1.8225276741284e-05    1.52047028930452e-05    0.00257063832466811    0.00380018174059083
114.90488749997    -0.00273281969763489    0.00283217860923384    1.20044938317964e-05    2.62412146554377e-05    0.00212983340475614    0.00426848673195032
115.25844099997    -0.00151414291392957    0.00392293729293099    4.06688776754451e-06    3.7727681913146e-05    0.00133201313947775    0.00472633525142655
115.61199449997    -4.5362910103476e-05    0.00426856856973815    4.36358522017381e-07    4.24073100306253e-05    0.000659014968270315    0.00491799068686277
115.965547999969    0.00140594422778766    0.0037793218052358    3.26251156793415e-06    3.70165759587014e-05    0.00113394549969772    0.00476794532803917
116.319101499969    0.00255256856154056    0.00265544755408883    1.03657401521057e-05    2.6407662613795e-05    0.00196217580525816    0.00439957508190036
116.672654999969    0.00321293560271036    0.000926116349427269    1.6558753968144e-05    1.56173347083393e-05    0.00249715814096348    0.00384182810855233
117.026208499969    0.00316262235125122    -0.00117932607360378    1.63044452529187e-05    1.59415348770157e-05    0.0025104312610157    0.00381454124229035
117.379761999968    0.00241968872460211    -0.00291573933400416    9.75935620110587e-06    2.76407862397609e-05    0.001975971324979    0.00437484289728235
117.733315499968    0.00120518616692121    -0.00381544598171328    2.75520360225172e-06    3.75963077052858e-05    0.00114137193995361    0.0047998624632289
118.086868999968    -0.000200144001895159    -0.00403466122092322    4.42997577853378e-07    4.0157876922437e-05    0.000634775516508607    0.00488665384028942
118.440422499968    -0.0015573050106438    -0.00349337937063248    4.07030947075227e-06    3.35532715499727e-05    0.0012826186395714    0.00462055971964568
118.793975999967    -0.00259458550268297    -0.00228772658626205    1.09779726737239e-05    2.31342532872062e-05    0.00206060640176412    0.00423090538226938
119.147529499967    -0.00310994702996594    -0.000512646147174286    1.59789427132864e-05    1.42734918751335e-05    0.00251140840647085    0.00374308506487908
119.501082999967    -0.00293437811441868    0.00146490854378554    1.4484304670819e-05    1.68455889741226e-05    0.00242357788247863    0.00383400990249982
119.854636499967    -0.00213396059359099    0.00295297476916445    7.87588717094809e-06    2.78423476284176e-05    0.00182266271041816    0.0043729037996617
120.208189999966    -0.000932013613218101    0.00372612462842529    1.82912148673171e-06    3.65021986041264e-05    0.000980036790895041    0.00475585889798772
120.561743499966    0.000423258282994664    0.00382244761380735    5.84267900626867e-07    3.75456571699013e-05    0.000636490633476468    0.00478900317494151
120.915296999966    0.00167243778066226    0.00312429623531623    4.68967133249675e-06    3.04987713398689e-05    0.00137572642713232    0.00455384940175426
121.268850499966    0.00258234872934082    0.00195348809858188    1.12448430229425e-05    2.03101284478662e-05    0.00213923305486204    0.00406128214934215
121.622403999965    0.00297790918756902    0.00019638234505942    1.51520805671662e-05    1.34342765168313e-05    0.00250681819000863    0.00366001509441973
121.975957499965    0.00271644114335705    -0.00163713651886208    1.27538869709492e-05    1.7664030799332e-05    0.00231836892785127    0.00387089328423558
122.329510999965    0.00188425099016575    -0.00296535407301987    6.32284507729243e-06    2.79954982251842e-05    0.0016650655492658    0.004382028462574
122.683064499965    0.000702381837617238    -0.00360274659920766    1.18295240230549e-06    3.49310656657128e-05    0.000830428899118355    0.00468521959011639
123.036617999964    -0.000586079143207151    -0.00357001595884907    8.04886842534741e-07    3.5116660569498e-05    0.000679262894932671    0.00472986750586748
123.390171499964    -0.00173829107227698    -0.00285631613897028    5.22823843152748e-06    2.79028464501425e-05    0.0014854570271703    0.00444345637588582
123.743724999964    -0.00255058140372411    -0.00165195644379553    1.13142364509921e-05    1.81807393270311e-05    0.00219289100366818    0.00393087512328153
124.097278499964    -0.00284354436904378    6.08328016143448e-05    1.42233916927261e-05    1.27326549122245e-05    0.00247742751942524    0.00356776600724771
124.450831999963    -0.00251229097232231    0.0017606269479787    1.11321780656965e-05    1.82921441425543e-05    0.00219558013656626    0.00389773484123862
124.804385499963    -0.00166032308281887    0.00294450615373976    4.97868634231369e-06    2.80271601998543e-05    0.00149064201033398    0.00439966404517925
125.157938999963    -0.000505061946351126    0.00349069066482428    7.10456450396272e-07    3.3995740567036e-05    0.000674810255363894    0.0046702054825826
125.511492499963    0.000736623786046821    0.00341522667629163    1.14065661718399e-06    3.26080636270031e-05    0.000773331762579318    0.00457649324008559
125.865045999962    0.00181603706148063    0.00260486611632393    5.79377296515222e-06    2.54222282521122e-05    0.00157980453109902    0.00431704769120515
126.218599499962    0.00253498793730902    0.00137202340354173    1.13853541817674e-05    1.61070247785343e-05    0.00222692396355717    0.00377154829727369
126.572152999962    0.00271624459559539    -0.000371577071611902    1.31854994334906e-05    1.26667456621564e-05    0.00240987857171049    0.00353958700161597
126.925706499962    0.00229665270439668    -0.00193007872221846    9.49104757990511e-06    1.92351805913885e-05    0.00205339570840413    0.00393827077756572
127.279259999961    0.00142171464434708    -0.00291716246461368    3.76197781546701e-06    2.77746828762425e-05    0.00131935790652729    0.00438917372990539
127.632813499961    0.000296803321630011    -0.00335703294702737    3.91184491463091e-07    3.23465485146228e-05    0.000550538172820454    0.0045909561430268
127.986366999961    -0.000878371517967803    -0.0031657857319769    1.53785740950937e-06    3.01636175180352e-05    0.000875397558788179    0.00448791914112172
128.339920499961    -0.00186205086662685    -0.00233583506239726    6.28443434871177e-06    2.26462680190729e-05    0.00167845194116661    0.00414609968287649
128.69347399996    -0.00248073749061135    -0.00105957105724918    1.12113744375236e-05    1.44505221999067e-05    0.00224884769164097    0.00365073025222989
129.04702749996    -0.00256258087244489    0.000589060602816539    1.20582507881881e-05    1.28073038097803e-05    0.00234338005034772    0.00352991663017552
129.40058099996    -0.00208040608231803    0.00205877310056376    7.99217212979098e-06    1.99677070914725e-05    0.00191417937049931    0.0039660005562112
129.75413449996    -0.00118887861301584    0.00289350997766809    2.76335525373802e-06    2.76828036113878e-05    0.00116186182364839    0.00439436043361523
130.107687999959    -9.04252098214645e-05    0.0032364180315547    2.53624050511619e-07    3.10511581262987e-05    0.000495426414253785    0.00453616098163703
130.461241499959    0.00102578862576453    0.0029456926531324    2.04605931621385e-06    2.79558961031103e-05    0.000996903712234014    0.00439076199496079
130.814794999959    0.00192275431432551    0.00206575014805252    6.80330316099844e-06    2.04920758356726e-05    0.00176247525024923    0.00402799604784979
131.168348499959    0.00243536658749668    0.000740905012944866    1.09719970172814e-05    1.31562724591102e-05    0.00224521415499416    0.00355068052926525
131.521901999958    0.00241276659377939    -0.000856101707516001    1.08970870992638e-05    1.33817813993436e-05    0.00225291909823809    0.00355652516731314
131.875455499958    0.00186935801140879    -0.00213215786806471    6.66381439596995e-06    2.03146920827776e-05    0.00178025700985889    0.00397096901378333
132.229008999958    0.000969385351265706    -0.00286798464473091    1.97236439281033e-06    2.73832021420249e-05    0.00101619704465315    0.00437696998157544
132.582562499958    -9.93515829188524e-05    -0.00309522584806234    2.46883118643061e-07    2.95896517642259e-05    0.000486839174280973    0.00447316763755984
132.936115999957    -0.00114217212195103    -0.00269115114753184    2.52896721860466e-06    2.55045699798554e-05    0.00110653064234233    0.00427343836752018
133.289669499957    -0.00195058309950723    -0.00181097862249734    7.16982357024226e-06    1.84149350688409e-05    0.00183440702739578    0.00389041019658577
133.643222999957    -0.00236330943916296    -0.000455381434654324    1.06523632879649e-05    1.21285016655799e-05    0.00225102904972996    0.00345269885952309
133.996776499957    -0.0022573097661751    0.00102789325070281    9.82765066875733e-06    1.36480158123979e-05    0.00217536279463629    0.00354844350068555
134.350329999956    -0.00167849991818332    0.00216497942438485    5.51077107191636e-06    2.07179363504062e-05    0.00164116089905132    0.00400384820421509
134.703883499956    -0.000787234684571826    0.00279728351935369    1.40063202142618e-06    2.65455003141642e-05    0.000883681827827911    0.00432674302755738
135.057436999956    0.000244580574286914    0.00295311465782724    3.41026808506717e-07    2.80260572771294e-05    0.000530289686103926    0.00439376502499341
135.410990499956    0.00122317798976539    0.00247893355582479    2.95486873639903e-06    2.34724615344282e-05    0.0012077683311598    0.00416261335704315
135.764543999955    0.0019542228288487    0.00159036540602941    7.39382988091554e-06    1.66760317002214e-05    0.00189072552638454    0.00376121916079432
136.118097499955    0.00229211774960655    0.000268867710494431    1.02127269415687e-05    1.16258102024252e-05    0.0022268639750796    0.00339904697770989
136.471650999955    0.00213052582144224    -0.0011737590923177    8.87212150563103e-06    1.41296362518026e-05    0.00208158142521471    0.00357098387632934
136.825204499955    0.00151246425092691    -0.00222583849188679    4.58843088327358e-06    2.10464493139354e-05    0.00151686610250928    0.00401149502330123
137.178757999954    0.000616474121012224    -0.00276431281659113    9.6659421635239e-07    2.60865347774755e-05    0.000765868052914205    0.00429477699415296
137.532311499954    -0.000381974916024183    -0.00279518768861826    4.91224491623207e-07    2.66036091466558e-05    0.000587639051758412    0.00433480506275111
137.885864999954    -0.00129501137697963    -0.0022914486613943    3.34680406427795e-06    2.15980891501745e-05    0.00129218791116899    0.0040431858951041
138.239418499954    -0.0019534885368985    -0.00136281321527104    7.48846470083664e-06    1.51605779077432e-05    0.00191633693202495    0.0036473713888259
138.592971999953    -0.00221268413019951    -5.49578383720521e-05    9.6737520210712e-06    1.11180477852584e-05    0.00218581356959701    0.00333392072810076
138.946525499953    -0.00199285461802195    0.00126123192845291    7.90773267286027e-06    1.40764577000109e-05    0.00198400180047521    0.00353351832069141
139.300078999953    -0.00135933137346891    0.00223666046784622    3.79436844698329e-06    2.09891599911183e-05    0.0013952012987689    0.00399831338725371
139.653632499953    -0.000473921863020704    0.00269900073481301    6.76925367821721e-07    2.52504481337734e-05    0.000672549950243628    0.00423861335430024
140.007185999952    0.000491287270311007    0.00266058476946499    6.52597556012977e-07    2.49348340049441e-05    0.00064127558353904    0.0042256505640475
140.360739499952    0.00134401593845064    0.00209310915522416    3.61623728706047e-06    2.01574366618692e-05    0.00134530979489897    0.00397194294095295
140.714292999952    0.00192874964841547    0.0011536897592281    7.48122228422271e-06    1.39604766064987e-05    0.00193936770055601    0.00355379748240539
141.067846499952    0.00211598393622087    -0.000119839962250446    9.1102827093575e-06    1.0781397304397e-05    0.00215241601253399    0.00328131615176667
141.421399999951    0.00184963294666806    -0.00134676674848971    7.02697808840385e-06    1.45613589185936e-05    0.00189890390778572    0.00357037508446327
141.774953499951    0.00120974433969991    -0.00220241277762904    3.11057687234978e-06    2.0762459610769e-05    0.00128339218671216    0.00398896447310643
142.128506999951    0.000345572144019379    -0.00261266668720278    4.53246643647087e-07    2.43765640150132e-05    0.000577777238150601    0.004189336080645
142.482060499951    -0.000581807453046902    -0.00253097579454011    8.15760417688862e-07    2.34253054253439e-05    0.000690840434013484    0.00412546566496389
142.83561399995    -0.00137411672849285    -0.00189721609249763    3.85580058856803e-06    1.85687653277197e-05    0.00140271301592454    0.00386902267066087
143.18916749995    -0.00189064229108951    -0.000973350168054182    7.36538066568782e-06    1.27960564999159e-05    0.00194701114347906    0.00344218621667463
143.54272099995    -0.0020205910061132    0.000275551558673813    8.49713814608838e-06    1.06635322088927e-05    0.00210103549044342    0.0032538597922168
143.89627449995    -0.0017056136087787    0.0014515605947821    6.14366081725671e-06    1.47935390971272e-05    0.0017984835375409    0.00356181287223276
144.249827999949    -0.001049183201644    0.00217923169537046    2.4679447773922e-06    2.04086744696886e-05    0.00116925591158661    0.00395722424024484
144.603381499949    -0.000209684951508911    0.00251074070201235    2.90920209848078e-07    2.34377323964034e-05    0.000496943086237029    0.00413931317052261
144.956934999949    0.000669522139584951    0.00236954294895106    1.01106870810699e-06    2.21066835679297e-05    0.000750205846893092    0.0040610281679651
145.310488499949    0.00140639617672671    0.00173792022829236    4.10184240924506e-06    1.74044990143932e-05    0.00145735795305531    0.00379264186214378
145.664041999948    0.00185683551381803    0.000758679671005426    7.27942144547705e-06    1.18160591862212e-05    0.00195744305666887    0.00335268017308904
146.017595499948    0.00191642404767408    -0.000420724726840341    7.85007467463629e-06    1.0683793408275e-05    0.00204386730100875    0.00324141699145606
146.371148999948    0.0015716075399247    -0.00148526866601182    5.29923363020736e-06    1.49871196688292e-05    0.00168204737467742    0.00357506596562814
146.724702499948    0.000915668463731351    -0.00215648306777145    1.90449389842804e-06    1.99831666203952e-05    0.00103249463095742    0.00391570522368708
147.078255999947    9.39998839128592e-05    -0.00241551395367982    1.8831928573114e-07    2.23331535755098e-05    0.000423654703214197    0.00406182790318447
147.431809499947    -0.00073460845707276    -0.00219651893050368    1.24113866858688e-06    2.06335698871406e-05    0.000837549451306642    0.00397603753441533
147.785362999947    -0.0014127203947846    -0.00158984369408762    4.32969366903868e-06    1.59284261134116e-05    0.00152771553477679    0.00366071347441744
148.138916499947    -0.00181836474300173    -0.000631599372334282    7.17072367191787e-06    1.10090521561757e-05    0.00196577550430514    0.00325732012381999
148.492469999946    -0.00183026150333689    0.000549729104812699    7.28879849904291e-06    1.06677052125389e-05    0.0019846766306998    0.00321955014308844
148.846023499946    -0.00145480438680459    0.00152385059310976    4.61657030654565e-06    1.52192265317688e-05    0.00158117503859622    0.00359125408480767
149.199576999946    -0.000798129706429544    0.00211474428039672    1.48704274140202e-06    1.96780135753553e-05    0.000921971644421186    0.00389947050301507
149.553130499945    -3.8421966049353e-06    0.00231960939459941    1.62354239890637e-07    2.16212554797845e-05    0.000402913734459234    0.0040299711830571
149.906683999945    0.000792379160814695    0.00210326307123766    1.46824726779679e-06    1.92173948840948e-05    0.000916723804263527    0.0038462552355847
150.260237499945    0.00143135633444013    0.00144862924049709    4.46159979367055e-06    1.46509873629052e-05    0.00155332509074201    0.00354294519947487
150.613790999945    0.00177885391422961    0.000467536253403208    6.90604316852337e-06    1.03002891420367e-05    0.00193435310125979    0.00317516912837575
150.967344499944    0.00174516764139481    -0.000652853200418519    6.65227581422585e-06    1.06734992366314e-05    0.00189912235457707    0.00320113760018758
151.320897999944    0.0013430084387144    -0.00155682259114394    3.95897539688684e-06    1.52513318502912e-05    0.00146809527293999    0.00358156882804102
151.674451499944    0.000689801285516624    -0.00207484658967258    1.14276739954477e-06    1.9315472917712e-05    0.000816664916623938    0.00387433665896965
152.028004999944    -8.50967104455446e-05    -0.00224367662733687    1.79164464451923e-07    2.06023983318052e-05    0.000414636002203463    0.00394567022491078
152.381558499943    -0.000839107699442728    -0.00194665877790317    1.65811483473258e-06    1.7942490883976e-05    0.000976735943573551    0.00376204870866773
152.735111999943    -0.00141658083868923    -0.00126665646600984    4.50251017119188e-06    1.34281481207152e-05    0.00157981293153664    0.00343856503760372
153.088665499943    -0.00171047457362127    -0.000359988895126736    6.55886014884361e-06    9.84767292097231e-06    0.00190607892854381    0.00311738366524843
153.442218999943    -0.00164890612332007    0.000723517311428783    6.05362644336595e-06    1.08000465066743e-05    0.00182612569114054    0.00320570884622063
153.795772499942    -0.00122854816733355    0.00157300444024851    3.41357787591021e-06    1.50974797606506e-05    0.00137994466427157    0.00355290540144388
154.149325999942    -0.000582135636350472    0.00203933107400513    8.82440667185134e-07    1.88241143446705e-05    0.000737264381396501    0.0038295225701473
154.502879499942    0.000175496324271701    0.00217671264633878    2.17754770577217e-07    1.9834408120843e-05    0.000432383869662524    0.00388539961601272
154.856432999942    0.000896837609722909    0.0018250867284555    1.84739720821148e-06    1.68141093226927e-05    0.00102131264067277    0.00367194332149998
155.209986499941    0.00142887617738763    0.00113487058199516    4.55863680666505e-06    1.23467402490795e-05    0.00158648973408565    0.00332547876420847
155.563539999941    0.00166823473402059    0.000184774926676897    6.25295048720666e-06    9.37163514048749e-06    0.0018627783978278    0.0030557312327754
155.917093499941    0.00155339158606993    -0.00082446663547454    5.45475029701811e-06    1.08559631027797e-05    0.00174405414977438    0.00319001847483193
156.270646999941    0.00111569433962021    -0.00159952738103632    2.86015938036387e-06    1.51581713343245e-05    0.00127097817483357    0.00354960328651521
156.62420049994    0.000463888407585991    -0.00202200024981006    6.22563980301856e-07    1.83157395511837e-05    0.000638256629898342    0.00377190330482527
156.97775399994    -0.000268159297973172    -0.0020532312640678    2.91048769084441e-07    1.88842404542896e-05    0.000468123231633484    0.00382994540829815
157.33130749994    -0.000938332717404823    -0.00166855436717568    2.04006615184354e-06    1.56446657471474e-05    0.00107684625796407    0.00358616676563241
157.68486099994    -0.00141700650106599    -0.000992399674838154    4.5748707544819e-06    1.15899920858889e-05    0.00160217456302946    0.00325655262068189
158.038414499939    -0.0016064299034056    -4.8316497813789e-05    5.92430326261668e-06    9.1445902452087e-06    0.0018285749172678    0.00302361633830215
158.391967999939    -0.00144671252448629    0.000929067454867403    4.87174299165449e-06    1.09254420193672e-05    0.00166696306592227    0.00317210902770907
158.745521499939    -0.000985859391722678    0.00161149550374116    2.36234694610809e-06    1.50399222469915e-05    0.00117916419800649    0.00352746431426507
159.099074999939    -0.000348429713172077    0.00194271553399823    4.39277968322732e-07    1.77711907941049e-05    0.00056380378085071    0.00374126277452772
159.452628499938    0.000349498622028073    0.00194422589301593    4.00910369333924e-07    1.77099769853665e-05    0.000527978297408523    0.00373228651931934
159.806181999938    0.00097302269081035    0.00151731539390482    2.21720441294507e-06    1.4596608153974e-05    0.00112713408967756    0.00350633172266879
160.159735499938    0.00139351525958011    0.000814649163595648    4.55221668463243e-06    1.07593166272399e-05    0.00161565216118749    0.00317736736426444
160.513288999938    0.00152432527976043    -9.00044947855633e-05    5.55077178166243e-06    8.92597819159845e-06    0.00179644210125062    0.00298628153102095
160.866842499937    0.00133084169661633    -0.000985049654069399    4.28962426857233e-06    1.12915966015732e-05    0.0015869734235707    0.00321267393001389
161.220395999937    0.000867619939736199    -0.00157332013890383    1.90891778027975e-06    1.48989101007331e-05    0.00107524574886484    0.00352470904348894
161.573949499937    0.000250534612023542    -0.00187882465446471    2.92956769165536e-07    1.73273852619202e-05    0.000479780342806736    0.00371448558749334
161.927502999937    -0.000423901396704389    -0.00184528809118377    5.31552316873181e-07    1.69696347553228e-05    0.000593177817138545    0.00368300782185677
162.281056499936    -0.000996014782625124    -0.00135650842348035    2.40223649910057e-06    1.36262101328531e-05    0.00118751465333814    0.00343308826421343
162.634609999936    -0.0013611912816932    -0.000670131865442704    4.52332875525688e-06    1.00838400817754e-05    0.00163416249188974    0.00310399152136304
162.988163499936    -0.00144568099762735    0.000204131797855989    5.1487257943679e-06    8.86245570053304e-06    0.0017489231679714    0.0029699807928061
163.341716999936    -0.00122643631053523    0.00101294001809874    3.71909999574191e-06    1.13892512627385e-05    0.0014882721431051    0.00321919303280692
163.695270499935    -0.000761517035726978    0.00156075720857164    1.49689048930578e-06    1.48584689726816e-05    0.000957591924362031    0.00352455754791623
164.048823999935    -0.000155670073278862    0.00181731967578625    1.91544930832762e-07    1.67927364728314e-05    0.000409037601105468    0.00367288519679442
164.402377499935    0.000485964818269286    0.00174784843830824    6.9082883566368e-07    1.5901014097887e-05    0.000674290019997464    0.00358413726503191
164.755930999935    0.00102832169544923    0.00126129188653425    2.60538723640844e-06    1.26552074272905e-05    0.00124416306289685    0.00332631180201938
165.109484499934    0.00135014357194128    0.000537248315254156    4.49194729957595e-06    9.41662090461465e-06    0.00163372569139424    0.00302125555893096
165.463037999934    0.00139163227728128    -0.000313103226330475    4.7882173139015e-06    8.7384221132704e-06    0.00168866128004713    0.00293945377288568
165.816591499934    0.00113990090241393    -0.00107621933150966    3.20832498405749e-06    1.14971416752579e-05    0.00138164789897187    0.00321541500054702
166.170144999934    0.000661847277583397    -0.00157653322905674    1.14836409624905e-06    1.46724176753843e-05    0.000842806192077692    0.003490982763215
166.523698499933    5.53308191962011e-05    -0.00180003837158004    1.35798270943432e-07    1.63461900059839e-05    0.000364330579817985    0.00362022815121137
166.877251999933    -0.000559995015764103    -0.00161013640679704    8.64472078565971e-07    1.49391059183645e-05    0.000742211331687501    0.00351376815824141
167.230805499933    -0.00105236236277974    -0.00114419229642538    2.77847909366144e-06    1.18067630724113e-05    0.00129267650673557    0.00323999800327286
167.584358999933    -0.0013393950553712    -0.000434613273492364    4.44073183536495e-06    8.93961440585877e-06    0.00162688436006132    0.00295816255610861
167.937912499932    -0.0013395600324585    0.000424027694629441    4.43145462657377e-06    8.84810575674539e-06    0.00162389456123652    0.00294419874854478
168.291465999932    -0.00105698090166856    0.00114269138619888    2.77710406143692e-06    1.16874417522018e-05    0.0012883692929222    0.00322206426815306
168.645019499932    -0.000566162966822869    0.00157772126190086    8.87685162901038e-07    1.45550474149203e-05    0.000753090072899229    0.0034735922378233
168.998572999932    2.55245388227165e-05    0.00172802999221888    1.35749829598806e-07    1.55689574502029e-05    0.000367557243863719    0.00354723410507327
169.352126499931    0.000615693247130706    0.00153202967244341    1.0151149793013e-06    1.40573664705585e-05    0.000797519156346067    0.00342202448169376
169.705679999931    0.0010721028444009    0.00102772534700995    2.88314996080394e-06    1.09951075466413e-05    0.0013167176811418    0.00315260022168282
170.059233499931    0.00131481394337163    0.000296390918995578    4.3423880527795e-06    8.43344272950663e-06    0.00161667942001346    0.00288887437467322
170.412786999931    0.00127201816533205    -0.000517601047003903    4.10330082885694e-06    8.92502969559471e-06    0.00157647410886516    0.00294229822617205
170.76634049993    0.000968267691503606    -0.0011715876432012    2.42757646162079e-06    1.17124373413228e-05    0.00122066954545899    0.00321555900826296
171.11989399993    0.000476518732709081    -0.00156010123595407    6.86751262614408e-07    1.43709474511988e-05    0.000677997905595393    0.00345500095293378
171.47344749993    -9.91530473409084e-05    -0.00164641391074009    1.53760791617092e-07    1.50448863316833e-05    0.000379380369576634    0.00351200904984665
171.82700099993    -0.000650923530719376    -0.00141036011700451    1.15861511479485e-06    1.33116510856702e-05    0.00085727106095486    0.00336489753574061
172.180554499929    -0.00106315608636014    -0.000899419339252581    2.9755237462085e-06    1.03638735370849e-05    0.00135838981233073    0.00309110310233472
172.534107999929    -0.00126725064269539    -0.000217719595012002    4.20922322840786e-06    8.05111507778575e-06    0.00161347421330369    0.00282908346567109
172.887661499929    -0.00120382662866207    0.000566459052231467    3.77541396904352e-06    8.91229912889255e-06    0.00152519356711456    0.00293111297479943
173.241214999929    -0.000884599996596394    0.00118717170083873    2.07080929259225e-06    1.17587143680057e-05    0.00113502957609655    0.0032170386570157
173.594768499928    -0.000400182022844379    0.00152578408263815    5.06682865571697e-07    1.41368752192868e-05    0.000588674115418605    0.00343640191951624
173.948321999928    0.000163830717168624    0.00159526016576636    1.91565266465461e-07    1.45118042266427e-05    0.000405862984980739    0.00345932785814843
174.301875499928    0.000685451416939678    0.00131899621230526    1.30150851773948e-06    1.24620665557666e-05    0.000911956617803099    0.00327449470112428
174.655428999928    0.00107198942756865    0.000822268277854046    3.03703442921905e-06    9.71373144146431e-06    0.00137399894337662    0.00300626118637407
175.008982499927    0.00124086263382264    0.000112646836577876    4.04935518261725e-06    7.9196911232247e-06    0.00158417647583847    0.00281193915535769
175.362535999927    0.00114798741337005    -0.000631880825506353    3.45023929573107e-06    9.01124030459391e-06    0.00146026168698457    0.00293461529454055
175.716089499927    0.000812166444355592    -0.00122214005617597    1.77528442255504e-06    1.17538584133633e-05    0.00105625285288033    0.00320315970511204
176.069642999927    0.000321512520185063    -0.00150652780523696    3.82768511513791e-07    1.37916980363143e-05    0.000528581319077813    0.00339441777163069
176.423196499926    -0.000223192504055074    -0.00152171281024077    2.43854696291531e-07    1.39621829610752e-05    0.000440499491969238    0.00341270758844416
176.776749999926    -0.000715958187238434    -0.0012213396277035    1.41598218172315e-06    1.19101386917125e-05    0.000950466230778033    0.00322776520297149
177.130303499926    -0.00106309960859174    -0.000718304282470176    3.04987806191524e-06    9.22298438453234e-06    0.00138553140856761    0.00295076656859152
177.483856999926    -0.00119937182007357    -2.21140970095996e-05    3.86302088861751e-06    7.7570590944782e-06    0.00155708963320386    0.00278506194925564
177.837410499925    -0.00108046424618628    0.000678157532560567    3.15014824903528e-06    8.99273211521565e-06    0.00140809987633988    0.0029211015860882
178.190963999925    -0.000743603170069397    0.00118738594881737    1.53182894353136e-06    1.15863181397744e-05    0.000989385298553652    0.00319005215448361
178.544517499925    -0.000266835536102674    0.00146497083762902    2.92282743479645e-07    1.34456988049697e-05    0.000470193088158942    0.00336148170452648
178.898070999925    0.000259542197930173    0.00146656221508003    3.00239580467425e-07    1.33498969460127e-05    0.000482573753908146    0.00334650447710925
179.251624499924    0.000731612993389677    0.00115489590686168    1.51465500012492e-06    1.12351873486356e-05    0.000989645102058467    0.00314664945504735
179.605177999924    0.00105457385922269    0.00065185863689771    3.05328465678004e-06    8.73519117058482e-06    0.00139325469036504    0.00288275414978223
179.958731499924    0.00116814490517629    -4.64130061317755e-05    3.69432146863922e-06    7.54896092980805e-06    0.00152635479137385    0.00274714520232729
180.312284999924    0.001029196064731    -0.000707599383229599    2.87212207788717e-06    9.01317829093181e-06    0.0013464314086612    0.00291761570529515
180.665838499923    0.000686037407348978    -0.00120261232634246    1.31878816416446e-06    1.14560473053544e-05    0.000920945622652259    0.00316382219757741
181.019391999923    0.000207873914087845    -0.00144691868388761    2.24106339349597e-07    1.31477766977576e-05    0.000425317264158647    0.00332478616154101
181.372945499923    -0.000306616843072875    -0.00141487073206342    3.55317005485888e-07    1.29783824906893e-05    0.000511178165642774    0.00331308365457916
181.726498999923    -0.000755791141719625    -0.00108571539289364    1.60234158395391e-06    1.07377266756544e-05    0.00101544144786987    0.00309175496462579
182.080052499922    -0.00105017873968867    -0.000546851878095431    3.03994163028724e-06    8.36372758850509e-06    0.00139178527258811    0.00283983813128998
182.433605999922    -0.00112841262476824    0.000116439217755014    3.52583950282423e-06    7.43646387800306e-06    0.00150084124779668    0.00272450101607095
182.787159499922    -0.00097154959768112    0.000755029604794482    2.61313467807899e-06    8.99878770749559e-06    0.00129198531621867    0.00290322544825225
183.140712999922    -0.000616467755587835    0.00120226388411026    1.11968576036839e-06    1.13148061827654e-05    0.000860030968447582    0.00314155498690211
183.494266499921    -0.000150066184184721    0.00141013837191158    1.72560580517198e-07    1.28244400395063e-05    0.000387350901485249    0.00329180039060222
183.847819999921    0.000346751039866557    0.00133882346567829    4.2494687826879e-07    1.22893383286717e-05    0.000552005973355589    0.00323989043895329
184.201373499921    0.000762918966521014    0.000983531838006156    1.66400804803408e-06    1.01763216809381e-05    0.00104017435969004    0.00303463124688427
184.554926999921    0.00102757673853714    0.000486482399182896    2.98353447734945e-06    8.01276204499628e-06    0.00138838774258736    0.00278856538748539
184.90848049992    0.00108499232921849    -0.000176577949940099    3.32401457590954e-06    7.30585662776177e-06    0.00146519835566608    0.00269716088792581
185.26203399992    0.000910539152690005    -0.000776696515106652    2.37469189225505e-06    9.05198353115224e-06    0.00124322578145469    0.00290666923721524
185.61558749992    0.00056245991631192    -0.00116150461614657    9.51350560150699e-07    1.11921116612403e-05    0.000796862223155978    0.00313735855265388
185.96914099992    0.000107080673109199    -0.00137447543305364    1.35250719401732e-07    1.24968913975941e-05    0.000351830142040464    0.00325694775541857
186.322694499919    -0.000374255343260194    -0.00129485790432028    4.86174101009122e-07    1.17526223327057e-05    0.000588308625680702    0.00317426611050885
186.676247999919    -0.000775167593899556    -0.000937791846832276    1.71878724516073e-06    9.71501000722425e-06    0.00105730905913489    0.00297246639329012
187.029801499919    -0.00101179942249592    -0.000373875015479207    2.91490845828752e-06    7.59283832813432e-06    0.00137519830821756    0.00273002853482061
187.383354999919    -0.00103454306034059    0.000236972533206425    3.09346744335701e-06    7.18355941349998e-06    0.00142238816771588    0.00266971972911123
187.736908499918    -0.000850057249827031    0.000786777947903454    2.10877618760986e-06    8.87492867106093e-06    0.00117736097252557    0.00287330978694497
188.090461999918    -0.000498548108123592    0.00117296705850663    7.82438606218442e-07    1.11415997402316e-05    0.000730676665909641    0.0031250196831204
188.444015499918    -4.89254185553987e-05    0.00132858556740637    1.12523639278482e-07    1.21180468059439e-05    0.000331858317204286    0.0032175933857502
188.797568999918    0.000412421298741314    0.00123094299917982    5.58059949812449e-07    1.13362337019412e-05    0.000622871272541106    0.00313384955521343
189.151122499917    0.000787570604337889    0.000858877828603998    1.79327891721998e-06    9.2953352158954e-06    0.00108305653610642    0.00292534854187119
189.504675999917    0.00100097995932157    0.000320278592706499    2.89604405490692e-06    7.33098438267209e-06    0.00137625694401282    0.00268856950918626
189.858229499917    0.00100281976156231    -0.000308973536579858    2.93651849050748e-06    7.2105899586193e-06    0.00138955784921952    0.00266741922320295
190.211782999917    0.000792121917770716    -0.000857096462732825    1.89225568568142e-06    8.98095614901966e-06    0.00112463263027029    0.00287164444223002
190.565336499916    0.000429599738973351    -0.00115389845467681    6.39574279548469e-07    1.09432082161752e-05    0.000674550475370448    0.00310027846692352
190.918889999916    -5.5797874729068e-06    -0.00127530463726545    1.01808116168292e-07    1.18011081935597e-05    0.000319025049392754    0.00318978154043955
191.272443499916    -0.000443086237756871    -0.00114586439082714    6.27517576293411e-07    1.06680550959742e-05    0.0006566522384062    0.0030586026047541
191.625996999916    -0.000782768058435361    -0.000750729840907439    1.81007873305639e-06    8.7454957409154e-06    0.00109423621752788    0.00286040214775589
191.979550499915    -0.000961075168872992    -0.000240009082767937    2.77735248691927e-06    7.08672660683599e-06    0.00136150174685713    0.00265124918614318
192.333103999915    -0.000946172286330392    0.000320506839051653    2.70728346215264e-06    7.19296413085224e-06    0.00134612089603162    0.00266275036324725
192.686657499915    -0.000737766674649946    0.000834825129445831    1.66846415779523e-06    8.90028628215733e-06    0.00106026623617429    0.00286414966183736
193.040210999915    -0.000386268498238347    0.00112343715866427    5.16109478019441e-07    1.07861028385138e-05    0.000605727764996894    0.00308609652944398
193.393764499914    3.67146930235378e-05    0.00123956923370351    1.03036178141212e-07    1.13789759625114e-05    0.000318885887830427    0.00313726697578753
193.747317999914    0.000462554484160774    0.00110618936503031    7.0631982940873e-07    1.03668039005929e-05    0.000701685954392341    0.00302376404325582
194.100871499914    0.000786559627265981    0.000709234592818138    1.88012530949749e-06    8.29937212323142e-06    0.00112314258322472    0.0027921959844505
194.454424999913    0.000951250461174063    0.000192216644848793    2.70754516366856e-06    6.80169494663719e-06    0.00134263462035831    0.00260091286053191
194.807978499913    0.00091470352081242    -0.000386486703560488    2.50307479211829e-06    7.17037733254404e-06    0.00129088816755428    0.00264971797754308
195.161531999913    0.000691335154706594    -0.000847388461135093    1.45491068537642e-06    8.92638875806734e-06    0.000988416101266685    0.00286501685056169
195.515085499913    0.000335286282562229    -0.00113147104837801    4.09209492312996e-07    1.05257743983316e-05    0.000544786748222272    0.00304064921768592
195.868638999912    -8.8325412562062e-05    -0.0012296949099994    1.15569204831262e-07    1.10183956958562e-05    0.000328280103458927    0.00308322009012944
196.222192499912    -0.000495960350353859    -0.0010280456775755    7.81555377524889e-07    9.75253769702598e-06    0.000731832431914415    0.00294884041308517
196.575745999912    -0.000794353728517792    -0.000629991680101087    1.90589581844489e-06    7.94709227710729e-06    0.00112911379959452    0.00274776322853893
196.929299499912    -0.00092650188560361    -0.000104255235153588    2.60036723146727e-06    6.57754925075215e-06    0.00131983388630548    0.00256255343294442
197.282852999911    -0.000868578973391346    0.000426806443715744    2.30668918067447e-06    7.10536435005113e-06    0.00124589716576325    0.00263119756188201
197.636406499911    -0.00063319288745819    0.000875278826930858    1.25394389921629e-06    8.86009217028414e-06    0.000923585765637738    0.00284499194118554
197.989959999911    -0.000271960431809991    0.00113147473761062    3.11101340173395e-07    1.03538848077639e-05    0.0004869690582605    0.00301224994413028
198.343513499911    0.000137898250056456    0.00115216321375314    1.43542623084554e-07    1.06898263415007e-05    0.000352883402437577    0.00305979513536033
198.69706699991    0.000510192342527252    0.000911750259415569    8.5883837826465e-07    9.17002243625884e-06    0.000773655060017838    0.00288768660015495
199.05062049991    0.000773182609441136    0.000560528959932551    1.89410519167833e-06    7.48433286132735e-06    0.00113854900822763    0.00267771173698818
199.40417399991    0.000887367486418085    6.16538801102531e-05    2.45641284148812e-06    6.45641212620581e-06    0.0012918946495501    0.00254019899324308
199.75772749991    0.000813726415631043    -0.000473695119146239    2.05844450310447e-06    7.13311012900039e-06    0.00118164877337081    0.00262844498955132
200.111280999909    0.000565318163768419    -0.000894415567030297    1.04106917856636e-06    8.84252304091626e-06    0.000849402467785359    0.00283593791088065
200.464834499909    0.000208141797793142    -0.0011009813610667    2.15814107814068e-07    1.02148583680725e-05    0.000415320478456706    0.00300044970140415
200.818387999909    -0.000189308418606193    -0.00110148907467711    1.89126683125243e-07    1.01873226758503e-05    0.000391521398866096    0.00299567095893679
201.171941499909    -0.000542895444554329    -0.000864172069083775    9.58288505160248e-07    8.66857439446056e-06    0.000814587651172301    0.00281456586873998
201.525494999908    -0.000781030117108042    -0.000468341414867492    1.92475908093644e-06    7.05907746277028e-06    0.00114662593599946    0.00261528847010998
201.879048499908    -0.000859825129019282    4.34471815783465e-05    2.33184442068387e-06    6.29517656029201e-06    0.0012619608425743    0.00250864284080156
202.232601999908    -0.000754309696090503    0.000530922517893528    1.83564005586198e-06    7.18090128464278e-06    0.00112545854576961    0.0026265990490816
202.586155499908    -0.000499707682042932    0.000896114795812779    8.52601857840183e-07    8.83181330426845e-06    0.00077646254922402    0.00283351223342937
202.939708999907    -0.000143528098639906    0.00107557147534231    1.50574844458295e-07    9.99615940828905e-06    0.000360519804392365    0.00297309693917286
203.293262499907    0.00023828791644649    0.00104378158617386    2.52041300309894e-07    9.71398991277897e-06    0.000441882528717174    0.00293675159200491
203.646815999907    0.000565490086005723    0.000776022966557391    1.04870471361723e-06    8.19891993794448e-06    0.000853771442627633    0.00275621267200482
204.000369499907    0.000772031154257824    0.000366712835096151    1.92562383372115e-06    6.65817855387783e-06    0.00115307923863735    0.0025541535291469
204.353922999906    0.000813609420326604    -0.000126300176779489    2.17084421379039e-06    6.22522339293401e-06    0.00122836636430106    0.00249184101785798
204.707476499906    0.000688472578531841    -0.000572790990899535    1.58484767000037e-06    7.3067058327852e-06    0.00105397019816031    0.00264170708321902
205.061029999906    0.000422636723293377    -0.000902877901299184    6.52175368253796e-07    8.78961664319363e-06    0.000688152285746138    0.00282390299736716
205.414583499906    7.24346296609551e-05    -0.00104517801825732    1.03238736752988e-07    9.68957891192919e-06    0.000313036677050579    0.00293209512500548
205.768136999905    -0.00029298550119556    -0.000978948855901987    3.36482986696505e-07    9.21564762592439e-06    0.000500642070531124    0.00287355298601793
206.121690499905    -0.000590672744947063    -0.000683231776550928    1.15198895980361e-06    7.72249112042938e-06    0.00089615549330477    0.00269363796007192
206.475243999905    -0.000764065142371809    -0.000280302441281718    1.91272755453523e-06    6.35328769112662e-06    0.00115279313527952    0.00250493876822132
206.828797499905    -0.000778947608889735    0.000204110757772902    2.01032631894759e-06    6.18563043737331e-06    0.00118472230567022    0.00247870313590286
207.182350999904    -0.00062559462332043    0.000642028091243749    1.35116506339524e-06    7.35474001247418e-06    0.000979692008065704    0.00263487000486326
207.535904499904    -0.000347060059757799    0.000902858163254701    4.85946435798191e-07    8.81055195791941e-06    0.000604562445673814    0.00282761367498528
207.889457999904    -4.88861957598022e-06    0.00100629082585232    8.56701512650665e-08    9.50379575368978e-06    0.000292653810266854    0.00291396199829291
208.243011499904    0.000339388629736437    0.000901349094506056    4.38243382962826e-07    8.79606818205917e-06    0.000568382565679534    0.00282553322257805
208.596564999903    0.000608529525075246    0.000592139351179662    1.25371008946744e-06    7.36615273181397e-06    0.000939894625252817    0.00264868339380125
208.950118499903    0.000742184370136548    0.000161919082914319    1.89720333094559e-06    6.11033525778357e-06    0.00116032999257565    0.00246660038684254
209.303671999903    0.000722614446976834    -0.000272065872883147    1.82804814421256e-06    6.197272803608e-06    0.00114274953740219    0.00247452075449375
209.657225499903    0.000554515449083002    -0.000661555831433818    1.12180755291718e-06    7.42634615305888e-06    0.000902396902502137    0.00264361306453021
210.010778999902    0.000274824239838203    -0.000885632884144672    3.48181241611561e-07    8.70721453313656e-06    0.000522161736255075    0.00281475912426945
210.364332499902    -5.28618770537546e-05    -0.000953568697014685    9.37182936659281e-08    9.105281239156e-06    0.000301535927577929    0.00286286359773387
210.717885999902    -0.000377971564334872    -0.000833782552087123    5.36982837908076e-07    8.28286821880693e-06    0.000627790040110805    0.00275457344695
211.071439499902    -0.000621030445314213    -0.000515545262688655    1.33436041547135e-06    6.91111713298791e-06    0.000974002875490712    0.00257785380018092
211.424992999901    -0.000727205565865896    -7.83023386128665e-05    1.85718382836431e-06    5.92448289907855e-06    0.00115254322840316    0.00243276625322827
211.778546499901    -0.000676655820975114    0.000362063431206175    1.66741967183782e-06    6.30773466071001e-06    0.00109979842324778    0.00248528564404441
