#t    E^kin_cmplxscal0    E^grad_cmplxscal0    E^kin_U10    E^grad_U10    Vpot_term_0    E_tot
0    0.500000557912751    2.41776672307144e-12    7.45131286051237e-12    1.49706292887332e-13    1.00000000000011    1.50000055792288
0.3535535    0.277893243001319    6.54039571027778e-13    1.50995567116755e-12    2.71770745304178e-14    0.288199521442143    0.566092764445652
0.707106999999999    0.12288306975097    2.30594662364191e-13    2.598810417354e-13    7.76437467432321e-15    0.0443749991234247    0.167258068874893
1.0606605    0.0463835561715765    6.14866700865379e-14    6.6661831153907e-14    4.4612823845323e-15    0.00261207359257508    0.0489956297642842
1.414214    0.018094049662637    8.81596723332521e-15    1.48075478434285e-14    4.62651545990288e-15    6.64295060659779e-06    0.0181006926132719
1.76776750000001    0.00844611784889089    1.00881933052003e-14    7.59549575329551e-15    3.14491236012781e-15    4.3878259288377e-05    0.0084899961082001
2.121321    0.00370356619648403    1.76885044644623e-14    1.32017534958889e-14    1.04686844412444e-15    0.00113145875841708    0.00483502495493305
2.4748745    0.000341227376228099    1.11497761203911e-14    2.01539506615956e-14    4.43933827025515e-16    0.00349518395496625    0.0038364113312261
2.82842799999999    0.000732299994649959    8.63347947977536e-15    1.39591162223594e-14    2.90939890659578e-16    0.00298378856215188    0.00371608855682473
3.18198149999998    0.00208264185705487    6.16445828246731e-15    5.73703019547494e-15    2.0931668957302e-16    0.000725968114499161    0.00280860997156614
3.53553499999997    0.00172213922807865    1.99931808170119e-15    2.46561026382967e-15    3.06780456533248e-16    3.59362747409849e-05    0.00175807550282441
3.88908849999997    0.00111983489140755    3.16565410293181e-16    7.88507374375257e-16    4.38258123258832e-16    4.5192939715577e-12    0.00111983489592838
4.24264199999997    0.000733317808015491    2.38309740220268e-15    1.93865598192575e-15    1.32426751555867e-16    2.39287656249094e-05    0.000757246573644855
4.59619549999999    0.000320422075364104    1.72857466272961e-15    4.03852704157108e-15    7.06350228441719e-17    0.000247047559915385    0.000567469635285327
4.949749    2.19555202919147e-06    3.00742807659821e-15    2.82348916501229e-15    4.12272568352121e-17    0.000522496944242041    0.000524692496277104
5.30330250000002    0.000194445246729877    2.41498358235637e-15    1.82892069092607e-15    3.77354778632053e-17    0.000305864267702098    0.000500309514436257
5.65685600000003    0.000349548086261031    1.19608508467986e-15    1.1398331924646e-15    5.50056510176521e-17    4.71361127428912e-05    0.000396684199006313
6.01040950000005    0.000290820773247244    3.11375172439079e-16    5.26247919322502e-16    8.09810603646834e-17    6.12216885583349e-07    0.000291432990133746
6.36396300000006    0.000217753372110428    4.32521515856436e-16    2.17020409989813e-16    1.39404496085783e-16    2.64803060467437e-07    0.000218018175171684
6.71751650000007    0.000147411364776517    5.82062759339681e-16    1.61541183920148e-15    4.287103339956e-17    2.14721800544489e-05    0.000168883544833206
7.07107000000009    3.92019142822711e-05    2.13148962547003e-15    9.34938632334571e-16    1.97823352080827e-17    0.000106022253707024    0.000145224167992381
7.4246235000001    8.7785887369063e-06    2.15452375288531e-15    6.7044217924126e-16    1.69152697550037e-17    0.000133917557996565    0.000142696146736313
7.77817700000012    8.43000571911967e-05    1.48694462846969e-15    4.5099785408336e-16    2.00798918116751e-17    4.65330847752134e-05    0.000130833141968368
8.13173050000013    0.000102811880006395    5.07350158045397e-16    3.16446337247811e-16    2.60942253730368e-17    3.45173589641734e-06    0.000106263615903662
8.48528400000015    8.45968017048453e-05    5.44621515559334e-17    2.57520002609289e-16    5.51558603330856e-17    1.00018449423161e-10    8.45969017236619e-05
8.83883750000016    6.70500801869043e-05    1.1622901344828e-15    2.93333739403001e-16    5.19549777123973e-17    1.33887347955132e-06    6.83889536679632e-05
9.19239100000018    3.79540096504251e-05    1.33428045058873e-15    1.12255753082272e-15    1.47535248735254e-17    1.95392728393887e-05    5.74932824922854e-05
9.54594450000019    2.12209436970082e-06    2.45359546202803e-15    2.82389465027352e-16    1.75274025130643e-17    5.18464892881998e-05    5.39685836606541e-05
9.89949800000021    1.56248305976147e-05    2.00026560446623e-15    2.91679974234288e-16    1.61491827328611e-17    3.74553612021202e-05    5.3080191802043e-05
10.2530515000002    3.99955777747932e-05    2.38919679480477e-16    1.16382097481808e-15    1.00515295156557e-17    7.13528398843e-06    4.7130861764636e-05
10.6066050000002    3.92244775930073e-05    8.04619054707021e-17    4.54525739687324e-16    1.41717120991625e-17    1.42774581956949e-07    3.93672521755134e-05
10.9601585000002    3.29089057260269e-05    2.20871260615382e-16    2.04026411455587e-16    8.92125387670126e-17    1.89911429742316e-08    3.29278968695152e-05
11.3137120000003    2.51761829555193e-05    1.15126721626679e-16    2.14077388125085e-15    8.23867111534574e-18    2.76597012770558e-06    2.7942153085489e-05
11.6672655000003    8.72940237864712e-06    3.03634351193065e-15    1.87253368886085e-16    2.78048812478137e-17    1.63627053121132e-05    2.50921076940117e-05
12.0208190000003    6.33759016181205e-07    2.86802085991329e-15    4.18965379827282e-16    2.18021345341479e-17    2.405472420533e-05    2.468848322482e-05
12.3743725000003    1.38946524994868e-05    1.37753328642047e-15    1.10425688698126e-15    1.80545028104679e-17    9.68960824678225e-06    2.35842607487689e-05
12.7279260000003    1.98234131007792e-05    1.00499023132598e-15    1.38472094085125e-16    3.20813165115124e-17    8.66644270184742e-07    2.06900573721395e-05
13.0814795000003    1.77700291800382e-05    5.56185093110829e-17    4.59405224912209e-16    5.02091897636976e-17    2.1504700755479e-10    1.7770244227611e-05
13.4350330000004    1.51386240232851e-05    1.98054041884229e-15    2.13828623522528e-16    1.26269642694817e-16    2.198281958642e-07    1.535845222147e-05
13.7885865000004    9.59579794953726e-06    3.47407525939997e-15    8.5104743846043e-16    4.68226630453084e-17    3.96712774812813e-06    1.35629257020373e-05
14.1421400000004    9.39135183200354e-07    4.0593706280017e-15    1.04847088119861e-15    3.71719223183721e-17    1.19374352162326e-05    1.2876570404578e-05
14.4956935000004    3.05237958863724e-06    3.28074620860068e-15    1.33946147160749e-15    3.24267989893945e-17    9.70976479981321e-06    1.27621443931031e-05
14.8492470000004    9.72340847675369e-06    1.87501711715799e-16    2.71617649034202e-15    4.35009723308947e-18    2.09519986107481e-06    1.18186083407365e-05
15.2028005000004    1.03617994082465e-05    9.63518133084782e-17    1.03659302772293e-15    8.77244140658173e-18    5.47706234889731e-08    1.04165700328772e-05
15.5563540000004    9.15404958753469e-06    3.56942304784837e-16    5.28665880827039e-16    2.25609024715656e-16    2.69630038767582e-09    9.15674588903358e-06
15.9099075000005    7.44728979129579e-06    2.77703622161465e-16    5.55208852515197e-15    5.33675968476331e-18    6.65369587483597e-07    8.11265938461451e-06
16.2634610000004    2.99244772024142e-06    7.04431325266723e-15    1.17192729214494e-15    8.69298369850299e-17    4.46512438054734e-06    7.45757210909193e-06
16.6170145000003    7.12921638640494e-08    5.66589317125347e-15    3.2672113577354e-15    5.60743220193438e-17    7.27329776340274e-06    7.34458993625597e-06
16.9705680000003    3.89346029224729e-06    2.04341186719181e-15    5.02569733881508e-15    3.30257710984076e-17    3.24291969566975e-06    7.13637999501918e-06
17.3241215000002    6.16424223154005e-06    3.34178890992035e-15    2.08873547069193e-16    1.2193582803934e-16    3.31133388566975e-07    6.49537562377962e-06
17.6776750000001    5.79562352580078e-06    1.29674643663534e-16    1.510014499807e-15    1.340394203898e-16    2.49940282306199e-10    5.79587346785681e-06
18.0312285    5.13080111940527e-06    5.95806012778523e-15    3.54706253947939e-16    5.41239650044526e-16    5.63063285234474e-08    5.18710745478272e-06
18.384782    3.48973208232538e-06    1.28975295661762e-14    9.2767161750804e-16    2.37551347589611e-16    1.21693296068087e-06    4.706665057069e-06
18.7383354999999    4.6971346200745e-07    9.14406566519669e-15    8.18182976096073e-15    1.06547035090584e-16    4.03201737313487e-06    4.50173085257477e-06
19.0918889999998    8.84885810232563e-07    7.14506025235322e-15    9.22985906522341e-15    8.72536104164864e-17    3.5904131269351e-06    4.47529895362984e-06
19.4454424999997    3.38288619886104e-06    1.30758050543303e-15    9.1743032630346e-15    1.75134641178967e-17    8.52962656669927e-07    4.23584886603037e-06
19.7989959999997    3.8178508236464e-06    4.23496365320504e-16    3.80675068973195e-15    2.96116132845746e-17    2.74033290667884e-08    3.84525415697304e-06
20.1525494999996    3.47601595704806e-06    9.62929837479855e-16    2.14166187869462e-15    9.32210919138828e-16    5.02890484871005e-10    3.47651885156973e-06
20.5061029999995    2.93972747959954e-06    2.23699942400471e-15    2.12317286607003e-14    5.58130831627701e-17    2.18710750580427e-07    3.15843825370451e-06
20.8596564999994    1.31124445213058e-06    2.15737171734684e-14    1.13587122041762e-14    3.26520477496602e-16    1.63459233697037e-06    2.9458368223599e-06
21.2132099999994    6.43616476965954e-09    1.3047070312736e-14    2.43307739398172e-14    1.5564232091604e-16    2.89666414244278e-06    2.90310034474592e-06
21.5667634999993    1.44225434748063e-06    3.29902507567016e-15    2.70496984034466e-14    6.31110600359757e-17    1.40432488067381e-06    2.84657925856627e-06
21.9203169999992    2.4874741950987e-06    1.52029337413278e-14    1.21613801479791e-15    6.10556263879327e-16    1.59963964686471e-07    2.6474381768148e-06
22.2738704999991    2.41702321629739e-06    5.23500567463494e-16    7.08670403863136e-15    5.31154260541055e-16    2.56274820744966e-10    2.41727949925949e-06
22.6274239999991    2.1919084795119e-06    2.51779809649682e-14    7.71305554826339e-16    2.94782550075306e-15    1.8319660664949e-08    2.21022816907396e-06
22.980977499999    1.56949797829874e-06    6.09974624137934e-14    1.26572314171931e-15    1.36397475044684e-15    4.70788699193881e-07    2.04028674111978e-06
23.3345309999989    2.64877742758159e-07    2.16972788916336e-14    6.11483353557035e-14    2.97191784722196e-16    1.69658235320274e-06    1.9614601791037e-06
23.6880844999988    3.18948700041341e-07    1.55091566696402e-14    6.47981981302742e-14    2.18434780109546e-16    1.63379036940516e-06    1.95273914997229e-06
24.0416379999988    1.45127562951712e-06    1.37045003221302e-14    3.85324162374053e-14    2.32509827969716e-16    4.21782942080445e-07    1.87305862406699e-06
24.3951914999987    1.71633635661797e-06    3.11082512760389e-15    1.8546894326435e-14    2.34202052358857e-16    1.61219037943503e-08    1.73245828230424e-06
24.7487449999986    1.59477487148189e-06    3.21373039911604e-15    1.15948241692753e-14    4.8159242690147e-15    1.02611907049409e-10    1.59487750301342e-06
25.1022984999985    1.38635650506366e-06    2.08079893096939e-14    1.02239301091402e-13    7.61641692827774e-16    8.66200327888244e-08    1.47297666166141e-06
25.4558519999985    6.71667856769389e-07    7.22419937504355e-14    1.01874959595989e-13    1.24599571146329e-15    7.15811173428912e-07    1.38747920556125e-06
25.8094054999984    8.05394950498337e-13    2.4731337819211e-14    1.78512348132248e-13    3.40919064705224e-16    1.36794478613057e-06    1.36794579511012e-06
26.1629589999983    6.33978571997393e-07    4.61914030646215e-15    1.62720787650804e-13    8.11858011940453e-17    7.14822598156505e-07    1.34880133757501e-06
26.5165124999982    1.18271556094052e-06    8.43689634327646e-14    1.27082141246375e-14    3.46823304924622e-15    8.96946239101415e-08    1.27241028539607e-06
26.8700659999982    1.17954308871393e-06    2.94232096524197e-15    4.18080748161084e-14    2.51536463968906e-15    2.53609095919822e-10    1.17979674507561e-06
27.2236194999981    1.08759415183438e-06    1.30122715706321e-13    2.01329012531181e-15    1.85496227136493e-14    6.89361165334969e-09    1.09448791417336e-06
27.577172999998    8.11175587314524e-07    3.30154502924248e-13    1.75970637227075e-14    8.36618303123377e-15    2.11239444691256e-07    1.02241538812353e-06
27.9307264999979    1.63539905031173e-07    3.67569688637367e-14    4.53578642325373e-13    5.84802391581008e-16    8.23047193565551e-07    9.86587589517137e-07
28.2842799999979    1.31278319534402e-07    2.1371366986947e-14    4.60450925835731e-13    3.39115189441228e-16    8.5161598373905e-07    9.8289478543486e-07
28.6378334999978    7.14086891567086e-07    1.43567118542705e-13    1.7598923675279e-13    2.74887380740142e-15    2.37202584330814e-07    9.51289798203129e-07
28.9913869999977    8.80782149826537e-07    2.83407549129075e-14    1.06429938318748e-13    2.23625834348959e-15    1.05643235814031e-08    8.91346610414892e-07
29.3449404999977    8.30939660551145e-07    1.14812339085971e-14    7.53219546260792e-14    2.85675562439298e-14    2.00825767657775e-11    8.30959858498655e-07
29.6984939999976    7.37619358065719e-07    1.98273748237325e-13    5.61728405810664e-13    9.00798803908566e-15    3.87877616379682e-08    7.7640788871383e-07
30.0520474999975    3.83059529298961e-07    2.17984473538037e-13    8.81232931697251e-13    4.19410766161869e-15    3.53558480857839e-07    7.36619113568313e-07
30.4056009999974    1.31616773059577e-09    2.64648777283572e-14    1.27765011429737e-12    3.53435349788798e-16    7.25139032329969e-07    7.26456504528992e-07
30.7591544999974    3.12537944440997e-07    6.73291320755673e-14    1.01548210714338e-12    6.99628755303843e-16    4.06399514316443e-07    7.18938542268308e-07
31.1127079999973    6.29378092325694e-07    5.21280163420872e-13    1.48665042045479e-13    2.11225015421608e-14    5.57267029470235e-08    6.85105486340425e-07
31.4662614999972    6.42031225465147e-07    1.91674101737519e-14    2.86231867422591e-13    1.31484045168034e-14    2.48311601606972e-10    6.42279855614436e-07
31.8198149999971    5.99250161140323e-07    7.58804457992336e-13    1.18126453237302e-14    1.28891740616653e-13    2.84960539586015e-09    6.02100666045027e-07
32.1733684999971    4.62372114137755e-07    1.89918283105169e-12    3.42461345618762e-13    5.29195333101397e-14    1.05006297662498e-07    5.67380706363963e-07
32.5269219999972    1.08061038410756e-07    5.64292694644661e-14    3.27298488382434e-12    6.37377571439911e-16    4.40993408767288e-07    5.49057777229575e-07
32.8804754999974    5.87520488024728e-08    1.12507485372353e-13    3.18355258681082e-12    9.49261093227709e-16    4.88422696885155e-07    5.47178042696961e-07
33.2340289999975    3.86885052120951e-07    1.46515520386306e-12    7.78778921761996e-13    2.93056284144889e-14    1.4612214988741e-07    5.33009475248115e-07
33.5875824999976    4.96725130413648e-07    2.86690165673005e-13    6.69170206206479e-13    2.25268477833237e-14    7.47015105206071e-09    5.04196259852928e-07
33.9411359999977    4.7441789306154e-07    3.92764474633586e-14    5.49725316795227e-13    1.86494542440831e-13    3.22676635568556e-12    4.74421895324202e-07
34.2946894999978    4.28187555224453e-07    1.88829008798789e-12    3.33002078181764e-12    9.96119964360627e-14    1.89291089241014e-08    4.47121982071421e-07
34.6482429999979    2.36195055797782e-07    4.35960510499296e-13    7.37885505983297e-12    9.59140029402892e-15    1.90336949995179e-07    4.26539830199932e-07
35.001796499998    2.96399005532468e-09    6.95511909840787e-13    8.64660964332448e-12    6.17136059116071e-15    4.17759336999316e-07    4.20732675347555e-07
35.3553499999981    1.67111818699915e-07    1.64441125054603e-12    6.17628849284266e-12    2.04953506980408e-14    2.50332109910765e-07    4.17451769805774e-07
35.7089034999982    3.63517828141838e-07    3.37139325830529e-12    1.73881005589273e-12    1.32641256623115e-13    3.73028735153432e-08    4.00825944501752e-07
36.0624569999983    3.78656921002417e-07    1.31027040427174e-13    2.16834051756571e-12    7.24373671977546e-14    2.42537058766526e-10    3.78901829866108e-07
36.4160104999984    3.56757462720887e-07    4.77376665392856e-12    1.55116269256558e-13    9.62268930896326e-13    1.25305053990231e-09    3.58016404412643e-07
36.7695639999985    2.83380499738578e-07    1.10710269900272e-11    4.95150508215229e-12    3.35345140864859e-13    5.6238744375989e-08    3.3963560199178e-07
37.1231174999986    7.51935090633769e-08    2.4017695636312e-12    2.23987065605382e-11    2.60058146659826e-14    2.54189093711756e-07    3.29407429257072e-07
37.4766709999987    2.76699652564574e-08    4.16551907773433e-12    2.05505163113001e-11    4.24957439747367e-14    3.00615429501148e-07    3.28310153288738e-07
37.8302244999988    2.2503294974677e-07    1.44777077860429e-11    2.9081095386748e-12    2.92475755383927e-13    9.63119469972858e-08    3.21362575037136e-07
38.1837779999989    3.00623794992955e-07    3.05536508079375e-12    4.40063977583315e-12    2.31921460100667e-13    5.58723693717512e-09    3.06218719856446e-07
38.537331499999    2.90191379078208e-07    1.08847106386361e-13    4.34733929464706e-12    1.30460846894607e-12    3.15035905045246e-13    2.90197454908983e-07
38.8908849999991    2.65458328945346e-07    1.78931673872854e-11    2.06035891862291e-11    1.06820873622986e-12    9.83459187113919e-09    2.75332485781795e-07
39.2444384999992    1.54474741130633e-07    7.58591626166845e-13    5.95866443947431e-11    1.26176074416547e-14    1.09263983678121e-07    2.63799082662382e-07
39.5979919999993    3.99236806123519e-09    1.91183983803548e-11    5.31957206655733e-11    2.02128150420019e-13    2.56171983252218e-07    2.6023686756065e-07
39.9515454999994    9.48294562319198e-08    2.69480971547392e-11    3.43304550776412e-11    3.60823866472575e-13    1.63794511529224e-07    2.58685607137242e-07
40.3050989999995    2.23391157484019e-07    2.17716791092875e-11    1.99483427704967e-11    8.28483382648955e-13    2.64157847578239e-08    2.49849490747105e-07
40.6586524999996    2.37464203516331e-07    8.87813441360861e-13    1.76511709177871e-11    4.03491478469975e-13    2.37029064781534e-10    2.3772017505695e-07
41.0122059999997    2.25395516618035e-07    3.15099678529784e-11    2.18275081287719e-12    7.5734241021782e-12    5.73073306341733e-10    2.26009856067144e-07
41.3657594999998    1.83572667860658e-07    6.28395142765521e-11    6.10492983407008e-11    2.06437587924791e-12    3.18484990214708e-08    2.15547120070625e-07
41.7193129999999    5.44393045464265e-08    5.64177461306868e-11    1.40524062338808e-10    7.09856523210234e-13    1.54802713521243e-07    2.09439669732662e-07
42.0728665    1.33618026360568e-08    8.15816229717474e-11    1.16712935865507e-10    9.14202188070282e-13    1.95167109160837e-07    2.08728120557919e-07
42.4264200000001    1.38099528225908e-07    1.37823608376605e-10    6.96461095964698e-12    2.77253780850117e-12    6.68338380744303e-08    2.05080927057483e-07
42.7799735000002    1.9212899465958e-07    3.36523965611952e-11    2.88728458706608e-11    2.43217755504429e-12    4.36084480104e-09    1.96554796880607e-07
43.1335270000003    1.87281445802842e-07    1.48154070286481e-13    3.65182782058435e-11    9.52917414758782e-12    6.48064972436377e-15    1.87327647889915e-07
43.4870805000005    1.73028420210249e-07    1.6832574696031e-10    1.29206622211497e-10    1.12763208601918e-11    5.34694510758097e-09    1.78684174007862e-07
43.8406340000006    1.05553032841238e-07    3.42332453350972e-11    4.57968414022353e-10    5.41489495866744e-13    6.57616357746688e-08    1.7180741176476e-07
44.1941875000007    4.47134578036817e-09    3.16974596166748e-10    2.73096576514674e-10    3.62759081803557e-12    1.64429063499538e-07    1.69494108043406e-07
44.5477410000008    5.61262206730243e-08    3.58226237610611e-10    1.51369877658616e-10    4.95086215251572e-12    1.12063066622229e-07    1.68703834272675e-07
44.9012945000009    1.4383577952922e-07    1.28859314484396e-10    2.27227799571332e-10    4.76861258065712e-12    1.95176806313387e-08    1.63714315887195e-07
45.254848000001    1.56195683356736e-07    5.25003582369325e-12    1.50285837908306e-10    1.99363413473694e-12    2.32095201743606e-10    1.56585308066347e-07
45.6084015000011    1.49048677476698e-07    2.10198191848714e-10    2.88415545834339e-11    6.10468691864002e-11    2.67017840737767e-10    1.49615781933054e-07
45.9619550000012    1.2359160552965e-07    3.20114988329497e-10    6.84812982735702e-10    1.15120572172026e-11    1.87096367005285e-08    1.43317682258461e-07
46.3155085000013    4.03160586223054e-08    8.89449081496692e-10    7.21043520148118e-10    1.22443110811297e-11    9.75371876650242e-08    1.39475983200056e-07
46.6690620000014    6.39975459621118e-09    1.19199354768317e-09    4.57123544497336e-10    1.41185494662371e-11    1.30890830767745e-07    1.38953821005603e-07
47.0226155000015    8.7677802859414e-08    1.2218808686962e-09    3.66613120307463e-11    2.45356902742349e-11    4.79644416734774e-08    1.36925322403893e-07
47.3761690000016    1.2778168202626e-07    4.01735724636117e-10    1.46786245516771e-10    2.77221549711493e-11    3.51013856605724e-09    1.31868064717442e-07
47.7297225000017    1.2587684505588e-07    7.37944279809848e-13    3.21640268150375e-10    6.35830462336886e-11    1.04144283351517e-16    1.26262806418688e-07
48.0832760000018    1.15676470868879e-07    1.50674356329698e-09    7.23142339061501e-10    1.15058076616832e-10    2.96137383329918e-09    1.20982788681154e-07
48.4368295000019    7.27600185766427e-08    9.64091422853816e-10    2.96237683673966e-09    1.84563269711691e-11    3.99965319494691e-08    1.16701475112676e-07
48.790383000002    4.45700439870178e-09    4.09955465456187e-09    5.94921507349758e-10    5.11483323624385e-11    1.05902354814757e-07    1.15104983707733e-07
49.1439365000021    3.32227513274957e-08    4.06741367002152e-09    1.31868580525955e-10    5.90775269978046e-11    7.71280845301114e-08    1.14609195635152e-07
49.4974900000022    9.40900194216435e-08    2.64126285579969e-10    2.65026679210722e-09    1.03249827290519e-11    1.46444555668309e-08    1.11659193048891e-07
49.8510435000023    1.0593542494273e-07    3.26058816410837e-11    1.08974833058749e-09    5.99821689818893e-12    2.27483502903026e-10    1.0729126087476e-07
50.2045970000024    1.01043807564319e-07    1.01083707640988e-09    4.02461835846956e-10    3.72239427943224e-10    1.208390851725e-10    1.02950184989691e-07
50.5581505000025    8.167476453192e-08    7.0589319709745e-10    5.9668717798233e-09    2.96368324857056e-11    1.06623815014757e-08    9.90395478428022e-08
50.9117040000026    2.80573305021989e-08    9.50234323549717e-09    7.52153388662168e-10    1.54060809071048e-10    5.80945493397491e-08    9.65604372751783e-08
51.2652575000027    2.71493310359114e-09    1.01766398673985e-08    7.1263700468607e-10    1.37977464254401e-10    8.22711797716129e-08    9.6013367211543e-08
51.6188110000028    5.29342895440478e-08    3.39848343613892e-09    5.47414491129217e-09    7.56873166839965e-11    3.28638767342707e-08    9.47464819424336e-08
51.9723645000029    8.4008360345681e-08    3.90500924493322e-09    7.11647147947161e-10    2.78835188597728e-10    2.78862692830029e-09    9.16924788554594e-08
52.325918000003    8.65149916628258e-08    6.2581848869966e-11    1.53954422706354e-09    5.55554077575681e-11    5.07603110463341e-14    8.81727239068279e-08
52.6794715000031    7.81363853681014e-08    4.19420375190796e-09    4.65724751730608e-10    3.93679077317519e-10    1.63389842292406e-09    8.48238913719815e-08
53.0330250000032    4.89368961132806e-08    6.61205201344059e-09    2.65999213670266e-09    1.60317259491204e-10    2.37274156217095e-08    8.20966731446246e-08
53.3865785000033    4.1362805281526e-09    9.06798478306178e-09    2.15793691437072e-09    1.36437668128705e-10    6.54179650353344e-08    8.09166049290483e-08
53.7401320000034    1.87144210883938e-08    5.2200488905977e-09    5.44382010277861e-09    8.94335145637593e-11    5.1016515034291e-08    8.0484238630625e-08
54.0936855000036    6.12169656267918e-08    2.6102732020537e-09    4.01752426575102e-09    9.07123262294566e-11    1.07608248154765e-08    7.86963002363024e-08
54.4472390000037    7.34659034755867e-08    1.41456314356469e-09    5.11724577181771e-10    3.34785600047323e-10    2.2217408907073e-10    7.59491508854512e-08
54.8007925000038    7.16408483753214e-08    3.21543317166184e-10    9.91287668043024e-10    1.24707250956197e-10    5.73883358216847e-11    7.31357749473085e-08
55.1543460000039    5.96924911766329e-08    8.14325923515367e-10    3.24805148543977e-09    3.55478319652781e-11    6.76768289834292e-09    7.05580993158962e-08
55.507899500004    2.28546951735333e-08    4.34448000471938e-09    1.48528629162228e-09    8.39484476190968e-11    4.00808778074931e-08    6.88492877249872e-08
55.8614530000041    1.28241367121789e-09    3.33683538593855e-09    3.09534191035496e-09    5.27761071106623e-11    6.0700699719935e-08    6.84680667945571e-08
56.2150065000042    3.65980886708634e-08    1.0859352899917e-09    4.13463607524907e-09    2.60964930554985e-11    2.58812015831201e-08    6.77259581122797e-08
56.5685600000043    6.0163979674599e-08    1.79830810275056e-09    1.21906379496672e-09    1.32245450600811e-10    2.43693820583709e-09    6.57505352287541e-08
56.9221135000044    6.24719072938524e-08    1.39832280057302e-10    6.99589899537926e-10    1.15551813777262e-10    4.25550475412267e-13    6.34273068377003e-08
57.2756670000045    5.76190369907455e-08    1.93447093352836e-09    4.72754612604176e-10    2.16278497532021e-10    9.50703309088979e-10    6.1193244343499e-08
57.6292205000046    3.83078637891443e-08    3.59266513140294e-09    1.3076222064743e-09    9.67249391702924e-11    1.60217620785385e-08    5.93266381447303e-08
57.9827740000047    4.34357919527897e-09    4.01709509847909e-09    2.10029190116836e-09    6.67074602318189e-11    4.79558608273278e-08    5.84835344824861e-08
58.3363275000048    1.2169250392265e-08    2.68879327935015e-09    3.20107337784288e-09    5.05501853752622e-11    4.0138221605767e-08    5.82478888406003e-08
58.6898810000049    4.41056061601713e-08    1.48888594057572e-09    2.34822430754233e-09    5.23309385386363e-11    9.11607731031484e-09    5.71111246571428e-08
59.043434500005    5.35006775196345e-08    7.19536878083683e-10    6.78702905786377e-10    1.384257641054e-10    2.36918495921189e-10    5.52742615635311e-08
59.3969880000051    5.21136952541085e-08    3.75563811387391e-10    6.24199218834061e-10    2.44137638407351e-10    2.31947630707149e-11    5.33807906858081e-08
59.7505415000052    4.31446922142136e-08    5.80412873951673e-10    3.80975635212132e-09    3.03518874850415e-11    4.077566413967e-09    5.16427797417387e-08
60.1040950000053    1.78343526903015e-08    4.79123600615378e-09    1.58621952425162e-09    1.0946679417646e-10    2.6123420298022e-08    5.04446953129053e-08
60.4576485000054    4.72931686507206e-10    2.79804938942902e-09    4.42096735604379e-09    5.70630035410088e-11    4.23660131299526e-08    5.01150245654736e-08
60.8112020000055    2.40134652033825e-08    9.701659409322e-10    4.95284460257759e-09    3.03012844110908e-11    1.96751829702724e-08    4.96419600015758e-08
61.1647555000056    4.24776925175203e-08    1.85458972597259e-09    1.75773107186885e-09    1.44192858459899e-10    2.11965791623359e-09    4.83538640900553e-08
61.5183090000057    4.56978515667839e-08    1.55905945477754e-10    7.84500785212708e-10    1.4707177963187e-10    1.31700713131722e-12    4.67866470842376e-08
61.8718625000058    4.21531054196216e-08    1.78636192362613e-09    4.94133847761719e-10    2.98382436371498e-10    5.2899007185558e-10    4.52609736992366e-08
62.2254160000059    2.87613439398723e-08    3.77277962094343e-09    1.0550916864034e-09    1.43841076332945e-10    1.02361774980279e-08    4.39692338215799e-08
62.578969500006    4.14282848197858e-09    2.75000826729327e-09    3.53004171184206e-09    6.6801816091458e-11    3.28385518864516e-08    4.3328232163657e-08
62.9325230000061    7.29894684139033e-09    1.69433967031556e-09    4.42765935180647e-09    4.35312574588661e-11    2.9683419191348e-08    4.31478963123192e-08
63.2860765000062    3.07455943031969e-08    2.41215532521618e-09    1.71348068593559e-09    9.27364500413274e-11    7.453115804597e-09    4.2417082568987e-08
63.6396300000063    3.90783604217113e-08    9.70391431950532e-10    6.88535293177841e-10    1.90335012595002e-10    2.48272560496491e-10    4.11758947199312e-08
63.9931835000064    3.86125606463782e-08    3.17118413510798e-10    6.16271554655397e-10    3.14807292752908e-10    8.52580248428489e-12    3.98692837097816e-08
64.3467370000062    3.18315462233359e-08    7.55254191155402e-10    3.56191865430788e-09    4.69654724912719e-11    2.46850564780178e-09    3.86641901890922e-08
64.7002905000059    1.42096549700874e-08    3.6742762706023e-09    2.5764749792244e-09    1.18049019031015e-10    1.72204192229938e-08    3.77988744619389e-08
65.0538440000057    1.82187913596594e-10    1.65264073388927e-09    5.61949059789016e-09    4.31109345549304e-11    3.00206160373653e-08    3.75180462172963e-08
65.4073975000054    1.59260039517306e-08    1.64810422312587e-09    4.34530394784264e-09    4.78920973195449e-11    1.52419588629891e-08    3.72092630830078e-08
65.7609510000052    3.0502420072132e-08    1.48030342788026e-09    2.34220107380693e-09    1.38134342811269e-10    1.88387326708236e-09    3.63469321837128e-08
66.1145045000049    3.40335116150804e-08    2.14156987009341e-10    8.1579961688607e-10    1.97235112091553e-10    3.24150316988565e-12    3.52639448342372e-08
66.4680580000047    3.13122085547414e-08    1.71132399801271e-09    5.03083108817253e-10    3.84021998752658e-10    2.8477403271339e-10    3.41954116930374e-08
66.8216115000044    2.17267228825432e-08    3.93291873678771e-09    9.69843222482084e-10    1.95935645482605e-10    6.45636387107142e-09    3.3281784358367e-08
67.1751650000042    3.84443867789882e-09    1.73655217612367e-09    4.94555127763604e-09    4.94622026433455e-11    2.22078402739935e-08    3.27838446082954e-08
67.5287185000039    4.25867048153349e-09    1.57162668216638e-09    4.98666172313112e-09    4.03165866505349e-11    2.17751033034716e-08    3.26323787769532e-08
67.8822720000037    2.12561178314508e-08    3.47964236153296e-09    1.14524773779004e-09    1.64565255930173e-10    6.10614954944429e-09    3.21517227361482e-08
68.2358255000034    2.87458774431712e-08    1.36562618231508e-09    6.33398799668895e-10    2.9202633922064e-10    2.60890991791191e-10    3.1297819756167e-08
68.5893790000032    2.9121600655559e-08    2.76958240538562e-10    6.81389616781632e-10    2.93327535501695e-10    2.81729269628718e-12    3.03760933410772e-08
68.9429325000029    2.39167779643897e-08    1.080285724783e-09    2.93762435110769e-09    9.88431706188165e-11    1.4866472111262e-09    2.95201784220254e-08
69.2964860000027    1.14349608012397e-08    2.12205229745318e-09    3.82709341352497e-09    8.02942713150418e-11    1.14156792874759e-08    2.88800800710088e-08
69.6500395000024    1.74237890085315e-10    1.760350412739e-09    5.20589589163503e-09    4.78415703547699e-11    2.14581509887779e-08    2.8646476753592e-08
70.0035930000022    1.0542659483083e-08    3.42812330232455e-09    2.39555354504342e-09    1.10896093400941e-10    1.19595161885071e-08    2.8436748612359e-08
70.3571465000019    2.23021942746247e-08    1.00437543931479e-09    2.74762644795395e-09    9.6585133754017e-11    1.69363817633777e-09    2.78444194719853e-08
70.7107000000017    2.57728696456795e-08    3.50330499654905e-10    6.36316864597807e-10    3.14354298222624e-10    6.64322435154204e-12    2.70805145325064e-08
71.0642535000014    2.37707163692088e-08    1.42873996844323e-09    6.23976288483997e-10    3.41579893748426e-10    1.49559444739376e-10    2.63145719646238e-08
71.4178070000012    1.68574948946557e-08    3.24053484541628e-09    1.2754460123213e-09    1.71825575767427e-10    4.1060761996903e-09    2.5651377527851e-08
71.7713605000009    3.55505788226213e-09    2.05007950636442e-09    4.30558123437407e-09    6.32420747257602e-11    1.52926480962721e-08    2.52666087939984e-08
72.1249140000007    2.51096506527212e-09    3.01215108775403e-09    3.25917839640812e-09    8.61057491284657e-11    1.6271889971335e-08    2.51402902698977e-08
72.4784675000004    1.48751560499615e-08    2.94263216119771e-09    1.76040139843873e-09    1.63986370327458e-10    5.06655993396778e-09    2.48087359138932e-08
72.8320210000002    2.13274130260952e-08    1.33663612513338e-09    9.88590580837863e-10    2.8453212383286e-10    2.7317195503224e-10    2.42103438109316e-08
73.1855744999999    2.220783827374e-08    3.23143845387113e-10    6.04194669669695e-10    4.1241208734389e-10    9.51710843061419e-13    2.35485405869838e-08
73.5391279999996    1.79756305224238e-08    1.47597480574235e-09    2.44808717875791e-09    1.6411056092945e-10    8.67139540039078e-10    2.29309426078926e-08
73.8926814999994    9.02614552307324e-09    1.96024918362279e-09    4.01944282705064e-09    1.03207758987179e-10    7.34626358001623e-09    2.24553088727501e-08
74.2462349999991    3.59191340923033e-10    3.61217682959324e-09    3.32719312277141e-09    1.08079336835905e-10    1.48496889206009e-08    2.22563295507245e-08
74.5997884999989    6.87210985527536e-09    3.65458140277023e-09    2.3557163718676e-09    1.70366023820819e-10    9.04006062074867e-09    2.20928342744827e-08
74.9533419999986    1.6131245019142e-08    1.70436832997338e-09    2.15835513564192e-09    2.14541516439405e-10    1.47348013359978e-09    2.16819901347965e-08
75.3068954999984    1.92084780234626e-08    6.20660011036732e-10    8.89590033462895e-10    4.06139589107777e-10    1.19783449733986e-11    2.11368460020434e-08
75.6604489999981    1.76448002740559e-08    1.65476368048733e-09    6.65296055794209e-10    5.46504421907949e-10    7.23955695418583e-11    2.05837600017873e-08
76.0140024999979    1.22845785448086e-08    2.99426902540969e-09    2.21930579615938e-09    2.66829859624205e-10    2.33989248435242e-09    2.01048757103543e-08
76.3675559999976    3.10028994162772e-09    4.19614959063016e-09    3.14405873715158e-09    1.63628516570221e-10    9.20224147009161e-09    1.98063682560713e-08
76.7211094999974    1.5681423901052e-09    4.21894307565245e-09    3.1746186853036e-09    1.93408516957905e-10    1.05151859918617e-08    1.96702986598809e-08
77.0746629999971    9.85619939896933e-09    2.85198899652166e-09    2.78496226490174e-09    2.81516330880935e-10    3.65146776690323e-09    1.94261347581769e-08
77.4282164999969    1.5228334179862e-08    1.55910374671738e-09    1.49272577496631e-09    4.78457697971479e-10    2.50018113870868e-10    1.90086395133881e-08
77.7817699999966    1.63284411889053e-08    6.26701777226151e-10    8.64886660040802e-10    7.14555287575143e-10    7.64208093540026e-13    1.85353491218409e-08
78.1353234999964    1.27450812004458e-08    2.15600532002818e-09    2.32706317507692e-09    4.04883227769866e-10    4.58882581339804e-10    1.80919155046606e-08
78.4888769999961    6.60634267060862e-09    3.18016452990608e-09    3.55565883245631e-09    2.8958872107166e-10    4.11045786856647e-09    1.77422126226091e-08
78.8424304999959    8.33079412907166e-10    4.50851171388223e-09    3.15675953994145e-09    2.87103039307066e-10    8.77133701440406e-09    1.7556790720442e-08
79.1959839999956    4.39848391777201e-09    3.58523102322938e-09    3.17682035247812e-09    3.64987499829226e-10    5.88129825218572e-09    1.74068210454945e-08
79.5495374999954    1.09614772826526e-08    2.43172872605528e-09    2.0708479850684e-09    5.27568628682132e-10    1.12587389591277e-09    1.71174965183711e-08
79.9030909999951    1.36896699176087e-08    1.08313816520794e-09    1.18972209923441e-09    7.50741702660151e-10    1.84745432668992e-11    1.67317464279781e-08
80.2566444999949    1.27660260002277e-08    1.67516532163488e-09    1.03439419347031e-09    8.23637238444888e-10    3.49482756634387e-11    1.63341710294413e-08
80.6101979999946    8.73722208997055e-09    2.52140091719607e-09    3.01031862799656e-09    5.04814924204326e-10    1.21307686217402e-09    1.59868334215415e-08
80.9637514999944    2.89403187459339e-09    4.46272009121868e-09    2.95511860313173e-09    4.05876494929578e-10    5.03021631484449e-09    1.57479633787179e-08
81.3173049999941    1.34680033530273e-09    3.95189093501057e-09    3.58862614032803e-09    4.47728065760684e-10    6.27224240166074e-09    1.56072878780628e-08
81.6708584999939    6.43980663055877e-09    3.28215045718565e-09    2.62799050734942e-09    5.66802930390787e-10    2.50429503803924e-09    1.54210455635239e-08
82.0244119999936    1.05491012316881e-08    1.90980351794451e-09    1.6873493113238e-09    7.50009537320372e-10    2.30168326126854e-10    1.51264319244037e-08
82.3779654999934    1.1633531559098e-08    1.07234911339989e-09    1.14237814485151e-09    9.39333483153141e-10    1.05546472797352e-12    1.47886477652305e-08
82.7315189999931    9.27216101729147e-09    2.41592348175206e-09    1.82861331667167e-09    7.33331090701582e-10    2.16003549973453e-10    1.44660324563902e-08
83.0850724999928    5.21764259741583e-09    3.90154555497209e-09    2.41224157253269e-09    5.59560883089562e-10    2.1115498246571e-09    1.42025404326673e-08
83.4386259999926    1.31350748831029e-09    3.94153667672082e-09    3.40294712380407e-09    4.86191640009329e-10    4.88869053367129e-09    1.40328734625158e-08
83.7921794999923    2.88644394329953e-09    3.663745425686e-09    3.05281274041526e-09    5.39527101747817e-10    3.75662109759903e-09    1.38991503087476e-08
84.1457329999921    7.23222637096101e-09    2.61490539530422e-09    2.2447401757658e-09    6.92992788039514e-10    9.06231579857799e-10    1.36910963099283e-08
84.4992864999918    9.61173716197274e-09    1.4943199297653e-09    1.37207344690465e-09    9.07799271105769e-10    3.1788819370301e-11    1.34177186291187e-08
84.8528399999916    9.42210317409105e-09    1.52011257715819e-09    1.19638327561909e-09    9.7644949392074e-10    1.39759963899319e-11    1.3129024517179e-08
85.2063934999913    6.65152299612696e-09    2.38156124246856e-09    2.60938007122048e-09    6.72712759901014e-10    5.54285461883425e-10    1.28694625316004e-08
85.5599469999911    2.94042073236499e-09    3.5074981873183e-09    3.03545774588444e-09    5.60390869487041e-10    2.62769990156885e-09    1.26714674366236e-08
85.9135004999908    1.25088458920654e-09    3.91286469956322e-09    3.00020252036795e-09    5.27071945187967e-10    3.84985903460243e-09    1.25408827889281e-08
86.2670539999906    4.05436803027053e-09    3.19889861511238e-09    2.59577379975731e-09    6.07704032454203e-10    1.94137176869488e-09    1.23981162462893e-08
86.6206074999903    7.22763721100233e-09    2.15226545618066e-09    1.77599502385034e-09    7.55303117557007e-10    2.79168404542032e-10    1.21903692131324e-08
86.9741609999901    8.51414012341309e-09    1.29956509965933e-09    1.16026400235381e-09    9.694682703816e-10    2.94473423325468e-12    1.19463822300411e-08
87.3277144999898    7.28794139277557e-09    2.08731315806837e-09    1.39132221012533e-09    8.6191377910601e-10    7.58184240047017e-11    1.170430896408e-08
87.6812679999896    4.59142241437994e-09    3.0865359756059e-09    2.21376040895253e-09    6.44812734692111e-10    9.60755674894399e-10    1.14972872085249e-08
88.0348214999893    1.71865564036196e-09    3.63334574162623e-09    2.75523567886531e-09    5.42383280099195e-10    2.69828912941978e-09    1.13479094703725e-08
88.3883749999891    1.84963976419442e-09    3.48449310067286e-09    2.69441900509161e-09    5.66336057894867e-10    2.63751644045186e-09    1.12324043683056e-08
88.7419284999888    4.73649199811326e-09    2.71258194654636e-09    2.07001813326108e-09    6.7181248068642e-10    8.93018680172477e-10    1.10839232387796e-08
89.0954819999886    6.89804370419291e-09    1.73367125141613e-09    1.35657324381895e-09    8.31256599625429e-10    6.8626325892567e-11    1.0888171124946e-08
89.4490354999883    7.259317063841e-09    1.38213894432029e-09    1.08445871125187e-09    9.440305379281e-10    4.1987687078933e-12    1.06741440260492e-08
89.8025889999881    5.49228142811371e-09    2.2353405831565e-09    1.82154575078447e-09    7.12137362692086e-10    2.12720749014327e-10    1.04740258737611e-08
90.1561424999878    3.02177814490291e-09    3.07423801222226e-09    2.31494430835448e-09    5.86693229320916e-10    1.31224555989936e-09    1.03098992546999e-08
90.5096959999876    1.26573122891644e-09    3.3705824871218e-09    2.54261272080393e-09    5.6004199435995e-10    2.45300850906136e-09    1.01919769402635e-08
90.8632494999873    2.57471169595532e-09    2.97503520630785e-09    2.27542273661374e-09    6.0036222900278e-10    1.65647152924066e-09    1.00820033971203e-08
91.2168029999871    4.95716716097124e-09    2.18076522144147e-09    1.72432535544322e-09    7.0072025359788e-10    3.71212325271602e-10    9.93419031672541e-09
91.5703564999868    6.32012092633892e-09    1.43372491685318e-09    1.11133715008972e-09    8.77679175997026e-10    1.25234297423222e-11    9.75538559902117e-09
91.9239099999865    5.91600304753435e-09    1.64930195881007e-09    1.12249216761436e-09    8.60928689319394e-10    2.24518556853507e-11    9.57117771896352e-09
92.2774634999863    4.17818196758159e-09    2.22479859390032e-09    1.946678320104e-09    6.5980429128549e-10    3.96306663859451e-10    9.40576983673085e-09
92.631016999986    2.02587600156922e-09    2.92178926230707e-09    2.22207586555263e-09    5.91745541807247e-10    1.51382931461451e-09    9.27531598585068e-09
92.9845704999858    1.35628491906125e-09    2.96729480208677e-09    2.27751042550306e-09    5.81282610648387e-10    1.9942020404446e-09    9.17657479774407e-09
93.3381239999855    3.04220411087858e-09    2.53139156891569e-09    1.87334624708302e-09    6.50242967813349e-10    9.71230179671225e-10    9.06841507436187e-09
93.6916774999853    4.8716752668453e-09    1.82312584760451e-09    1.33598348153283e-09    7.55896161157654e-10    1.40931438093791e-10    8.92761219523408e-09
94.045230999985    5.5751685634184e-09    1.32494870806961e-09    9.98904064670081e-10    8.66023307250598e-10    2.85888324999432e-12    8.76790352665868e-09
94.3987844999848    4.76977691502602e-09    1.77001085237717e-09    1.22756918986749e-09    7.80900142146872e-10    6.26178863756305e-11    8.61087498579317e-09
94.7523379999845    3.16729230700008e-09    2.35738833940954e-09    1.70767628339769e-09    6.50120153970013e-10    5.91231222714774e-10    8.4737083064921e-09
95.1058914999843    1.45828153297351e-09    2.71745736153708e-09    2.03219090539495e-09    5.82544015482439e-10    1.57745344235168e-09    8.36792725773966e-09
95.459444999984    1.58486679376509e-09    2.6179862875871e-09    1.94031886214139e-09    5.96069571842237e-10    1.54152350485471e-09    8.28076502019053e-09
95.8129984999838    3.27854999616513e-09    2.13381945708536e-09    1.55012942591575e-09    6.67225469329412e-10    5.46363679310056e-10    8.1760880278057e-09
96.1665519999835    4.6283478815502e-09    1.49596168714937e-09    1.10181749242263e-09    7.72423671542881e-10    4.67070527864823e-11    8.04525778545156e-09
96.5201054999833    4.86141960485326e-09    1.2823451444108e-09    9.30126632409458e-10    8.26915340433496e-10    3.25419266313288e-12    7.90406091477015e-09
96.873658999983    3.87335553419222e-09    1.73305828666703e-09    1.35207330660893e-09    6.9215569392262e-10    1.19485653899134e-10    7.77012847528992e-09
97.2272124999828    2.32374485401795e-09    2.29247342213991e-09    1.66735543327239e-09    6.10761507634749e-10    7.61821919625865e-10    7.65615713669086e-09
97.5807659999825    1.18230881907768e-09    2.45344022189658e-09    1.86453748392613e-09    5.79232615786021e-10    1.4895848224439e-09    7.56910396313032e-09
97.9343194999823    1.82386757897218e-09    2.28071408062288e-09    1.68674216892038e-09    6.12122224109405e-10    1.08550738489945e-09    7.4889534375243e-09
98.287872999982    3.3304009902873e-09    1.77249566385104e-09    1.34672985440881e-09    6.73490710638897e-10    2.65416794247988e-10    7.38853401343403e-09
98.6414264999818    4.25482686733896e-09    1.2653101452817e-09    9.70779252480937e-10    7.6759103299565e-10    1.06842469632257e-11    7.26919154506048e-09
98.9949799999815    4.16172194483887e-09    1.28273643188946e-09    9.06650478441083e-10    7.86840420233911e-10    7.37673171298194e-12    7.14532600711631e-09
99.3485334999813    3.11235261170525e-09    1.67058966806226e-09    1.38558414139163e-09    6.66815636713088e-10    1.95672964028302e-10    7.03101502190054e-09
99.702086999981    1.72590419590659e-09    2.09458521656754e-09    1.64713344957765e-09    6.02285296152524e-10    8.66344486820039e-10    6.93625264502434e-09
100.055640499981    1.0555896012799e-09    2.29094506938607e-09    1.64042498809784e-09    5.87957214490129e-10    1.2878781351917e-09    6.86279500844564e-09
100.409193999981    2.00976785474555e-09    1.98769749935971e-09    1.46688861761087e-09    6.25441331311231e-10    6.97422441910304e-10    6.78721774493766e-09
100.76274749998    3.25177231342849e-09    1.50231373201815e-09    1.13327566964916e-09    6.88847447054174e-10    1.16164288349055e-10    6.69237345049903e-09
101.11630099998    3.83829102314695e-09    1.11638129298634e-09    8.65214843589536e-10    7.63225267446822e-10    1.86319662599646e-12    6.58497562379564e-09
101.46985449998    3.51904866535377e-09    1.29659047913339e-09    8.94341986142374e-10    7.49452526281333e-10    1.72635359514943e-11    6.47669719286236e-09
101.823407999979    2.49515371969123e-09    1.69149707369883e-09    1.28655784806713e-09    6.21735492905302e-10    2.83916321380843e-10    6.37886045574334e-09
102.176961499979    1.29151105567476e-09    2.04632471008682e-09    1.4731569688679e-09    5.72923882464243e-10    9.16357881970157e-10    6.30027449906388e-09
102.530514999979    1.11581622897054e-09    2.02950232455048e-09    1.49301157897165e-09    5.69333686061074e-10    1.02792769251132e-09    6.23559151106507e-09
102.884068499979    2.10374468417596e-09    1.76150194575009e-09    1.27218907898107e-09    6.02001437125128e-10    4.24489250044223e-10    6.16392639607647e-09
103.237621999978    3.09412133491529e-09    1.29224296803476e-09    9.8544473611972e-10    6.5738434447186e-10    4.67008522670593e-11    6.07589423580869e-09
103.591175499978    3.41930873895195e-09    1.04219815940451e-09    7.8817863745213e-10    7.29332522663648e-10    7.57574790523522e-13    5.97977563326276e-09
103.944728999978    2.9454764795021e-09    1.29220644994046e-09    9.36953363566255e-10    6.71857662864545e-10    3.91880914643666e-11    5.88568204733773e-09
104.298282499978    1.96784139548151e-09    1.68256213384884e-09    1.21845890152312e-09    5.79944014820687e-10    3.53492605193137e-10    5.80229905086729e-09
104.651835999977    1.04355320487742e-09    1.89550779588025e-09    1.40585784335832e-09    5.3550502431207e-10    8.55073136949537e-10    5.73549700537759e-09
105.005389499977    1.17999135859624e-09    1.84675692579863e-09    1.34804233508235e-09    5.36198239520089e-10    7.6598724058116e-10    5.67697609957847e-09
105.358942999977    2.12613726944177e-09    1.51646002038985e-09    1.13958675269052e-09    5.75161146021687e-10    2.51927270800339e-10    5.60927245934417e-09
105.712496499977    2.8872876609816e-09    1.1241021947014e-09    8.49648124255179e-10    6.47816157827721e-10    1.99994805350477e-11    5.52885361830094e-09
106.066049999976    3.05304183648153e-09    9.72632394467384e-10    7.36061398456053e-10    6.80228983208733e-10    1.25475168963675e-12    5.44321936430333e-09
106.419603499976    2.47871953514669e-09    1.24741830179073e-09    9.66841196324318e-10    6.02708975678838e-10    6.53417064669419e-11    5.36102971540752e-09
106.773156999976    1.57154347931122e-09    1.58641546209384e-09    1.19248082786464e-09    5.32826686906231e-10    4.06326305839393e-10    5.28959276201533e-09
107.126710499976    9.06404914026095e-10    1.75785477359321e-09    1.28738660076747e-09    4.99299871731084e-10    7.81297825295201e-10    5.23224398541306e-09
107.480263999975    1.22398480613658e-09    1.64613058024211e-09    1.22288218788385e-09    5.06421750680134e-10    5.79376619735642e-10    5.17879594467832e-09
107.833817499975    2.10847810844596e-09    1.30864894723684e-09    9.99040466504949e-10    5.48270027266095e-10    1.51058658042082e-10    5.11549620749593e-09
108.187370999975    2.66936530278098e-09    9.94072141215746e-10    7.47554661173024e-10    6.23222861086462e-10    8.05060919140929e-12    5.04226557544762e-09
108.540924499975    2.70293129173473e-09    9.30796518439844e-10    6.90319932155514e-10    6.38917247433644e-10    2.99422184590391e-12    4.96595921160964e-09
108.894477999974    2.09362164320824e-09    1.21078090574717e-09    9.5678223650563e-10    5.41121251367985e-10    9.17542154318931e-11    4.89406025226091e-09
109.248031499974    1.27103030623232e-09    1.49118808031092e-09    1.15590155006648e-09    4.8216838588214e-10    4.3232808277993e-10    4.83261640527179e-09
109.601584999974    8.14200419777716e-10    1.60906392060035e-09    1.19860830191712e-09    4.6561145527564e-10    6.95095217757876e-10    4.7825793153287e-09
109.955138499974    1.25117767047206e-09    1.47511454412992e-09    1.08915511417693e-09    4.82304146131563e-10    4.35653670919786e-10    4.73340514583026e-09
110.308691999973    2.03533883668013e-09    1.15430217855382e-09    8.63029139550888e-10    5.31048951639326e-10    9.10017249192816e-11    4.67472083134345e-09
110.662245499973    2.46771725807205e-09    8.79088256862409e-10    6.7548106028981e-10    5.82969315039393e-10    2.91561330080828e-12    4.60817150356447e-09
111.015798999973    2.36831740567214e-09    9.17235876688503e-10    6.70973186260445e-10    5.77957747434673e-10    5.76695260584037e-12    4.5402511686616e-09
111.369352499973    1.77236369227134e-09    1.16616515213346e-09    9.26600683957075e-10    4.97630413118197e-10    1.14580501148188e-10    4.47734044262826e-09
111.722905999972    1.04282454372439e-09    1.41524103596765e-09    1.07076222218576e-09    4.5593791939221e-10    4.39385498927276e-10    4.42415122019728e-09
112.076459499972    7.74917834435403e-10    1.46812102229687e-09    1.08985566755134e-09    4.45480274224157e-10    6.01551413959787e-10    4.37992621246756e-09
112.430012999972    1.28023625579566e-09    1.29859551866332e-09    9.73952463194616e-10    4.62931637101744e-10    3.18650949931713e-10    4.33436682468706e-09
112.783566499972    1.93582571141137e-09    1.01735559854863e-09    7.66176678898172e-10    5.07501522615522e-10    5.3266349181872e-11    4.28012586065556e-09
113.137119999971    2.25951807682129e-09    7.95904758859671e-10    6.02610995099536e-10    5.60884086420268e-10    1.02545898478368e-12    4.21994337618555e-09
113.490673499971    2.06218566178177e-09    9.03948080035399e-10    6.57344840749509e-10    5.26061889667431e-10    1.00052426986523e-11    4.15954571493276e-09
113.844226999971    1.50143759672606e-09    1.13851246916868e-09    8.66889894929984e-10    4.60124282385752e-10    1.37444000122113e-10    4.10440824333259e-09
114.197780499971    8.65672746633459e-10    1.34224442406671e-09    9.94079318179758e-10    4.20371841568104e-10    4.35739198430609e-10    4.05810752887864e-09
114.55133399997    7.52791442141565e-10    1.33074148398669e-09    9.99906401988842e-10    4.22674098821162e-10    5.12448984287127e-10    4.01856241122538e-09
114.90488749997    1.28413277344459e-09    1.15597653792176e-09    8.61244113722726e-10    4.45700598571756e-10    2.29128595188254e-10    3.97618261884908e-09
115.25844099997    1.83483919016721e-09    8.98903249319488e-10    6.72345784647618e-10    4.90189912458741e-10    2.98720662224838e-11    3.92615020281554e-09
115.61199449997    2.06096345073206e-09    7.23624751517248e-10    5.59139229382517e-10    5.2756266587806e-10    4.26843275674902e-13    3.87171694078556e-09
115.965547999969    1.79308901339598e-09    8.77783154822075e-10    6.42248978377148e-10    4.8814496032608e-10    1.67954378115252e-11    3.81806154473281e-09
116.319101499969    1.26458988032395e-09    1.1018833527287e-09    8.07344073845533e-10    4.322198385455e-10    1.63665490530249e-10    3.76970263597393e-09
116.672654999969    7.3804012821824e-10    1.23681762315531e-09    9.22966173690352e-10    4.01130439594347e-10    4.30326821866727e-10    3.72928118652497e-09
117.026208499969    7.59215575859216e-10    1.21048793696619e-09    8.95379954901806e-10    4.02040624874965e-10    4.26523396885932e-10    3.69364748948811e-09
117.379761999968    1.28753103384605e-09    1.01510083039544e-09    7.68817140517772e-10    4.26712055543884e-10    1.55821692590973e-10    3.65398275289412e-09
117.733315499968    1.73436412779633e-09    7.87376714258472e-10    6.0055293240077e-10    4.7125780804846e-10    1.43197877022958e-11    3.60787137020633e-09
118.086868999968    1.85539605586866e-09    6.82275734815555e-10    5.18915103147795e-10    5.01681279212231e-10    4.52895134192084e-13    3.55872106817843e-09
118.440422499968    1.55249774746286e-09    8.46024259671651e-10    6.41656988844595e-10    4.4517192778798e-10    2.57425708642388e-11    3.51109349463133e-09
118.793975999967    1.06227130157393e-09    1.03874180620381e-09    7.76575917573539e-10    4.02886331507025e-10    1.88113355728054e-10    3.46858871258636e-09
119.147529499967    6.51681756509731e-10    1.12039607929404e-09    8.65740025302022e-10    3.81951256635829e-10    4.13292365045682e-10    3.4330614827873e-09
119.501082999967    7.70043489564231e-10    1.08340352106313e-09    8.08479742780648e-10    3.92414961369854e-10    3.46214098695537e-10    3.4005558134734e-09
119.854636499967    1.25678800173841e-09    9.01569137166551e-10    6.84535471739093e-10    4.16595180045264e-10    1.04100437427883e-10    3.3635882281172e-09
120.208189999966    1.61271710595616e-09    7.03921322191542e-10    5.43145592781606e-10    4.54919440020342e-10    6.56008591737901e-12    3.32126354686703e-09
120.561743499966    1.6624957261768e-09    6.4887626763456e-10    4.94772727374117e-10    4.70157425882043e-10    6.80135494818076e-13    3.27698228256234e-09
120.915296999966    1.35895678549176e-09    7.95953877598257e-10    6.27983489994038e-10    4.18029844283264e-10    3.364906888412e-11    3.23457306625144e-09
121.268850499966    9.00496154251684e-10    9.6583336076431e-10    7.46185323114535e-10    3.81319376162017e-10    2.03183480130178e-10    3.19701769442272e-09
121.622403999965    5.82503214523304e-10    1.05078871639486e-09    7.82479090615451e-10    3.66178492963226e-10    3.83641533894424e-10    3.16559104839127e-09
121.975957499965    7.73793548502273e-10    9.80967432800102e-10    7.30316628713014e-10    3.74393923878896e-10    2.76233434307992e-10    3.13570496820228e-09
122.329510999965    1.21572834932376e-09    8.05640594325958e-10    6.16090400586244e-10    3.95012343185657e-10    6.88890611256055e-11    3.10136074854723e-09
122.683064499965    1.50336993769926e-09    6.33571560869165e-10    4.91813788807912e-10    4.31072850153349e-10    2.81854674366562e-12    3.06264668427335e-09
123.036617999964    1.49996551278577e-09    6.16862947340125e-10    4.6643071749383e-10    4.38218101710438e-10    1.19877939641665e-12    3.02267605872658e-09
123.390171499964    1.18550163894232e-09    7.58874872857688e-10    6.10244850675654e-10    3.86737829163138e-10    4.34979864490459e-11    2.98485717808784e-09
123.743724999964    7.70979165562296e-10    9.0366936559386e-10    7.06128253431622e-10    3.58951500744644e-10    2.11928729950577e-10    2.951657015283e-09
124.097278499964    5.3829922341153e-10    9.7953832751619e-10    7.14223710670959e-10    3.47659880661481e-10    3.43928260132753e-10    2.92364940239291e-09
124.450831999963    7.7342267392436e-10    8.87049250903826e-10    6.69068144937539e-10    3.55464462153693e-10    2.10954747225054e-10    2.89595927914447e-09
124.804385499963    1.16504726333994e-09    7.25121713278383e-10    5.52730642820866e-10    3.78641336832758e-10    4.25112741913497e-11    2.8640522304633e-09
125.157938999963    1.39550667609531e-09    5.74715201722523e-10    4.48884919319454e-10    4.08506910572385e-10    1.05681121379223e-12    2.82867051892346e-09
125.511492499963    1.3406004822682e-09    5.98973646072534e-10    4.44189738096128e-10    4.0659209820409e-10    2.27789924072052e-12    2.79263386388168e-09
125.865045999962    1.03404537977453e-09    7.26980770867064e-10    5.80224528210395e-10    3.63106904926741e-10    5.45116949716493e-11    2.75886927875038e-09
126.218599499962    6.55342410250503e-10    8.69246130439034e-10    6.52218860841756e-10    3.35690386396927e-10    2.17022427579388e-10    2.72952021550761e-09
126.572152999962    5.10654644408955e-10    8.94740776382372e-10    6.72972234284929e-10    3.27052556340734e-10    2.98898270445058e-10    2.70431848186205e-09
126.925706499962    7.72630646213782e-10    8.03001870559772e-10    6.12067052337826e-10    3.35862669630457e-10    1.55014927415233e-10    2.67857716615707e-09
127.279259999961    1.11079881780386e-09    6.5207454872932e-10    5.0095385813516e-10    3.60600663123319e-10    2.45387669379504e-11    2.64896665472961e-09
127.632813499961    1.28613431668525e-09    5.3056187217293e-10    4.13127178744117e-10    3.86477728725926e-10    3.2340818921738e-13    2.61662450451744e-09
127.986366999961    1.19175636011108e-09    5.84016174470802e-10    4.28406994287847e-10    3.7583629227695e-10    4.06460290541527e-12    2.5840804240521e-09
128.339920499961    8.93721540444949e-10    7.11206368827347e-10    5.47731675741103e-10    3.34717039251459e-10    6.65832413952787e-11    2.55395986566014e-09
128.69347399996    5.64190962905785e-10    8.26246750983785e-10    6.09768988952752e-10    3.10621074768922e-10    2.17137270944115e-10    2.52796504855536e-09
129.04702749996    4.95562871315117e-10    8.20889107640769e-10    6.30560282513885e-10    3.04049976157279e-10    2.54076247415605e-10    2.50513848504265e-09
129.40058099996    7.71165186091137e-10    7.32928161324262e-10    5.49452963620213e-10    3.17080474268301e-10    1.10501225034201e-10    2.48112801033811e-09
129.75413449996    1.06206487486529e-09    5.88256739296878e-10    4.47649649344659e-10    3.42192442692935e-10    1.34618969767864e-11    2.45362560317655e-09
130.107687999959    1.18430482614263e-09    4.92199375821602e-10    3.82263313966604e-10    3.65161377137055e-10    1.4037687930661e-13    2.4240692699472e-09
130.461241499959    1.0568162263034e-09    5.66508116899053e-10    4.22449918229704e-10    3.41922538016806e-10    7.02942572428866e-12    2.39472622517325e-09
130.814794999959    7.73193850914657e-10    6.87012938653068e-10    5.1992423166887e-10    3.10153554915341e-10    7.75799305912316e-11    2.36786450674317e-09
131.168348499959    4.91464971876002e-10    7.68571682727034e-10    5.8379232091557e-10    2.91330845789993e-10    2.09555919705947e-10    2.34471574101455e-09
131.521901999958    4.95784414717883e-10    7.57524492303491e-10    5.70083950610666e-10    2.91370261303049e-10    2.09125123084585e-10    2.32388824201967e-09
131.875455499958    7.58604082763691e-10    6.62715015379409e-10    4.9837257124228e-10    3.03960333794179e-10    7.7758639822091e-11    2.30141064300165e-09
132.229008999958    1.00604558555411e-09    5.2819759290364e-10    4.06373042927008e-10    3.2812811682385e-10    7.18917852130376e-12    2.27593351672991e-09
132.582562499958    1.08757288140619e-09    4.58912125975165e-10    3.58380103153794e-10    3.4392973363485e-10    1.30901120703192e-13    2.2489257452907e-09
132.936115999957    9.34215736766067e-10    5.4680217458312e-10    4.14684670127905e-10    3.15883690654737e-10    1.09068632527602e-11    2.22249313538459e-09
133.289669499957    6.7073162047567e-10    6.56844883473645e-10    4.9152566804485e-10    2.91132202373744e-10    8.82207116039287e-11    2.19845508597184e-09
133.643222999957    4.38255506894935e-10    7.20811815448524e-10    5.42824098092833e-10    2.75684452494763e-10    2.00196130675182e-10    2.17777200360624e-09
133.996776499957    4.86520691856809e-10    7.02619649298337e-10    5.1986259641228e-10    2.77872834907104e-10    1.71755550017884e-10    2.15863132249241e-09
134.350329999956    7.42062222097618e-10    5.95475419335196e-10    4.58492825793097e-10    2.87723548880842e-10    5.38516124735525e-11    2.13760562858031e-09
134.703883499956    9.50750560133548e-10    4.77163446912223e-10    3.72457845667817e-10    3.10031781963304e-10    3.64608130766755e-12    2.11404971598456e-09
135.057436999956    9.90039259275402e-10    4.38355801178954e-10    3.36398681798504e-10    3.24347385269999e-10    2.52434627390018e-13    2.08939356215025e-09
135.410990499956    8.29069822727379e-10    5.24438620734652e-10    4.02389298264502e-10    2.94450859764834e-10    1.51824099431404e-11    2.06553101143451e-09
135.764543999955    5.80793043214445e-10    6.25157157243046e-10    4.72580523580666e-10    2.70533009712241e-10    9.49320326499241e-11    2.04399576640032e-09
136.118097499955    4.03360209970726e-10    6.69645325082496e-10    5.10053881528361e-10    2.58625265588018e-10    1.83692302712924e-10    2.02537698488252e-09
136.471650999955    4.86765452054318e-10    6.38353919976129e-10    4.83162259375307e-10    2.61365057972044e-10    1.38028765095696e-10    2.00767545447349e-09
136.825204499955    7.22398781509163e-10    5.37917159156927e-10    4.12616107610338e-10    2.77834277505131e-10    3.72949097770713e-11    1.98806123555863e-09
137.178757999954    8.91429467364956e-10    4.35783579876065e-10    3.40741852158369e-10    2.96478553352211e-10    1.89527823346466e-12    1.96632873098507e-09
137.532311499954    9.05594247889789e-10    4.15041071552977e-10    3.18516320461957e-10    3.04165908904468e-10    4.98451473864784e-13    1.94381600028306e-09
137.885864999954    7.3923702124376e-10    4.98361673865312e-10    3.90107377640637e-10    2.75382670220638e-10    1.91609781405491e-11    1.9222497211109e-09
138.239418499954    5.12068507224213e-10    5.89157098578289e-10    4.48418217784297e-10    2.54964370707056e-10    9.82729797978406e-11    1.9028811740917e-09
138.592971999953    3.72952041349332e-10    6.28831443407545e-10    4.6997301402462e-10    2.45468515774595e-10    1.68804102375034e-10    1.88602911693113e-09
138.946525499953    4.75174322545524e-10    5.89863267022344e-10    4.41782839876954e-10    2.49635285283685e-10    1.1317982365479e-10    1.8696355383833e-09
139.300078999953    6.93019791229694e-10    4.92424314147393e-10    3.73885808069957e-10    2.65400673344849e-10    2.66321079600188e-11    1.85136269475191e-09
139.653632499953    8.32853423326966e-10    4.0299675656515e-10    3.11587671803952e-10    2.82879036428185e-10    1.00277108742427e-12    1.83131965921168e-09
140.007185999952    8.23543835355051e-10    3.99814035496763e-10    3.04421485252001e-10    2.82166099907369e-10    8.17722034769905e-13    1.81076317804595e-09
140.360739499952    6.61872345515874e-10    4.75862108878512e-10    3.74913909321087e-10    2.56090393872571e-10    2.24764753644354e-11    1.79121523295248e-09
140.714292999952    4.57405031044958e-10    5.54745483101258e-10    4.2366797365199e-10    2.38366484485163e-10    9.95538795217253e-11    1.77373885180509e-09
141.067846499952    3.5066329348028e-10    5.87784725153159e-10    4.34096606521604e-10    2.32441617601333e-10    1.53443343361505e-10    1.75842958611788e-09
141.421399999951    4.70071482393543e-10    5.38200531828168e-10    4.05674115029775e-10    2.37066899051152e-10    9.21932752601722e-11    1.74320630356281e-09
141.774953499951    6.66045236122224e-10    4.48173129842312e-10    3.41361039054942e-10    2.52221112622031e-10    1.83964181970013e-11    1.72619693583851e-09
142.128506999951    7.77714903754068e-10    3.72545322705556e-10    2.8839434323941e-10    2.68607377499123e-10    4.44449550813789e-13    1.70770639674897e-09
142.482060499951    7.48341492385514e-10    3.848526783902e-10    2.89372307938419e-10    2.65181186499436e-10    1.17380129318039e-12    1.68892146650675e-09
142.83561399995    5.93400896959421e-10    4.54316556258527e-10    3.57432088917536e-10    2.40519455154824e-10    2.55182339332408e-11    1.67118723122355e-09
143.18916749995    4.06513747122665e-10    5.25331468457061e-10    4.00983498427936e-10    2.23263603070712e-10    9.93067435632949e-11    1.65539906064167e-09
143.54272099995    3.33535449700942e-10    5.46105774798338e-10    4.04011265597076e-10    2.20506123163483e-10    1.37267359016351e-10    1.64142597227619e-09
143.89627449995    4.61032249322302e-10    4.95672287761548e-10    3.72014383421145e-10    2.256688816739e-10    7.28602169649503e-11    1.62724801914385e-09
144.249827999949    6.37446178259749e-10    4.10279660664605e-10    3.1063586082587e-10    2.41105753259803e-10    1.19283120438696e-11    1.6113957650539e-09
144.603381499949    7.26971958652255e-10    3.44948084094992e-10    2.68267404799013e-10    2.53966582969986e-10    1.77250652122323e-13    1.59433128116837e-09
144.956934999949    6.79886189383388e-10    3.71405937135789e-10    2.78251098764862e-10    2.4586193673889e-10    1.76125520734269e-12    1.57716641723027e-09
145.310488499949    5.29313877904098e-10    4.37307626869258e-10    3.39031786200129e-10    2.25732258875053e-10    2.96858966007585e-11    1.5610714464493e-09
145.664041999948    3.61415329124979e-10    5.02889499745546e-10    3.68526930972805e-10    2.14448068628759e-10    9.95383374443995e-11    1.54681816591649e-09
146.017595499948    3.22045686527947e-10    5.02060749949831e-10    3.78837878019543e-10    2.10922298013413e-10    1.20125582231575e-10    1.53399219474231e-09
146.371148999948    4.54880978908337e-10    4.54939012092123e-10    3.41048141552107e-10    2.15147853736907e-10    5.47260061875644e-11    1.52074199247704e-09
146.724702499948    6.05805520164971e-10    3.76448087815528e-10    2.84592279430055e-10    2.32086947975126e-10    7.02304433455488e-12    1.50595587972023e-09
147.078255999947    6.73455034108588e-10    3.2245166393147e-10    2.49821494005157e-10    2.44400019128975e-10    7.6417820699517e-14    1.49020462899489e-09
147.431809499947    6.15617217093071e-10    3.55875726417494e-10    2.67618856167604e-10    2.32514077064989e-10    2.88331112361098e-12    1.47450918786677e-09
147.785362999947    4.70483236585035e-10    4.22954705505112e-10    3.20316224909073e-10    2.1104928996847e-10    3.50967365461565e-11    1.45990019351385e-09
148.138916499947    3.23657361712406e-10    4.69324026439795e-10    3.53843644728483e-10    2.00983178369581e-10    9.91745666870778e-11    1.44698277793734e-09
148.492469999946    3.10886089629902e-10    4.70579757257443e-10    3.49438783901686e-10    2.01009198680604e-10    1.03285747077848e-10    1.43519957654748e-09
148.846023499946    4.44557593256201e-10    4.16925364180974e-10    3.15133200121915e-10    2.05784104834977e-10    4.03667549013496e-11    1.42276701729542e-09
149.199576999946    5.75883949023288e-10    3.45116813816779e-10    2.62963661618971e-10    2.20934982113489e-10    4.10187975398848e-12    1.40900128632652e-09
149.553130499945    6.28308821936035e-10    3.0109777453841e-10    2.37244235660973e-10    2.27769340750843e-10    5.59521999488918e-14    1.39447612508621e-09
149.906683999945    5.55600889892655e-10    3.45367495646406e-10    2.58739954445107e-10    2.16302821502426e-10    4.10892206882705e-12    1.38012008355542e-09
150.260237499945    4.18856180242285e-10    4.05719183334201e-10    3.05290306244883e-10    1.99128335320361e-10    3.7848918678029e-11    1.36684292381976e-09
150.613790999945    2.95674271970718e-10    4.40740952189765e-10    3.37627455223899e-10    1.8924907711684e-10    9.17769436893891e-11    1.35506870019061e-09
150.967344499944    3.03648994007946e-10    4.40056803395882e-10    3.26427333267934e-10    1.88986399600097e-10    8.50348901000542e-11    1.34415442037191e-09
151.320897999944    4.31038281785451e-10    3.83293016403267e-10    2.93276826054579e-10    1.95314965205631e-10    2.95974197697215e-11    1.33252050921865e-09
151.674451499944    5.46421179013325e-10    3.16686370707648e-10    2.43770918859691e-10    2.10389384872204e-10    2.46069378789302e-12    1.31972854724076e-09
152.028004999944    5.80192555716133e-10    2.86924573508135e-10    2.21501122355248e-10    2.1763852015846e-10    6.92541005358675e-14    1.30632602583851e-09
152.381558499943    5.03320186219987e-10    3.31135308399307e-10    2.51760135323998e-10    2.01810632704568e-10    5.16958268882905e-12    1.29319584533669e-09
152.735111999943    3.75325265608344e-10    3.88078093430936e-10    2.93463281141502e-10    1.85598844140955e-10    3.86260415310884e-11    1.28109152585282e-09
153.088665499943    2.72040297695189e-10    4.15958268507659e-10    3.21137836277436e-10    1.77714342665269e-10    8.34771026123166e-11    1.27032784775787e-09
153.442218999943    2.97649172680015e-10    4.08457032452467e-10    3.0643070545927e-10    1.77665837067491e-10    6.99868975068422e-11    1.26018964516609e-09
153.795772499942    4.15039759001058e-10    3.56185891315204e-10    2.72332278327835e-10    1.83985334342763e-10    2.17672023950973e-11    1.24931046538196e-09
154.149325999942    5.14514377492231e-10    2.96268844112167e-10    2.26579497920712e-10    1.98612332851403e-10    1.44290320295772e-12    1.23741795557947e-09
154.502879499942    5.38079969760874e-10    2.73538859745289e-10    2.10215553286446e-10    2.03109629948521e-10    9.85603220067819e-14    1.22504257306314e-09
154.856432999942    4.58180245310046e-10    3.17009356010053e-10    2.43259342555262e-10    1.88323818811535e-10    6.23733091749493e-12    1.21301009360439e-09
155.209986499941    3.3569303059979e-10    3.7071039240875e-10    2.81464288136811e-10    1.7483508097152e-10    3.92639320944945e-11    1.20196672421137e-09
155.563539999941    2.51399147759153e-10    3.96077987732453e-10    3.00692566557738e-10    1.67584216492936e-10    7.63670906510217e-11    1.1921210091933e-09
155.917093499941    2.89302633130239e-10    3.78567188504738e-10    2.8803212686712e-10    1.68531164511953e-10    5.82385619900959e-11    1.18267167500415e-09
156.270646999941    4.02473230866368e-10    3.25854645906751e-10    2.49177857193099e-10    1.7901466220248e-10    1.59649784327975e-11    1.1724853746015e-09
156.62420049994    4.89153134542914e-10    2.70341781564306e-10    2.1136455398435e-10    1.89772351461331e-10    7.77815249350873e-13    1.16140963680225e-09
156.97775399994    4.96670334415784e-10    2.59568315417727e-10    1.98924375795258e-10    1.9464597410205e-10    1.67669943851747e-13    1.14997666967467e-09
157.33130749994    4.11774424453434e-10    3.04896117199883e-10    2.37497643091527e-10    1.77197624479443e-10    7.59303310911272e-12    1.1389588423334e-09
157.68486099994    3.01931786666801e-10    3.51440512705272e-10    2.70091548906662e-10    1.64897137140744e-10    4.0511065660924e-11    1.1288720510804e-09
158.038414499939    2.36415303838336e-10    3.71774255188413e-10    2.79864315025202e-10    1.61005283070514e-10    7.07764418714467e-11    1.11983559899391e-09
158.391967999939    2.82591393805016e-10    3.52890094784713e-10    2.6511612546717e-10    1.61938532862653e-10    4.84860906364196e-11    1.11102223755597e-09
158.745521499939    3.89457709443478e-10    2.9975974618075e-10    2.30862727739023e-10    1.69839437865478e-10    1.15409638218543e-11    1.10146058505058e-09
159.099074999939    4.61070562375289e-10    2.52667962792537e-10    1.97304103266879e-10    1.79681120721631e-10    4.16953310857328e-13    1.09114070246719e-09
159.452628499938    4.56212023047595e-10    2.51205656320037e-10    1.90596666654449e-10    1.82277425526578e-10    2.97953884664539e-13    1.08058972543332e-09
159.806181999938    3.74069038233756e-10    2.91875626016992e-10    2.29192659076249e-10    1.66134836786455e-10    9.2118792792286e-12    1.07048403939268e-09
160.159735499938    2.7225254423623e-10    3.35400182988787e-10    2.55068357423105e-10    1.56846860335274e-10    4.17011472012448e-11    1.06126909218464e-09
160.513288999938    2.24769661974382e-10    3.5006090748368e-10    2.60774273542361e-10    1.5228205812237e-10    6.50621674739416e-11    1.05294906859673e-09
160.866842499937    2.81295382141487e-10    3.25686377958676e-10    2.41370293372634e-10    1.56800090342156e-10    3.95497408658486e-11    1.0447018846808e-09
161.220395999937    3.75722960152177e-10    2.78077414362782e-10    2.10023406653838e-10    1.64002053020499e-10    7.89279733728666e-12    1.03571863152658e-09
161.573949499937    4.36238532111959e-10    2.35348215646007e-10    1.81314693137816e-10    1.7301011599034e-10    1.87759904335582e-13    1.02609931679046e-09
161.927502999937    4.19359169961953e-10    2.43527568665113e-10    1.82113542975633e-10    1.70812368810553e-10    5.41718738486718e-13    1.01635436915174e-09
162.281056499936    3.39066703046604e-10    2.80731247621257e-10    2.19070021950604e-10    1.56686934483488e-10    1.15297842952026e-11    1.00708469139716e-09
162.634609999936    2.47464713947422e-10    3.17915918251131e-10    2.41251226053133e-10    1.48377485609555e-10    4.36546409241174e-11    9.98663984785359e-10
162.988163499936    2.15428398749095e-10    3.27523806324145e-10    2.43365366249874e-10    1.45851118153567e-10    5.88236822033079e-11    9.90992371679989e-10
163.341716999936    2.79370894411957e-10    2.9881519801879e-10    2.25648437871428e-10    1.48800793560082e-10    3.06012082675951e-11    9.83236532129853e-10
163.695270499935    3.64024766146145e-10    2.54833801959401e-10    1.94957202506774e-10    1.56107833492182e-10    4.86771490469164e-12    9.74791319009193e-10
164.048823999935    4.08621227306999e-10    2.21322108847938e-10    1.69551389576411e-10    1.66258654607101e-10    7.74727326483228e-14    9.65830853071096e-10
164.402377499935    3.84138557394919e-10    2.34411643533081e-10    1.77055471668673e-10    1.60279419990556e-10    9.44267342458556e-13    9.56829359929687e-10
164.755930999935    3.055879130891e-10    2.72142656277095e-10    2.07772131906918e-10    1.48701862096837e-10    1.41189533844438e-11    9.48323516754394e-10
165.109484499934    2.25317513177488e-10    3.0288206345661e-10    2.27991579094268e-10    1.39735511742524e-10    4.46895755632733e-11    9.40616243034164e-10
165.463037999934    2.0772864104711e-10    3.06897535557206e-10    2.28351507810909e-10    1.3842152887135e-10    5.21190500058478e-11    9.33518263292422e-10
165.816591499934    2.75439296394418e-10    2.75885277366735e-10    2.0979098548736e-10    1.42009348442354e-10    2.308529743593e-11    9.26210205126798e-10
166.170144999934    3.4974683213213e-10    2.35487072297698e-10    1.80189493425789e-10    1.49989801082203e-10    2.85919075261359e-12    9.18272389690434e-10
166.523698499933    3.84671379580052e-10    2.07720435522509e-10    1.59168012092341e-10    1.58320076001701e-10    3.98218966467871e-14    9.09919725093251e-10
166.877251999933    3.50106113522121e-10    2.28870219269951e-10    1.70608638982092e-10    1.5047781488429e-10    1.54823871140974e-12    9.01611025369864e-10
167.230805499933    2.7629781459805e-10    2.63018346992159e-10    1.98344325446557e-10    1.39524124165096e-10    1.66181758408604e-11    8.93802787042722e-10
167.584358999933    2.05727091192115e-10    2.87913685980112e-10    2.15690125510654e-10    1.32729773694518e-10    4.4674119140598e-11    8.86734795517996e-10
167.937912499932    2.0395250288688e-10    2.84615120326889e-10    2.15132776709899e-10    1.31289075229942e-10    4.51364385634567e-11    8.80125913717067e-10
168.291465999932    2.70328687289529e-10    2.56863176483322e-10    1.9132908822267e-10    1.37581302313933e-10    1.71446486570705e-11    8.73246902966525e-10
168.645019499932    3.36126281914549e-10    2.17657647184236e-10    1.66630516805164e-10    1.43686275448273e-10    1.69032815428508e-12    8.65791049506507e-10
168.998572999932    3.58992956804531e-10    1.98185746347559e-10    1.53005582740754e-10    1.47789487447613e-10    3.92899134591951e-14    8.58013063253916e-10
169.352126499931    3.20068979512784e-10    2.21323704368341e-10    1.67184665873448e-10    1.39549524466174e-10    2.21059075894265e-12    8.5033746497969e-10
169.705679999931    2.48765650374106e-10    2.55042027514357e-10    1.89597262314152e-10    1.31423179863644e-10    1.83330053714155e-11    8.43161125437675e-10
170.059233499931    1.89061557979452e-10    2.73804229068189e-10    2.04801429539482e-10    1.26353933602967e-10    4.26257942953449e-11    8.36646944485435e-10
170.412786999931    1.99709054322886e-10    2.65714779052865e-10    2.00773984951168e-10    1.26136839756743e-10    3.81423764140944e-11    8.30477034497757e-10
170.76634049993    2.63379289896896e-10    2.37138410113941e-10    1.79557468528521e-10    1.31133253010827e-10    1.27872937436398e-11    8.23995715293824e-10
171.11989399993    3.2003697933155e-10    2.03104476693216e-10    1.55930009517368e-10    1.369415033172e-10    9.96684688977778e-13    8.17009653548312e-10
171.47344749993    3.35175055972301e-10    1.89488709989979e-10    1.44903352542878e-10    1.40151796983366e-10    5.02660068823859e-14    8.09769181495407e-10
171.82700099993    2.93742606291668e-10    2.12940026936315e-10    1.60029295347033e-10    1.33090263147004e-10    2.86598720326729e-12    8.02668178925288e-10
172.180554499929    2.27849508596226e-10    2.42522479734956e-10    1.81927359696575e-10    1.24267381095619e-10    1.94859233695249e-11    7.96052652492901e-10
172.534107999929    1.77436271700094e-10    2.59138806024079e-10    1.94923512534345e-10    1.18566353287887e-10    3.99739783271965e-11    7.90038921873603e-10
172.887661499929    1.94600795282207e-10    2.50934924059784e-10    1.87680120585117e-10    1.19122756010072e-10    3.19321530739037e-11    7.84270749011083e-10
173.241214999929    2.55515247548763e-10    2.21981465078819e-10    1.66584045836293e-10    1.24702733056798e-10    9.38051833980498e-12    7.78164009860478e-10
173.594768499928    3.06806722846833e-10    1.89075210755297e-10    1.43801472243591e-10    1.31373147636189e-10    5.56501383982168e-13    7.71613054865893e-10
173.948321999928    3.14157831868021e-10    1.80622864923159e-10    1.37324782946816e-10    1.32681255435211e-10    7.89385542743207e-14    7.64865673727482e-10
174.301875499928    2.70671459073795e-10    2.04698251598985e-10    1.55278418961463e-10    1.23983508840389e-10    3.66397121375208e-12    7.58295609688385e-10
174.655428999928    2.07420754637613e-10    2.33501015111324e-10    1.73483281205359e-10    1.17030566949275e-10    2.07590397386573e-11    7.52194657642229e-10
175.008982499927    1.67631854874326e-10    2.45776257910288e-10    1.81558862077708e-10    1.13971629361794e-10    3.76937169721768e-11    7.46632321196292e-10
175.362535999927    1.90500868138383e-10    2.34866924111221e-10    1.75313383778852e-10    1.13655756143836e-10    2.68858904010174e-11    7.4122282257331e-10
175.716089499927    2.48315048302145e-10    2.06499228390334e-10    1.55062889292026e-10    1.18731311977856e-10    6.86260526368632e-12    7.35471083226048e-10
176.069642999927    2.90823590859825e-10    1.77959549943315e-10    1.34970426962935e-10    1.25262766811252e-10    3.13910357634594e-13    7.29330244934962e-10
176.423196499926    2.93902721087235e-10    1.7245473311969e-10    1.31212239835875e-10    1.25339773291783e-10    1.33246623923747e-13    7.23042713958507e-10
176.776749999926    2.49767223351927e-10    1.96155971992256e-10    1.49846106661431e-10    1.1676763998955e-10    4.41998664436873e-12    7.16956928639532e-10
177.130303499926    1.91248923458085e-10    2.21520098492627e-10    1.66658489821774e-10    1.10609156106586e-10    2.12813222726306e-11    7.11317990151703e-10
177.483856999926    1.59051854360478e-10    2.32991144107126e-10    1.72133865056612e-10    1.07250069185274e-10    3.4730879850159e-11    7.06157812559648e-10
177.837410499925    1.85904329975227e-10    2.20084547520986e-10    1.63907147802771e-10    1.08741728478295e-10    2.24399059403427e-11    7.01077659717621e-10
178.190963999925    2.39509384984988e-10    1.93403799588784e-10    1.44166351722607e-10    1.13535199035821e-10    5.04915721000682e-12    6.95663892542207e-10
178.544517499925    2.76788677732406e-10    1.67444458811515e-10    1.27036944362136e-10    1.18459545829379e-10    1.78416693646052e-13    6.89908043429083e-10
178.898070999925    2.73299909909489e-10    1.67228095307873e-10    1.24021128294532e-10    1.19296039998574e-10    2.03811447547891e-13    6.84048984958015e-10
179.251624499924    2.29385819821406e-10    1.89867822374345e-10    1.42918785790525e-10    1.11157290998659e-10    5.07513379298193e-12    6.78404852777917e-10
179.605177999924    1.7619021203036e-10    2.11442155351569e-10    1.60105344472532e-10    1.04224541814493e-10    2.12241552060101e-11    6.73186408874964e-10
179.958731499924    1.51550387890263e-10    2.20060920490538e-10    1.63865467482843e-10    1.01710062540884e-10    3.11974409437638e-11    6.68384279348292e-10
180.312284999924    1.81089862979804e-10    2.06591826771652e-10    1.54006048414142e-10    1.03713659022218e-10    1.82041383357762e-11    6.63605535523592e-10
180.665838499923    2.2955924850675e-10    1.81599452662916e-10    1.35250181921503e-10    1.08492883132346e-10    3.60624069650576e-12    6.58508006920021e-10
181.019391999923    2.62007814438435e-10    1.58104866823866e-10    1.19311795378118e-10    1.13589308382965e-10    1.01755139289925e-13    6.53115540162674e-10
181.372945499923    2.55639588178354e-10    1.5991269765629e-10    1.20129272510245e-10    1.11685733962394e-10    2.83952422139872e-13    6.47651244729423e-10
181.726498999923    2.11715846898781e-10    1.82952213120231e-10    1.36618415465001e-10    1.05542837013447e-10    5.58598789406213e-12    6.42415300391521e-10
182.080052499922    1.63593186544867e-10    2.02681285131039e-10    1.51276522960514e-10    9.93339196853755e-11    2.06915039076622e-11    6.37576418229457e-10
182.433605999922    1.44482347720531e-10    2.09115464623103e-10    1.54385997464194e-10    9.71775643265918e-11    2.7933888305999e-11    6.33095262440418e-10
182.787159499922    1.75870139315392e-10    1.94132161608382e-10    1.4481069038722e-10    9.86906560953302e-11    1.50956225913552e-11    6.2859926999768e-10
183.140712999922    2.21387044345088e-10    1.69386852496151e-10    1.2656632531058e-10    1.03785480517612e-10    2.67258317971008e-12    6.23798285849141e-10
183.494266499921    2.48090415386353e-10    1.49409874134938e-10    1.12424677160065e-10    1.08758036620354e-10    6.06836441140066e-14    6.18743686945822e-10
183.847819999921    2.37390912493367e-10    1.54803566425528e-10    1.14027684238861e-10    1.07059111107189e-10    3.68519683449849e-13    6.13649793948395e-10
184.201373499921    1.96257373741293e-10    1.74809149345263e-10    1.32977097962147e-10    9.88492985655679e-11    5.8882881347814e-12    6.08781207749053e-10
184.554926999921    1.52132323654392e-10    1.93623560701185e-10    1.44912924187853e-10    9.371940113141e-11    1.98988765396714e-11    6.04287086214512e-10
184.90848049992    1.38752225823482e-10    1.97703596589973e-10    1.46233859460787e-10    9.22292631762082e-11    2.51805240158341e-11    6.00099469066285e-10
185.26203399992    1.70727114254309e-10    1.82278470261543e-10    1.35532505216533e-10    9.46254699158501e-11    1.27009632840318e-11    5.95864522932266e-10
185.61558749992    2.12958844876436e-10    1.58170532550971e-10    1.19476189089869e-10    9.87616320163853e-11    1.97855094950486e-12    5.91345749483166e-10
185.96914099992    2.35595123953828e-10    1.40980961696632e-10    1.07069586510004e-10    1.02920121788872e-10    3.77437550120121e-14    5.86603537704348e-10
186.322694499919    2.21151178194249e-10    1.49576175451823e-10    1.10789674047804e-10    9.98550579295611e-11    4.79989790840606e-13    5.81852075414278e-10
186.676247999919    1.81685965165162e-10    1.68276719184797e-10    1.27569731204656e-10    9.34311928622859e-11    6.36326783930852e-12    5.77326876256209e-10
187.029801499919    1.41908378594484e-10    1.85342060288637e-10    1.3652758201046e-10    8.98092142137622e-11    1.95627843986416e-11    5.73150019505985e-10
187.383354999919    1.33552226298544e-10    1.87059806505591e-10    1.3716709715531e-10    8.87686143866448e-11    2.26808408638304e-11    5.6922858520992e-10
187.736908499918    1.65641007508234e-10    1.71688466762578e-10    1.26435436924837e-10    9.11204316103736e-11    1.03486562313745e-11    5.65233999037397e-10
188.090461999918    2.0474878425054e-10    1.48654902761957e-10    1.10176309585469e-10    9.6021959896282e-11    1.36920653389526e-12    5.60971163028143e-10
188.444015499918    2.23053984143237e-10    1.34046002627522e-10    1.01164112185172e-10    9.8231178931306e-11    2.59504971082042e-14    5.56521228384345e-10
188.797568999918    2.06137699114064e-10    1.44090857497087e-10    1.06185526835452e-10    9.50236308979049e-11    6.51332118807513e-13    5.52089046463316e-10
189.151122499917    1.68025851199797e-10    1.62416564563942e-10    1.21641528912035e-10    8.8712653170839e-11    7.08104390379207e-12    5.47877641750405e-10
189.504675999917    1.31746828593519e-10    1.77748991386256e-10    1.29267630205919e-10    8.58986352370597e-11    1.93306336797666e-11    5.4399271910252e-10
189.858229499917    1.29437264850409e-10    1.76496656715813e-10    1.29407688679828e-10    8.46956191492335e-11    2.02769280771721e-11    5.40314157472455e-10
190.211782999917    1.60933035133508e-10    1.61278435802907e-10    1.18847358000755e-10    8.72210138481086e-11    8.26199018838284e-12    5.36541832973661e-10
190.565336499916    1.96018014282622e-10    1.39493365708495e-10    1.04408491813345e-10    9.16838723840779e-11    9.18814583430178e-13    5.3252255877197e-10
190.918889999916    2.10373682831855e-10    1.27509951993822e-10    9.57343350627569e-11    9.47085659940977e-11    2.10732096418419e-14    5.28347609092174e-10
191.272443499916    1.9099343125261e-10    1.39542280178806e-10    1.02085091741176e-10    9.07401759568524e-11    8.47987933578916e-13    5.24208967063023e-10
191.625996999916    1.55318702934171e-10    1.56874696077322e-10    1.15427406178286e-10    8.51046799025693e-11    7.56315806927138e-12    5.20288643161619e-10
191.979550499915    1.23924447001703e-10    1.68820562304563e-10    1.2406229717683e-10    8.15595457447054e-11    1.82989837248691e-11    5.16665835952671e-10
192.333103999915    1.25526188017253e-10    1.66243585360222e-10    1.22521652320443e-10    8.17003560436009e-11    1.72175838165164e-11    5.13209365558036e-10
192.686657499915    1.563646924103e-10    1.51563018558671e-10    1.11554291552403e-10    8.39545052536246e-11    6.20616735033228e-12    5.09642675125331e-10
193.040210999915    1.88334771048202e-10    1.3111610468194e-10    9.88535355954324e-11    8.6992589255388e-11    5.52539811157942e-13    5.0584954039212e-10
193.393764499914    1.98292788776264e-10    1.22298555435213e-10    9.17600884258956e-11    8.95579401916829e-11    2.21408303876878e-14    5.01931513659443e-10
193.747317999914    1.78590711170356e-10    1.33708490460923e-10    9.91506635910422e-11    8.55072117095944e-11    1.10768457521089e-12    4.98064761507127e-10
194.100871499914    1.42852064284573e-10    1.51912419144831e-10    1.10647826932634e-10    8.10205436691459e-11    7.98518574491104e-12    4.94418039776095e-10
194.454424999913    1.16768907070868e-10    1.60722678251299e-10    1.19246117984074e-10    7.74560525033649e-11    1.68435662487182e-11    4.91037322058324e-10
194.807978499913    1.22709858330383e-10    1.57033747229876e-10    1.16111841047151e-10    7.7796470810847e-11    1.41288655464448e-11    4.87780782964702e-10
195.161531999913    1.52360688228119e-10    1.42045686558188e-10    1.05457975044548e-10    8.00185181259391e-11    4.51947230258413e-12    4.84402340259378e-10
195.515085499913    1.7932027376185e-10    1.24142178125026e-10    9.29442094241696e-11    8.40920347245726e-11    3.28431479399531e-13    4.80827127515018e-10
195.868638999912    1.86384324998514e-10    1.17300708814021e-10    8.73673751838155e-11    8.60678631866144e-11    2.72592524859952e-14    4.77147531435451e-10
196.222192499912    1.64101991615537e-10    1.30471987541275e-10    9.62075964078392e-11    8.14293933548563e-11    1.32589123936591e-12    4.73536860158874e-10
196.575745999912    1.32097927285671e-10    1.46133904800844e-10    1.07137353196126e-10    7.68233831791678e-11    7.94566216392716e-12    4.70138230625737e-10
196.929299499912    1.09982142806467e-10    1.54113331173707e-10    1.13719656033679e-10    7.41502533561256e-11    1.50121848279482e-11    4.66977568197927e-10
197.282852999911    1.18608220623991e-10    1.48987129790996e-10    1.09663929494623e-10    7.51090742813745e-11    1.15357931502223e-11    4.63904147341206e-10
197.636406499911    1.47087245053688e-10    1.33572331431301e-10    9.93705820718293e-11    7.73550770849743e-11    3.31978623477641e-12    4.60705021876569e-10
197.989959999911    1.71457657528918e-10    1.17016189194067e-10    8.83893770695189e-11    8.02725070817843e-11    1.92949514105081e-13    4.57328680388393e-10
198.343513499911    1.74995601668931e-10    1.12675655218052e-10    8.37750024322329e-11    8.23853091582229e-11    4.19580932123151e-14    4.53873526570651e-10
198.69706699991    1.50863283192249e-10    1.2656914980889e-10    9.45965433988105e-11    7.69470406506327e-11    1.52768942831854e-12    4.505037064789e-10
199.05062049991    1.21831615616445e-10    1.40645328851312e-10    1.04455431846012e-10    7.27319905941732e-11    7.67121555280248e-12    4.47335582460744e-10
199.40417399991    1.04722561423296e-10    1.45750929710903e-10    1.09307880906815e-10    7.15763504465495e-11    1.30151346133044e-11    4.44372857100867e-10
199.75772749991    1.15754011377243e-10    1.39718062580128e-10    1.04876533705674e-10    7.20336938407729e-11    9.08395076679579e-12    4.41466252270613e-10
200.111280999909    1.43169134791951e-10    1.24291588519743e-10    9.39547738631741e-11    7.47261309215762e-11    2.29175785123999e-12    4.38433385947684e-10
200.464834499909    1.64453240938213e-10    1.09710643185979e-10    8.26581084541972e-11    7.83260554569095e-11    9.78978476570359e-14    4.35245945882956e-10
200.818387999909    1.64297247509217e-10    1.08198009520827e-10    8.13539201406893e-11    7.80780631380794e-11    7.01653680827901e-14    4.31997405676895e-10
201.171941499909    1.39572020739957e-10    1.21724876633319e-10    9.24860705260072e-11    7.31891322003222e-11    1.879665183004e-12    4.28851765282609e-10
201.525494999908    1.12460857514085e-10    1.34598849026639e-10    1.00845062037628e-10    6.9986072408874e-11    8.00675796963714e-12    4.25897598956863e-10
201.879048499908    9.98350134825477e-11    1.38829796924326e-10    1.0404124786119e-10    6.83994973220387e-11    1.20179334689189e-11    4.23123489059021e-10
202.232601999908    1.13605206639456e-10    1.32160999630775e-10    9.79229382579916e-11    6.92954169389981e-11    7.38896977288347e-12    4.20373531240103e-10
202.586155499908    1.3921189606994e-10    1.17343552025656e-10    8.7404508031538e-11    7.1967811877505e-11    1.56535845324567e-12    4.17493126457885e-10
202.939708999907    1.56984682492513e-10    1.03899058531312e-10    7.87745386202323e-11    7.4770881504603e-11    4.81027111755107e-14    4.14477263859837e-10
203.293262499907    1.5260111433883e-10    1.05764146392298e-10    7.81392580291053e-11    7.48029270472951e-11    1.2127891771507e-13    4.11428724725243e-10
203.646815999907    1.28884120481829e-10    1.17782735338945e-10    8.93875019189489e-11    7.01670092463717e-11    2.26949607940885e-12    4.08490863065504e-10
204.000369499907    1.03793175847732e-10    1.29846565394111e-10    9.67318437490239e-11    6.72791345134968e-11    8.08683767810566e-12    4.0573755718247e-10
204.353922999906    9.65568303003601e-11    1.31814514066928e-10    9.80634616923362e-11    6.60420492294871e-11    1.06528047037912e-11    4.03129659992903e-10
204.707476499906    1.12571923906391e-10    1.23466791438486e-10    9.16742121423196e-11    6.70901675796419e-11    5.71663107258376e-12    4.00519726139422e-10
205.061029999906    1.35569059773192e-10    1.09520222236457e-10    8.20932633561119e-11    6.96147945333801e-11    9.84231047557831e-13    3.97781570946699e-10
205.414583499906    1.49394303336416e-10    9.85410903677077e-11    7.47119133976819e-11    7.22582889529768e-11    2.28768650955873e-14    3.94928472919878e-10
205.768136999905    1.4150577946729e-10    1.03304511335782e-10    7.67120195687177e-11    7.03300633746265e-11    2.15517883601024e-13    3.92067891630018e-10
206.121690499905    1.18280530388798e-10    1.14499867276293e-10    8.77459674402894e-11    6.60358252822201e-11    2.76367512656357e-12    3.89325865514164e-10
206.475243999905    9.68140324716996e-11    1.24611389851009e-10    9.32454392729074e-11    6.38378281451923e-11    8.24688164962288e-12    3.86755571390431e-10
206.828797499905    9.32531861584091e-11    1.25682844156309e-10    9.24967309862339e-11    6.33484737963321e-11    9.524241338061e-12    3.84305476435345e-10
207.182350999904    1.10809312237012e-10    1.1582953973464e-10    8.54617795756326e-11    6.53054430011261e-11    4.41670418928832e-12    3.81822778737699e-10
207.535904499904    1.32431534554233e-10    1.02157708612471e-10    7.66852488257526e-11    6.73473740738644e-11    5.94038503744589e-13    3.79215904570066e-10
207.889457999904    1.42449831941684e-10    9.3640820489616e-11    7.05906372943249e-11    6.98218334091632e-11    1.52507786633398e-14    3.76518373913452e-10
208.243011499904    1.30895897094093e-10    1.00907666880074e-10    7.47554422960333e-11    6.69055873477813e-11    3.71492872586944e-13    3.73836086490568e-10
208.596564999903    1.08999269065391e-10    1.11606655542939e-10    8.40730694619825e-11    6.32053792962593e-11    3.39245260360995e-12    3.71276825970181e-10
208.950118499903    9.0750230630739e-11    1.19837680977106e-10    8.82880786229087e-11    6.14851173792657e-11    8.51502644481166e-12    3.68876134054831e-10
209.303671999903    9.17324081071184e-11    1.18299860289788e-10    8.69219795380541e-11    6.12060804345459e-11    8.40310111380655e-12    3.66563429483313e-10
209.657225499903    1.10326158699896e-10    1.07576033721678e-10    8.00159122896873e-11    6.30696922111049e-11    3.20994979951376e-12    3.6419774672188e-10
210.010778999902    1.28649718331492e-10    9.56366387629514e-11    7.19421545065041e-11    6.51817648526531e-11    3.07752248226177e-13    3.61718028701827e-10
210.364332499902    1.34111949882504e-10    9.05997867805063e-11    6.82118909823105e-11    6.62282265988854e-11    1.80527956389871e-14    3.59169907039845e-10
210.717885999902    1.21173599203206e-10    9.83335858736955e-11    7.2805559649879e-11    6.37416429228408e-11    6.02209173822584e-13    3.56656596823444e-10
211.071439499902    1.00629680671455e-10    1.08859387882877e-10    8.04209410393608e-11    6.0258425414987e-11    4.09697617796031e-12    3.5426541118664e-10
211.424992999901    8.59174435776752e-11    1.14997739427186e-10    8.34357989618642e-11    5.9161891876038e-11    8.50678095127392e-12    3.52019654794038e-10
211.778546499901    9.08462032315605e-11    1.10628632273744e-10    8.21460599123957e-11    5.92066533004431e-11    7.00161080497024e-12    3.49829159523114e-10
