#t    a    aDot    H
0    1    1.16969131829146    1.16969131829146
0.3535535    1.49564503313477    1.60737846707419    1.07470585029473
0.707106999999999    2.0960046298537    1.71593346235429    0.818668736659262
1.0606605    2.67015141428813    1.50722553764656    0.564471935779114
1.414214    3.16147605473872    1.28426265966655    0.406222485139996
1.76776750000001    3.58691942540264    1.13220200478311    0.315647459701725
2.121321    3.96929177579394    1.0463056503165    0.263600085208455
2.4748745    4.34547640381045    1.11703158095365    0.257056183753329
2.82842799999999    4.77758043941344    1.3288677745847    0.278146604005239
3.18198149999998    5.26729884623568    1.40427342003767    0.266602192325056
3.53553499999997    5.75177092501635    1.32480721346812    0.230330315782588
3.88908849999997    6.20285835822019    1.22967537110829    0.198243342035804
4.24264199999997    6.62344408740052    1.15297394555255    0.174074685365851
4.59619549999999    7.02319199191103    1.12221913078921    0.159787619658088
4.949749    7.43147389686023    1.20817437074403    0.162575336671031
5.30330250000002    7.88191170007774    1.32712666510942    0.168376241146717
5.65685600000003    8.35465735461923    1.32774326347932    0.158922527534324
6.01040950000005    8.81368018302076    1.26653323237787    0.143700838478097
6.36396300000006    9.25065005937829    1.20676878947742    0.130452322996912
6.71751650000007    9.66837778963079    1.1602169954082    0.120001206060909
7.07107000000009    10.0774652451709    1.16884849378338    0.11598635821081
7.4246235000001    10.5054182353875    1.25910347946246    0.119852770375307
7.77817700000012    10.9629835276544    1.31296218733352    0.119763218107693
8.13173050000013    11.4236599818663    1.28480930583789    0.112469148055647
8.48528400000015    11.8695224890368    1.2375937476455    0.104266515252707
8.83883750000016    12.2993216225397    1.19479222920974    0.0971429372999045
9.19239100000018    12.7164055670768    1.17105851358385    0.0920903715603216
9.54594450000019    13.135145739343    1.2105222646947    0.092159028054701
9.89949800000021    13.5766972542196    1.28259139714806    0.0944700594799986
10.2530515000002    14.033854706072    1.29135394155303    0.0920170522354276
10.6066050000002    14.4848105200951    1.25727311732049    0.0867994176089666
10.9601585000002    14.9227211075608    1.22043498379203    0.0817836757113742
11.3137120000003    15.3483684339619    1.18931122189186    0.0774877946805232
11.6672655000003    15.7672698895195    1.18938261567611    0.0754336434912359
12.0208190000003    16.1964987366052    1.24486250727178    0.0768599761909226
12.3743725000003    16.6455088355607    1.28512211314715    0.0772053366372117
12.7279260000003    17.0983016239454    1.27006502818223    0.0742801861913327
13.0814795000003    17.5418616323846    1.23889751033872    0.0706252013783734
13.4350330000004    17.974552892055    1.20928736437269    0.0672777437989689
13.7885865000004    18.3980995796656    1.19060146122249    0.0647132849818033
14.1421400000004    18.821571766436    1.21408107495297    0.0645047655965697
14.4956935000004    19.2602998381621    1.26568058008656    0.0657144795627095
14.8492470000004    19.7111186862889    1.2756961542228    0.064719622185126
15.2028005000004    20.1584383002744    1.25260813223721    0.0621381534411897
15.5563540000004    20.5965599624422    1.22602374348395    0.0595256560182671
15.9099075000005    21.0256833456411    1.20261037889616    0.057197207773296
16.2634610000004    21.449290439642    1.19996136115119    0.0559441052154083
16.6170145000003    21.8795138854415    1.23906281595779    0.056631185795323
16.9705680000003    22.3245715747984    1.27158843443328    0.05695914164233
17.3241215000002    22.7734159820639    1.26240907158184    0.0554334524331395
17.6776750000001    23.2157099550184    1.23926122033726    0.053380285278305
18.0312285    23.6498025109388    1.21663151937347    0.0514436227875787
18.384782    24.0767325114215    1.20115027437588    0.0498884254250897
18.7383354999999    24.5028909408068    1.21664188505023    0.049652993517759
19.0918889999998    24.9402722242831    1.25675683056744    0.050390662109285
19.4454424999997    25.3876353964017    1.26694688164284    0.0499040915729555
19.7989959999997    25.8328822476115    1.24982553414094    0.0483811880595127
20.1525494999996    26.271067099906    1.22904672545673    0.0467832814244963
20.5061029999995    26.7021437053185    1.21024416849201    0.0453238579586762
20.8596564999994    27.1285230722685    1.20642792194582    0.0444708294193524
21.2132099999994    27.5594553374745    1.2359710752316    0.0448474420156979
21.5667634999993    28.0022279754626    1.26354213874627    0.0451229144999985
21.9203169999992    28.4486903947925    1.25771150626369    0.0442098208673223
22.2738704999991    28.8901856079384    1.23938227264329    0.0428997684356423
22.6274239999991    29.325103195999    1.22106972741399    0.0416390598611973
22.980977499999    29.7541191160595    1.20777717139376    0.0405919317148216
23.3345309999989    30.1820173320577    1.21850333017796    0.0403718319014989
23.6880844999988    30.6186198066226    1.25121634296094    0.040864557281263
24.0416379999988    31.0637951834813    1.26133392500095    0.040604630488669
24.3951914999987    31.5076988768386    1.24797988964768    0.0396087284738232
24.7487449999986    31.9459029378618    1.23093774392859    0.0385319440280933
25.1022984999985    32.3782316063088    1.21520594633315    0.0375315724808258
25.4558519999985    32.8064457056897    1.21081567226572    0.036907858996006
25.8094054999984    33.2379032832024    1.23406839934915    0.0371283467803101
26.1629589999983    33.679179988181    1.25817522980974    0.0373576562805647
26.5165124999982    34.1240409287607    1.25452604298003    0.0367637011571711
26.8700659999982    34.5649859106441    1.23942134129787    0.0358577129035137
27.2236194999981    35.0004466996113    1.22404284473286    0.0349722063617678
27.577172999998    35.4308802418063    1.21234364440149    0.0342171471927191
27.9307264999979    35.8600047839371    1.21991837149818    0.0340189126813676
28.2842799999979    36.2961039750247    1.24742246455984    0.0343679438823017
28.6378334999978    36.7397607130576    1.25740680972883    0.0342246869692304
28.9913869999977    37.1827199156155    1.24666531951835    0.0335280830005875
29.3449404999977    37.6209273609236    1.23223145576457    0.0327538830699977
29.6984939999976    38.0541275909272    1.21869537346328    0.0320253136943243
30.0520474999975    38.4836507786752    1.21400894867675    0.0315460961762356
30.4056009999974    38.9155155454465    1.2327904964873    0.0316786371504604
30.7591544999974    39.3557320164506    1.25431587668512    0.0318712373628527
31.1127079999973    39.7994361279239    1.252215699328    0.0314631517718771
31.4662614999972    40.2399782864243    1.23942843946778    0.0308009221736068
31.8198149999971    40.6758236859826    1.22617426017179    0.0301450382329774
32.1733684999971    41.1072852726101    1.21569322888085    0.0295736685314725
32.5269219999972    41.5373267502766    1.22104028427844    0.0293962173256686
32.8804754999974    41.9730769496557    1.24464857945797    0.0296534986212914
33.2340289999975    42.4156111489927    1.25448886727571    0.029576112032645
33.5875824999976    42.8578671009926    1.24567984838064    0.0290653719524879
33.9411359999977    43.2960716551159    1.23317199127567    0.0284823066882088
34.2946894999978    43.7299138934548    1.22128692596111    0.0279279517663057
34.6482429999979    44.1604217428334    1.21645299496947    0.0275462268465967
35.001796499998    44.5926147117396    1.23188205110218    0.0276252482404418
35.3553499999981    45.0320372008722    1.25138837469017    0.0277888466184233
35.7089034999982    45.4748614810874    1.25045621552449    0.027497746552665
36.0624569999983    45.91509516982    1.23942212252653    0.0269937831543733
36.4160104999984    46.3512271746844    1.22777759512142    0.0264885671849481
36.7695639999985    46.7834697787744    1.21826394966979    0.026040478729573
37.1231174999986    47.2142275469295    1.2219624236005    0.025881232990329
37.4766709999987    47.6497241684733    1.24252296128879    0.026076183712956
37.8302244999988    48.0913894959943    1.25222148892357    0.0260383719839884
38.1837779999989    48.5330988799483    1.24491175476321    0.0256507782007209
38.537331499999    48.9712979634146    1.23388658171914    0.0251961175838335
38.8908849999991    49.4056331504313    1.22329105675777    0.024760153422851
39.2444384999992    49.8369116803699    1.21839792496974    0.0244477011895111
39.5979919999993    50.2693784750479    1.23121189735496    0.0244922840644648
39.9515454999994    50.7081815935975    1.24907519208834    0.0246326165292042
40.3050989999995    51.1503094192951    1.24906390538587    0.0244194789741525
40.6586524999996    51.5902983240075    1.23940998110522    0.0240240902140405
41.0122059999997    52.0266522344013    1.22902853052253    0.0236230562171337
41.3657594999998    52.4595102413889    1.2203102451454    0.0232619450606805
41.7193129999999    52.8908489148984    1.2227494339557    0.0231183552361413
42.0728665    53.3261559758415    1.24083284639336    0.0232687472720797
42.4264200000001    53.7671225107215    1.25039090160199    0.0232556782511962
42.7799735000002    54.208391133451    1.24429274544285    0.0229538770553001
43.1335270000003    54.6465835833345    1.23444859712254    0.0225896756242784
43.4870805000005    55.0813105841685    1.22489884344464    0.0222380119582104
43.8406340000006    55.5132168571724    1.2200164236049    0.0219770442549533
44.1941875000007    55.9459251043633    1.23071338982747    0.0219982668537817
44.5477410000008    56.3842263071803    1.2471667086625    0.0221190710655132
44.9012945000009    56.825777735485    1.24791221576673    0.0219603191631721
45.254848000001    57.2655642796027    1.2393939811132    0.0216429192081611
45.6084015000011    57.7020959241526    1.23003981569826    0.0213170734268493
45.9619550000012    58.1354631340442    1.22203743895491    0.0210205161028343
46.3155085000013    58.567311596683    1.22351323187736    0.0208907187050508
46.6690620000014    59.0024825410526    1.2394184535902    0.0210062085561881
47.0226155000015    59.4428459158718    1.24879108771492    0.0210082654770989
47.3761690000016    59.8837305717511    1.24375934361776    0.0207695701610894
47.7297225000017    60.3219138049402    1.23490858077382    0.0204719728350642
48.0832760000018    60.7569716622571    1.22631527692902    0.0201839433957638
48.4368295000019    61.1894641744997    1.22165509023394    0.0199651215567116
48.790383000002    61.6224651826146    1.23044261863073    0.019967435820433
49.1439365000021    62.060316640333    1.24530872788737    0.0200661033540079
49.4974900000022    62.5012943885339    1.246751171197    0.0199476056199201
49.8510435000023    62.9408778556374    1.23935520958876    0.0196907836657661
50.2045970000024    63.3775599674284    1.2309311238547    0.0194221917739862
50.5581505000025    63.8114400428594    1.22395600884077    0.0191808241283803
50.9117040000026    64.243951809173    1.22487794631677    0.019066042978724
51.2652575000027    64.6791196695731    1.23797760522314    0.0191402976964994
51.6188110000028    65.1187632525053    1.246674779841    0.0191446323236651
51.9723645000029    65.5591361059903    1.24302392171552    0.0189603462697541
52.325918000003    65.9972769180361    1.23528389228927    0.0187171948597729
52.6794715000031    66.4326270404402    1.22763310467528    0.018479370143348
53.0330250000032    66.8657238290093    1.22352880278711    0.0182982959388273
53.3865785000033    67.2991396356881    1.23046467179821    0.018283512663893
53.7401320000034    67.7365799407184    1.24325745089262    0.0183542991391164
54.0936855000036    68.1769006272677    1.24541691739608    0.0182674323112008
54.4472390000037    68.6162297300391    1.23926756407493    0.0180608519143453
54.8007925000038    69.0530273329793    1.23162776290372    0.0178359705645447
55.1543460000039    69.487227316333    1.22501485362862    0.0176293529176503
55.507899500004    69.9200204602612    1.22518010921916    0.0175225936885343
55.8614530000041    70.3550676790325    1.23705651482995    0.0175830477553307
56.2150065000042    70.7943487865569    1.24578717049712    0.017597268593474
56.5685600000043    71.2345094295619    1.24273724649506    0.0174457191668302
56.9221135000044    71.6726624196254    1.23564465419417    0.0172401109778758
57.2756670000045    72.1082394498412    1.22848623204567    0.0170366970739898
57.6292205000046    72.5416367851178    1.22418610340054    0.0168756338794341
57.9827740000047    72.9751060097456    1.23002574028909    0.0168554156005587
58.3363275000048    73.4122570871459    1.24233213236748    0.0169226799673622
58.6898810000049    73.8523194450104    1.24494368070929    0.0168572048930197
59.043434500005    74.2915854909801    1.23934198207884    0.0166821312789092
59.3969880000051    74.7285139953887    1.23229685055103    0.0164903165427198
59.7505415000052    75.1630598221509    1.22624123592222    0.0163144134741683
60.1040950000053    75.5962490348529    1.22590109815039    0.0162164275847231
60.4576485000054    76.0312547171883    1.23607230211095    0.0162574234334122
60.8112020000055    76.4700710309959    1.24449066211784    0.0162742187281794
61.1647555000056    76.9099197686425    1.24230983733447    0.0161527907072525
61.5183090000057    77.3480662213192    1.23597348885672    0.0159793715504171
61.8718625000058    77.7838632013861    1.22939168711334    0.0158052279292221
62.2254160000059    78.2176417407086    1.22526505108145    0.0156648170900269
62.578969500006    78.651323270345    1.22990349895821    0.0156374164835182
62.9325230000061    79.0881803705141    1.24104900787567    0.0156919656269947
63.2860765000062    79.5278358316343    1.24413389372575    0.0156440054066059
63.6396300000063    79.96696542604    1.23935003608364    0.0154982751875197
63.9931835000064    80.404005513079    1.23289319715702    0.0153337285784409
64.3467370000062    80.838853709348    1.22731908128909    0.0151822919916932
64.7002905000059    81.2723949671891    1.22656121393449    0.0150919782101865
65.0538440000057    81.7073750727634    1.23524635051852    0.0151179296779328
65.4073975000054    82.1457780811081    1.24332867396471    0.0151356369494375
65.7609510000052    82.5853422738345    1.24191942319295    0.0150380126666427
66.1145045000049    83.0234819262625    1.23628233460587    0.0148907550722081
66.4680580000047    83.4594818466904    1.23022673048518    0.0147404070006692
66.8216115000044    83.8936227656416    1.22632825936665    0.0146176576829018
67.1751650000042    84.3275403108903    1.22992141327483    0.0145850502545252
67.5287185000039    84.7641387947436    1.23982037334996    0.0146267087824981
67.8822720000037    85.2033809749662    1.24326812576407    0.0145917698515902
68.2358255000034    85.6423605725701    1.2393253057792    0.0144709381840199
68.5893790000032    86.0795000148316    1.2334365537822    0.0143290394759458
68.9429325000029    86.514618026443    1.22828238358616    0.0141973970596592
69.2964860000027    86.9484783119195    1.2271980963825    0.0141140836528506
69.6500395000024    87.383451216131    1.23457015177437    0.0141281917181416
70.0035930000022    87.8214818887987    1.24224336851494    0.0141450968692135
70.3571465000019    88.2607793023742    1.24155965741286    0.0140669464650813
70.7107000000017    88.6989063025388    1.23656375976584    0.0139411387503258
71.0642535000014    89.1350888525238    1.23096704525808    0.0138101286609445
71.4178070000012    89.569544090249    1.22723947161488    0.013701526384664
71.7713605000009    90.0036678651561    1.22998925425462    0.0136659903249431
72.1249140000007    90.4400547966385    1.23876917746958    0.013697129886255
72.4784675000004    90.8789360980675    1.24246022893756    0.013671597427118
72.8320210000002    91.3177713395496    1.23925963623354    0.0135708484564912
73.1855744999999    91.7549951699167    1.23393920840968    0.0134481965382333
73.5391279999996    92.1903742106049    1.22924771217125    0.0133337967515251
73.8926814999994    92.6245814528632    1.2280303676992    0.0132581475504334
74.2462349999991    93.0596184411313    1.23404315857026    0.0132607803389061
74.5997884999989    93.4972991947041    1.24103663432524    0.0132735024970169
74.9533419999986    93.9362717330195    1.24102338042202    0.0132113331466804
75.3068954999984    94.3743394246565    1.23674666883777    0.0131046921904563
75.6604489999981    94.8106974340878    1.23177100608129    0.0129918990094721
76.0140024999979    95.2455564238993    1.22858866005023    0.0128991703779049
76.3675559999976    95.6800868581698    1.23061013094352    0.0128617162813376
76.7211094999974    96.1163625140891    1.23757595109522    0.0128758092662299
77.0746629999971    96.5547394670677    1.24111331523389    0.0128539864752802
77.4282164999969    96.9932543733452    1.23883755254289    0.0127724093860627
77.7817699999966    97.4304839871449    1.23436962743166    0.0126692342777906
78.1353234999964    97.8661499633524    1.2304523891254    0.0125728087759267
78.4888769999961    98.300854407753    1.22943196761789    0.0125068289083042
78.8424304999959    98.7361433216639    1.23380744318262    0.0124960060386712
79.1959839999956    99.1734553072103    1.2394596938729    0.0124978976484526
79.5495374999954    99.6119234577783    1.23995933450158    0.0124479007277392
79.9030909999951    100.04979550926    1.23668587154178    0.0123607036400921
80.2566444999949    100.486294881323    1.23259502097498    0.0122662998215897
80.6101979999946    100.921573596622    1.23006252397487    0.0121883010751631
80.9637514999944    101.356554893598    1.23136892477556    0.0121488829811572
81.3173049999941    101.792775104123    1.23649930980656    0.0121472207486411
81.6708584999939    102.23063965948    1.23963764636585    0.012125891518384
82.0244119999936    102.668773973129    1.2382475984862    0.0120606056794862
82.3779654999934    103.105974725445    1.23478687061448    0.0119759002705956
82.7315189999931    103.541929135357    1.23159735761716    0.0118946726983146
83.0850724999928    103.977092421107    1.23063433361689    0.0118356294156872
83.4386259999926    104.412600416624    1.23360932499241    0.0118147553079811
83.7921794999923    104.849568396387    1.23799276553931    0.0118073234298786
84.1457329999921    105.287555224038    1.23892873329658    0.0117670956520958
84.4992864999918    105.725246036876    1.2366870126016    0.0116971779112272
84.8528399999916    106.161907405484    1.23344009862713    0.0116184809483125
85.2063934999913    106.597557270998    1.23126699908085    0.0115506117644953
85.5599469999911    107.032864382931    1.23180419561377    0.0115086539327468
85.9135004999908    107.468962854027    1.23544855435003    0.011495863750245
86.2670539999906    107.90636953592    1.23838976356657    0.0114765214406952
86.6206074999903    108.344215435395    1.23791321331909    0.0114257434819605
86.9741609999901    108.781466457075    1.23536035402041    0.0113563495166512
87.3277144999898    109.217720705503    1.23261281716249    0.0112858317240124
87.6812679999896    109.653247958955    1.23146294494331    0.0112305195501757
88.0348214999893    110.088857842639    1.2332161486835    0.0112020069319481
88.3883749999891    110.525481071007    1.23667938898958    0.0111890884980186
88.7419284999888    110.963074062108    1.23818450587018    0.011158527432082
89.0954819999886    111.400667819105    1.23686743849987    0.0111028727449671
89.4490354999883    111.837519636013    1.2342720357483    0.0110362965824472
89.8025889999881    112.273495190198    1.23221576415002    0.0109751260710515
90.1561424999878    112.709044585217    1.23207041090101    0.0109314244960125
90.5096959999876    113.145018078366    1.23452958273646    0.0109110379202149
90.8632494999873    113.582033034784    1.23733508641616    0.0108937571670092
91.2168029999871    114.019637394725    1.23767327900421    0.0108549133051485
91.5703564999868    114.456945990438    1.23588543234237    0.010797819404037
91.9239099999865    114.893471632856    1.23352174669571    0.0107362213811195
92.2774634999863    115.329302285575    1.23214855788199    0.0106837424094614
92.631016999986    115.764985015266    1.23286872762074    0.0106497549967994
92.9845704999858    116.201319490102    1.23556531158639    0.0106329714413582
93.3381239999855    116.638562185314    1.23748852273408    0.0106096002861213
93.6916774999853    117.076065567782    1.23703646592694    0.0105660918816131
94.045230999985    117.513101487258    1.2350808298642    0.0105101543081825
94.3987844999848    117.949394470727    1.23308628385622    0.0104543672257873
94.7523379999845    118.385170464422    1.23231494222788    0.0104093691582615
95.1058914999843    118.821032808291    1.23366979383418    0.0103825877008208
95.459444999984    119.257663706716    1.23625975866862    0.0103662919450517
95.8129984999838    119.69502092155    1.23741442894276    0.0103380610105226
96.1665519999835    120.132388587682    1.2364323713035    0.0102922482924
96.5201054999833    120.569194662371    1.23446038032022    0.0102386051742078
96.873658999983    121.005328779215    1.23284380649139    0.0101883430996731
97.2272124999828    121.441108683341    1.23263487652484    0.0101500627743687
97.5807659999825    121.877183118744    1.23445586903712    0.010128687236186
97.9343194999823    122.314055351077    1.23670397560324    0.0101108901348544
98.287872999982    122.751440771211    1.23715271253452    0.0100785188732764
98.6414264999818    123.188646112126    1.23585441178584    0.0100322103602061
98.9949799999815    123.625254862989    1.23398245995756    0.00998163733878767
99.3485334999813    124.061282932824    1.23274743715269    0.00993660075093848
99.702086999981    124.497122823411    1.2330720646268    0.00990442217990701
100.055640499981    124.933412583254    1.23513722981776    0.00988636429821907
100.409193999981    125.370459012566    1.2369110769682    0.00986604888193177
100.76274749998    125.807807568739    1.2367906437342    0.00983079403127219
101.11630099998    126.244848172183    1.23535075075915    0.00978535574833344
101.46985449998    126.681299102843    1.23364189451569    0.00973815317061272
101.823407999979    127.117265840229    1.23276197315035    0.00969783266656931
102.176961499979    127.553203697346    1.23358912592397    0.00967117320589608
102.530514999979    127.989701715459    1.23566355965673    0.00965439830779354
102.884068499979    128.426847493839    1.23692127390254    0.00963132941468396
103.237621999978    128.864119619289    1.23640711215076    0.00959465765803194
103.591175499978    129.301005338692    1.2349102828489    0.00955066265427846
103.944728999978    129.737337050563    1.23344746271258    0.00950726668786075
104.298282499978    130.173297576407    1.23295463191343    0.00947164015100512
104.651835999977    130.609367544749    1.23409665668828    0.00944876068146846
105.005389499977    131.046031281084    1.23600217463758    0.00943181691619833
105.358942999977    131.48321465056    1.23679326462808    0.0094064726658462
105.712496499977    131.920391295856    1.23604918249458    0.00936965976489952
106.066049999976    132.357147636182    1.23457062338159    0.00932757048206521
106.419603499976    132.793391095321    1.23331901580481    0.00928750298212896
106.773156999976    133.22936403603    1.23316884340609    0.00925598386158018
107.126710499976    133.665557842419    1.23452648458618    0.00923593560310867
107.480263999975    134.102350038307    1.23623963377873    0.00921862766331536
107.833817499975    134.539549261673    1.23665420102704    0.00919175222314593
108.187370999975    134.976638273099    1.23573896299596    0.00915520625499412
108.540924499975    135.413287248465    1.23429993049312    0.00911505772862859
108.894477999974    135.849469092116    1.23326147595701    0.00907814718893577
109.248031499974    136.285475410393    1.23341172040697    0.00905020668338151
109.601584999974    136.721786197514    1.23489000412272    0.00903213773362167
109.955138499974    137.158675281797    1.23637329078354    0.00901418221081071
110.308691999973    137.595866905189    1.23649890730965    0.00898645384575154
110.662245499973    138.032873932791    1.23546022681095    0.00895047818400489
111.015798999973    138.469430973851    1.23409477456263    0.00891239868527864
111.369352499973    138.90557800634    1.23327517515707    0.00887851440422919
111.722905999972    139.341633968538    1.23366901014565    0.00885355636366518
112.076459499972    139.778055061803    1.23519794314267    0.00883685169747517
112.430012999972    140.215014760368    1.23643111089614    0.00881810776833884
112.783566499972    140.652177511555    1.23631162889201    0.0087898506142249
113.137119999971    141.089103291531    1.23521477664542    0.00875485595860021
113.490673499971    141.52558541238    1.23395004246486    0.00871891848296796
113.844226999971    141.961716996441    1.23333932072244    0.00868783040115921
114.197780499971    142.397834130914    1.23393874567997    0.00866543197943271
114.55133399997    142.834357989609    1.23545981108387    0.00864959823723748
114.90488749997    143.271367592196    1.23643245669373    0.008630003869392
115.25844099997    143.708489935586    1.2361086714534    0.00860150066295638
115.61199449997    144.145333711118    1.23497646861166    0.00856757854601578
115.965547999969    144.581749026159    1.2338366281107    0.0085338338789045
116.319101499969    145.017875262794    1.23343286556158    0.00850538503151019
116.672654999969    145.454063292557    1.23422350999973    0.00848531475890976
117.026208499969    145.890688097672    1.23569541364869    0.00847000881112719
117.379761999968    146.32773365749    1.23639397689471    0.00844948490618155
117.733315499968    146.764805156149    1.2358920697854    0.00842090219429981
118.086868999968    147.201566300443    1.23475557408827    0.00838819589438397
118.440422499968    147.637926474044    1.23376165542568    0.00835667151991996
118.793975999967    148.074059486122    1.23355568317807    0.00833066701526935
119.147529499967    148.510322334695    1.23449404174239    0.0083125133817987
119.501082999967    148.947032730447    1.23585917603045    0.00829730645434884
119.854636499967    149.384093710642    1.23632201464622    0.00827612889656769
120.208189999966    149.821113101371    1.23569528477647    0.00824780472656338
120.561743499966    150.257807101346    1.23459416789515    0.00821650596206586
120.915296999966    150.694132166767    1.23373116294718    0.00818698873810068
121.268850499966    151.130281794982    1.23369017611076    0.00816309055642693
121.622403999965    151.566614281854    1.23472452970867    0.00814641493154008
121.975957499965    152.003391049174    1.23596507178874    0.0081311677539411
122.329510999965    152.440452402463    1.23623194180403    0.00810960556939451
122.683064499965    152.87742125024    1.23552673549604    0.0080818130328981
123.036617999964    153.314058379671    1.23446033897571    0.00805184046409269
123.390171499964    153.750357674233    1.2337252494839    0.00802421059792216
123.743724999964    154.186535087541    1.23384793341071    0.00800230663922882
124.097278499964    154.622940055183    1.23494466767599    0.00798681403441983
124.450831999963    155.059771959055    1.23602963292691    0.00797131078751555
124.804385499963    155.496821663188    1.23611359609392    0.00794944605859145
125.157938999963    155.933736735298    1.23535400185663    0.00792230102170694
125.511492499963    156.370319729634    1.23434429252672    0.00789372493872823
125.865045999962    156.806599990297    1.23373925690143    0.00786790388273054
126.218599499962    157.24281116542    1.23402254430106    0.00784787892785045
126.572152999962    157.679290427571    1.23515258896138    0.00783332158339932
126.925706499962    158.116168756346    1.23606390472473    0.00781744153331645
127.279259999961    158.553199538739    1.23599048600794    0.00779543074251208
127.632813499961    158.990060189086    1.23518845192235    0.00776896650302133
127.986366999961    159.426592085368    1.23423857404321    0.00774173591681814
128.339920499961    159.862859000376    1.23377383380909    0.0077177015444606
128.69347399996    160.299112024804    1.23420900831163    0.00769941263380584
129.04702749996    160.735664409237    1.23534101946378    0.00768554398928273
129.40058099996    161.172579965965    1.23607209032059    0.00766924554152826
129.75413449996    161.609584430911    1.23585446930634    0.0076471607402386
130.107687999959    162.046389377592    1.23502842800614    0.00762144983760383
130.461241499959    162.482875936115    1.23416191320128    0.00759564296293311
130.814794999959    162.919140162024    1.23384405776049    0.00757335237918285
131.168348499959    163.355443054852    1.23441085266204    0.00755659456200396
131.521901999958    163.792064915442    1.23549316898039    0.00754305875329319
131.875455499958    164.229002554246    1.23604915636613    0.00752637559226395
132.229008999958    164.665975305039    1.23571622091755    0.00750438102727914
132.582562499958    165.102727055429    1.23488202770421    0.00747947686708794
132.936115999957    165.539176250731    1.23411310467208    0.00745511203222887
133.289669499957    165.97544487212    1.23392545899105    0.00743438561012298
133.643222999957    166.411798599624    1.23459683408945    0.00741892608864717
133.996776499957    166.848479882662    1.2356111832251    0.00740558849618559
134.350329999956    167.285431222374    1.23600677148582    0.00738860976986567
134.703883499956    167.722370736317    1.2355880594099    0.00736686498041703
135.057436999956    168.159075216883    1.23476189263646    0.00734282042788308
135.410990499956    168.595497182006    1.23408525042553    0.0073197995857107
135.764543999955    169.031778013575    1.23402577544274    0.00730055490124254
136.118097499955    169.468183399312    1.23476302975191    0.00728610530297879
136.471650999955    169.904912288927    1.23569082237015    0.00727283752849259
136.825204499955    170.341866272724    1.23594934485952    0.00725569921184682
137.178757999954    170.778772252784    1.23547137390693    0.00723433807146829
137.532311499954    171.215437653481    1.23466718038994    0.00721119075073568
137.885864999954    171.651841507277    1.23408207919603    0.00718944852766822
138.239418499954    172.088139603475    1.23412581650288    0.00717147514841264
138.592971999953    172.524590007582    1.23490162180067    0.00715782962733835
138.946525499953    172.961355741007    1.23574553706349    0.00714463373491299
139.300078999953    173.398307922961    1.23589105975917    0.00712746897338964
139.653632499953    173.835183481201    1.23536878239638    0.00710655206648647
140.007185999952    174.271816025347    1.23459690456124    0.00708431766374474
140.360739499952    174.708208330018    1.23409138819069    0.00706372871650959
140.714292999952    175.144526459096    1.23422483533095    0.00704689355861313
141.067846499952    175.581019730265    1.23502663060142    0.00703394155301477
141.421399999951    176.017816587508    1.23578430059805    0.00702079098898304
141.774953499951    176.454763271532    1.23583005273856    0.00700366501774074
142.128506999951    176.891608681727    1.23527394872991    0.00698322525266013
142.482060499951    177.328211588464    1.23453598023691    0.00696187013435839
142.83561399995    177.764596519875    1.23411171616939    0.00694239314424684
143.18916749995    178.200937683307    1.23432941793787    0.0069266157293262
143.54272099995    178.637473775674    1.23514334861968    0.00691424549683635
143.89627449995    179.074297100191    1.23580569636105    0.00690107802388652
144.249827999949    179.511233443339    1.23575723975659    0.0068840106329426
144.603381499949    179.948047373515    1.23517629737216    0.00686407168847089
144.956934999949    180.384621714635    1.2344830104902    0.00684361559625148
145.310488499949    180.821002004654    1.23414033630945    0.00682520460912877
145.664041999948    181.25737002928    1.23444679143852    0.00681046398962487
146.017595499948    181.693951796418    1.23525901428794    0.00679856980419475
146.371148999948    182.130798557231    1.23581257176303    0.00678530254933628
146.724702499948    182.567719355736    1.23567670139821    0.00676831975421939
147.078255999947    183.004499300973    1.23507888199546    0.00674889899818376
147.431809499947    183.441046012308    1.23443390148527    0.00672932218998822
147.785362999947    183.877423005956    1.23417578109171    0.00671194843236263
148.138916499947    184.31381942567    1.23456524575559    0.00669816972814383
148.492469999946    184.750443421945    1.23535972050392    0.00668664008390237
148.846023499946    185.187307349232    1.23580532947009    0.00667327230553428
149.199576999946    185.624211724567    1.23560132285918    0.00665646637030622
149.553130499945    186.060963513127    1.23500212509133    0.00663762081939445
149.906683999945    186.497490004973    1.23440913033293    0.00661890479223081
150.260237499945    186.933872429288    1.23423385633179    0.00660251585382774
150.613790999945    187.370301013297    1.23467744649477    0.00658950452562466
150.967344499944    187.806959716271    1.23542586517904    0.0065781687060238
151.320897999944    188.243830694901    1.23578135860472    0.00656479075060702
151.674451499944    188.680716524658    1.23553057165124    0.00654826096915831
152.028004999944    189.117441876439    1.23493379973211    0.00652998363069525
152.381558499943    189.553954208281    1.23440077631277    0.00651213413863378
152.735111999943    189.990345832779    1.2342971828639    0.00649663106540302
153.088665499943    190.426805305882    1.23477736389337    0.00648426234904248
153.442218999943    190.863493387142    1.23547939304915    0.00647310478878818
153.795772499942    191.300367806116    1.23575368895374    0.00645975594885517
154.149325999942    191.737234983613    1.23546295464912    0.00644352128450541
154.502879499942    192.173936684698    1.23487360052607    0.00642581206291332
154.856432999942    192.610436586378    1.23439555874306    0.00640876777302503
155.209986499941    193.046838401438    1.23436149301606    0.00639410364467729
155.563539999941    193.483329166283    1.23487768241997    0.00638234667421242
155.917093499941    193.92004542077    1.23552663868972    0.00637131987056244
156.270646999941    194.356922554479    1.23572181236241    0.00635800256621179
156.62420049994    194.793770055406    1.2353909994253    0.00634204573931655
156.97775399994    195.230445991542    1.23481247665294    0.00632489707423214
157.33130749994    195.66693448867    1.23439818624016    0.00630867034057633
157.68486099994    196.103349934185    1.23443274060452    0.00629480700364788
158.038414499939    196.539872657464    1.23497424195137    0.00628358116474269
158.391967999939    196.97661538335    1.23556695604897    0.00627265806981373
158.745521499939    197.413492264916    1.23568355388942    0.00625936727886466
159.099074999939    197.850317980558    1.23531669723864    0.00624369326189323
159.452628499938    198.286970173624    1.23476270565259    0.00622714999665086
159.806181999938    198.723451397037    1.23440975870482    0.00621169645568681
160.159735499938    199.159882973825    1.23451006887221    0.006198588041119
160.513288999938    199.596438337975    1.23506898083393    0.00618783076049982
160.866842499937    200.033205376979    1.23559916687427    0.00617697029123582
161.220395999937    200.470078304661    1.23563658397097    0.00616369582144389
161.573949499937    200.906881204003    1.23524029447422    0.00614832248189619
161.927502999937    201.343509739719    1.23471276858465    0.00613236935315562
162.281056499936    201.77998460189    1.23442387855005    0.00611767257781074
162.634609999936    202.216434420351    1.23459623321506    0.00610532094858662
162.988163499936    202.653025025439    1.23516639306951    0.00609498127607253
163.341716999936    203.089814782178    1.23562154215855    0.00608411378721186
163.695270499935    203.526680743245    1.23558206922697    0.00607086041355774
164.048823999935    203.96345838993    1.2351648713466    0.00605581451254499
164.402377499935    204.400064576759    1.23467164710812    0.00604046603245791
164.755930999935    204.836535713969    1.23444585668923    0.00602649255117746
165.109484499934    205.273006459354    1.23468334876602    0.00601483541388332
165.463037999934    205.709631384078    1.2352557050993    0.00600485109417638
165.816591499934    206.146439384195    1.23563085374915    0.00599394710595173
166.170144999934    206.583295340986    1.23552551041625    0.00598076194097347
166.523698499933    207.020049042916    1.23509168109083    0.00596604863538987
166.877251999933    207.456634922487    1.23463868740667    0.00595130971765725
167.230805499933    207.893105811507    1.23447828597911    0.00593804340533732
167.584358999933    208.32959893966    1.23477302796603    0.00592701677654391
167.937912499932    208.76625518591    1.23532938420267    0.00591728477910659
168.291465999932    209.203076272168    1.23562834184777    0.00590635837610845
168.645019499932    209.639920960547    1.23547152718809    0.00589330277137722
168.998572999932    210.076652932692    1.23503426639118    0.00587896964822114
169.352126499931    210.513224612726    1.23462122577698    0.00586481551478899
169.705679999931    210.949699318242    1.23452203653159    0.00585221045832907
170.059233499931    211.386215772156    1.23485608779703    0.00584170582403549
170.412786999931    211.822898771105    1.23538186671483    0.00583214503192017
170.76634049993    212.259726761268    1.23561638777809    0.00582124742470723
171.11989399993    212.696559302747    1.23542181208122    0.00580837704253953
171.47344749993    213.133273018615    1.23498724284359    0.00579443662339725
171.82700099993    213.569833768907    1.23461309737641    0.00578084027874611
172.180554499929    214.006314834748    1.2345649729195    0.00576882497076223
172.534107999929    214.442854060046    1.23493271704531    0.0057587963117648
172.887661499929    214.879560184868    1.23542680678347    0.0057493919185268
173.241214999929    215.316393078955    1.23559915526246    0.00573852802192065
173.594768499928    215.753213092688    1.23537158850564    0.00572585488205418
173.948321999928    216.189908691857    1.23494081204808    0.00571229628395043
174.301875499928    216.626460279802    1.23460863362548    0.0056992512919743
174.655428999928    217.06294843057    1.23461120020002    0.00568780258964796
175.008982499927    217.499510245846    1.23500316146195    0.00567818824081945
175.362535999927    217.936236978317    1.23546226573402    0.00566891620624312
175.716089499927    218.373072768645    1.23558029540784    0.0056581165422207
176.069642999927    218.809880219227    1.23532605898967    0.00564565940876157
176.423196499926    219.246560756992    1.23490621684554    0.00563249983298158
176.776749999926    219.683106665719    1.23461267478437    0.0056199709368778
177.130303499926    220.119604440669    1.23465935845808    0.00560903860242431
177.483856999926    220.55618724458    1.23506643348116    0.00559978139317201
177.837410499925    220.992930630756    1.23548755653846    0.00559062026559917
178.190963999925    221.429766468481    1.23556034018562    0.00557991980884601
178.544517499925    221.866562439027    1.2352871564012    0.00556770314021828
178.898070999925    222.303229866054    1.23487852114579    0.00555492838268633
179.251624499924    222.739772194485    1.23462191608259    0.0055428893722877
179.605177999924    223.176281244684    1.23471125337041    0.00553244836989067
179.958731499924    223.612884938861    1.23512457202836    0.00552349464283357
180.312284999924    224.049642267109    1.23550414291499    0.00551442140417274
180.665838499923    224.486475866078    1.23553607003771    0.00550383298268176
181.019391999923    224.923260131429    1.23525050528136    0.00549187533810226
181.372945499923    225.359916683616    1.23485718019277    0.00547948898084831
181.726498999923    225.796457626942    1.23463754780399    0.00546792257407265
182.080052499922    226.232978419025    1.23475971761206    0.00545791213217842
182.433605999922    226.669600378298    1.23517278191761    0.00544922115650348
182.787159499922    227.106368897525    1.2355168298737    0.00544025619304051
183.140712999922    227.543200367795    1.23551177875139    0.00542978993331525
183.494266499921    227.979973637538    1.23521595744669    0.00541808974594647
183.847819999921    228.416620610342    1.2348417633023    0.00540609418002392
184.201373499921    228.853162607113    1.234656606302    0.00539497288233512
184.554926999921    229.289695877795    1.23480621536476    0.00538535415051043
184.90848049992    229.726335142406    1.23521486604632    0.00537689710359338
185.26203399992    230.163112578651    1.23552318980247    0.00536803302649234
185.61558749992    230.5999405833    1.2354890334189    0.00535771618281317
185.96914099992    231.036703252958    1.23518442532937    0.00534626926344679
186.322694499919    231.473341706613    1.2348305002689    0.00533465534806171
186.676247999919    231.909885729984    1.23468009128031    0.00532396489866701
187.029801499919    232.346432415083    1.2348577196837    0.00531472640594564
187.383354999919    232.783089416048    1.23525770829441    0.0053064752744417
187.736908499918    233.219875644071    1.23552749192612    0.00529769381153314
188.090461999918    233.656698567813    1.23545918201948    0.0052874973822371
188.444015499918    234.093449405581    1.23515019602507    0.00527631251178282
188.797568999918    234.530079488472    1.23482124796355    0.00526508689485283
189.151122499917    234.966625390625    1.2347025259272    0.00525479958642868
189.504675999917    235.403185240471    1.2349070685507    0.00524592336033689
189.858229499917    235.839859553567    1.23529864814633    0.00523787052148303
190.211782999917    236.276653378055    1.23552867958208    0.00522916107841246
190.565336499916    236.713471076815    1.23543420976162    0.00521911238993541
190.918889999916    237.150211750317    1.23512314150975    0.00520818907305109
191.272443499916    237.586835418549    1.23481565761099    0.00519732356144925
191.625996999916    238.02338555412    1.23473139588271    0.00518743733103468
191.979550499915    238.459960519766    1.23495915284393    0.00517889523319605
192.333103999915    238.89665140606    1.23533324466915    0.00517099439191976
192.686657499915    239.333450519758    1.23552317282969    0.00516235056214046
193.040210999915    239.77026120219    1.23540403400261    0.00515244896430605
193.393764499914    240.206990145934    1.23509277823678    0.00514178533058681
193.747317999914    240.643606968507    1.23481232900895    0.00513129081035819
194.100871499914    241.080161722258    1.2347653245642    0.00512180394995229
194.454424999913    241.516753659096    1.23501349966796    0.00511357278928649
194.807978499913    241.953461012614    1.23536497522183    0.00510579584210792
195.161531999913    242.390263732723    1.2355141482064    0.00509721029706362
195.515085499913    242.82706653417    1.23537337831006    0.00508746160772906
195.868638999912    243.263784863991    1.23506538884157    0.00507706229076431
196.222192499912    243.700396723958    1.23481429856114    0.00506693593921319
196.575745999912    244.136959107426    1.23480331523893    0.00505783032504958
196.929299499912    244.573567633144    1.23506462047795    0.00504986958496889
197.282852999911    245.01028905737    1.23538904242111    0.00504219250209463
197.636406499911    245.44709381714    1.23550164955053    0.00503367805393938
197.989959999911    245.883888167636    1.23534044667484    0.00502408049539472
198.343513499911    246.320595200347    1.23503904510767    0.00501394958104554
198.69706699991    246.757203517412    1.23482231028394    0.00500419964516581
199.05062049991    247.193775713399    1.23484824432639    0.00499546657581742
199.40417399991    247.630402634066    1.23511552418565    0.00498773781832773
199.75772749991    248.067137700461    1.23540900360235    0.00498013971158929
200.111280999909    248.503942546484    1.23548315349494    0.00497168431548659
200.464834499909    248.940726384854    1.23530450956219    0.0049622435328338
200.818387999909    249.37742091417    1.23501017748141    0.00495237368705673
201.171941499909    249.814024874219    1.23482896477097    0.00494299295402933
201.525494999908    250.250605642009    1.2348899453569    0.00493461321377758
201.879048499908    250.687250945711    1.23516900511019    0.00492713131780953
202.232601999908    251.12400072343    1.23543330582844    0.00491961462173845
202.586155499908    251.560806311493    1.23546576863496    0.00491120133835617
202.939708999907    251.997579444897    1.23526658039724    0.00490189859409881
203.293262499907    252.434261630808    1.23498633617832    0.00489230870722503
203.646815999907    252.870863802271    1.23484430766549    0.00488330007300114
204.000369499907    253.307456764043    1.23494211157711    0.00487526947431107
204.353922999906    253.744121828884    1.23522166429948    0.00486798139557482
204.707476499906    254.180884578725    1.23544842269058    0.00486050878585221
205.061029999906    254.617687683305    1.23544011993865    0.00485213785098584
205.414583499906    255.054447656118    1.23522213295867    0.00484297429160726
205.768136999905    255.491117048502    1.23496290804231    0.00483368236950434
206.121690499905    255.927718420587    1.23486250255678    0.00482504400139819
206.475243999905    256.364324890584    1.23499539135488    0.0048173449713878
206.828797499905    256.801010011699    1.23527437275856    0.00481023954190165
207.182350999904    257.237784557545    1.23546066451781    0.00480279624022898
207.535904499904    257.674583911555    1.23540907959731    0.00479445454357019
207.889457999904    258.111329762106    1.2351794676215    0.00478545234244435
208.243011499904    258.547987290111    1.23494663556443    0.00477646973201429
208.596564999903    258.984590340094    1.23488731285931    0.00476818837459663
208.950118499903    259.421212182649    1.23505252003497    0.00476080005040382
209.303671999903    259.857917382187    1.23532365427097    0.00475384266415907
209.657225499903    260.294701535498    1.23546422251707    0.00474640557502314
210.010778999902    260.731494467295    1.23537406248118    0.00473810831716049
210.364332499902    261.16822572207    1.2351398588341    0.00472928839417285
210.717885999902    261.604874092355    1.23493901159129    0.00472062692209364
211.071439499902    262.041480913133    1.2349186329739    0.00471268376545039
211.424992999901    262.478119735056    1.23511180203948    0.00470558004334301
211.778546499901    262.914844415996    1.23536443661407    0.00469872455987848
