#t    rhoGW_over_rho    rhoGW
0    0    0
4.99999999999994    2.57566091156951e-27    1.13204913215787e-30
9.99999999999983    3.76602911106452e-27    1.36729213730138e-31
14.9999999999997    3.61333336928261e-27    3.55616492969918e-32
20.0000000000003    1.81822000756426e-26    5.85309187363166e-32
25.0000000000011    1.65372521050714e-25    2.39618823128799e-31
30.0000000000019    1.33175956656559e-23    9.66554992853097e-30
35.0000000000016    2.71117662992596e-22    1.08099528554866e-28
40.0000000000006    1.78354240098708e-20    4.38257299196034e-27
44.9999999999996    1.79990254663874e-18    2.70929773322699e-25
49.9999999999986    2.63590506540951e-17    2.75090004072962e-24
54.9999999999976    6.11150425212879e-15    4.20672422096652e-22
59.9999999999966    4.11951011485224e-14    2.11208553516264e-21
64.9999999999963    7.40123851633601e-12    2.65169910022421e-19
69.9999999999989    7.08967403458574e-11    1.97927090113442e-18
75.0000000000015    1.81845561449792e-09    3.73116280069275e-17
80.000000000004    4.37135801272914e-09    7.18555750959225e-17
85.0000000000066    2.80104619716285e-08    3.53172321422849e-16
90.0000000000091    1.65237109309714e-07    1.70138393053885e-15
95.0000000000117    4.83979740812818e-07    3.96416325173815e-15
100.000000000014    1.10058694370867e-06    7.45984053703918e-15
105.000000000017    2.06483237473422e-06    1.14542628268889e-14
110.000000000019    3.56721408572585e-06    1.65764672134584e-14
115.000000000022    4.87787020772435e-06    1.89370739277419e-14
120.000000000024    6.64637022155761e-06    2.1895949853965e-14
125.000000000027    7.8389364302739e-06    2.19084222498536e-14
130.000000000027    9.44635783911074e-06    2.26800717750777e-14
135.000000000022    1.02980908875167e-05    2.12358360609103e-14
140.000000000018    1.1854771416837e-05    2.12324434645715e-14
145.000000000013    1.24521250425128e-05    1.93563760798716e-14
150.000000000009    1.37128432187552e-05    1.86910866926899e-14
155.000000000004    1.42431891419135e-05    1.70054964919982e-14
159.999999999999    1.52432503716599e-05    1.60894859493725e-14
164.999999999995    1.58503716937108e-05    1.47761134021038e-14
169.99999999999    1.66536507569613e-05    1.38215880238693e-14
174.999999999986    1.71553490182045e-05    1.26690528960292e-14
179.999999999981    1.79577271176028e-05    1.18793143769839e-14
184.999999999977    1.82653247629829e-05    1.08239874617746e-14
189.999999999972    1.90038124567162e-05    1.01423968631705e-14
194.999999999968    1.93060423708558e-05    9.28699566323947e-15
199.999999999963    2.00837149497372e-05    8.74195900669882e-15
204.999999999959    2.02911525117322e-05    8.00626482480031e-15
209.999999999954    2.08354786977502e-05    7.47000073314568e-15
214.999999999949    2.09827289262847e-05    6.85488806914438e-15
219.999999999945    2.17006303655078e-05    6.46593603648619e-15
224.99999999994    2.17395062396018e-05    5.93034748550037e-15
229.999999999936    2.22663399146254e-05    5.5593395493137e-15
234.999999999931    2.25478985045315e-05    5.17581475130312e-15
239.999999999927    2.28939609777491e-05    4.82603063248552e-15
244.999999999922    2.31626037940204e-05    4.50533138932061e-15
249.999999999918    2.33517298308551e-05    4.18548832261854e-15
254.999999999913    2.35724447483918e-05    3.9099396929724e-15
259.999999999909    2.37496753152971e-05    3.64331381707948e-15
264.999999999904    2.41293218949607e-05    3.43328328430032e-15
269.999999999899    2.4171664347198e-05    3.1926188680377e-15
274.999999999895    2.45286289938433e-05    3.0108464209705e-15
279.99999999989    2.47330377371479e-05    2.82770492826881e-15
284.999999999886    2.47521763885398e-05    2.63536534894248e-15
289.999999999881    2.50108685955417e-05    2.48677419012194e-15
294.999999999877    2.50884071873309e-05    2.32912541617911e-15
