#t    <phi>    <pi>    <phi^2>    <pi^2>    rms(phi)    rms(pi)
0    0.999999999999999    -0.500000416654173    1.00000000000001    0.250000416654522    1.28184635446111e-07    4.17942893976675e-07
0.5    0.732695233529614    -0.557509753366286    0.536842305237021    0.31081712509861    7.63032807377339e-08    2.71235485400087e-07
1    0.458970496081091    -0.519545144360683    0.210653916272927    0.2699271570288    6.63406987031512e-08    1.91595479163578e-07
1.5    0.226072004119371    -0.40663336778347    0.0511085510465509    0.165350695794947    4.44244325574795e-08    1.42359888831826e-07
2    0.0507682639087558    -0.300706532500512    0.00257741662031097    0.0904244186884944    4.3601331305186e-08    1.13902356787406e-07
2.49999999999999    -0.0813881021928751    -0.233096213582747    0.00662402317855935    0.0543338447866243    3.84788862351775e-08    1.04602795451819e-07
2.99999999999998    -0.183404089899399    -0.170808027744603    0.0336370601918279    0.0291753823420103    3.4025460006014e-08    9.63261708161521e-08
3.49999999999997    -0.243145988877866    -0.0567604809158505    0.0591199719073962    0.00322175219380767    2.88577655445643e-08    9.5050970085937e-08
3.99999999999996    -0.23371782584671    0.0914189779602533    0.0546240221185138    0.00835742953130446    2.29094174676249e-08    8.47723940254457e-08
4.49999999999995    -0.164145671418973    0.169973014131953    0.0269438014455862    0.0288908255331066    2.42993284768573e-08    7.50661972458743e-08
4.99999999999994    -0.0774254419202141    0.168779863060511    0.00599469905654101    0.0284866421747292    2.36907378318102e-08    6.59526342976892e-08
5.49999999999993    0.0014579203475054    0.146775575521667    2.12553174017538e-06    0.0215430695697202    2.24747526867717e-08    5.86896405043623e-08
5.99999999999992    0.0699405700643889    0.126827941509539    0.00489168334093213    0.0160853267475502    2.08683858544142e-08    5.55109349867932e-08
6.49999999999991    0.125370281030116    0.0888957510027784    0.0157177073655705    0.00790245454635117    1.7684876464798e-08    5.64489052455775e-08
6.9999999999999    0.151189141925803    0.00778644395956028    0.022858156636261    6.06287095384558e-05    1.7201243203763e-08    5.55260010350045e-08
7.49999999999988    0.132245845532787    -0.0777167431857844    0.0174889636606819    0.00603989217140777    1.65587473464364e-08    5.10724084396697e-08
7.99999999999987    0.0828587731932036    -0.110450300992343    0.00686557629508302    0.0121992689893012    1.62303782118547e-08    4.63156310862083e-08
8.49999999999986    0.0279722273531801    -0.106280817202198    0.00078244550309824    0.0112956121051688    1.56576031153262e-08    4.17898378433623e-08
8.99999999999985    -0.0226845044771159    -0.0965249491842697    0.000514586743372519    0.00931706581502741    1.50963992946553e-08    3.96964288065855e-08
9.49999999999984    -0.0680719826194019    -0.0830049633383682    0.00463379481773634    0.00688982393880534    1.39066517070005e-08    3.87309584594644e-08
9.99999999999983    -0.101472608840408    -0.0446159765857097    0.0102966903448786    0.00199058536669826    1.32161752353805e-08    4.07507218123319e-08
10.4999999999998    -0.107574442721123    0.0220094452787709    0.0115722607267603    0.000484415681480744    1.38494761743005e-08    3.91613661191034e-08
10.9999999999998    -0.0825924468302211    0.0711749795760831    0.00682151227340304    0.00506587771765713    1.16302117256626e-08    3.57622600188077e-08
11.4999999999998    -0.0431031964955063    0.081905253177571    0.00185788554813035    0.0067084704980831    1.12662377157567e-08    3.31183757051856e-08
11.9999999999998    -0.00316245804198174    0.077196050523567    1.00011408674358e-05    0.00595923021643804    1.1866536180244e-08    3.06900766369417e-08
12.4999999999998    0.0340160707081147    0.0712140497647901    0.00115709306641959    0.0050714408839029    1.1625706652151e-08    3.0032848918742e-08
12.9999999999998    0.0664854507447837    0.0553959760465326    0.00442031516073716    0.00306871416214898    9.68920903604676e-09    3.11396970152938e-08
13.4999999999998    0.0848553999636217    0.0135301772224256    0.00720043890298627    0.00018306569567124    7.84450678949631e-09    3.15490370443949e-08
13.9999999999997    0.0782308869114955    -0.0379477694752475    0.00612007166695929    0.00144003320814743    9.84722972742669e-09    3.00212349165012e-08
14.4999999999997    0.0516835912917379    -0.0627578050541562    0.00267119360881148    0.00393854209521624    8.79691105353901e-09    2.77015664720278e-08
14.9999999999997    0.0194385064009713    -0.0641469848315195    0.000377855531100692    0.00411483566297586    9.41430882367435e-09    2.57153007809729e-08
15.4999999999997    -0.0117391520817212    -0.0605326365306065    0.000137807691597872    0.0036642000853471    9.6334563129358e-09    2.42055899361189e-08
15.9999999999997    -0.0407813287104579    -0.0544555364775718    0.0016631167713905    0.00296540545306076    8.99600671014339e-09    2.45845141258438e-08
16.4999999999998    -0.0636009186602156    -0.0329407766103516    0.00404507685442343    0.00108509476369376    8.19485880251585e-09    2.59277296499975e-08
16.9999999999999    -0.0700325247842864    0.00911731512967372    0.00490455452766175    8.31254351744313e-05    8.2620028389369e-09    2.55743090462528e-08
17.4999999999999    -0.0557925623944977    0.0438738403415651    0.00311281001854399    0.00192491386631772    8.21182314428193e-09    2.3958687826361e-08
18    -0.0305112536409465    0.0538303265955462    0.000930936598742232    0.00289770406138367    7.89360805581914e-09    2.22919117892571e-08
18.5000000000001    -0.00382943003980035    0.0522883080331651    1.46645344297896e-05    0.00273406715697161    8.0159130726685e-09    2.12297761738446e-08
19.0000000000002    0.02165311376817    0.0494522594029834    0.000468857335857377    0.00244552596006039    7.93759795132672e-09    2.06451109488114e-08
19.5000000000002    0.0446291549259713    0.0402993827010329    0.0019917614694064    0.00162404024608477    7.11327712310755e-09    2.13471229521317e-08
20.0000000000003    0.0587797072141833    0.012897486148745    0.00345505398018514    0.000166345148957569    4.83117944626608e-09    2.2334000883205e-08
20.5000000000004    0.0558215471019608    -0.0237939766531876    0.00311604512085649    0.000566153324972884    7.46376484324849e-09    2.11859551550924e-08
21.0000000000005    0.0380457434520122    -0.0434615643300289    0.00144747859481637    0.00188890757401363    6.49183889475716e-09    1.98600091034748e-08
21.5000000000006    0.0152980707360985    -0.0458837921953031    0.000234030968246719    0.0021053223862221    6.86729180844953e-09    1.85105781231185e-08
22.0000000000006    -0.00720595683819558    -0.0440642264837912    5.19258139539868e-05    0.00194165605561516    7.00765418116076e-09    1.76605851352261e-08
22.5000000000007    -0.0285604735068492    -0.0405727155572871    0.000815700646935475    0.00164614524769285    6.50638509542728e-09    1.8125800707111e-08
23.0000000000008    -0.0459682601094032    -0.0262368102517751    0.00211308093748579    0.000688370212188014    5.75327563616462e-09    1.90167714597033e-08
23.5000000000009    -0.0519316968574577    0.00413089011732287    0.00269690113849491    1.70642531617652e-05    5.49047053015978e-09    1.9221853572262e-08
24.000000000001    -0.0424359278998863    0.0311484087586914    0.00180080797672438    0.000970223368198836    5.64496654710162e-09    1.77362783162629e-08
24.500000000001    -0.0239883489726182    0.0399809269867415    0.000575440886432143    0.00159847452271944    5.66928858863368e-09    1.67655548945033e-08
25.0000000000011    -0.00397610913493093    0.0395199946970044    1.58094438529192e-05    0.00156182998085151    6.16631021984933e-09    1.59851475209989e-08
25.5000000000012    0.0154041985423176    0.037879560407608    0.000237289332731179    0.00143486109667386    6.189676166943e-09    1.53805907989881e-08
26.0000000000013    0.0332136340961447    0.0318037530244312    0.00110314548987262    0.00101147870643928    5.67583476501522e-09    1.62203654656969e-08
26.5000000000013    0.0448105516576793    0.0118745817001156    0.00200798553986557    0.000141005690553018    4.42784334460828e-09    1.72622499340634e-08
27.0000000000014    0.04352970725275    -0.0165893696600652    0.00189483541351014    0.000275207185718561    4.45120004969546e-09    1.63723355976838e-08
27.5000000000015    0.0303900962752527    -0.0330180042690425    0.000923557951619159    0.00109018860591074    5.70912889282425e-09    1.53937171670158e-08
28.0000000000016    0.0128661976701506    -0.0356916945018523    0.000165539042487417    0.00127389705641377    5.30606017697874e-09    1.47974935827767e-08
28.5000000000017    -0.00473553277547266    -0.0346340607803523    2.24252706676074e-05    0.00119951816613733    5.62371783822001e-09    1.40693114493447e-08
29.0000000000017    -0.021625561241019    -0.0323731126448551    0.000467664898989095    0.00104801842231667    5.67587265135822e-09    1.40077902809743e-08
29.5000000000018    -0.035756262576345    -0.0219660820462486    0.00127851031342855    0.000482508760462761    4.70903180139675e-09    1.53256152058728e-08
30.0000000000019    -0.0412547731066284    0.00156341345452288    0.00170195630407942    2.44426163001909e-06    4.72892260368872e-09    1.53602997001898e-08
30.500000000002    -0.0344244068332784    0.0237792710727537    0.00118503978582308    0.000565453732751709    4.40266918013437e-09    1.4397614849971e-08
31.000000000002    -0.0199988469668547    0.0317268110439576    0.000399953880003697    0.00100659053901918    4.86595058974828e-09    1.36825511473236e-08
31.5000000000021    -0.00400105760699352    0.0317596392656172    1.60084619745059e-05    0.0010086746862823    5.02055248615508e-09    1.29145777622491e-08
32.0000000000022    0.0116340118958622    0.030699801516349    0.000135350232793091    0.000942477813143381    5.16766189396368e-09    1.26082375339395e-08
32.5000000000021    0.0261942743148295    0.0263579835335828    0.000686140006880559    0.000694743295956799    4.42134106355685e-09    1.32162744465964e-08
33.000000000002    0.0360905475064568    0.0109838612805411    0.00130252761931584    0.000120645208630376    4.3148185364342e-09    1.43061051102159e-08
33.5000000000019    0.0357518636063568    -0.0122273285096937    0.00127819575132756    0.000149507562484148    4.35067159886339e-09    1.34241326992712e-08
34.0000000000018    0.0254842407134897    -0.0264614973090421    0.000649446524743104    0.000700210839836609    4.49890026942586e-09    1.28947136215299e-08
34.5000000000017    0.0112681640575463    -0.0291878908955964    0.000126971521227797    0.000851932974933391    4.40931963074747e-09    1.22119143707614e-08
35.0000000000016    -0.00318274063380581    -0.0285265778304109    1.0129837942101e-05    0.000813765642714631    4.73058087743139e-09    1.17856916537862e-08
35.5000000000015    -0.0171555501771036    -0.0269572359499103    0.000294312901879143    0.00072669257005927    4.75362586062266e-09    1.16441598704022e-08
36.0000000000014    -0.0290870356707876    -0.0190116989263897    0.000846055644113683    0.000361444696067852    3.74334202643444e-09    1.28463936329831e-08
36.5000000000013    -0.0341992687116755    2.11179130175376e-05    0.0011695899804134    4.45966414597319e-10    3.60286334708385e-09    1.28211168288974e-08
37.0000000000012    -0.0290769643714921    0.0189619950829247    0.000845469857061036    0.000359557257525006    3.83384270017914e-09    1.21317627695378e-08
37.5000000000011    -0.0173057666150932    0.0262413089732441    0.000299489558136089    0.000688606296629396    3.98181485584967e-09    1.16407916016882e-08
38.000000000001    -0.00399060647980263    0.026544717375462    1.59249400766605e-05    0.000704622020543271    4.22195264791337e-09    1.09248086829709e-08
38.5000000000009    0.00911196933426514    0.0258102274011894    8.30279851486091e-05    0.000666167838501217    4.56453994669667e-09    1.05138258329668e-08
39.0000000000008    0.0214384692629714    0.0225644131636247    0.000459607964339386    0.000509152741418893    4.13700502051784e-09    1.14971872475389e-08
39.5000000000007    0.0301200706896947    0.0102542982419422    0.000907218658352221    0.000105150632434852    3.53350767415622e-09    1.23956125274731e-08
40.0000000000006    0.0303780952376117    -0.00929913818809827    0.000922828670265421    8.64739710414859e-05    3.73779371181895e-09    1.17626488410629e-08
40.5000000000005    0.0220688242261071    -0.0219531538309773    0.000487033002722827    0.00048194096312668    3.87544785652523e-09    1.11823855231375e-08
41.0000000000004    0.0101381622047835    -0.0246751755506632    0.000102782332890515    0.000608864288456162    3.75609825959015e-09    1.07594552772817e-08
41.5000000000003    -0.0021169409744559    -0.0242492919194989    4.48143908934907e-06    0.000588028158597177    4.33237097962634e-09    1.00613142205753e-08
42.0000000000002    -0.0140337587392275    -0.0231101488965145    0.000196946384350868    0.000534078982019254    4.68612514683953e-09    1.34948603354474e-08
42.5000000000001    -0.0243845818153146    -0.0168420063794863    0.000594607830307814    0.000283653178886822    6.66183816497005e-09    1.28482888762589e-08
43    -0.0291813295706345    -0.000998270728254089    0.000851549995510035    9.96544447063073e-07    6.85597970587802e-09    1.3195629151794e-08
43.4999999999999    -0.0252486275582215    0.0155576841745396    0.000637493193573804    0.000242041536874905    4.62313495544306e-09    1.36098866555181e-08
43.9999999999998    -0.0153643763850627    0.0223263498995078    0.000236064061701887    0.000498465899835398    3.7363557008591e-09    1.21555763847977e-08
44.4999999999997    -0.00396959743729641    0.0227992553142142    1.57577038142115e-05    0.00051980604288285    4.61412821373275e-09    1.12036330250287e-08
44.9999999999996    0.00730629597156183    0.0222651355975968    5.33819608240869e-05    0.000495736263179616    5.12975280439395e-09    1.55665901849542e-08
45.4999999999995    0.0180013122377523    0.0197651216930506    0.000324047242281208    0.000390660035541899    1.25547750360838e-08    2.8251830351556e-08
45.9999999999994    0.0257696249110656    0.00965510393912277    0.000664073568057494    9.32210320755798e-05    2.19532049426749e-08    1.77691743521466e-08
46.4999999999993    0.0264361820840509    -0.00719398830314108    0.000698871723181364    5.17534677067666e-05    1.65149627587465e-08    3.21846939781669e-08
46.9999999999992    0.0195514239143013    -0.018655297975335    0.000382258177076766    0.000348020142549166    7.29852189499065e-09    2.50833148825804e-08
47.4999999999991    0.00929674574689304    -0.0213586407900103    8.64294814824197e-05    0.000456191536397397    6.77098847869922e-09    2.65476731885983e-08
47.999999999999    -0.00134029381403999    -0.021086958952114    1.79638750809189e-06    0.000444659837848453    1.17484048028327e-08    1.76627842452856e-08
48.4999999999989    -0.011729608929673    -0.0202339765020874    0.000137583725643368    0.000409413805097022    1.74207128210111e-08    9.9984098552399e-08
48.9999999999988    -0.0208872628556986    -0.0151758871191244    0.000436277749606736    0.000230307549857976    6.07245606072235e-08    7.46396701534638e-08
49.4999999999987    -0.0254233090380499    -0.00171663200526279    0.000646344642448983    2.94682544648273e-06    6.92337284276878e-08    7.0641298744145e-08
49.9999999999986    -0.0223681053857021    0.0130170445393009    0.000500332138547152    0.000169443448547594    3.57035186864147e-08    9.72159457022047e-08
50.4999999999985    -0.0138974413868668    0.0193874289082256    0.000193138877101673    0.00037587239967696    1.65727956413591e-08    7.3891453350609e-08
50.9999999999984    -0.0039463094150991    0.0199785384880247    1.55733580006074e-05    0.000399142000121948    3.01254094965974e-08    6.67992446510883e-08
51.4999999999983    0.00594969576714048    0.0195764418414075    3.53988797226833e-05    0.000383237075185046    3.39699005069378e-08    1.22629328258669e-07
51.9999999999982    0.0153996642773381    0.0176102403915993    0.000237149659870731    0.000310120566735833    1.26522837745157e-07    2.93116886995218e-07
52.4999999999981    0.0224539056311715    0.00915485346228286    0.000504177878151723    8.38113419424691e-05    2.41176473151698e-07    1.63084790870942e-07
52.999999999998    0.0234155902345381    -0.0056047810687933    0.000548289866065502    3.14135709375465e-05    1.83586616937485e-07    3.29306510142268e-07
53.4999999999979    0.0176165591033289    -0.0161316898965762    0.000310343154646711    0.000260231418990548    7.50393051276741e-08    2.66927650806982e-07
53.9999999999978    0.00864566029176637    -0.018816395572982    7.47474418848609e-05    0.000354056742439161    6.50780328182923e-08    2.83236697673332e-07
54.4999999999977    -0.000749236161183858    -0.0186539194186145    5.61354841054484e-07    0.000347968709707332    1.25813195325259e-07    1.76548804226868e-07
54.9999999999976    -0.00995852967775192    -0.0179998749023067    9.9172313371646e-05    0.000323995497718926    1.70235524500007e-07    1.10464345458892e-06
55.4999999999975    -0.0181814248350434    -0.0138509445080876    0.000330564209478144    0.000191848664590486    6.67689745614996e-07    9.07944966237909e-07
55.9999999999974    -0.0224979333491213    -0.00224600943707831    0.000506157005604487    5.0445589350035e-06    7.89291474835761e-07    7.37264315579669e-07
56.4999999999973    -0.0201179008107651    0.0110421522484638    0.000404729933207184    0.000121929127473924    4.18807659406075e-07    1.09346737474263e-06
56.9999999999972    -0.0127487975234655    0.0170953899844703    0.000162531838328653    0.00029225235943314    1.85291264794982e-07    8.43807439601078e-07
57.4999999999971    -0.00392368749333379    0.0177769671356947    1.53953236578365e-05    0.000316020561153759    3.35399032926785e-07    7.81147070866796e-07
57.999999999997    0.00489292018777801    0.0174661080115401    2.39406681232717e-05    0.000305064930539768    3.99131694634116e-07    1.21201627469041e-06
58.4999999999969    0.0133597074284046    0.0158946778909715    0.000178481784459206    0.000252640796462848    1.37354923946798e-06    3.34740330828795e-06
58.9999999999968    0.0198370806366511    0.00872736024859507    0.000393509775642553    7.61668208097928e-05    2.73085217585701e-06    1.97510389439735e-06
59.4999999999967    0.0210201026632788    -0.00435948734813989    0.000441844720605573    1.9005143319108e-05    2.15192744177903e-06    3.65793879356357e-06
59.9999999999966    0.016079478372568    -0.0141303074646122    0.000258549625544335    0.000199665599162992    9.00251918011698e-07    3.18096176437279e-06
60.4999999999965    0.00812639877486315    -0.016802413879956    6.60383575722789e-05    0.000282321122895624    7.24003858908992e-07    3.27143465280214e-06
60.9999999999964    -0.000283994316034226    -0.016722925019489    8.0654871239253e-08    0.000279656225511821    1.4490339903865e-06    2.07469742114242e-06
61.4999999999963    -0.00855243961794451    -0.0162056070959837    7.31442264240034e-05    0.000262621852651884    1.73361374972749e-06    1.23005075790664e-05
61.9999999999962    -0.0160175108158629    -0.0127586516842782    0.000256560708261078    0.000162783319878284    7.45149606339989e-06    1.12728678062137e-05
62.4999999999961    -0.0201425872602169    -0.00264652540628665    0.000405723905223011    7.00416160422511e-06    9.14809043442298e-06    8.0546945555453e-06
62.999999999996    -0.0183007819660976    0.00945038472865797    0.000334918645787647    8.93099349738381e-05    5.02165330926979e-06    1.27849202714519e-05
63.4999999999959    -0.0118212740050394    0.0152448506810105    0.000139742523731563    0.000232405569403122    2.15159082288084e-06    9.8547863608267e-06
63.9999999999958    -0.00390293375219058    0.016006008272347    1.52329063690771e-05    0.000256192389612204    3.80724160025789e-06    9.42325650476165e-06
64.4999999999961    0.00404391015051215    0.0157571086066222    1.63532321955431e-05    0.000248286617463286    4.7843628478521e-06    1.20756945430589e-05
64.9999999999963    0.011703156978692    0.0144670133953004    0.000136964104326372    0.000209295991267042    1.48680349975275e-05    3.89189830337851e-05
65.4999999999966    0.0176883356945131    0.00832985940996216    0.000312878173795618    6.93871333183276e-05    3.0889380560084e-05    2.39901769984569e-05
65.9999999999969    0.0190385861598714    -0.00334443803138802    0.000362468402861128    1.1186992578357e-05    2.5296131696544e-05    4.15551749176768e-05
66.4999999999971    0.0148089937852605    -0.0124653495404549    0.000219306416142297    0.000155386438000635    1.09183520894055e-05    3.87147893658215e-05
66.9999999999974    0.00769894938854173    -0.0151471123800872    5.92738869613516e-05    0.000229436427097759    8.07923415601529e-06    3.75984410263363e-05
67.4999999999976    9.56407487020036e-05    -0.0151403679698507    9.43206042091252e-09    0.000229231345980073    1.68792063981904e-05    2.45706652748756e-05
67.9999999999979    -0.0073885812767375    -0.0146549127062889    5.45914038795611e-05    0.000214783265829813    1.64498208265567e-05    0.000129612502739513
68.4999999999981    -0.0141791916543341    -0.0117307727835069    0.000201055593677758    0.000137628798942351    7.82157747596109e-05    0.000133299827771971
68.9999999999984    -0.0180976137731158    -0.00292509199324315    0.000327533733191893    8.56399675712674e-06    0.000100543080435589    8.85075600815368e-05
69.4999999999986    -0.0167129880222427    0.00804719211072285    0.000279327354138684    6.47795101041549e-05    5.81851102502329e-05    0.000149027639298401
69.9999999999989    -0.0110202183036591    0.0136136535135743    0.000121445804283577    0.000185343086212635    2.4347962439689e-05    0.000107350943080694
70.4999999999992    -0.00388349564766095    0.0145088872925209    1.50833179886396e-05    0.000210522749082064    4.21846327247118e-05    0.000122223626966025
70.9999999999994    0.00332625477746019    0.0142821311728094    1.10674051151628e-05    0.000203990613465243    5.86026499920493e-05    0.000106501774206567
71.4999999999997    0.010223122498123    0.013028233707286    0.000104524471144172    0.000169870681000872    0.000110623381541325    0.00036852064963725
71.9999999999999    0.0156582438622428    0.00774018266200134    0.000245244593521015    5.99607058495821e-05    0.000252967728280538    0.000224228027766163
72.5000000000002    0.017095319725469    -0.00241089235613403    0.000292297514662411    5.96790887925897e-06    0.00021807830337075    0.000394343665339582
73.0000000000004    0.0135671240264732    -0.0107597798088262    0.000184078358580779    0.000115890141581037    0.000107257778608417    0.00034246174474323
73.5000000000007    0.0072966036145846    -0.0135511002654281    5.32458560629072e-05    0.000183729986127596    7.37004378426599e-05    0.000312518357718779
74.000000000001    0.000418407044050147    -0.0137549813739019    2.04920831265065e-07    0.000189290197841057    0.000172789978743803    0.00030113990879738
74.5000000000012    -0.00636926966927946    -0.0132005251533169    4.05925215591202e-05    0.000174544443145025    0.000157877924729584    0.000539053635245426
75.0000000000015    -0.0124811369921657    -0.0105944889928326    0.000155837855249986    0.0001126749476467    0.000243052736621242    0.0006570773374939
75.5000000000017    -0.0161211060328071    -0.00308092476025634    0.000260002840608044    9.76691146410591e-06    0.000335828657254383    0.000524227131828653
76.000000000002    -0.0151512699798965    0.0066339949414785    0.0002296092973595    4.44720451134944e-05    0.000219807542605669    0.000679820733673256
76.5000000000022    -0.0102505246294937    0.0120202042366828    0.000105105033379696    0.000144752885685592    0.000178264409903052    0.000517277289299985
77.0000000000025    -0.00387128986755742    0.0131720750679184    1.50301728976792e-05    0.000173901206409645    0.00020805686488669    0.000630590845769564
77.5000000000027    0.00270523359295576    0.0130559936549269    7.40532236638857e-06    0.000170712385074691    0.000295014531730642    0.000503403175594525
78.000000000003    0.00904081832693315    0.0120100022499251    8.17917443044478e-05    0.000144947490430259    0.000235262159807728    0.00084103292863815
78.5000000000033    0.0141351191362836    0.00749853537213969    0.000199914596928105    5.67034843596948e-05    0.000336160573497392    0.000689530008385905
79.0000000000035    0.0157086638455833    -0.00163374634166376    0.000246846721120151    3.39280979532422e-06    0.000290863037553233    0.000850695413426275
79.5000000000038    0.0127126750117657    -0.0095429694356416    0.000161678553574611    9.1596377692298e-05    0.000257774358380489    0.000726713177744989
80.000000000004    0.00705673872632405    -0.0123425196377977    4.98663039259661e-05    0.000152857621061338    0.000262187860825878    0.000720992407669455
80.5000000000043    0.000763218266333645    -0.0126350418783313    6.79745181134652e-07    0.000160103488873078    0.000311838193730846    0.000677647110149328
81.0000000000045    -0.00548141091533726    -0.0122022580268628    3.01333540016905e-05    0.000149614762072846    0.000295784345278863    0.000848328426205633
81.5000000000048    -0.0111852242052425    -0.0100560492427623    0.000125230225011373    0.000101858149719142    0.000347828247602219    0.000856751624616304
82.000000000005    -0.0147670737291287    -0.0034382672382406    0.000218203337730577    1.26019674299423e-05    0.00036996109126971    0.000883337890268313
82.5000000000053    -0.014174975518098    0.00560612611144016    0.00020102543689149    3.22202093675331e-05    0.000309040374083362    0.000889696234768875
83.0000000000056    -0.00982884684788904    0.0108947747035724    9.6692296899312e-05    0.0001194165323455    0.000293370993886136    0.000848773529216283
83.5000000000058    -0.00398817864926747    0.0120936465382124    1.60182105366294e-05    0.000146875207204023    0.000335621212315983    0.000786715077271162
84.0000000000061    0.00205600963732059    0.0120010939316451    4.341589626706e-06    0.000144742504045807    0.00033825138277743    0.000846314651673692
84.5000000000063    0.00786179912919893    0.0110303558027226    6.19446814917674e-05    0.000122660134858715    0.000369859356910532    0.000995683546142344
85.0000000000066    0.012609057258067    0.00722370992292333    0.000159198632689936    5.31048453405232e-05    0.00045859323231346    0.000960656176778239
85.5000000000068    0.0143260435252488    -0.000789992153170289    0.000205407876425584    1.68487768935431e-06    0.000415154595614513    0.00102994664293044
86.0000000000071    0.0119147360395932    -0.00821223826039915    0.000142079757677929    6.84425205605028e-05    0.000344706809837273    0.00100083131192977
86.5000000000073    0.00690432759753266    -0.0111359610239584    4.78023638101134e-05    0.000124892289323866    0.000364176105836601    0.000939500610295228
87.0000000000076    0.00116794408401276    -0.0115921324629403    1.52920319316965e-06    0.000135183396007994    0.000406337064257298    0.000897697593647612
87.5000000000079    -0.00455970370638978    -0.0111642382508541    2.09367801573548e-05    0.000126091311740262    0.000381945372128134    0.00120461446879403
88.0000000000081    -0.0097930106710723    -0.00934195564103943    9.61831912672322e-05    8.85553607519358e-05    0.000529276169401443    0.00113279545937796
88.5000000000084    -0.0132404657588205    -0.00373027901022749    0.000175657224521081    1.53775489553967e-05    0.000589314016958413    0.00120936655371849
89.0000000000086    -0.0130660005464688    0.00436634188107713    0.000170989608946694    2.04563752656611e-05    0.000518882131481226    0.00117959054048976
89.5000000000089    -0.00939917079340418    0.00955285777242104    8.85171405290694e-05    9.27275970062886e-05    0.000415606695671783    0.00121264396513711
90.0000000000091    -0.0041704332411066    0.0109777750237106    1.76012828557712e-05    0.000121649654787574    0.000456912942741035    0.00106682253274425
90.5000000000094    0.00135898350991165    0.0110113467559297    2.04493132703076e-06    0.000122621859630911    0.000445078809671931    0.00117136768419966
91.0000000000096    0.00668545196879264    0.0101283402447845    4.4956998682019e-05    0.000104453872105847    0.000511596183513526    0.00136769733191422
91.5000000000099    0.0111281070274349    0.00701575843062664    0.000124281935693765    5.09523196450558e-05    0.000668707469466048    0.00131584698508112
92.0000000000102    0.0130281477871544    0.000113963238979079    0.000170188556107178    1.85437873931113e-06    0.000675219477831266    0.00135697867318265
92.5000000000104    0.0112351097171764    -0.0068336269216369    0.000126524803654039    4.85944063117858e-05    0.000545081000445013    0.00137693478700526
93.0000000000107    0.00687739686984724    -0.00995730366009684    4.75267327246769e-05    0.000100860101864835    0.000477645286056758    0.00130851277619158
93.5000000000109    0.00168364199664837    -0.010602210016166    3.10495632269778e-06    0.000113817458404782    0.000519909559269352    0.00118768732328531
94.0000000000112    -0.00357036667274174    -0.0102470039262215    1.29795096309387e-05    0.000107256827268262    0.000481654910816619    0.00150191138362554
94.5000000000114    -0.00838910390208848    -0.00875234076086414    7.08230316130584e-05    7.87829839091688e-05    0.000667807856364626    0.00147631809407217
95.0000000000117    -0.0117609322412252    -0.00411731736577876    0.000138970136840978    1.92947375831269e-05    0.000806603780233526    0.00153050164736388
95.500000000012    -0.0120589946332129    0.00302355541702194    0.000146024601517139    1.13599560298298e-05    0.000777978118768617    0.0014893181896516
96.0000000000122    -0.00910629346763301    0.00815914996634212    8.32805883278239e-05    6.90009147492345e-05    0.000596663732070473    0.00155858479909621
96.5000000000125    -0.0044875071129488    0.00988307167925116    2.04535828727199e-05    9.96351275660392e-05    0.000562016711454247    0.00140000776741521
97.0000000000127    0.000544682428701222    0.0100878136864995    6.02721889747783e-07    0.000103816699070601    0.000553211480007349    0.00143272959663505
97.500000000013    0.00542264975038979    0.00925116333566734    2.97841096526179e-05    8.8715725980523e-05    0.000615612976808814    0.00176966180874408
98.0000000000132    0.00956323590345821    0.0067773699165954    9.22431406149322e-05    4.87556473840307e-05    0.000887501926611984    0.00168015011164429
98.5000000000135    0.0116561062567466    0.00109833595989277    0.000136869842080242    4.03317877699846e-06    0.00100251135239216    0.00168131998626225
99.0000000000137    0.0105429048005724    -0.00526780382108801    0.000111896594713809    3.06581386072432e-05    0.0008624112011545    0.00170539775705661
99.500000000014    0.006912972076965    -0.00867768961476435    4.82147612070128e-05    7.82273893944024e-05    0.000652363602690206    0.00171029013451325
100.000000000014    0.00229323676581233    -0.0095679042226926    5.66032521561592e-06    9.38997234423926e-05    0.00063355374795082    0.00153457884377888
100.500000000015    -0.00248319314925596    -0.0093521846043794    6.51840276087496e-06    9.07575850286885e-05    0.000593426106910746    0.00181500086895226
101.000000000015    -0.00687824453458669    -0.00809345084202627    4.80066872554332e-05    6.91732246037332e-05    0.000834529434988072    0.00191553597497868
101.500000000015    -0.0101450893336618    -0.00447490533519815    0.00010414953380203    2.35985521356765e-05    0.00110756318738525    0.00189044290490128
102.000000000015    -0.0109196292875246    0.00155571460115007    0.00012055506703539    5.80434558378201e-06    0.00114750305377569    0.00183959171110072
102.500000000016    -0.00876586469446713    0.00658818988201471    7.76534260269434e-05    4.71933926022992e-05    0.000901688518967688    0.00194657306074502
103.000000000016    -0.00484241016928127    0.0086790932925095    2.39677639225846e-05    7.86539640116311e-05    0.000720296935316199    0.00182408980906856
103.500000000016    -0.000352584872049086    0.0091065032588513    5.82432148561495e-07    8.60624376876158e-05    0.000676842711834607    0.00177032089863575
104.000000000016    0.00407758238177705    0.00839823064578521    1.7119326354205e-05    7.52185517573566e-05    0.00070188907530064    0.00216524219835811
104.500000000017    0.00789264864534545    0.0065005423688554    6.34064309071481e-05    4.67003053098887e-05    0.0010547645558487    0.00210790280150783
105.000000000017    0.0101374707920771    0.00205654245801683    0.000104456570507759    8.46731333078871e-06    0.00129932922985028    0.00205862732158174
105.500000000017    0.00973401045607141    -0.00356795584642209    9.6254609518599e-05    1.68571044982176e-05    0.00122623405583576    0.00203145159336865
106.000000000017    0.00692613954049267    -0.0071879859505369    4.8809123103545e-05    5.62548066773459e-05    0.000915267266523229    0.00214188343572429
106.500000000018    0.00294901199799633    -0.00844173592575125    9.29613045442946e-06    7.50232600408582e-05    0.000774247176361099    0.00193916337649487
107.000000000018    -0.00132542822005284    -0.0084775598500696    2.24633200647786e-06    7.62954542117095e-05    0.000699694247486307    0.00210390902849849
107.500000000018    -0.00532658755477619    -0.00739771420771374    2.91881010973197e-05    5.9995813355007e-05    0.000903086993939753    0.00229556917909203
108.000000000018    -0.00846868039248638    -0.00474748461802227    7.33027760078102e-05    2.75989903787463e-05    0.00125866135943187    0.00224952887965195
108.500000000019    -0.0096926431407848    0.000110624671644604    9.59538988674333e-05    4.64635765080084e-06    0.00141653373162474    0.00215270059061272
109.000000000019    -0.00837543472881952    0.00487678199481374    7.16293593612695e-05    2.88043936529233e-05    0.00121714931892242    0.00224084605182592
109.500000000019    -0.005216501786566    0.00736538798422029    2.80447175877099e-05    5.9242159586461e-05    0.000912593391639261    0.00223455128121158
110.000000000019    -0.00130225441061804    0.00809796150134427    2.3232419500184e-06    6.99810830476629e-05    0.000792070325188525    0.00209859538034585
110.50000000002    0.00270195966036696    0.00770114240528137    7.87092888653335e-06    6.50247259202756e-05    0.00075521048740269    0.00239105239880952
111.00000000002    0.00623598433257965    0.00627330363925231    4.00940738482465e-05    4.50707932119509e-05    0.00109844128294039    0.00239091084352693
111.50000000002    0.00862146457361508    0.00292440057397779    7.63109577232941e-05    1.41078058393582e-05    0.0014075888352762    0.0023570505133061
112.00000000002    0.00890167569398994    -0.00185653950331476    8.13225404922352e-05    8.49683325742546e-06    0.00144315984258982    0.00224724149348868
112.500000000021    0.00694439796857268    -0.00562083154832048    4.95343065162142e-05    3.73956444296125e-05    0.00114439650921254    0.00240871275477541
113.000000000021    0.00364054224535398    -0.00730408283986835    1.40645835658386e-05    5.84744589573407e-05    0.000900575219307974    0.00226380936160301
113.500000000021    -0.000145496342272914    -0.00766324482828981    6.40537393731865e-07    6.3973009360115e-05    0.000786999496897595    0.00229078328564805
114.000000000021    -0.00382177778448427    -0.00685472044658753    1.53754103688674e-05    5.33700936928607e-05    0.000877168703779334    0.00252644043903581
114.500000000022    -0.00685321055292376    -0.00495985073543314    4.8528132202756e-05    3.08401122922979e-05    0.00124965488037715    0.00249799779313778
115.000000000022    -0.00846292700170409    -0.00120296855235876    7.39167365488763e-05    7.16411569626008e-06    0.00151512478453235    0.00239102119570195
115.500000000022    -0.00794470353252872    0.00316746652201655    6.51891054715211e-05    1.57347676037063e-05    0.00143902440971193    0.00238787006254751
116.000000000022    -0.0055659104282233    0.00600618172216512    3.2226273288966e-05    4.22324028698114e-05    0.00111665321114529    0.00248156885661893
116.500000000023    -0.00222777294292092    0.00712477624551881    5.77530831707012e-06    5.62413615357125e-05    0.00090129686111713    0.00234071035948562
117.000000000023    0.00137642247096058    0.00710301862319383    2.51554236098325e-06    5.67955725771609e-05    0.000788037779816435    0.00251847156341352
117.500000000023    0.00468533469292652    0.00601315801403601    2.30400501451404e-05    4.28786732645594e-05    0.00104292327637248    0.00259241276859877
118.000000000023    0.00717033629445368    0.00361306790286039    5.34219410346612e-05    1.9661415711216e-05    0.001417116247561    0.00257043888091821
118.500000000024    0.00803658536328224    -0.000313305932857693    6.71614368141562e-05    5.89937938090546e-06    0.00160459730550497    0.00240857193650961
119.000000000024    0.00688953127314982    -0.00406578279708626    4.94380589313881e-05    2.29154344103089e-05    0.00140442791473209    0.00252682501515764
119.500000000024    0.00426260644813709    -0.00615260238363335    1.93183358416543e-05    4.41951423228464e-05    0.00107169123816256    0.00251806001353334
120.000000000024    0.000964480252597251    -0.00685873225985521    1.67879204538402e-06    5.30806531036857e-05    0.000865199334103976    0.00245732474274508
120.500000000025    -0.00241425078446141    -0.00645163536580972    6.53999402771503e-06    4.87679409898221e-05    0.000843437714026649    0.00267289021406704
121.000000000025    -0.00533652465134897    -0.00509085548558976    2.99639899860726e-05    3.28460481281285e-05    0.00121880869360921    0.00263234468734037
121.500000000025    -0.00723542562174809    -0.00225389651415342    5.4773662766925e-05    1.17865062105332e-05    0.00155636719288103    0.00258968274389359
122.000000000026    -0.00741233533315086    0.0015783785060409    5.75835019812591e-05    8.41902299544474e-06    0.0016250498116004    0.0024346959331943
122.500000000026    -0.00579253242284341    0.00464529915700352    3.52922993297046e-05    2.84933436271555e-05    0.0013186612377758    0.00262955117255738
123.000000000026    -0.00303618026725179    0.00614806084654008    1.02382178946101e-05    4.42064209120762e-05    0.0010098649807578    0.0025313570943897
123.500000000026    0.000169699461674514    0.00650327746706387    7.21128970518008e-07    4.89837516918009e-05    0.000832064338393004    0.0025867226133044
124.000000000027    0.003276627768989    0.00575378913448503    1.16644449012851e-05    4.05706614277312e-05    0.000963408202567955    0.0027321368969386
124.500000000027    0.00578957960284731    0.00406019963348792    3.54257310506839e-05    2.36419975747293e-05    0.00138076032423385    0.00267521522703387
125.000000000027    0.0070939088717903    0.000957991988276099    5.31034841961572e-05    7.44616773213111e-06    0.0016673155414894    0.00255507711870501
125.500000000027    0.00666898638334818    -0.00258152852920033    4.70381514281842e-05    1.3087744883056e-05    0.00160086603027885    0.00253445365630955
126.000000000028    0.00471298896139155    -0.0049885350809148    2.37396887172414e-05    3.20998937947006e-05    0.00123588986849266    0.00268596566269618
126.500000000028    0.00190958403384596    -0.00604070864918832    4.55267391522201e-06    4.31132827366489e-05    0.000951925802204463    0.00257354264628942
127.000000000028    -0.00115912633501597    -0.00605366006526059    2.03657992282041e-06    4.39321987688058e-05    0.000832469856687223    0.00269914775124944
127.500000000028    -0.0039692606887818    -0.00506478927472962    1.69909005084549e-05    3.30647178076851e-05    0.00111169694294186    0.00272261407663092
128.000000000029    -0.00604856108394296    -0.0030118415360386    3.88696822419844e-05    1.61991447317368e-05    0.00151148637301011    0.00266982308281456
128.500000000028    -0.00678303625033738    0.00019679061162684    4.89142124322796e-05    6.43774438162905e-06    0.00170429799591757    0.00252962800364097
129.000000000028    -0.0058685987227759    0.00330662592067981    3.67442181930202e-05    1.77828735981191e-05    0.00151781659763403    0.00261707825996999
129.500000000027    -0.00369454105117981    0.00516186852323806    1.49623424320644e-05    3.38105108685101e-05    0.00114573507112752    0.00267686836010182
130.000000000027    -0.000898634441356681    0.00585923806423354    1.61701841034995e-06    4.11946943195181e-05    0.000899708036619386    0.00261992817194573
130.500000000026    0.00199628064092914    0.0055355679247774    4.76437806876891e-06    3.83477280689606e-05    0.000882746663216828    0.00277582705137339
131.000000000026    0.00449420835724048    0.00432916339139197    2.17940267972392e-05    2.61737530217354e-05    0.00126337565234932    0.00272618732892054
131.500000000025    0.00611777706483341    0.00196404238190128    4.00705669157126e-05    1.08779436554525e-05    0.00162584461148995    0.00264961906272356
132.000000000025    0.00631837269744099    -0.00119414447518335    4.2863343672307e-05    7.80481406677302e-06    0.00171508312583947    0.00252563517538898
132.500000000024    0.00501659117579386    -0.00382278430539787    2.72221547003393e-05    2.17923510242722e-05    0.00143386459447414    0.0026793042340645
133.000000000024    0.00270960598870365    -0.00521205916680546    8.48262724827426e-06    3.43232807097571e-05    0.00106801808704515    0.0026753915510587
133.500000000024    -3.12009134137223e-05    -0.00559315666204999    7.33392137462767e-07    3.8564661387974e-05    0.000855814606363385    0.00269838098528356
134.000000000023    -0.00271072559476417    -0.00496832732653397    8.31245396239792e-06    3.24627176774565e-05    0.000982049241274775    0.00278898570341841
134.500000000023    -0.00487578251949641    -0.00351200492751202    2.57508967666261e-05    1.97673846872984e-05    0.00140628645346507    0.00272639066834335
135.000000000022    -0.00602777749582476    -0.000939781984315692    3.9294000476856e-05    7.62815465060193e-06    0.00172043568251898    0.0025971069428419
135.500000000022    -0.00574562253153065    0.00202362531122198    3.58518543338352e-05    1.07154350542608e-05    0.00168513384008586    0.00257300906606303
136.000000000021    -0.00414971074221979    0.00416124496453915    1.90180913471297e-05    2.4607597609588e-05    0.00134089227868436    0.00270030330790554
136.500000000021    -0.00177590217337982    0.00517055287705057    4.13338457382061e-06    3.39274129403795e-05    0.00098972523682356    0.00268193882965359
137.00000000002    0.000868234425081811    0.00524271765891119    1.45809994489099e-06    3.51529425608919e-05    0.000839207321222739    0.00276890846902397
137.50000000002    0.00330779291347356    0.00439520568610597    1.21906624083674e-05    2.69803115255883e-05    0.00111766204639036    0.00276811822406667
138.000000000019    0.00512047186389097    0.00266504373049436    2.85995046162631e-05    1.44295931509214e-05    0.00154281317967017    0.00270686812857112
138.500000000019    0.00581157822361562    -1.02720208549508e-05    3.6918590990956e-05    6.4630897106977e-06    0.00177317498903878    0.00254223999580788
139.000000000019    0.00511222574655952    -0.00267765268516498    2.87465348063746e-05    1.40257291709071e-05    0.00161607014779326    0.00261837836619078
139.500000000018    0.00330427292279625    -0.00436817484965096    1.24155942054517e-05    2.64782942878811e-05    0.00122367261027093    0.00271980564944591
140.000000000018    0.000912839546537985    -0.00505041880932716    1.66381212532177e-06    3.28136258774386e-05    0.000911337526714497    0.00270312702769091
140.500000000017    -0.0015959693217711    -0.00482326759506691    3.31677102205868e-06    3.11471786372043e-05    0.000877298664095744    0.00280771585876879
141.000000000017    -0.00377602901342877    -0.00378123861143723    1.58682365025331e-05    2.19241229226699e-05    0.00126879525230719    0.00276158604538155
141.500000000016    -0.0052136853892887    -0.0018044133100443    2.99728083431175e-05    1.02408630687788e-05    0.00167041701518963    0.00264290667169951
142.000000000016    -0.00545830670595838    0.000863032814454884    3.29821088336025e-05    7.09248399368669e-06    0.00178577622822464    0.00251945596406462
142.500000000015    -0.00441489883948794    0.00316165690154444    2.17974080641869e-05    1.71252291186105e-05    0.001518577064648    0.0026700477066013
143.000000000015    -0.00246954717832296    0.00445374613566448    7.32266296772309e-06    2.72234325383938e-05    0.0011063452000891    0.00271800991489132
143.500000000014    -0.000106615953528639    0.00485482778470019    7.01283300536552e-07    3.11695570406238e-05    0.000830612026754809    0.0027568467896361
144.000000000014    0.00223357986435771    0.00436279813356089    5.94323088483683e-06    2.69057922394843e-05    0.00097690934808335    0.00280567009558891
144.500000000014    0.00413947601852786    0.00311835403775473    1.91917804260358e-05    1.70158442622533e-05    0.00143405673460589    0.00270031708461657
145.000000000013    0.00519087476700175    0.000952788539095386    3.00258625716632e-05    7.53932994149395e-06    0.00175518709115803    0.00257517454578567
145.500000000013    0.0050234943072954    -0.00159303475253557    2.8237528161126e-05    8.92779548584849e-06    0.00173263761522618    0.00252785200576743
146.000000000012    0.00370844801688075    -0.0035053147354821    1.56108697678959e-05    1.96788852571237e-05    0.00136318856875674    0.00271875961834359
146.500000000012    0.00167858104818412    -0.00447188422039146    3.76787774224611e-06    2.73015550306168e-05    0.000974804291600734    0.00270255555910155
147.000000000011    -0.000624929427656489    -0.0045989829811757    1.04910662269578e-06    2.88382361105271e-05    0.000811523156259091    0.00277265065404629
147.500000000011    -0.00277358284962006    -0.00387813093701353    8.92068202765743e-06    2.26156546985737e-05    0.00110811560946994    0.00275240896923991
148.00000000001    -0.00438304150823033    -0.00240424254780716    2.16080871416318e-05    1.27152994005938e-05    0.00154823586018468    0.00263342309018272
148.50000000001    -0.00503898127558575    -0.000126458587312048    2.85143959657115e-05    6.38143206638955e-06    0.00176721919127414    0.00252298242009028
149.000000000009    -0.00450124403335774    0.00219629048773588    2.2917895182062e-05    1.13644202643782e-05    0.00162993783139829    0.00255748477177462
149.500000000009    -0.00297819260530551    0.00373743397048916    1.03629116836565e-05    2.13341347320456e-05    0.00122199856356709    0.00271398637584628
150.000000000009    -0.000907311565779748    0.00441245554945848    1.5960450908045e-06    2.67542652613966e-05    0.0008791079645907    0.00269898152743765
150.500000000008    0.00129715194718134    0.00425943782266434    2.40862067903567e-06    2.58198056013224e-05    0.000852066608287945    0.00277073907760707
151.000000000008    0.00322557062147315    0.00335061201131283    1.194147631147e-05    1.8600466208877e-05    0.00123982679328982    0.00271548621033567
151.500000000007    0.00451376319240605    0.00165852976138074    2.30655589343007e-05    9.39416792575075e-06    0.00164057940288822    0.00257748849781431
152.000000000007    0.00478030021305811    -0.00063218581664745    2.59354159620385e-05    6.58452827379655e-06    0.00175617363466006    0.00248693975942851
152.500000000006    0.00392667186736039    -0.00266697303863898    1.76879242831861e-05    1.39077113772155e-05    0.00150637722011008    0.00260671559407394
153.000000000006    0.00225594947924098    -0.00387102896775876    6.27552457423448e-06    2.2260937961863e-05    0.00108913567628043    0.00269741963599207
153.500000000005    0.000186148324288966    -0.00427797347566143    6.94639829097676e-07    2.5664964347634e-05    0.000812396842966592    0.00271365202064879
154.000000000005    -0.00188438052638705    -0.00386969814571152    4.43089671561239e-06    2.25675217719608e-05    0.000938086748326424    0.00275553225948049
154.500000000004    -0.00357612579150708    -0.00277677871740244    1.46876873462427e-05    1.47712153159701e-05    0.00137804632344512    0.00265720064551982
155.000000000004    -0.00452583275918815    -0.000908695626246001    2.34006173788289e-05    7.1892013151649e-06    0.00170805597527958    0.00252259262942043
155.500000000004    -0.0044231421536813    0.00130352313482187    2.24930003257826e-05    7.86062676034954e-06    0.00171137775318898    0.00248222766831201
156.000000000003    -0.00330898756203308    0.00302060594915371    1.2858623290468e-05    1.60337327653267e-05    0.0013817469394858    0.00262862558483781
156.500000000003    -0.00154125060343635    0.00392076357343391    3.31569974649656e-06    2.25975077317085e-05    0.000969662995016136    0.00268795846934848
157.000000000002    0.000487066464868669    0.00406122848038699    8.54386590106309e-07    2.3950011080951e-05    0.000785590764270206    0.00273064723299159
157.500000000002    0.00238657065303983    0.00342871353064981    6.81930078925648e-06    1.9140991360185e-05    0.00105999118265461    0.00271751998795297
158.000000000001    0.00381049605516609    0.00213438164194041    1.6786724918227e-05    1.1296290071267e-05    0.00150560444067846    0.0025962867865116
158.500000000001    0.00440525759429656    0.000164504761193759    2.24826930212859e-05    6.04840184147303e-06    0.00175396651883048    0.00245384189079444
159    0.00396379590516047    -0.00186731995326244    1.83937342603261e-05    9.77003725152964e-06    0.00163769847119644    0.00250662191877387
159.5    0.00264984469759368    -0.00325356928305382    8.57816554649913e-06    1.76101762679501e-05    0.00124759313284972    0.00265037038700608
159.999999999999    0.000836926497494267    -0.00387801898977522    1.4468707036089e-06    2.22799399775481e-05    0.000863958761400613    0.00269089366056909
160.499999999999    -0.00110427784531539    -0.00375457254480292    1.88641786466367e-06    2.16566736119871e-05    0.000816693519632228    0.00274951970674865
160.999999999999    -0.0028029917557416    -0.00294781072711301    9.35526334763408e-06    1.57565270890295e-05    0.00122413257651232    0.00265837149513513
161.499999999998    -0.00393640296505919    -0.00146557992680471    1.81485029035496e-05    8.54739932776434e-06    0.0016288752561884    0.00252971832540926
161.999999999998    -0.00418134780553161    0.000522630072688069    2.05781098606932e-05    6.15095976050935e-06    0.00175910215447232    0.00242442107886221
162.499999999997    -0.00344926661379676    0.00230832686896546    1.42103363866882e-05    1.18260035197507e-05    0.00152082090123566    0.002549045034079
162.999999999997    -0.00199396774935478    0.00338929158079282    5.16198915031439e-06    1.85915104965908e-05    0.00108907381055988    0.00266537297145403
163.499999999996    -0.000176652398117726    0.00376392183703843    6.53830987623538e-07    2.14157832713377e-05    0.000789065851410891    0.00269233647154343
163.999999999996    0.00164664437525281    0.00340892590863385    3.56861961029535e-06    1.89481564486219e-05    0.000925841191427368    0.00270691348182145
164.499999999995    0.00313254971502672    0.00243067597069503    1.16827158993531e-05    1.26787146569503e-05    0.00136742392192002    0.00260202401649871
164.999999999995    0.00396275675785663    0.000791858803388361    1.85747184267386e-05    6.64476366025278e-06    0.0016944843772665    0.00245310482771306
165.499999999994    0.00387407034118455    -0.00113276455362701    1.78781448619179e-05    7.16347075078579e-06    0.00169402593057841    0.00242493612634065
165.999999999994    0.00290163770811166    -0.0026460026438776    1.02761802096068e-05    1.36845104121768e-05    0.00136260002218966    0.00258518479431733
166.499999999994    0.00134717119659964    -0.00345603717776616    2.71679281707254e-06    1.89712894591e-05    0.00094969604828326    0.0026508671194532
166.999999999993    -0.000442545543508789    -0.00358424312622314    7.91538094926455e-07    2.00995671584951e-05    0.00077181055761564    0.00269309642802058
167.499999999993    -0.0021180348399082    -0.00301689506169544    5.62000702657519e-06    1.61391062288581e-05    0.00106486404930876    0.00265281933338397
167.999999999992    -0.00336341339890445    -0.00185346639041097    1.35438309981471e-05    9.7913964701979e-06    0.00149374740375245    0.00252112252971069
168.499999999992    -0.00387388582412088    -0.000121951621848829    1.79415059439335e-05    5.80147613652368e-06    0.00171304248797535    0.00240553610208871
168.999999999991    -0.00347733136500911    0.00165465431180935    1.46369385831248e-05    8.72484253071304e-06    0.00159533857254459    0.00244682685107136
169.499999999991    -0.00231555690413782    0.00287738554155373    6.83491549138357e-06    1.50342050038154e-05    0.00121371813658824    0.00259901085974511
169.99999999999    -0.000709954035880611    0.00343868154582543    1.2244921204505e-06    1.87982319656435e-05    0.000848797612736588    0.00264077662668449
170.49999999999    0.00101060498925454    0.00332359021095376    1.70358620732422e-06    1.81345614189408e-05    0.000825992592592717    0.00266238793728358
170.999999999989    0.00250797255692412    0.00257862480852916    7.7214583672951e-06    1.34441316215163e-05    0.00119646647299898    0.0026066886500605
171.499999999989    0.0034885303298564    0.0012451494143139    1.46754755978874e-05    7.51044482927282e-06    0.00158291873940496    0.0024413209058431
171.999999999989    0.00368055334672097    -0.000503248163943731    1.64214070957899e-05    5.89381097082542e-06    0.00169556307984426    0.00237498468549014
172.499999999988    0.00301825311664236    -0.00206483335810696    1.12935600642874e-05    1.0389823532514e-05    0.00147773752343444    0.00247513368038228
172.999999999988    0.00172022977613211    -0.00301897193916125    4.10213287534298e-06    1.58511726869569e-05    0.00106908483884651    0.00259556951698733
173.499999999987    0.000102988523910194    -0.00334415903525138    6.01503707799491e-07    1.81943532749965e-05    0.000768698296955503    0.00264782054186892
173.999999999987    -0.00150979208738754    -0.00299682024482143    3.12423588768246e-06    1.59083442437357e-05    0.000919110298356208    0.00263199784649686
174.499999999986    -0.00280506315215998    -0.00209450298686417    9.65517658457218e-06    1.08013923976347e-05    0.00133671137384498    0.00253267637799458
174.999999999986    -0.00350614213064968    -0.000632035969663362    1.49942946456136e-05    6.04154377627913e-06    0.00164355164363548    0.00237530509815704
175.499999999985    -0.00339712199219287    0.0010553865019022    1.42164470663406e-05    6.72210519439429e-06    0.00163585122688468    0.0023681774692782
175.999999999985    -0.00251533779387558    0.00237372448797642    8.08663128238335e-06    1.19037093991149e-05    0.00132653950754755    0.00250382536417697
176.499999999984    -0.00112742234600259    0.00307668316056    2.12302039243031e-06    1.62021891164069e-05    0.000923005550451528    0.00259542093810107
176.999999999984    0.000460324032959928    0.00316616021517567    7.83783372635731e-07    1.69740240721539e-05    0.000756230888892564    0.00263618162575963
177.499999999984    0.00193186597270449    0.0026314039842648    4.83543216858059e-06    1.36281966096851e-05    0.00105039327496281    0.00258919093179325
177.999999999983    0.00300602931290892    0.00156667668774108    1.11783720642951e-05    8.45346219047092e-06    0.00146361191380347    0.00244928282290134
178.499999999983    0.00341829146260045    2.95992803192816e-05    1.44678798023378e-05    5.40745687067905e-06    0.0016682815347089    0.0023252055292562
178.999999999982    0.00303389730849448    -0.0015167963176566    1.15689442090372e-05    8.01108908558055e-06    0.00153766424506366    0.00238964809466246
179.499999999982    0.00198288817067504    -0.00258659765633712    5.28221297530794e-06    1.30896369607561e-05    0.00116205313041399    0.00252965403266681
179.999999999981    0.000545170592013794    -0.00306615784468119    9.39984686451581e-07    1.61332275160944e-05    0.000801731695802848    0.00259459121782111
180.499999999981    -0.00098040091038028    -0.00292816272985196    1.61272260451822e-06    1.53826706714383e-05    0.000807178207983675    0.00260931671112271
180.99999999998    -0.00229059706641799    -0.00223197263439012    6.66455991666953e-06    1.12743090654719e-05    0.00119068257566272    0.00250850697124914
181.49999999998    -0.0031234090473454    -0.00101542161600305    1.21297822090812e-05    6.66595442622517e-06    0.0015408108683554    0.00237378882126842
181.999999999979    -0.00324726592300104    0.000536769564444301    1.31997148913762e-05    5.55974517370942e-06    0.00162941060408124    0.00229600165688
182.499999999979    -0.00261980974245099    0.00189976618889637    8.81486480200543e-06    9.44703806291695e-06    0.00139694728438991    0.0024161801444518
182.999999999979    -0.00143921153226704    0.00272618249522199    3.07338097255245e-06    1.38326675820301e-05    0.00100102504361381    0.00252994003580625
183.499999999978    1.28297117873581e-05    0.00298361567471846    5.39092380730389e-07    1.55195389757507e-05    0.000734117006495451    0.00257246505930109
183.999999999978    0.00144043231730841    0.00262996909744401    2.88940673497728e-06    1.3485636220797e-05    0.000902530594623148    0.00256298629869271
184.499999999977    0.00256271535745514    0.00177636287170876    8.29235308842108e-06    9.08360636624807e-06    0.00131333281581048    0.00243477746709277
184.999999999977    0.00313338516455804    0.000440778096330348    1.23307073691653e-05    5.54394407442262e-06    0.00158511979979209    0.00231293293119753
185.499999999976    0.00297701316866899    -0.00104557376467704    1.13111514087696e-05    6.38460075576051e-06    0.00156478241373713    0.00230029916714752
185.999999999976    0.0021489010582813    -0.00218142262825853    6.20425038967295e-06    1.06921614336829e-05    0.00125955334598835    0.00243588931411189
186.499999999975    0.000887124637236544    -0.00277544126471408    1.53804704331885e-06    1.41531553153723e-05    0.000866635402765652    0.00253970098663103
186.999999999975    -0.000533143298144903    -0.00280555839371146    8.22778331384068e-07    1.44702504518269e-05    0.000733850499098586    0.0025688698976986
187.499999999974    -0.00182305317831355    -0.00227492276280657    4.40566258109098e-06    1.14665585945699e-05    0.00104025943405088    0.00250824341279598
187.999999999974    -0.00273157858062368    -0.00127442055672364    9.51523771342282e-06    7.19811033586146e-06    0.00143307926204405    0.00236092409459975
188.499999999974    -0.00303238074122348    0.000108935569559579    1.17852729923414e-05    5.1088596391181e-06    0.0016093290628701    0.00225765202828134
188.999999999973    -0.00262866531140935    0.00145752220846851    9.06683746410347e-06    7.535340568246e-06    0.00146865793999034    0.0023261490880997
189.499999999973    -0.00165111876591414    0.00236401759537447    3.93713164744104e-06    1.16821115240981e-05    0.00110042649381374    0.00246850811885599
189.999999999972    -0.00035157799442101    0.00274507250549009    6.98845165449078e-07    1.39638651921589e-05    0.000758444512992202    0.00253543726638252
190.499999999972    0.000999242904146961    0.00256242428583785    1.64613721916307e-06    1.30406191112542e-05    0.000804767567484563    0.0025445237060406
190.999999999971    0.00212901886767806    0.00188493493127016    5.96177384475998e-06    9.48651036907064e-06    0.00119542984145069    0.00243588396151134
191.499999999971    0.00280610606134886    0.000754958903995409    1.01927482301205e-05    5.79917330970451e-06    0.00152266772559929    0.00228674667660905
191.99999999997    0.00284175393886201    -0.000616356413146124    1.05529908090465e-05    5.40898159851853e-06    0.0015739839135165    0.00224256245631915
192.49999999997    0.00222513033667194    -0.00178197742182175    6.69547853605185e-06    8.79748315228184e-06    0.00132070947633235    0.0023710840601715
192.999999999969    0.0011410702320768    -0.00247166176838244    2.16136542092263e-06    1.2305235844766e-05    0.000926997382084133    0.00248920146783713
193.499999999969    -0.000161730120449559    -0.00264844224972923    5.31970898150384e-07    1.33336487925673e-05    0.000711206205182263    0.00251384216736383
193.999999999969    -0.00141262463924097    -0.00226918436210228    2.86390662374616e-06    1.13236186431373e-05    0.000931878882878819    0.00248483821886412
194.499999999968    -0.00236016854374219    -0.00144648492169067    7.33279253868168e-06    7.55972758828376e-06    0.00132755300602709    0.0023382491226568
194.999999999968    -0.00279063792155268    -0.000226452737401484    1.01796210240795e-05    5.01146726407242e-06    0.00154659659086385    0.00222714759766743
195.499999999967    -0.0025725337335362    0.00107222087862712    8.77224149514501e-06    6.2370070960953e-06    0.00146775736583515    0.00225551534766035
195.999999999967    -0.00177521021094482    0.00204002803985861    4.45031180862929e-06    9.95242673284227e-06    0.00113971071574612    0.00240638989555577
196.499999999966    -0.000613763163106864    0.00252328552200065    9.97668214174983e-07    1.24757906974015e-05    0.000788012051803804    0.00247160289526116
196.999999999966    0.000659819964430156    0.00247634862300223    9.76830454318447e-07    1.23310481833666e-05    0.000735845139182039    0.0024897280334851
197.499999999965    0.00177714367405728    0.00192268687018069    4.2956822077145e-06    9.4937490261233e-06    0.00106650952619876    0.00240770102491112
197.999999999965    0.00251265911410738    0.000951963049250237    8.30704707578545e-06    5.98817308956768e-06    0.00141194590975666    0.0022543157370763
198.499999999964    0.00267902199626409    -0.00030686949327163    9.47971111901921e-06    4.97024857190612e-06    0.00151741631154815    0.0022081847037794
198.999999999964    0.00222373022256876    -0.0014625294422722    6.74119703712241e-06    7.33641090598824e-06    0.00134023167189733    0.00227978475661085
199.499999999964    0.00128627492579159    -0.00221029753630513    2.61219066009173e-06    1.07153094381039e-05    0.00097861508029029    0.00241451739258747
199.999999999963    9.25214394201595e-05    -0.00248005926106068    4.97592730941193e-07    1.22321994102055e-05    0.000699308597250752    0.00246607085701783
200.499999999963    -0.00110379567468148    -0.00221875919706209    1.90008120068336e-06    1.09026958421018e-05    0.000825661134629594    0.00244536366775051
200.999999999962    -0.00205498279404426    -0.00152023800618531    5.65463291689587e-06    7.72212273625531e-06    0.0011965277402041    0.00232615544209862
201.499999999962    -0.00255729378313902    -0.000437914107767678    8.67272033748375e-06    5.02647574414661e-06    0.00146046870702602    0.00219879671146849
201.999999999961    -0.00246864233087828    0.000783488220236584    8.22409898153424e-06    5.41504706875644e-06    0.00145941907063396    0.00219116254018431
202.499999999961    -0.00181714215342903    0.00175741025764383    4.73974926090682e-06    8.41424307591587e-06    0.00119905948773951    0.0023077591430312
202.99999999996    -0.000785060113381979    0.00229396944859162    1.31819145664416e-06    1.1087059137422e-05    0.000837778058330987    0.00241345464145284
203.49999999996    0.000395198190500608    0.0023407014381543    6.30239363686287e-07    1.14814388845321e-05    0.000688518521109877    0.0024500113595562
203.999999999959    0.00147222578348895    0.00189780219429114    3.07886173673738e-06    9.32048410447397e-06    0.000954679516470175    0.0023914077309856
204.499999999959    0.00223001293824083    0.00106786773967614    6.69510417391805e-06    6.23548548219551e-06    0.0013123057834196    0.00225724255957451
204.999999999959    0.00248822519155883    -6.51599877529969e-05    8.38422481896474e-06    4.69359123219603e-06    0.00148086468492458    0.00216548964629066
205.499999999958    0.00216822793043749    -0.00117953806614528    6.57570549646043e-06    6.30650862430125e-06    0.00136912130146718    0.00221702471226992
205.999999999958    0.0013660463661876    -0.00195682907913553    2.9634539261671e-06    9.31232730646274e-06    0.00104755489192345    0.00234161210739788
206.499999999957    0.000286909001974267    -0.00228225396036842    6.14504300417809e-07    1.10689329704121e-05    0.00072951184020819    0.00242079528890709
206.999999999957    -0.00083433738572658    -0.00212024968034577    1.26653123049481e-06    1.0344729747018e-05    0.00075525648443012    0.0024185266258637
207.499999999956    -0.00176331348398373    -0.001533812614781    4.32089158904316e-06    7.76791535488823e-06    0.00110073482103743    0.00232708706704904
207.999999999956    -0.00230718920363013    -0.000590020738764636    7.29132372031287e-06    5.12480834718618e-06    0.00140292612028055    0.00218556259919816
208.499999999955    -0.00232075336843648    0.000537390513028258    7.51177343914945e-06    4.91248097083886e-06    0.00145803883420168    0.00215027728615313
208.999999999955    -0.00179848153257246    0.00149610204296916    4.7835588120616e-06    7.28088382064656e-06    0.00124459752091085    0.00224556507313194
209.499999999954    -0.000891110926217351    0.00206217132927434    1.57959866003629e-06    9.88113795512249e-06    0.00088629564887364    0.00237246440728652
209.999999999954    0.000190450674733701    0.00218595163592057    4.99014122675508e-07    1.05990349895368e-05    0.000680251911551144    0.00241260241957787
210.499999999954    0.00121496795747558    0.00184096202616504    2.26060008402859e-06    8.99831212270414e-06    0.000885693483286517    0.00236836883549047
210.999999999953    0.0019705647176718    0.00112170061108749    5.42588279571604e-06    6.31369053232111e-06    0.00124207789175362    0.00224843907442631
211.499999999953    0.0022857499288578    0.000105614355662051    7.32058099176179e-06    4.55090207832457e-06    0.00144773210729346    0.00213066836607734
211.999999999952    0.00206953815109112    -0.000945820535540967    6.18037866748523e-06    5.58300354970046e-06    0.00137745798798497    0.00216527759519408
212.499999999952    0.00138755069703564    -0.00171834820400223    3.09557681088392e-06    8.17645918031259e-06    0.00108179474672408    0.00228554996228805
212.999999999951    0.000418659705415116    -0.00208760471268583    7.33416524100233e-07    1.00273309505287e-05    0.000747088063859918    0.00238101606758556
213.499999999951    -0.000625138734788128    -0.00200939359109435    9.10349613251992e-07    9.7333596733014e-06    0.000720798984127676    0.00238656595747328
213.99999999995    -0.00152063238787347    -0.00151432328625625    3.39110229938896e-06    7.5539045851224e-06    0.00103864307648932    0.00229362803650123
214.49999999995    -0.00208278957838469    -0.000682868229275676    6.13542683157212e-06    5.13861037574344e-06    0.0013406768453823    0.00216155068346531
214.999999999949    -0.00216860100639375    0.00035086017177102    6.71989738391691e-06    4.6022693792928e-06    0.00142023486050192    0.00211640414835107
215.499999999949    -0.00175001155906522    0.001279499273486    4.60341213435966e-06    6.44007279442221e-06    0.00124131852378742    0.00219156437358591
215.999999999949    -0.00094767201022333    0.00186522254861984    1.72260760198271e-06    8.82529693779778e-06    0.000908033789581632    0.0023121941488374
216.499999999948    4.73918818192255e-05    0.00204218191029071    4.62121923473724e-07    9.7761455014032e-06    0.000678141528747028    0.00236762297393073
216.999999999948    0.00101905313309594    0.0017722075083546    1.73001939442824e-06    8.54066690725061e-06    0.000831594917225687    0.00232377870172317
217.499999999947    0.00176110159470914    0.0011419240309976    4.45210955774496e-06    6.19814444717798e-06    0.00116216639551223    0.00221227348097114
217.999999999947    0.00210990746175392    0.000217864514167116    6.3457381621807e-06    4.46759911835061e-06    0.00137623713981851    0.0021024115134334
218.499999999946    0.00196639229187244    -0.000776279056819755    5.67114606753519e-06    5.08932438343147e-06    0.00134329722027549    0.00211818677395892
218.999999999946    0.00137246348312435    -0.00154412006284206    3.07106810127703e-06    7.33329664373499e-06    0.00108968439869863    0.00222463252589357
219.499999999945    0.000485936072476239    -0.00193511104496385    8.30122364506256e-07    9.09396201600028e-06    0.000770706492753644    0.00231285694751301
219.999999999945    -0.000492165756075786    -0.00190239788495437    7.07371991949531e-07    9.09153674737152e-06    0.000682015293447208    0.00233932020781522
220.499999999944    -0.00134789356591049    -0.00146352403422307    2.72491430492723e-06    7.27222157125991e-06    0.000952941362259159    0.00226502074438875
220.999999999944    -0.00190317332166436    -0.000708264509391266    5.21111754633739e-06    5.08798486516137e-06    0.00126057481096619    0.00214157564655048
221.499999999944    -0.00202200305092218    0.000246139726535933    5.99642531706556e-06    4.33782849603954e-06    0.00138127802383407    0.00206814983283619
221.999999999943    -0.00166992491830279    0.0011254951265388    4.34039730297089e-06    5.83884046408495e-06    0.00124569180385932    0.0021382472224283
222.499999999943    -0.000949035257305993    0.001697418349735    1.77724563281141e-06    7.97185255228008e-06    0.000936257290065908    0.00225624101067749
222.999999999942    -3.51384844981839e-05    0.0018921523695996    4.5881395194658e-07    8.97919513623275e-06    0.000676446035433538    0.00232356505104793
223.499999999942    0.00087265865338546    0.00167167536518819    1.36119597250039e-06    8.0606311126904e-06    0.000774379007445232    0.00229480556608034
223.999999999941    0.00157976328741781    0.00110631187012139    3.69763659554556e-06    6.0453220902925e-06    0.00109635056039227    0.00219576777832288
224.499999999941    0.00193278512550427    0.000271443151100058    5.51302437850938e-06    4.38808025648828e-06    0.00133317892165261    0.00207711311011441
224.99999999994    0.0018363941787052    -0.000647242860297178    5.15903495322525e-06    4.66914645514688e-06    0.00133667175239208    0.00206160693027095
225.49999999994    0.00131802032690261    -0.00137791740949212    2.95796393557389e-06    6.62888939100066e-06    0.00110489200985682    0.0021749098840226
225.999999999939    0.000515481489841976    -0.00177070118700924    8.79146616912329e-07    8.31699946654894e-06    0.000783214817621976    0.00227631649224641
226.499999999939    -0.000387322499751487    -0.0017706092107018    5.84688302050415e-07    8.46693109956357e-06    0.000659294762027331    0.00230908512674209
226.999999999939    -0.00118946867987666    -0.00138357748080187    2.23692281605999e-06    6.92455267302634e-06    0.000906690176219231    0.00223836235396423
227.499999999938    -0.00172351438955231    -0.000705916005728562    4.45538976166781e-06    4.94123236209904e-06    0.00121855976901994    0.00210782232528154
227.999999999938    -0.00186249029767625    0.000165540476173391    5.3026652685391e-06    4.14796920770247e-06    0.00135417693068555    0.00202991762356278
228.499999999937    -0.00156670775483186    0.000987514287365296    3.99529041273062e-06    5.30592556470648e-06    0.00124125630861652    0.00208104327128388
228.999999999937    -0.000920752615775648    0.00154192295168235    1.73138394254426e-06    7.26177366631993e-06    0.000939999235684032    0.00221003332042644
229.499999999936    -8.32210765321316e-05    0.00174647656295684    4.52152110155066e-07    8.24219499186221e-06    0.000667252847559228    0.00227859926422016
229.999999999936    0.000759870871108581    0.00156151886552293    1.12054286332137e-06    7.56643472010541e-06    0.000736979730089002    0.00226452943295542
230.499999999935    0.0014253772094431    0.00105305780324932    3.14200527778466e-06    5.79443601009727e-06    0.00105371015397255    0.00216460279800082
230.999999999935    0.00176952323427885    0.000290647070683139    4.82568323988784e-06    4.21985824833572e-06    0.00130171838860607    0.00203356399669128
231.499999999934    0.00170133742975922    -0.000559121137396039    4.62970391087566e-06    4.39644446985505e-06    0.00131725277034287    0.00202084834254627
231.999999999934    0.00123934729549986    -0.00124516694833256    2.73856011783706e-06    6.08680613457621e-06    0.00109662135624575    0.00212987450460265
232.499999999934    0.000508673164531569    -0.00162149552926476    8.56092938990888e-07    7.62639895356242e-06    0.000772880683337556    0.00223543087617059
232.999999999933    -0.000323194605986712    -0.00164195951911983    5.02334724843998e-07    7.8742573483706e-06    0.000630777275672715    0.0022755716393782
233.499999999933    -0.00107156201953661    -0.00129935597134039    1.91777117104016e-06    6.48106603129474e-06    0.000877226315910995    0.00218923276310145
233.999999999932    -0.00157699598143046    -0.000680131182754821    3.89113074745896e-06    4.75038276085404e-06    0.00118499553670516    0.0020707014113818
234.499999999932    -0.00171977379065445    0.000124000438453621    4.7043143498372e-06    3.96223083322456e-06    0.00132162493121734    0.00198666925392423
234.999999999931    -0.0014583048528418    0.000896365946977144    3.58805502266904e-06    4.99382540377398e-06    0.00120888460112911    0.00204703529350955
235.499999999931    -0.000865848589853142    0.00142144549135102    1.58883778963655e-06    6.71016798817311e-06    0.000916048038634372    0.0021655624450223
235.99999999993    -9.12113395655065e-05    0.00161949178069635    4.22182265816735e-07    7.6408282213587e-06    0.000643321659320904    0.00224010593357003
236.49999999993    0.000692182813001302    0.00145392782718048    9.86050694185808e-07    7.07602121259226e-06    0.000711992729998988    0.0022275805453322
236.999999999929    0.00131180089153262    0.000981573191334632    2.78285365198098e-06    5.44030169599228e-06    0.00103054940345197    0.00211584871057584
237.499999999929    0.00163304792079286    0.00027270200233729    4.27290023082213e-06    4.06733170965948e-06    0.00126730214203884    0.00199824055798613
237.999999999929    0.00157098681303332    -0.0005144704464567    4.1041521333091e-06    4.18723298487517e-06    0.00127912179505492    0.00198054364874845
238.499999999928    0.00114407257592229    -0.00115260519284041    2.43145328138379e-06    5.69740116798128e-06    0.00105950517809321    0.00209019196185867
238.999999999928    0.000466203668739317    -0.00150655548660655    7.66072569992024e-07    7.10089759781788e-06    0.000740760898837152    0.00219799639753881
239.499999999927    -0.000306187175264092    -0.00152248691115693    4.71440957141616e-07    7.26092664061847e-06    0.000614565188442538    0.00222327691616998
239.999999999927    -0.00099833124325767    -0.00119676900950835    1.72951940617977e-06    6.07732662691358e-06    0.000856069001258287    0.00215524257678665
240.499999999926    -0.00146166049146836    -0.000617351667042941    3.48096318095209e-06    4.48297923344982e-06    0.00115953084850406    0.00202530396549484
240.999999999926    -0.00158657811904327    0.000131999423134526    4.17155283838874e-06    3.82206530954492e-06    0.00128620477007429    0.00195054901549207
241.499999999925    -0.00133706219523878    0.000840968072763899    3.15594511782582e-06    4.75767974060209e-06    0.00116970500720868    0.00201257358652891
241.999999999925    -0.000783563548246304    0.00132546723674772    1.3868773188991e-06    6.28627190412607e-06    0.000879150433520205    0.00212824070735301
242.499999999924    -6.24027330571124e-05    0.00150438860507883    3.79790037217818e-07    7.12607708669565e-06    0.000613103528064242    0.00220519659250703
242.999999999924    0.00066279830322864    0.00133906733041525    9.27379328836125e-07    6.52891508096216e-06    0.000698625606511356    0.0021761924927673
243.499999999924    0.00122917920190354    0.000887349846885709    2.53711498896797e-06    5.05261602259589e-06    0.00101303182505573    0.00206524242446929
243.999999999923    0.00151329358114846    0.000221634521013318    3.82568062928116e-06    3.87080317124314e-06    0.00123920263336391    0.00195491209785462
244.499999999923    0.00144019855095738    -0.000506444100052874    3.61798451217243e-06    4.02612377619288e-06    0.00124250257383745    0.00194155560046951
244.999999999922    0.00103196510714229    -0.00108955259028273    2.10192489626906e-06    5.40118349677134e-06    0.00101831867011749    0.00205281724704844
245.499999999922    0.000396549897335579    -0.0014018334639479    6.49099679046965e-07    6.61348957886021e-06    0.000701318656510795    0.00215600383075171
245.999999999921    -0.000317001181769727    -0.00139656437123772    4.48390838197246e-07    6.73990231342356e-06    0.000589831407229085    0.00218849497838422
246.499999999921    -0.000946587032030882    -0.00107807953478043    1.62828520678316e-06    5.57521950482017e-06    0.000855720864285854    0.00210070560086552
246.99999999992    -0.00135836387295227    -0.000532789600501598    3.16934257163919e-06    4.2055812749178e-06    0.00115073461766704    0.00198033242575966
247.49999999992    -0.00145453237467385    0.000157843759085698    3.70713559824405e-06    3.67387582719557e-06    0.00126153524297568    0.00191022542515622
247.999999999919    -0.00120823325979694    0.000803491434884904    2.73200728747086e-06    4.57300665232533e-06    0.00112790942783156    0.00198176894879093
248.499999999919    -0.00068785192939867    0.00123345243823817    1.15459852502297e-06    5.95912176353445e-06    0.000825504844471247    0.00210658891246934
248.999999999919    -2.22212206159397e-05    0.00137835867874538    3.37432575164016e-07    6.60671924344111e-06    0.000580464290476472    0.00216952681388555
249.499999999918    0.000637680263752106    0.00121115085480746    9.11731847697663e-07    6.0149678125334e-06    0.000710700871618087    0.00213262313113043
249.999999999918    0.00114688875433613    0.000788148908684577    2.36384054501351e-06    4.69364608845906e-06    0.00102395641029822    0.0020180355264956
250.499999999917    0.00139324000525173    0.000172895264896749    3.43955463965806e-06    3.66330982201485e-06    0.00122410658335957    0.0019061524202936
250.999999999917    0.00131085247179938    -0.000493318837206432    3.14300983469588e-06    3.94912037424891e-06    0.00119359776804137    0.00192503425920325
251.499999999916    0.00092421150643648    -0.00101751694107572    1.76270875054655e-06    5.17997604666974e-06    0.000953174612501279    0.00203583774434351
251.999999999916    0.000334785975911414    -0.00129530107087416    5.39010694624145e-07    6.22014907307123e-06    0.000653398075415889    0.00213127760014116
252.499999999915    -0.000322259497220134    -0.00128170053983811    4.73106825679064e-07    6.21434909899702e-06    0.000607664086589368    0.00213812834628226
252.999999999915    -0.000898919699139585    -0.000983873561833212    1.57664485386116e-06    5.13532729262692e-06    0.000876691638125948    0.00204140150557222
253.499999999914    -0.00126939652833997    -0.000465422714873404    2.89259857169192e-06    3.927440918435e-06    0.00113191476071759    0.00192634955678217
253.999999999914    -0.00134268216357372    0.000180777302594678    3.24443265907675e-06    3.57675678015973e-06    0.00120068200065535    0.00188257173755114
254.499999999914    -0.00109768312431031    0.000776221846277652    2.29926194992897e-06    4.43986810063205e-06    0.00104611362123496    0.00195891494097966
254.999999999913    -0.00060011976356328    0.00117281820299466    9.34423039577421e-07    5.65066915728863e-06    0.00075781218580739    0.00206764760537501
255.499999999913    2.99479125459152e-05    0.00129798656198206    3.29484085330441e-07    6.14795527614554e-06    0.000573225267992072    0.00211262541901292
255.999999999912    0.000646736369128146    0.00112069680449393    9.49373717806679e-07    5.51085698808064e-06    0.000728770050601437    0.00206273984314012
256.499999999912    0.00110954656316439    0.00069558931834833    2.24590300099346e-06    4.29426023766529e-06    0.00100737749883722    0.00195202862116953
256.999999999911    0.00131213943907737    9.61945043016369e-05    3.07195357154097e-06    3.50490632792795e-06    0.0011619998554039    0.00186966653317379
257.499999999911    0.00120070882167208    -0.000531022542113765    2.66369151312027e-06    3.86605497979245e-06    0.00110543649237716    0.00189316402869891
257.99999999991    0.000805946193971698    -0.00101337815686636    1.40198869579997e-06    5.04273334485961e-06    0.000867432664950142    0.00200394562202814
258.49999999991    0.000228378966845119    -0.00125059944751251    4.2662379975002e-07    5.85473958923197e-06    0.000611936963463375    0.00207141029521275
258.999999999909    -0.000395515014638379    -0.00119454301199969    5.38174282136486e-07    5.68759631550606e-06    0.0006178528589657    0.00206413742468586
259.499999999909    -0.000920474862202441    -0.000867106238763272    1.60126822453685e-06    4.67956335080243e-06    0.000868328424382297    0.00198184008474454
259.999999999909    -0.00122868083720054    -0.000337896715190134    2.69708353274393e-06    3.64823055473364e-06    0.00108969120994899    0.00187990860538414
260.499999999908    -0.00124242062921507    0.000283160944039796    2.82806335474789e-06    3.48404699886566e-06    0.00113333769673858    0.00184495714818425
260.999999999908    -0.000958715565870519    0.000823960880031585    1.85801040230062e-06    4.41367000742512e-06    0.000968955554222274    0.00193255232156925
261.499999999907    -0.000454674687751033    0.0011518191548493    6.95577280259421e-07    5.42820396386209e-06    0.000699176807808956    0.00202522013578385
261.999999999907    0.000148544055410102    0.00121222759452054    3.33264751097604e-07    5.69823426172993e-06    0.000557852502638399    0.00205638968116767
262.499999999906    0.000709065448965626    0.000987201383451417    1.04360687223382e-06    4.98044312726318e-06    0.000735413530822625    0.00200146859974739
262.999999999906    0.00110009106331356    0.000546197589719983    2.20345358604555e-06    3.90481777815994e-06    0.000996620910107349    0.00189907503041455
263.499999999905    0.0012303695670478    -3.75084660876561e-05    2.78407797876026e-06    3.3534796497357e-06    0.00112706198021354    0.00183086667037976
263.999999999905    0.00106451040812235    -0.000609541752097893    2.24129803035554e-06    3.85476838816108e-06    0.00105267070888988    0.00186634060144726
264.499999999904    0.000650083907019571    -0.00101136407710917    1.08694773120564e-06    4.87938038192692e-06    0.000815069717901363    0.00196380321963786
264.999999999904    9.35794355061494e-05    -0.00117145760993377    3.39500124284959e-07    5.53046605794563e-06    0.000575102611309764    0.00203915500295438
265.499999999904    -0.000475521478555449    -0.00105855531129808    6.09439209698334e-07    5.22136378272276e-06    0.000619127235009715    0.0020250492427705
265.999999999903    -0.000926023404497128    -0.000712041069026912    1.63663279461596e-06    4.23561739279076e-06    0.00088267403323056    0.00193096217177079
266.499999999903    -0.00115976255056408    -0.000200455219266751    2.52438660266766e-06    3.3991384861206e-06    0.00108597303326406    0.00183274553367054
266.999999999902    -0.00111663477445036    0.000369108640420556    2.45942458542357e-06    3.447993050058e-06    0.00110115910108929    0.00181982193129572
267.499999999902    -0.000807899637012356    0.00083614792450679    1.49913105219846e-06    4.32975006752467e-06    0.000920015885033386    0.00190541510329578
267.999999999901    -0.00031586272195945    0.00109239844511508    5.20957474151149e-07    5.21115351702004e-06    0.000648990150177578    0.0020044498382674
268.499999999901    0.000241589901946361    0.00109268522446044    3.58910918262542e-07    5.29592530183019e-06    0.000548220063058704    0.00202533066487328
268.9999999999    0.000733704370299146    0.000838195029446236    1.11337676569369e-06    4.53866033885086e-06    0.000758323587064007    0.00195859373823733
269.4999999999    0.00105015622894884    0.000401060353263398    2.1207141989186e-06    3.59565593390951e-06    0.00100890341149119    0.00185332310376516
269.999999999899    0.00111714843105846    -0.000140375860330189    2.47578951860362e-06    3.24806854412387e-06    0.00110804733725019    0.00179676463733023
270.499999999899    0.000915876775145917    -0.000645216792049716    1.83755977489438e-06    3.84500192315929e-06    0.000999364551924217    0.00185167416529377
270.999999999899    0.000501273823900588    -0.000977149232515265    8.06684161179538e-07    4.76557136472831e-06    0.000745257482117168    0.00195211442854233
271.499999999898    -2.31892176241383e-05    -0.00107892919956182    2.91711137385723e-07    5.19529068326618e-06    0.000539604853176565    0.00200778546304108
271.999999999898    -0.00053391172005179    -0.000923233030231441    7.01573380102354e-07    4.76072170579742e-06    0.000645377141905175    0.00197695788465184
272.499999999897    -0.000913638800245204    -0.000566871632287106    1.66486225266466e-06    3.836526607802e-06    0.000911112723734644    0.00187488217238048
272.999999999897    -0.00107705294879956    -7.18471501693723e-05    2.32205094643147e-06    3.21062884059022e-06    0.00107796469882536    0.0017903817547112
273.499999999896    -0.000980510242636481    0.000447862867428556    2.05834155990034e-06    3.46622763633586e-06    0.00104734961879273    0.00180710998235153
273.999999999896    -0.000650335209460613    0.000843104592338664    1.12582298001409e-06    4.30732155665167e-06    0.000838383620635514    0.0018964430397534
274.499999999895    -0.000172331437074686    0.00103005311148822    3.72311317097537e-07    4.97371531232876e-06    0.000585331694762304    0.00197805609117694
274.999999999895    0.000338883001324327    0.000972798921735928    4.32545756400521e-07    4.86586315449998e-06    0.000563652435294958    0.00197977913221889
275.499999999894    0.000762668949440621    0.000691943971858276    1.22360336101056e-06    4.07648808016138e-06    0.000801211229682723    0.0018967608230798
275.999999999894    0.00100392299556167    0.000252183078631181    2.04268180010574e-06    3.31790318105845e-06    0.00101726123443697    0.00180396975471058
276.499999999894    0.001002138643221    -0.000259812368982371    2.14189513596015e-06    3.18232950868981e-06    0.00106658955354125    0.00176488726031256
276.999999999893    0.000756934520517387    -0.00069680815187614    1.4144421070192e-06    3.89375494645123e-06    0.000917328860697359    0.00184613470416711
277.499999999893    0.000336383921304384    -0.00095116136595243    5.51949165125549e-07    4.64969086306388e-06    0.000662416049483582    0.00193519583478866
277.999999999892    -0.000156375293849353    -0.000979676985313652    2.96555043091528e-07    4.86409703975443e-06    0.000521633789707929    0.00197593776324083
278.499999999892    -0.000604114525950571    -0.000776927229839285    8.49479116334508e-07    4.27002576380681e-06    0.000696078124832281    0.00191478715353458
278.999999999891    -0.000905330130940916    -0.000402846036623823    1.70825498397292e-06    3.45537065904967e-06    0.000942672975099755    0.00181468612432733
279.499999999891    -0.000988263445758515    7.94896086866431e-05    2.09653121148875e-06    3.06040921029213e-06    0.00105823748434189    0.00174759566616623
279.99999999989    -0.000829472940623394    0.000539640563722194    1.63723370845835e-06    3.51752810488213e-06    0.000974273241566209    0.00179619491338433
280.49999999989    -0.000473266027640216    0.00085370017883042    7.72676639951696e-07    4.30240727016268e-06    0.000740740107617609    0.0018903976499212
280.999999999889    -1.06946717249108e-05    0.000959270603658144    2.79941080077619e-07    4.72353481814891e-06    0.000528986487610331    0.00195021402084649
281.499999999889    0.000446790189361914    0.000833038355408967    5.64384623406626e-07    4.3903831098792e-06    0.000603956248495345    0.00192261025907403
281.999999999889    0.000792130651916222    0.000522651474270441    1.35556256736408e-06    3.62854086169362e-06    0.000853282835675756    0.00183176862571029
282.499999999888    0.00094688825574634    8.17987554974026e-05    1.94653191656356e-06    3.073563188141e-06    0.00102466313864275    0.00175124874068194
282.999999999888    0.000869365227396852    -0.000384269680632194    1.77765466595308e-06    3.21771067888871e-06    0.00101087030194101    0.00175215509913807
283.499999999887    0.000581414934704987    -0.000740464899129756    1.00430350990351e-06    3.94462260378864e-06    0.000816247623950907    0.00184291463094344
283.999999999887    0.000159738153170007    -0.000912300622021497    3.47928405647645e-07    4.51900405350711e-06    0.000567813462388381    0.00192008115155748
284.499999999886    -0.000293882079365423    -0.0008640829234696    3.69248855517418e-07    4.46378147501923e-06    0.000531866692833151    0.00192798915359695
284.999999999886    -0.000670435372174943    -0.000615099524354777    1.02235022918004e-06    3.82638993262442e-06    0.000756879541880136    0.00185689054813765
285.499999999885    -0.000884900164589187    -0.000222986529190221    1.7292250442949e-06    3.12208160279408e-06    0.000972716167751378    0.00175281448265177
285.999999999885    -0.000882369706950629    0.000233214218373392    1.82510245222838e-06    3.02487386813897e-06    0.00102299860825137    0.00172350949997018
286.499999999884    -0.000662840888379011    0.000622553827555158    1.21241556620149e-06    3.61721707399312e-06    0.000879236898051037    0.00179712097694884
286.999999999884    -0.000287479399898483    0.000847322129553238    4.76830192573686e-07    4.27525839021715e-06    0.000627842167433579    0.00188608154621865
287.499999999884    0.000150561801822687    0.000868439426062858    2.64211733350423e-07    4.43976161607018e-06    0.000491470118300521    0.00191978503466659
287.999999999883    0.000545642429403741    0.00068100693957461    7.42621359198966e-07    3.93183617750838e-06    0.000667005021295454    0.00186227434223844
288.499999999883    0.000806579993774991    0.000340248986346093    1.47571230032511e-06    3.23920259250488e-06    0.00090837272854652    0.00176732374504371
288.999999999882    0.000869881592862954    -9.33922194978128e-05    1.79070104820485e-06    2.89913841934252e-06    0.00101686137826307    0.00170012244049651
289.499999999882    0.000717762502411733    -0.000499502534113148    1.37473074795583e-06    3.30865004733168e-06    0.00092711797420149    0.00174904181360716
289.999999999881    0.000393518944935815    -0.000769343029692547    6.35259582960215e-07    3.98531204487246e-06    0.000693110685920235    0.00184212468295063
290.499999999881    -2.06027465051381e-05    -0.000851903770869924    2.37546091108245e-07    4.34953856883014e-06    0.000486951350696032    0.00190362772989042
290.99999999988    -0.000422976250192229    -0.000725104938141889    5.21057428745957e-07    4.02242644932629e-06    0.000584934629270039    0.0018699329608327
291.49999999988    -0.000718543523119742    -0.000434667442169881    1.21953355756801e-06    3.3485805095798e-06    0.000838587361549574    0.00177753895155557
291.999999999879    -0.000838957705327172    -3.42482619383809e-05    1.69755240949678e-06    2.87287284768295e-06    0.000996846215907422    0.00169460907121293
292.499999999879    -0.000751607567510877    0.000374919883830065    1.49340324619199e-06    3.07224286587686e-06    0.000963581501821393    0.00171221434014136
292.999999999879    -0.00048262281886928    0.00067593289267931    8.12578708173915e-07    3.70263037155347e-06    0.000761350065922756    0.00180159515323162
293.499999999878    -0.000103781055415089    0.000808348275056135    2.78208134402155e-07    4.19311240085997e-06    0.000517143719810156    0.00188140518418382
293.999999999878    0.000293271885607269    0.000745645045276731    3.53507875257553e-07    4.06372819770036e-06    0.000517203515426867    0.00187289659729378
294.499999999877    0.000613426102723642    0.000512222816157174    9.49075769877458e-07    3.48287127107903e-06    0.000756825069864062    0.00179457489609296
294.999999999877    0.000784966640819446    0.000157832702787695    1.53010094597527e-06    2.9119928480636e-06    0.000955995982614939    0.00169914145555758
295.499999999876    0.000763602580343395    -0.000241385993348857    1.54830753650998e-06    2.877525957786e-06    0.000982455411610569    0.00167906484687191
295.999999999876    0.000555214827953925    -0.000570850365285838    9.82550529880134e-07    3.41242303947456e-06    0.000821149818669058    0.00175685881616241
296.499999999875    0.000216930240007175    -0.000753317644982704    3.68702737197887e-07    3.97299436562928e-06    0.000567136675033732    0.00184540155288408
296.999999999875    -0.000167689304845002    -0.000753051770100556    2.47389868663658e-07    4.06388626449388e-06    0.000468262923691656    0.00186997307361424
297.499999999874    -0.000505355919900732    -0.000573311573466496    7.0888943367905e-07    3.58668601837482e-06    0.000673427670875154    0.00180499303547249
297.999999999874    -0.000719788671717832    -0.000265492952596367    1.33693833858768e-06    2.974893038918e-06    0.000904899224584905    0.00170423194754695
298.499999999874    -0.000758813453246823    0.000113670140402102    1.54636967859932e-06    2.75422948795728e-06    0.000985176035930103    0.00165568976174229
298.999999999873    -0.000611377515991324    0.000460810855407026    1.13070861150979e-06    3.15761919223944e-06    0.000870015025416267    0.00171617963738604
299.499999999873    -0.000318902480150868    0.000684250131810972    4.91513437644018e-07    3.75720187518519e-06    0.000624351380071866    0.00181356103627693
