#t    <phi>    <pi>    <phi^2>    <pi^2>    rms(phi)    rms(pi)
0    0.999999999999999    -0.500000416654176    1.00000000000001    0.250000416654508    1.20137002293744e-07    3.98218566070345e-07
0.5    0.732695233529616    -0.557509753366278    0.536842305237023    0.310817125098611    6.66361733585934e-08    2.88257415471979e-07
1    0.458970496081096    -0.51954514436067    0.210653916272932    0.269927157028791    7.01220227938163e-08    2.04812262214717e-07
1.5    0.226072004119382    -0.406633367783462    0.0511085510465549    0.165350695794943    3.43806362049579e-08    1.48990965917466e-07
2    0.0507682639087693    -0.300706532500505    0.00257741662031223    0.0904244186884916    4.22156866203575e-08    1.20759681484454e-07
2.49999999999999    -0.0813881021928588    -0.233096213582749    0.00662402317855662    0.0543338447866255    3.72927356045486e-08    1.03906071952961e-07
2.99999999999998    -0.183404089899389    -0.170808027744624    0.0336370601918238    0.0291753823420179    2.58427683074336e-08    9.88521953872975e-08
3.49999999999997    -0.243145988877871    -0.0567604809158898    0.0591199719073986    0.00322175219381204    3.0720361869854e-08    9.45740298091671e-08
3.99999999999996    -0.233717825846737    0.0914189779602227    0.0546240221185258    0.00835742953129905    2.43861777059678e-09    8.58923901009377e-08
4.49999999999995    -0.164145671419005    0.169973014131949    0.026943801445597    0.0288908255331057    3.36663344179524e-08    7.72631462498009e-08
4.99999999999994    -0.0774254419202458    0.168779863060518    0.00599469905654585    0.0284866421747316    2.22669968466549e-08    6.62198549036456e-08
5.49999999999993    0.00145792034747626    0.146775575521672    2.12553174003678e-06    0.0215430695697211    2.12479566451506e-08    5.62042301720891e-08
5.99999999999992    0.0699405700643632    0.126827941509557    0.00489168334092854    0.0160853267475546    2.11818316968661e-08    5.4181259792012e-08
6.49999999999991    0.125370281030103    0.0888957510028189    0.0157177073655676    0.0079024545463583    2.13843952168939e-08    5.59028685762805e-08
6.9999999999999    0.151189141925817    0.00778644395961448    0.022858156636265    6.06287095393834e-05    1.42119467932906e-08    5.62723632406645e-08
7.49999999999988    0.132245845532821    -0.077716743185758    0.0174889636606909    0.00603989217140376    1.74743440547883e-08    5.19700424542566e-08
7.99999999999987    0.0828587731932423    -0.110450300992347    0.00686557629508934    0.0121992689893023    1.32574560398693e-08    4.75623403251382e-08
8.49999999999986    0.0279722273532148    -0.106280817202205    0.000782445503100146    0.0112956121051704    1.4450023174359e-08    4.45379449692306e-08
8.99999999999985    -0.0226845044770839    -0.0965249491842783    0.000514586743371054    0.00931706581502916    1.46823863592853e-08    4.06972893840401e-08
9.49999999999984    -0.0680719826193825    -0.0830049633384049    0.00463379481773371    0.00688982393881157    1.40170764881e-08    4.03701658002898e-08
9.99999999999983    -0.101472608840415    -0.0446159765857763    0.0102966903448801    0.0019905853667041    1.72930681290129e-08    3.95985739071977e-08
10.4999999999998    -0.10757444272116    0.0220094452787255    0.0115722607267681    0.000484415681478784    4.62583194698431e-09    3.96688657421622e-08
10.9999999999998    -0.0825924468302678    0.0711749795760863    0.00682151227341077    0.0050658777176576    1.27902291013414e-08    3.5985059418517e-08
11.4999999999998    -0.0431031964955468    0.0819052531775858    0.00185788554813384    0.00670847049808548    1.0783943864963e-08    3.24493721814462e-08
11.9999999999998    -0.00316245804201575    0.0771960505235763    1.00011408676341e-05    0.00595923021643972    1.1135864779175e-08    3.42749545562933e-08
12.4999999999998    0.0340160707080925    0.0712140497648476    0.00115709306641806    0.00507144088391115    1.0813594565491e-08    3.10350670878192e-08
12.9999999999998    0.0664854507448016    0.0553959760466376    0.0044203151607395    0.00306871416216059    7.25701429801903e-09    3.06919735855714e-08
13.4999999999998    0.0848553999636881    0.0135301772225061    0.00720043890299765    0.000183065695673436    1.29919678979201e-08    3.18096866843768e-08
13.9999999999997    0.0782308869115791    -0.0379477694752629    0.00612007166697237    0.00144003320814856    9.85127098165879e-09    2.9375933114528e-08
14.4999999999997    0.0516835912918004    -0.0627578050542164    0.0026711936088179    0.00393854209522381    6.45068984914229e-09    2.78922323398239e-08
14.9999999999997    0.0194385064010103    -0.0641469848315546    0.000377855531102203    0.00411483566298032    9.22762170369489e-09    2.48343801278845e-08
15.4999999999997    -0.0117391520816977    -0.0605326365306497    0.000137807691597313    0.00366420008535239    9.28013027868572e-09    2.52434577288101e-08
15.9999999999997    -0.0407813287105025    -0.0544555364777682    0.00166311677139414    0.00296540545308219    9.30219177546832e-09    2.54289493772272e-08
16.4999999999998    -0.0636009186603728    -0.0329407766105722    0.00404507685444339    0.00108509476370825    5.91825136513707e-09    2.49794062940704e-08
16.9999999999999    -0.070032524784506    0.00911731512967812    0.00490455452769249    8.31254351745139e-05    6.73061274680066e-09    2.5618402596481e-08
17.4999999999999    -0.0557925623946603    0.0438738403417673    0.00311281001856207    0.00192491386633548    3.42852218633642e-09    2.43849918245284e-08
18    -0.0305112536410161    0.0538303265956838    0.000930936598746477    0.00289770406139845    7.77202260520355e-09    2.17180391027236e-08
18.5000000000001    -0.00382943003981985    0.0522883080332459    1.46645344299354e-05    0.00273406715698007    7.79284873046176e-09    2.14969700156741e-08
19.0000000000002    0.0216531137682316    0.0494522594033886    0.000468857335860045    0.00244552596010042    8.05309844259933e-09    1.93823699338757e-08
19.5000000000002    0.0446291549263143    0.0402993827017235    0.00199176146943704    0.0016240402461404    8.88923670468286e-09    2.09123301376659e-08
20.0000000000003    0.0587797072148031    0.0128974861490333    0.00345505398025798    0.000166345148964991    3.38848900255509e-09    2.20549318314397e-08
20.5000000000004    0.0558215471025368    -0.0237939766536691    0.00311604512092083    0.0005661533249958    9.97165881289324e-09    2.12335470422845e-08
21.0000000000005    0.0380457434522922    -0.0434615643306428    0.00144747859483766    0.00188890757406698    4.69756436289147e-09    1.94872729294933e-08
21.5000000000006    0.0152980707361503    -0.0458837921955964    0.000234030968248294    0.00210532238624906    5.97383549044895e-09    1.96935983778237e-08
22.0000000000006    -0.00720595683827664    -0.0440642264841247    5.192581395515e-05    0.00194165605564451    6.64325914627864e-09    1.66987320557942e-08
22.5000000000007    -0.028560473507493    -0.0405727155590149    0.000815700646972249    0.00164614524783308    6.38109786283027e-09    1.88506739817244e-08
23.0000000000008    -0.0459682601109703    -0.0262368102534504    0.00211308093762983    0.000688370212275923    1.27581173554804e-09    1.89736759435312e-08
23.5000000000009    -0.0519316968594431    0.00413089011775503    0.00269690113870111    1.70642531653318e-05    3.62178879405759e-09    1.91233422371785e-08
24.000000000001    -0.042435927901194    0.031148408760803    0.00180080797683534    0.000970223368330393    1.502322140391e-09    1.80698285580372e-08
24.500000000001    -0.0239883489729736    0.0399809269881818    0.000575440886449192    0.00159847452283465    5.34710996230142e-09    1.80990780301692e-08
25.0000000000011    -0.00397610913480028    0.0395199946977888    1.58094438518781e-05    0.00156182998091355    5.98921623722345e-09    1.70627230360958e-08
25.5000000000012    0.0154041985431377    0.0378795604110426    0.000237289332756438    0.00143486109693407    5.65641101631085e-09    1.58378448723427e-08
26.0000000000013    0.0332136340995319    0.031803753030649    0.00110314549009764    0.00101147870683478    7.05434426970096e-09    1.64048112547591e-08
26.5000000000013    0.0448105516636501    0.0118745817026938    0.00200798554040068    0.000141005690614243    4.39482203487403e-09    1.70964403723086e-08
27.0000000000014    0.043529707258258    -0.0165893696649072    0.00189483541398965    0.000275207185879211    2.26873361987671e-09    1.63782667095309e-08
27.5000000000015    0.0303900962777858    -0.0330180042750364    0.000923557951773119    0.00109018860630656    5.63030213223329e-09    1.5397909018684e-08
28.0000000000016    0.0128661976703599    -0.0356916945047306    0.000165539042492799    0.00127389705661924    5.05545813565717e-09    1.4830119631676e-08
28.5000000000017    -0.00473553277656312    -0.0346340607833036    2.24252706779303e-05    0.00119951816634179    5.17164300029877e-09    1.46580164409495e-08
29.0000000000017    -0.021625561247299    -0.0323731126620295    0.000467664899260704    0.00104801842342864    4.9645492460223e-09    1.34561113883775e-08
29.5000000000018    -0.035756262591705    -0.0219660820626974    0.00127851031452701    0.000482508761185385    6.7029941087703e-09    1.5055648524809e-08
30.0000000000019    -0.0412547731264694    0.0015634134580577    0.00170195630571643    2.44426164107106e-06    0    1.53334803626397e-08
30.500000000002    -0.0344244068465853    0.0237792710935683    0.00118503978673926    0.000565453733741621    5.85795180843489e-09    1.44513216886908e-08
31.000000000002    -0.0199988469703931    0.0317268110595743    0.000399953880145228    0.00100659054001011    5.28198659464692e-09    1.34668283131872e-08
31.5000000000021    -0.00400105760544591    0.0317596392738216    1.60084619621188e-05    0.00100867468680346    4.71796713282031e-09    1.35747138172038e-08
32.0000000000022    0.0116340119038225    0.0306998015478612    0.000135350232978306    0.000942477815078215    4.742718096301e-09    1.23803270701558e-08
32.5000000000021    0.0261942743483089    0.0263579835948813    0.000686140008634504    0.000694743299188207    5.66692653655357e-09    1.31928507817222e-08
33.000000000002    0.0360905475672004    0.0109838613104407    0.00130252762370037    0.000120645209287196    3.8784959455085e-09    1.41447092614922e-08
33.5000000000019    0.0357518636640731    -0.0122273285563417    0.00127819575545448    0.000149507563624907    3.43878210472642e-09    1.33514523267253e-08
34.0000000000018    0.0254842407407407    -0.0264614973705432    0.000649446526132051    0.000700210843091406    4.65713792597252e-09    1.19357237051266e-08
34.5000000000017    0.0112681640599362    -0.029187890925881    0.000126971521281654    0.000851932976701277    4.11032979155865e-09    1.22705702506226e-08
35.0000000000016    -0.00318274064505435    -0.0285265778589177    1.01298380137008e-05    0.000813765644341012    4.45388756198093e-09    1.09920971825138e-08
35.5000000000015    -0.0171555502393619    -0.0269572361311618    0.000294312904015287    0.000726692579831346    4.17984406312084e-09    1.15522543379844e-08
36.0000000000014    -0.0290870358290436    -0.0190116991038748    0.000846055653320083    0.000361444702816428    3.89725013864779e-09    1.23965359088747e-08
36.5000000000013    -0.034199268922372    2.11179339544047e-05    0.00116958999482474    4.45967288251524e-10    4.49654336074643e-09    1.23995534805249e-08
37.0000000000012    -0.0290769645175154    0.0189619952952207    0.000845469865552869    0.000359557265576127    4.17863406673238e-09    1.24302422145525e-08
37.5000000000011    -0.017305766656171    0.026241309150492    0.000299489559557856    0.000688606305931824    3.92949770874718e-09    1.13333768362073e-08
38.000000000001    -0.00399060646450869    0.0265447174659818    1.59249399545949e-05    0.000704622025348919    4.05118494150006e-09    1.10632298687711e-08
38.5000000000009    0.0091119694132886    0.0258102277061353    8.30279865887239e-05    0.000666167854242668    4.11289405133391e-09    1.07648129877692e-08
39.0000000000008    0.0214384696105705    0.0225644138027769    0.000459607979243363    0.000509152770263074    2.80369116297464e-09    1.11675537558885e-08
39.5000000000007    0.0301200713408403    0.0102542986159913    0.000907218697577306    0.000105150640106066    0    1.20148209624651e-08
40.0000000000006    0.0303780958765274    -0.00929913864546554    0.000922828709083489    8.64739795477195e-05    0    1.13557658307695e-08
40.5000000000005    0.0220688245381464    -0.0219531545001591    0.000487033016495499    0.000481940992507983    2.40972139903224e-09    1.12238237225293e-08
41.0000000000004    0.0101381622375381    -0.0246751758876008    0.000102782333554658    0.00060886430508415    3.65300626088285e-09    1.07288501963559e-08
41.5000000000003    -0.00211694109280483    -0.0242492922145926    4.48143959042065e-06    0.000588028172908801    3.86654818761849e-09    1.00847184360053e-08
42.0000000000002    -0.0140337593828048    -0.0231101508918239    0.000196946402414476    0.000534079074243013    3.72654790028943e-09    1.19423464144192e-08
42.5000000000001    -0.0243845835249609    -0.016842008419815    0.000594607913685835    0.000283653247613251    6.17369171052146e-09    1.14575151993294e-08
43    -0.0291813319161838    -0.000998270707009096    0.000851550132402529    9.96544404617919e-07    6.50349446386845e-09    1.20614347013967e-08
43.4999999999999    -0.0252486292381309    0.0155576864276892    0.000637493278404608    0.000242041606982454    3.29569962960078e-09    1.2209617517715e-08
43.9999999999998    -0.0153643768889176    0.0223263519902722    0.000236064077184715    0.000498465993193656    3.27354557732236e-09    1.10784954354828e-08
44.4999999999997    -0.00396959728644094    0.022799256354982    1.57577026165349e-05    0.000519806090340298    3.95007685545029e-09    1.04945029425454e-08
44.9999999999996    0.00730629678992471    0.0222651386652066    5.33819727824818e-05    0.000495736399781051    4.21373951458569e-09    1.31224087058655e-08
45.4999999999995    0.0180013160066199    0.0197651286701771    0.000324047377970278    0.000390660311349097    9.34014099919652e-09    2.09654394337532e-08
45.9999999999994    0.0257696321864219    0.00965510878455487    0.000664073943023718    9.32211256418102e-05    1.56918834849828e-08    1.48869638261668e-08
46.4999999999993    0.0264361894518759    -0.00719399286277688    0.000698872112735607    5.17535333102474e-05    1.157264665967e-08    2.37217184201843e-08
46.9999999999992    0.019551427638144    -0.0186553056428629    0.000382258322689613    0.000348020428629017    5.70597456467259e-09    1.95688434620306e-08
47.4999999999991    0.009296746205196    -0.0213586447167865    8.64294900038567e-05    0.000456191704138299    5.5286500801915e-09    1.96270274520982e-08
47.999999999999    -0.00134029510124361    -0.0210869621861395    1.79639095849075e-06    0.000444659974239886    8.55140616174644e-09    1.43893045272648e-08
48.4999999999989    -0.0117296158096877    -0.0202339991090487    0.000137583887043037    0.000409414719950004    1.27116454219693e-08    7.08523822272028e-08
48.9999999999988    -0.0208872820063271    -0.0151759116799918    0.000436278549613689    0.00023030829532176    4.30229905970935e-08    5.33751940927114e-08
49.4999999999987    -0.0254233360934661    -0.00171663424034419    0.000646346018123725    2.94683311761331e-06    4.88564224255231e-08    4.99123218036436e-08
49.9999999999986    -0.0223681253964144    0.0130170693442769    0.000500333033750339    0.000169444094318533    2.4941615218846e-08    6.94331576604369e-08
50.4999999999985    -0.0138974477863611    0.0193874542394688    0.000193139054974782    0.000375873381890273    1.21602599999933e-08    5.26977616130567e-08
50.9999999999984    -0.00394630793073088    0.0199785508131883    1.55733462846067e-05    0.000399142492597353    2.13838820200123e-08    4.69893674964235e-08
51.4999999999983    0.0059497045421863    0.0195764735705804    3.53989841398697e-05    0.000383238317467155    2.36099270439583e-08    8.6735027981055e-08
51.9999999999982    0.0153997064911549    0.0176103195756447    0.000237150960021606    0.000310123355597462    8.88135559086597e-08    2.02796382022551e-07
52.4999999999981    0.0224539894315196    0.00915491699964273    0.000504181641418959    8.38125052844216e-05    1.67820188613035e-07    1.18634320582259e-07
52.999999999998    0.0234156777826232    -0.00560482722296131    0.000548293966036152    3.14140882504907e-05    1.28516526923086e-07    2.26368141214727e-07
53.4999999999979    0.0176166049185496    -0.0161317814817972    0.000310344768858844    0.0002602343738133    5.07609418565131e-08    1.91948675960544e-07
53.9999999999978    0.0086456667448665    -0.0188164431386638    7.47475534656501e-05    0.000354058532427187    4.85755618816416e-08    1.91364758769287e-07
54.4999999999977    -0.000749250507967793    -0.0186539565303235    5.6137633092481e-07    0.000347970094252244    8.50577148090737e-08    1.30559710309765e-07
54.9999999999976    -0.00995860497198166    -0.0180001355090538    9.91738130026992e-05    0.000324004878922331    1.21331463367682e-07    7.6028461268615e-07
55.4999999999975    -0.018181644882883    -0.0138512489671009    0.00033057221085914    0.000191857098346233    4.60296140697222e-07    6.30570295672597e-07
55.9999999999974    -0.0224982534263722    -0.0022460627860953    0.00050617140753432    5.04479829273343e-06    5.45022719885739e-07    5.03638027710334e-07
56.4999999999973    -0.0201181452074179    0.0110424347042377    0.00040473976666948    0.000121935364774766    2.87626463108765e-07    7.59876835007982e-07
56.9999999999972    -0.0127488807521511    0.0170957017069499    0.000162533960449928    0.000292263017195507    1.31750953523832e-07    5.85231263165485e-07
57.4999999999971    -0.00392367326797479    0.0177771158885108    1.53952119675782e-05    0.000316025849594594    2.3185819255163e-07    5.30141066840985e-07
57.999999999997    0.00489301668382483    0.0174664423367413    2.39416123403032e-05    0.000305076608618259    2.68542345936155e-07    8.45901329552482e-07
58.4999999999969    0.0133601905673421    0.0158956053739616    0.000178494692890818    0.000252670275334925    9.46108746993972e-07    2.26499665500815e-06
58.9999999999968    0.0198380654564477    0.00872819002689107    0.000393548844509488    7.61813031087737e-05    1.85881239575821e-06    1.40116127525729e-06
59.4999999999967    0.0210211640305497    -0.00435996300755843    0.000441889339371644    1.90092834631632e-05    1.47389456388046e-06    2.45680385129901e-06
59.9999999999966    0.0160800542529883    -0.0141314342907025    0.00025856814513336    0.000199697440128011    5.95242936607235e-07    2.23954690486638e-06
60.4999999999965    0.00812649015935931    -0.0168030078638953    6.60398425960205e-05    0.000282341077933095    5.34655805137936e-07    2.15846442162393e-06
60.9999999999964    -0.000284155652538388    -0.016723366003366    8.07453537750707e-08    0.000279670972718331    9.58595615155928e-07    1.49525634080441e-06
61.4999999999963    -0.00855327189418528    -0.0162086201949909    7.31584615867816e-05    0.000262719437284506    1.22103306504708e-06    8.28607511482995e-06
61.9999999999962    -0.0160200688442087    -0.0127624640208124    0.000256642631067721    0.000162880546012419    5.0293673121998e-06    7.62429596243755e-06
62.4999999999961    -0.0201464211572765    -0.00264743558299731    0.000405878323550425    7.00894454955205e-06    6.17284923099685e-06    5.42064864426967e-06
62.999999999996    -0.0183038075350283    0.00945368288362059    0.000335029381660363    8.93721953618497e-05    3.37357438146807e-06    8.67742984393542e-06
63.4999999999959    -0.0118223743333424    0.0152486885921687    0.000139768537095293    0.000232522548824114    1.48916762279363e-06    6.71142139127453e-06
63.9999999999958    -0.0039028153020164    0.0160077928101087    1.5231974005371e-05    0.000256249469259334    2.59301323987823e-06    6.21353081455563e-06
64.4999999999961    0.00404496948731097    0.0157606042598425    1.63617879733601e-05    0.000248396717231605    3.13370122615294e-06    8.40215677289973e-06
64.9999999999963    0.0117086475280788    0.0144779371454249    0.000137092528767472    0.000209611330981001    1.00911191611167e-05    2.58262294433269e-05
65.4999999999966    0.0176998204368916    0.00834035625877206    0.00031328406883824    6.95618184848891e-05    2.06237735012645e-05    1.66120935135787e-05
65.9999999999969    0.0190513884801628    -0.00334932848340063    0.000362955690807518    1.12187502391342e-05    1.69642399678078e-05    2.73669401916246e-05
66.4999999999971    0.0148162615421226    -0.0124792767129548    0.000219521655934666    0.000155733053379733    7.06045917075254e-06    2.65725654731226e-05
66.9999999999974    0.00770027841887139    -0.0151546436224835    5.9294322935951e-05    0.000229663816714867    5.93361731911499e-06    2.43596056524256e-05
67.4999999999976    9.40085334959122e-05    -0.0151455971441909    8.9570081173447e-09    0.000229389412052369    1.09272021713088e-05    1.72973479362118e-05
67.9999999999979    -0.00739704234415432    -0.0146866155500632    5.47163746324894e-05    0.00021570426044989    1.17979353025249e-05    8.70869366285378e-05
68.4999999999981    -0.0142065943875775    -0.0117747269981744    0.000201830120836394    0.000138652136186291    5.28842438268949e-05    8.91083876682778e-05
68.9999999999984    -0.0181401594986412    -0.00293746923024247    0.000329069962240053    8.63224852279014e-06    6.76432103822925e-05    5.93552370802034e-05
69.4999999999986    -0.0167482129195901    0.00808369675940993    0.000280504139746028    6.53560420803518e-05    3.87781652885922e-05    9.94423564540114e-05
69.9999999999989    -0.0110346271764281    0.0136547974352132    0.00012176327250687    0.00018645892547275    1.66007260076736e-05    7.37053325455379e-05
70.4999999999992    -0.00388384182674149    0.0145248061574788    1.50850521099247e-05    0.000210975856978052    2.87188923547957e-05    7.65706583431546e-05
70.9999999999994    0.00333422936529719    0.0143065144123214    1.11184379933966e-05    0.00020468254719277    3.67767995686973e-05    7.86928383610314e-05
71.4999999999997    0.0102633854613851    0.0131129070523088    0.000105344513189852    0.000172016137580969    8.62094013498653e-05    0.00026039627201281
71.9999999999999    0.0157440138098318    0.00782009701416874    0.000247909124037293    6.11819228740557e-05    0.000187491848142352    0.000167348627257363
72.5000000000002    0.0171960126537885    -0.00244509138746296    0.000295729217257464    6.05500595600903e-06    0.000162376316652222    0.00027664790431789
73.0000000000004    0.0136307214240664    -0.0108652284667351    0.000185802111350302    0.000118122785288137    7.44634796444599e-05    0.000263809881895421
73.5000000000007    0.0073135470302669    -0.0136312781964572    5.3491358228929e-05    0.000185861022459942    5.82070872255194e-05    0.000221984663285685
74.000000000001    0.00041691955789716    -0.0137728471349959    1.88035296039033e-07    0.000189734311936765    0.000119219873686687    0.000207349301420975
74.5000000000012    -0.00637661209020094    -0.0132008949481142    4.06718596616649e-05    0.000174482354417383    0.000103333986510334    0.000467682569951848
75.0000000000015    -0.0124904943303224    -0.0105931127176618    0.000156064112564093    0.000112498135153343    0.000227297048542489    0.000533008540509526
75.5000000000017    -0.0161284704487978    -0.00306908183223629    0.000260220307196728    9.60876979908321e-06    0.00030454585694967    0.000435323450000545
76.000000000002    -0.015151448026905    0.00664950240540238    0.000229604466219985    4.45289305460762e-05    0.000195163797827005    0.000559507199796585
76.5000000000022    -0.0102431098041487    0.012031649832578    0.000104938321393405    0.000144959994333472    0.000130471964640673    0.000446538508638673
77.0000000000025    -0.0038587220866222    0.0131828848194938    1.49234479429648e-05    0.000174055120061336    0.000183607737251928    0.000516398971044562
77.5000000000027    0.00272103948298404    0.01306290329737    7.46751220334592e-06    0.000170850450405056    0.000251905409604264    0.000459355906258895
78.000000000003    0.00905404193697124    0.0119931091926297    8.20254154362364e-05    0.000144406919445562    0.000223024751546808    0.00075647296000735
78.5000000000033    0.0141361950405086    0.00746762344499237    0.000199930523242287    5.61838288074535e-05    0.000313867836815746    0.000646860797431549
79.0000000000035    0.0156922310594757    -0.00166112675097763    0.000246325684335949    3.3331572233192e-06    0.000282079265409219    0.000757505868297855
79.5000000000038    0.0126866742326707    -0.00955062668385818    0.000161003774217207    9.16823414827067e-05    0.000228190997407005    0.000684011277891556
80.000000000004    0.00703075522571665    -0.0123336476924345    4.94917120398754e-05    0.000152534582565995    0.000245342609290437    0.000644761323980712
80.5000000000043    0.000734946521918567    -0.0126483686591358    6.26025574344063e-07    0.000160353644555137    0.000293051504455898    0.000610257992761272
81.0000000000045    -0.00552153348804228    -0.0122504008037018    3.05548936808415e-05    0.000150679064035471    0.000259926184270137    0.000778937856400786
81.5000000000048    -0.0112494740635004    -0.010105757113421    0.000126647063548367    0.000102648693530202    0.000310478409874704    0.000722749399683383
82.000000000005    -0.014841105704135    -0.00341864593167077    0.000220340601926014    1.24253922085366e-05    0.000286676480905806    0.000859216039426336
82.5000000000053    -0.0142208119406195    0.00569545885452542    0.000202310893356666    3.2988838088712e-05    0.000281782018943451    0.000742015178497038
83.0000000000056    -0.00982955072919765    0.0109722566625856    9.66795308028898e-05    0.000121054334676676    0.000243850907358981    0.000814811884437707
83.5000000000058    -0.00395863707561746    0.0121318504183721    1.57704952667955e-05    0.000147635273324726    0.000315733701625842    0.000673408309252771
84.0000000000061    0.00210199391193057    0.0120337356865854    4.50904511722883e-06    0.000145364681860536    0.000301109135423788    0.000744236041814414
84.5000000000063    0.00792597959896398    0.0110730520429111    6.29206147432289e-05    0.000123428629129022    0.00031537618812406    0.000903408868676569
85.0000000000066    0.0126858299006865    0.00722069953063983    0.000161103535327776    5.28046407065153e-05    0.000416239184394419    0.000816173385214812
85.5000000000068    0.0143815788156862    -0.000869677397048505    0.000206958205883171    1.67799703236667e-06    0.000358324784767177    0.00096003034193176
86.0000000000071    0.0119202753481386    -0.00831158725515072    0.0001421902517086    6.98061081882145e-05    0.000311909174535209    0.000850661794269977
86.5000000000073    0.00686839543197582    -0.0111979748423447    4.72658519606962e-05    0.000126165781831281    0.00030165568237624    0.00087814649204762
87.0000000000076    0.00110709529891379    -0.011628334223597    1.369181380614e-06    0.000135814130924861    0.000378842156757922    0.000771993594005235
87.5000000000079    -0.00464098920166679    -0.0112155673098927    2.16558760857429e-05    0.000126959616019545    0.000342191928243712    0.00108197316824873
88.0000000000081    -0.00989900095281809    -0.00937653274812179    9.81959852666044e-05    8.89030096076785e-05    0.000453613715302975    0.000991787896214797
88.5000000000084    -0.0133446150562257    -0.00367590286489961    0.000178294479800323    1.4689038213875e-05    0.000464466146750417    0.0010847932253189
89.0000000000086    -0.0131172228253375    0.0045033190157826    0.000172213856232975    2.1435178859704e-05    0.000390283977918197    0.00107484729231403
89.5000000000089    -0.00938200970853753    0.00967448948319773    8.81526796536692e-05    9.46863598771507e-05    0.000361349529647994    0.00104432423923184
90.0000000000091    -0.00410622358875756    0.0110546949105365    1.70198416023919e-05    0.000123189186900865    0.000398458832908629    0.000991416832529248
90.5000000000094    0.00145373648449602    0.0110662694202748    2.28892784371073e-06    0.000123492723365107    0.000419020378210768    0.00101508841141972
91.0000000000096    0.00680008154765675    0.0101535791179892    4.64468612002299e-05    0.000104702952970497    0.000453599102124401    0.00126798425275327
91.5000000000099    0.0112401397921723    0.00697127850965837    0.000126690322156558    5.00124470567494e-05    0.000591252576300734    0.00118900084000175
92.0000000000102    0.0130863082850483    -4.02506529264942e-05    0.000171593414055575    1.531666994757e-06    0.000584764503240984    0.00123695063753409
92.5000000000104    0.0112122191599039    -0.006982595571543    0.000125933535368851    5.04239137565589e-05    0.000468697001414858    0.00129122919763569
93.0000000000107    0.00679871507835363    -0.0100302576691288    4.64089544166557e-05    0.00010210247386157    0.000431772741176044    0.00122327631892948
93.5000000000109    0.00157544904761667    -0.0106639620417546    2.71319596524749e-06    0.000114981482396564    0.000480787129207095    0.00112311885772704
94.0000000000112    -0.00370860117299946    -0.0103017361069439    1.39818050428717e-05    0.000107902449887816    0.000477579713240281    0.00133292275496517
94.5000000000114    -0.00854688939292819    -0.0087596588922587    7.34332132922831e-05    7.86179638168596e-05    0.000619592605939295    0.00137344090085182
95.0000000000117    -0.0118951714230141    -0.00400084062873509    0.000142020470362552    1.78946862725795e-05    0.000724822171060395    0.00137403076240748
95.500000000012    -0.0121045889548183    0.00323384714009007    0.00014693206324523    1.25639423870237e-05    0.000641084612295288    0.00145126670931118
96.0000000000122    -0.00905563486863614    0.00831935034329415    8.22688838627588e-05    7.12263702566443e-05    0.000514160469795368    0.00141942950588461
96.5000000000125    -0.00438019807396332    0.00996735938926531    1.94455435737049e-05    0.000101098559621052    0.000509321515894379    0.00132299146870878
97.0000000000127    0.00068441539952797    0.010139483255199    7.60995374131676e-07    0.00010457798785267    0.000540898266793899    0.00132998765791552
97.500000000013    0.0055812602631941    0.00928681250449414    3.15113438414802e-05    8.89434295220906e-05    0.000600730984693337    0.00164272427036976
98.0000000000132    0.00972486754237083    0.00673807565492692    9.52189206666289e-05    4.78861012967571e-05    0.000803661589209824    0.00157620993691775
98.5000000000135    0.0117624950777733    0.000918116606419453    0.000139093226378334    3.44183568742803e-06    0.000858449721121538    0.00161210966886402
99.0000000000137    0.01055029782159    -0.00546765854283577    0.000111823858696434    3.26199412668483e-05    0.00071768695974426    0.00165065178817437
99.500000000014    0.00684019275846872    -0.00879879859061498    4.71212679185598e-05    7.99528312862804e-05    0.000577088334271135    0.00159184630164857
100.000000000014    0.00217528920319923    -0.00964652514273362    5.06779419760842e-06    9.5287624037618e-05    0.000579578364031373    0.00149404709036431
100.500000000015    -0.00263715246434349    -0.00940584894146619    7.2846077592533e-06    9.11960963956879e-05    0.00057448641329484    0.00165109118040382
101.000000000015    -0.00704071709808141    -0.00808656068235657    5.01206165466603e-05    6.86496677764013e-05    0.00074089087688028    0.00180477259148242
101.500000000015    -0.010267079174995    -0.00432904938244546    0.000106382688037458    2.17433886316522e-05    0.000984770659515075    0.00173283584796738
102.000000000015    -0.0109465436058754    0.00176420604474312    0.000120768875400084    6.43061170143542e-06    0.000970596973388961    0.0018215896171002
102.500000000016    -0.0086997839920518    0.00672981966404522    7.6298688996219e-05    4.84542427744042e-05    0.000782590242629071    0.00177869898066943
103.000000000016    -0.00472500551907876    0.00874459836639751    2.2715874250817e-05    7.96060626343245e-05    0.000624657582594092    0.00177145760455126
103.500000000016    -0.000204429674130873    0.00916752409536842    4.74918554087235e-07    8.66945092113091e-05    0.000658123895951195    0.00162819260904493
104.000000000016    0.00423632404394753    0.0083520922028206    1.83960575364973e-05    7.42490440228828e-05    0.000670534213272755    0.00211933948636507
104.500000000017    0.00800328638646154    0.00635914947818658    6.50969239266724e-05    4.47179356854772e-05    0.0010219251161175    0.00206861151489511
105.000000000017    0.0101446810348371    0.00182071980829199    0.000104529839211765    7.22330010435721e-06    0.00127093898877204    0.00197693689430148
105.500000000017    0.00962901216953698    -0.00374523891741831    9.40524726502193e-05    1.82440599340157e-05    0.00115524771764677    0.00205359328628408
106.000000000017    0.00676662748221921    -0.00723420568576621    4.65396009348348e-05    5.66266850751777e-05    0.000867383105502119    0.00207194429732207
106.500000000018    0.00279255660676025    -0.008405362506517    8.34544630195224e-06    7.44912091864429e-05    0.000739644441601437    0.00195986997540173
107.000000000018    -0.00145644004842098    -0.00840676016283943    2.64669631320631e-06    7.46291046173111e-05    0.000724899095434535    0.0019888409141525
107.500000000018    -0.00540555411658468    -0.00726240023925562    2.99788166535866e-05    5.81606251528395e-05    0.000871092042358921    0.00232769583874256
108.000000000018    -0.00846370071389123    -0.00454510932416155    7.32268658878074e-05    2.55114388285058e-05    0.00126199687538617    0.00220304790232203
108.500000000019    -0.00959196251851325    0.000267848548840164    9.39840564611368e-05    4.95692601079826e-06    0.00140652461925615    0.00221024504652368
109.000000000019    -0.00822711887737569    0.00491491801270259    6.91419066693933e-05    2.90947215233442e-05    0.00120682295591434    0.00222222916274534
109.500000000019    -0.0050787898225872    0.00730653639661329    2.65610013014499e-05    5.8729893280782e-05    0.000875725550292246    0.0023117999839405
110.000000000019    -0.00119658994976354    0.0080340615564419    2.07399667017934e-06    6.87795071280381e-05    0.00080135457963639    0.00205751355653869
110.50000000002    0.00276392354701586    0.0075630016403853    8.20127692606645e-06    6.33063808770837e-05    0.00074966896182095    0.00247131282208728
111.00000000002    0.00621273497202515    0.00609540356345442    3.99304174094099e-05    4.29555765246699e-05    0.00115427101531033    0.00240865770156265
111.50000000002    0.00849883712134945    0.00273082475220396    7.4424385978309e-05    1.30495668479837e-05    0.00148126755283493    0.00236477546941223
112.00000000002    0.00871032037396305    -0.00190989773556986    7.81816327733501e-05    8.93477519088481e-06    0.00152051036046266    0.00229936204860173
112.500000000021    0.0067652982965717    -0.00553268112497648    4.7248719133093e-05    3.64207845558408e-05    0.00121632976264537    0.0024104406495846
113.000000000021    0.00352176160604636    -0.00715878512412441    1.32281144205528e-05    5.69542796977673e-05    0.000908465525339644    0.00238873925834995
113.500000000021    -0.00018433738335132    -0.00750156250054932    6.76130367204226e-07    6.16238003110315e-05    0.000801342683440371    0.00231308459883849
114.000000000021    -0.00376716236131544    -0.00663101396690668    1.49611882980823e-05    5.09128524251113e-05    0.000877311826872657    0.00263486360098579
114.500000000022    -0.00668692253341759    -0.004744422574318    4.64821365597923e-05    2.88436693167168e-05    0.00132936209960428    0.00251676851399141
115.000000000022    -0.0082182859379151    -0.00113080122075156    7.01122645296949e-05    7.3288229551892e-06    0.00160375832729304    0.00245969745178873
115.500000000022    -0.00771621788983542    0.00303790501285463    6.18808419076727e-05    1.50534759000988e-05    0.00152997496197044    0.00241342268013116
116.000000000022    -0.00543267118296094    0.00579486002920168    3.08700411389203e-05    4.00366300010554e-05    0.00116452778272828    0.00254091071134269
116.500000000023    -0.00220476172752711    0.00690926940991723    5.67514640074936e-06    5.37870796797363e-05    0.000902314870530819    0.00245948691822466
117.000000000023    0.00130241177037217    0.00692522737611255    2.34022047245718e-06    5.45864099826544e-05    0.000802461246947928    0.00257441950190634
117.500000000023    0.00452795822524467    0.00585379336542494    2.16491231527611e-05    4.139232746899e-05    0.00107084894508995    0.0026693502400204
118.000000000023    0.00695433730507857    0.0035599655943704    5.06075912693612e-05    1.96034035903787e-05    0.001498260296662    0.00263249853889375
118.500000000024    0.00784115494548751    -0.000176287331767693    6.43583555590814e-05    6.21310069448604e-06    0.0016954777143738    0.00248636752535587
119.000000000024    0.00680079968426575    -0.00380261332856766    4.84792193298615e-05    2.11817042504186e-05    0.00149276353932977    0.00259265040524521
119.500000000024    0.00431253453238311    -0.00587478270546063    1.98790741677445e-05    4.1409634519107e-05    0.00113186574943659    0.00262613074364695
120.000000000024    0.00114387027948844    -0.00662867747845722    2.12125097252043e-06    5.04008717527851e-05    0.000901560733519082    0.00254194937781601
120.500000000025    -0.00214177904466512    -0.00632277602183956    5.29902363387907e-06    4.73007653194666e-05    0.000843686053999026    0.00270615385688199
121.000000000025    -0.00502285297052137    -0.00508243318585302    2.66215378724911e-05    3.32688090941209e-05    0.00118003640156384    0.00272721139728127
121.500000000025    -0.00698007070228462    -0.00250600821144276    5.11821062227144e-05    1.33059771116773e-05    0.0015686679743726    0.00265064142347824
122.000000000026    -0.00733905122696964    0.00113336154674408    5.67150823821946e-05    7.70996773450669e-06    0.001689203797684    0.00253484897752678
122.500000000026    -0.0059462227176814    0.00422285998877573    3.74499206065307e-05    2.48440343957813e-05    0.00144649783900991    0.00264792143217625
123.000000000026    -0.00337384912082811    0.00583331685897007    1.26369524613992e-05    4.08291975191522e-05    0.00111986363959484    0.00260799001953761
123.500000000026    -0.000300344512418207    0.00629742847705567    8.52773363703516e-07    4.67225542437206e-05    0.000873250558295719    0.00265799714448472
124.000000000027    0.00274239965619948    0.00569994817386049    8.31239433879632e-06    4.04183936312498e-05    0.00088974067259695    0.00281584524549101
124.500000000027    0.00528017199755292    0.00428173576674365    2.95936944803499e-05    2.62943262720878e-05    0.00130899891390628    0.0028215359462314
125.000000000027    0.00678768341657391    0.00154988163656631    4.90447813637556e-05    9.50576527831865e-06    0.00172398816704845    0.00266526400023585
125.500000000027    0.00671009753910338    -0.00186036157787165    4.82817794553955e-05    1.00516573229047e-05    0.00180454162354718    0.00256723822861915
126.000000000028    0.00507964520664844    -0.0044314107946392    2.81449558016584e-05    2.68128136582672e-05    0.00153041183223076    0.00267869595650988
126.500000000028    0.00250873795261381    -0.00564786826380329    7.64938159664232e-06    3.90792303808338e-05    0.00116430901471963    0.00267970417314252
127.000000000028    -0.000404044469731463    -0.00585454914311023    9.17237022893747e-07    4.20987281679103e-05    0.000868323148011826    0.00279695950968503
127.500000000028    -0.0031756783339944    -0.00508810823675793    1.10699459095165e-05    3.42025963230884e-05    0.000992478225713325    0.00288335757306035
128.000000000029    -0.00537642821050212    -0.00350630056687789    3.1103379549972e-05    2.04300094426329e-05    0.00148236272460185    0.00285234390937431
128.500000000028    -0.00648181901114066    -0.000753776406533401    4.55325360514027e-05    7.76914497352842e-06    0.00187578206575769    0.00268346158952984
129.000000000028    -0.00606901319286054    0.00234351631356196    4.04615837822382e-05    1.21278000505258e-05    0.00190490489188384    0.00257599133123439
129.500000000027    -0.00431101087725382    0.00447033423188252    2.09924334770622e-05    2.76076916808775e-05    0.0015516503128158    0.00276112360030057
130.000000000027    -0.00180608741845861    0.00538067633025251    4.50071620007285e-06    3.67973972782276e-05    0.00111299795011418    0.00280102115438065
130.500000000026    0.000925207959944588    0.00539642219731421    1.58472510985046e-06    3.77158848217254e-05    0.000853648253501192    0.00293163986363602
131.000000000026    0.00344264803690843    0.00456357423812557    1.31795468042727e-05    2.93516512904216e-05    0.00115226789343592    0.00291983586243101
131.500000000025    0.00535429413079968    0.0028623629938058    3.14418800218204e-05    1.62250850945823e-05    0.0016653571336817    0.00283407183858728
132.000000000025    0.00614502491205976    0.000169990611009456    4.16760765193322e-05    6.97979671300607e-06    0.00197857154267849    0.00263645593651301
132.500000000024    0.00550372601411259    -0.00263231195629183    3.3786709950607e-05    1.40357619891889e-05    0.00186968176762448    0.00266583865864984
133.000000000024    0.00369539553755504    -0.00440547146423238    1.57515899148161e-05    2.73053545676367e-05    0.00144763314960468    0.00281019140726585
133.500000000024    0.00127191777783749    -0.00514209974345725    2.66937334445269e-06    3.43013370964621e-05    0.00102547477339701    0.00280359542815988
134.000000000023    -0.0013097750602431    -0.00504203642679532    2.45462581491578e-06    3.38822864823279e-05    0.000859718038941236    0.00290863458571148
134.500000000023    -0.00363318698322968    -0.00414815674459467    1.47315174483703e-05    2.55714937768798e-05    0.00123752567377841    0.0028921081236969
135.000000000022    -0.0053143945591219    -0.00239059874567099    3.12762600134462e-05    1.35695500566222e-05    0.00174168610358519    0.00280260373471143
135.500000000022    -0.00586606889301253    0.000268567822530232    3.84683620407835e-05    6.6979837187739e-06    0.00201434797967337    0.00257407362821565
136.000000000021    -0.00506653005276462    0.00281027116691545    2.90339672538063e-05    1.51976585923884e-05    0.00183418659853332    0.00270185761297521
136.500000000021    -0.00323428113450493    0.00433440885788873    1.23826989349342e-05    2.65806363656963e-05    0.00138640703904721    0.00279169056636871
137.00000000002    -0.000893298974402817    0.0049014672048149    1.64921965374018e-06    3.22126498988003e-05    0.00092262484037178    0.00286151518236831
137.50000000002    0.00153893203483974    0.00467960924190929    3.09417599250412e-06    3.05519853412727e-05    0.000851976633862778    0.00294163945518648
138.000000000019    0.00366935075676933    0.00375695126499533    1.52670293123116e-05    2.22995229282057e-05    0.00134271900861943    0.00286091595833497
138.500000000019    0.00514068144120707    0.00197560167059694    2.98324698195218e-05    1.12656692902789e-05    0.00184549834449967    0.0027134235440516
139.000000000019    0.00551408368216089    -0.000545266501476296    3.44994878618911e-05    6.68528195245356e-06    0.00202345472101999    0.00252744265905705
139.500000000018    0.00463778277731243    -0.0028299253409535    2.45533910921422e-05    1.53947995203417e-05    0.00174481001905835    0.00271777888816785
140.000000000018    0.00284894029396007    -0.00415588210454536    9.64526600854549e-06    2.52031966787647e-05    0.00123644862812662    0.00281635235932656
140.500000000017    0.000617803425281844    -0.00465256406622523    1.05115273758296e-06    2.97388021149834e-05    0.000818212481750907    0.00284472313673107
141.000000000017    -0.0016797471916628    -0.00440450604586093    3.62278229436258e-06    2.76413947632805e-05    0.000895115448678832    0.0028708398170666
141.500000000016    -0.00367642370385238    -0.00347755945032235    1.54812977300996e-05    1.99777024905244e-05    0.00140185822387714    0.00280789650094125
142.000000000016    -0.00500658094550678    -0.00169827466016466    2.85360547870904e-05    9.6951662090962e-06    0.00186284782609283    0.00260979489380656
142.500000000015    -0.00525858406630709    0.000729800606062577    3.14911740507792e-05    6.81824509447661e-06    0.00195920077285622    0.00250711710334147
143.000000000015    -0.00433523930782916    0.00283034797964679    2.1443127023755e-05    1.53671698965068e-05    0.00162752178713772    0.00271225002730503
143.500000000014    -0.00258646833979686    0.00401610432334294    7.92910584764805e-06    2.39374466121277e-05    0.00111323284845379    0.00279434297754477
144.000000000014    -0.000445531662211542    0.00444133018416132    7.40996522453137e-07    2.76494207882435e-05    0.000736544676459044    0.00281496127566633
144.500000000014    0.00174090661099649    0.00417879677593765    3.88260531707088e-06    2.52476655307328e-05    0.000922956926871231    0.0027902191734962
145.000000000013    0.00363056186946484    0.00327410982696263    1.51864891086416e-05    1.79722604116605e-05    0.00141616016771746    0.0026930401505821
145.500000000013    0.00486804094067009    0.00153617565742814    2.69084694162127e-05    8.73296366612164e-06    0.00179182778641602    0.00252450549923086
146.000000000012    0.00506520703318982    -0.000778515603274319    2.89797289723227e-05    6.64992880300397e-06    0.00182302130630638    0.0024584227176103
146.500000000012    0.00414987799735697    -0.0027552619738926    1.93765954094132e-05    1.47100993240312e-05    0.00146802861568355    0.0026680762319043
147.000000000011    0.00245295604606573    -0.00389716233390519    7.00239183723165e-06    2.2413046461937e-05    0.000992672389714358    0.00268796804391862
147.500000000011    0.000371074266571565    -0.00432124123263835    6.10212076149253e-07    2.59486588743412e-05    0.000687397966855903    0.00269731961096334
148.00000000001    -0.00174972039835029    -0.00403193314647045    3.81162833524175e-06    2.32897686288191e-05    0.000866087098875548    0.00265203388575862
148.50000000001    -0.00355850455687658    -0.00310077409541403    1.43350571509438e-05    1.6593064556277e-05    0.00129309801238436    0.00264164050648197
149.000000000009    -0.00471748978854311    -0.00140805113071463    2.50407527371661e-05    8.10902294992961e-06    0.0016691443413191    0.00247515958338505
149.500000000009    -0.00487594159604213    0.000800416887395041    2.67796641177257e-05    6.4539801902874e-06    0.00173345252883136    0.00241108129200577
150.000000000009    -0.00397724782403159    0.00267877263817503    1.79382778335303e-05    1.36521581547017e-05    0.00145594559643083    0.00254486449691657
150.500000000008    -0.0023382643980426    0.0037472347585847    6.5083170943793e-06    2.08130300820065e-05    0.00102021404578931    0.00260216481915754
151.000000000008    -0.000344308651307452    0.00412474298384695    5.48178814573211e-07    2.41831453582836e-05    0.000655461949473846    0.00267761847085969
151.500000000007    0.00167358753937613    0.00382596193782255    3.43774485907546e-06    2.17496356165797e-05    0.000798028575378351    0.00266676786895913
152.000000000007    0.00338988368886567    0.00294903156630241    1.30601829679145e-05    1.55249606754017e-05    0.00125254602465418    0.00261307739961021
152.500000000006    0.00449586091512784    0.00135732150700495    2.28946022172868e-05    7.68342294812859e-06    0.00163763147536697    0.0024168370393451
153.000000000006    0.00466173990448539    -0.000714893884411027    2.46101612005317e-05    6.160247398495e-06    0.0016965677892322    0.0023767991359235
153.500000000005    0.00382873755314662    -0.00250686735430382    1.66365260215124e-05    1.27073841398541e-05    0.00140616313798834    0.00253436386649191
154.000000000005    0.00228101607341795    -0.00356775274798501    6.13945900030986e-06    1.93661613698355e-05    0.000967690380813424    0.00257629612022393
154.500000000004    0.000369072439559974    -0.00397449033889702    5.46756508892026e-07    2.26420275457342e-05    0.000640735548607439    0.00261638187039821
155.000000000004    -0.00158240104215591    -0.0037070998678468    3.13158130680705e-06    2.04496873803612e-05    0.000792204675946155    0.00258980654686241
155.500000000004    -0.00324300751058924    -0.00285135256895726    1.19654894089208e-05    1.45342191521698e-05    0.00120349146036961    0.00253061409141549
156.000000000003    -0.00431156038435355    -0.00131328060449597    2.09541410015461e-05    7.44752530735311e-06    0.0015377217087689    0.00239224149307878
156.500000000003    -0.004479998535133    0.000666589146969524    2.26179010136535e-05    5.93128933991794e-06    0.00159609339916552    0.00234242358446554
157.000000000002    -0.0036861212874894    0.00240924839439191    1.54145137249497e-05    1.17861641286817e-05    0.00135167436125244    0.00244574861807213
157.500000000002    -0.00219388711386629    0.00343841636378938    5.74528824934955e-06    1.81703742904269e-05    0.000965477902885925    0.00251945771936191
158.000000000001    -0.000352750837374002    0.00382274325446661    6.09777077222361e-07    2.10072875434244e-05    0.000696666293109048    0.00252862048434603
158.500000000001    0.00151877107625355    0.00355162833226085    2.90368238181149e-06    1.91515321433953e-05    0.0007726686222095    0.00255684734250547
159    0.00311098864710284    0.00273620329285986    1.09901405104586e-05    1.39575707642127e-05    0.00114537773160468    0.00254376931036515
159.5    0.0041434147232222    0.00129176990560834    1.94312099870658e-05    7.28789652406375e-06    0.00150443491665518    0.00237049088482288
159.999999999999    0.0043267262281481    -0.000586148662490097    2.12415221384797e-05    5.69134896686836e-06    0.00158775384903801    0.00231252647818991
160.499999999999    0.00359746272345398    -0.00224031117094667    1.48101019658429e-05    1.0850117937078e-05    0.00136688109182988    0.00241477199636106
160.999999999999    0.00219715647172435    -0.0032494597011072    5.78109842148381e-06    1.67816404757362e-05    0.000976525401740078    0.00249452442894763
161.499999999998    0.000447851346960955    -0.0036525967064954    6.31282495729222e-07    1.97765847651236e-05    0.00065628626890594    0.00253675423815997
161.999999999998    -0.00135595846634554    -0.0034513964529638    2.39236797314913e-06    1.82624673913982e-05    0.000744140182153184    0.0025199860943797
162.499999999997    -0.00291223697047491    -0.00270597216965121    9.73050220726995e-06    1.34486206326452e-05    0.0011177558029682    0.00247514348063266
162.999999999997    -0.00395754951374342    -0.0013658557840622    1.77526255655406e-05    7.28622652983895e-06    0.0014458310453887    0.00232823205608522
163.499999999996    -0.00420075533666562    0.000419393694730942    1.99685491272213e-05    5.35281758002404e-06    0.00152387785885112    0.00227528602791912
163.999999999996    -0.00356309336540482    0.00205439325230816    1.43944171826527e-05    9.801725925144e-06    0.00130337364253727    0.00236245514031795
164.499999999995    -0.00225114131673021    0.00308785703603699    5.9355241587431e-06    1.54423037229558e-05    0.000931604492718497    0.00243052312228307
164.999999999995    -0.00057582097807429    0.00352126552451881    7.27050091183543e-07    1.84242028317846e-05    0.000628872238529505    0.00245456552929839
165.499999999994    0.00117296585988925    0.00336539267621204    1.82640987776719e-06    1.73087128079426e-05    0.000671238384854041    0.00244598547478126
165.999999999994    0.00269588091833341    0.0026640050812929    8.28263520249239e-06    1.30001399386373e-05    0.0010074032343894    0.0024296536513427
166.499999999994    0.00374314612579301    0.00142521965675458    1.58559776456436e-05    7.44622136126832e-06    0.00135824693138046    0.00232700887219381
166.999999999993    0.00404667571157359    -0.0002515522789337    1.86181601955002e-05    5.05846590025459e-06    0.00149752324885479    0.00223499157743779
167.499999999993    0.00350535897650487    -0.00184464425876049    1.40932491940914e-05    8.71788056075384e-06    0.00134376621475915    0.00230546483802634
167.999999999992    0.00230008386202862    -0.00287242542875925    6.2943339737233e-06    1.39004166831048e-05    0.00100197215597981    0.00237688637492878
168.499999999992    0.00072851516522165    -0.00332437793727461    9.46552635986002e-07    1.69777777902525e-05    0.000644839739802126    0.00243439707533801
168.999999999991    -0.000936266908068694    -0.00323789243868457    1.23424288941479e-06    1.6562175135133e-05    0.000598036091110128    0.00246540619181551
169.499999999991    -0.0024232432452761    -0.00264586008232277    6.78815529754929e-06    1.28063114029556e-05    0.000957103689144003    0.00240950945790354
169.99999999999    -0.00350038891930401    -0.00156040386362869    1.40325167205304e-05    7.81591455756868e-06    0.00133408925269044    0.00231970996892744
170.49999999999    -0.00390474496190822    -1.68747410008303e-06    1.75558779596886e-05    4.86021410921578e-06    0.00151948831589484    0.00220458868309872
170.999999999989    -0.00350102494996653    0.00156368680086427    1.42363006373245e-05    7.56512711913505e-06    0.00140681375349985    0.00226274406593806
171.499999999989    -0.00242577470394634    0.00263874585350308    7.03780827015706e-06    1.24938554760267e-05    0.00107397642239068    0.0023517814091975
171.999999999989    -0.000959125140942802    0.00314406834190104    1.40664241124131e-06    1.56755803647678e-05    0.000697654194607012    0.00240632803794982
172.499999999988    0.00063651264578279    0.00315398035812059    7.1972366559265e-07    1.58405578225683e-05    0.0005608701430378    0.00242754314547813
172.999999999988    0.00210846857376206    0.0026615743415095    5.19677405191104e-06    1.2858706198169e-05    0.00086668005940418    0.00240306642080223
173.499999999987    0.00322540441919314    0.00171353663686092    1.2037928558017e-05    8.33519942256163e-06    0.00127855187249732    0.00232357302805335
173.999999999987    0.00374310133350937    0.000288276505653825    1.6336465466462e-05    4.8349097044489e-06    0.00152501077817254    0.00217986383995352
174.499999999986    0.00349338807040596    -0.00125296818796683    1.43460658815252e-05    6.43574214745941e-06    0.00146366173382737    0.00220585875962232
174.999999999986    0.00255990024122059    -0.00238619568229509    7.85125378649534e-06    1.10884506458268e-05    0.00113937023898911    0.0023226107748874
175.499999999985    0.00119773539341177    -0.00297531664194651    1.97050560891039e-06    1.45097136480998e-05    0.000732076182018746    0.00237848786590471
175.999999999985    -0.000337101022539051    -0.00308206643832426    3.86815545169756e-07    1.52437552707345e-05    0.00052266475466869    0.00239679405466755
176.499999999984    -0.00179723581761344    -0.00268070361608922    3.85966154828832e-06    1.28332040608331e-05    0.000793476505118886    0.00237634849791003
176.999999999984    -0.00295532876680966    -0.00186385566503086    1.02018752335064e-05    8.73017138372713e-06    0.00121157216606096    0.00229264333110485
177.499999999984    -0.00357513752894351    -0.000546924045302978    1.49817059556021e-05    4.91000695341068e-06    0.00148327259960597    0.00214729621665948
177.999999999983    -0.00346711501723235    0.00096937596781078    1.41352842671257e-05    5.550344803383e-06    0.00145409687586751    0.00214724359037672
178.499999999983    -0.00266423376024722    0.00215285505000334    8.40091530482893e-06    9.86495463957858e-06    0.00114139115801196    0.00228695644323492
178.999999999982    -0.00140148330900197    0.00281392267381024    2.49228639592565e-06    1.3364374893194e-05    0.000726726172994022    0.00233371250993146
179.499999999982    7.22912443326829e-05    0.00300726048913903    2.32901140229759e-07    1.46016459786234e-05    0.000477153137077177    0.00235754752424774
179.999999999981    0.00152243083200389    0.00270625129652342    2.82775367888193e-06    1.27395289752955e-05    0.000714113464826049    0.00232717272572554
180.499999999981    0.00271129625894487    0.0019773517135679    8.60180009987982e-06    8.97487960314096e-06    0.0011183347871328    0.00225054655672595
180.99999999998    0.00341178045013514    0.00075786273696901    1.36201749148205e-05    5.09341036108554e-06    0.00140709952558308    0.00212580677226303
181.49999999998    0.00342578759525931    -0.000699054531260473    1.37483151963255e-05    4.97086996701403e-06    0.00141855368192146    0.00211711896910358
181.999999999979    0.00275275892957896    -0.00191995700906549    8.89530879127347e-06    8.61429494821314e-06    0.00114787937819997    0.00221992342920954
182.499999999979    0.00159108962351996    -0.00264231918418256    3.09985316568253e-06    1.22127573576234e-05    0.000753848111763659    0.00228711754978274
182.999999999979    0.000184802717473658    -0.00291048344449512    2.67634884625145e-07    1.37459604446347e-05    0.000483200621108352    0.0022967469525297
183.499999999978    -0.00123757258107835    -0.00269351451473067    1.93932943333042e-06    1.25438764963783e-05    0.000638547993414346    0.00229975130292679
183.999999999978    -0.00244352509021923    -0.00207061911328796    7.03528816051401e-06    9.30684868076931e-06    0.00103173315056904    0.00224039843966556
184.499999999977    -0.00322608727769047    -0.000984782493903761    1.21995979191507e-05    5.43503367553731e-06    0.00133864065225677    0.0021131107673849
184.999999999977    -0.00337492720855295    0.000406068183164232    1.3332180902813e-05    4.46940735839739e-06    0.00139357355018743    0.00207473275122824
185.499999999976    -0.00284271144161206    0.00166090152034652    9.45979294268876e-06    7.50573186932726e-06    0.00117421659093058    0.00217879278708139
185.999999999976    -0.00179162761766395    0.00246200641863067    3.87185056808088e-06    1.10907871609412e-05    0.000813585304503879    0.00224261266284718
186.499999999975    -0.000457366429143034    0.00280347113117301    4.76694137742645e-07    1.29767337563634e-05    0.000517213773246223    0.00226214132472818
186.999999999975    0.000935943773898479    0.00268733407779832    1.20773161490465e-06    1.22890186543236e-05    0.000575969501801379    0.00225105624288411
187.499999999974    0.00215784941395551    0.00214322874832252    5.4871517825457e-06    9.57244414637956e-06    0.00091150298366904    0.00223137058301472
187.999999999974    0.00300855520585822    0.0011807864442872    1.05915888180725e-05    5.95860209350144e-06    0.00124104165577788    0.00213643288368463
188.499999999974    0.00327855101029132    -0.000128991002726825    1.26371310818799e-05    4.22050432672013e-06    0.00137413039948822    0.00205033305780687
188.999999999973    0.00288617776208604    -0.001392513980566    9.84620201170493e-06    6.47472155346654e-06    0.00123133258599981    0.00212970100422449
189.499999999973    0.00195299989290405    -0.00225835790629571    4.65576074411012e-06    9.89684561869468e-06    0.000917361522207519    0.00219012903404487
189.999999999972    0.000704303401745557    -0.00266751828753466    8.33240536984091e-07    1.21042132739954e-05    0.000580686882298651    0.00223350832988452
190.499999999972    -0.000644928703918114    -0.00264991795916684    6.62888459618553e-07    1.20513853771977e-05    0.000496946100176925    0.0022426145872358
190.999999999971    -0.00186928756412483    -0.00219299505256757    4.13226052980128e-06    9.809220801719e-06    0.000798764378530704    0.00223606652430852
191.499999999971    -0.00277843460808719    -0.00136966625279231    9.0994983514787e-06    6.40609709722713e-06    0.00117464866239318    0.00212840584785632
191.99999999997    -0.00317196372231382    -0.000163976720514606    1.19471938419781e-05    4.15026719363441e-06    0.00137325889267213    0.0020306104571689
192.49999999997    -0.00293385303110131    0.00109491595700146    1.02727166110094e-05    5.50009941793971e-06    0.00129043519903444    0.00207394755600119
192.999999999969    -0.00213592838570329    0.00201897635744787    5.53838674841006e-06    8.78193179969726e-06    0.000988026659335164    0.00216925477244232
193.499999999969    -0.000989198547470884    0.00249733057066125    1.35929816172779e-06    1.11823214584789e-05    0.000617077300999868    0.00222388432237822
193.999999999969    0.000297416221214982    0.00258335119669608    3.03936026270493e-07    1.16682857290325e-05    0.000464197821654404    0.00223485621988563
194.499999999968    0.00152153641214535    0.00225169948693994    2.86700816382656e-06    9.91768427240215e-06    0.00074292335428523    0.00220171153717206
194.999999999968    0.00249583386356478    0.00157387505167583    7.4607329729493e-06    6.92961228102777e-06    0.00110975055685167    0.00211010179914149
195.499999999967    0.00302678091358236    0.000492468690309754    1.09089808070206e-05    4.26078406505499e-06    0.0013219599495424    0.00200455946634655
195.999999999967    0.00296224415926447    -0.000739614693585957    1.040280969814e-05    4.65821267860891e-06    0.00127589938437302    0.00202760518435929
196.499999999966    0.00232706236910875    -0.00173741451010931    6.42612355737793e-06    7.48832645350602e-06    0.00100543736137856    0.0021141705876224
196.999999999966    0.00129438306435764    -0.00232445556173599    2.10100502976656e-06    1.01348092958913e-05    0.000652363021998259    0.00217525070679357
197.499999999965    6.37477452561468e-05    -0.00253336047073898    2.15693594770687e-07    1.11328180573967e-05    0.000460032411624925    0.00217138268913931
197.999999999965    -0.00116823299063093    -0.00232160164570003    1.78464246318732e-06    1.00367014088288e-05    0.00064797696161888    0.00215565934403182
198.499999999964    -0.00220088153910419    -0.00175309063350463    5.81327029520058e-06    7.46459585349461e-06    0.000984576429755934    0.00209553551251534
198.999999999964    -0.00285303416852747    -0.00079399887710603    9.66956792054052e-06    4.66822709652935e-06    0.00123683626796568    0.0020094260075165
199.499999999964    -0.00295727629421342    0.000383550831950428    1.03799768647868e-05    4.04642225674558e-06    0.00127847322399421    0.00197466731781729
199.999999999963    -0.00249115016847978    0.00143035741684607    7.3532531121714e-06    6.33700143284581e-06    0.00107117876671197    0.00207149199682723
200.499999999963    -0.00158818477416511    0.00212017297450165    3.07092937964732e-06    8.98860878500786e-06    0.000740674356757031    0.00211978190934839
200.999999999962    -0.0004341786497997    0.00243702395677269    4.08859428174625e-07    1.05406484595606e-05    0.000469412748263972    0.00214512533285973
201.499999999962    0.000784098953796871    0.00236488139751928    9.01374898663485e-07    1.00668706686369e-05    0.000535316475851563    0.00211523205448106
201.999999999961    0.0018637174218155    0.00190200793663692    4.16015152750189e-06    7.96275595288246e-06    0.000828679008496811    0.00208449556532333
202.499999999961    0.00262948786726945    0.00109356682212444    8.15561690060286e-06    5.14951697509531e-06    0.00111418600623308    0.00198837335041585
202.99999999996    0.00290826493687193    -8.47781823151471e-06    9.9603581144508e-06    3.74217466004618e-06    0.00122570517311958    0.00193445154672951
203.49999999996    0.00262419813627651    -0.00109945663551111    8.10324670973776e-06    5.17664666505373e-06    0.00110310056264181    0.00199194421901928
203.999999999959    0.00185999000151651    -0.00189234928604124    4.13152721741471e-06    7.79675479229756e-06    0.000819734354332744    0.00205323378403843
204.499999999959    0.000793963756031492    -0.00231035484561029    8.92753644905286e-07    9.708700961262e-06    0.000512225730526738    0.00209068444501485
204.999999999959    -0.000390174103323065    -0.00236071540560387    3.33335315363495e-07    9.97948842420815e-06    0.00042555785089637    0.00209916916849326
205.499999999958    -0.00149621266689648    -0.00200873573251919    2.69977615448171e-06    8.35383080417295e-06    0.000679060976570031    0.00207817505544493
205.999999999958    -0.00235216144189478    -0.00134850977144824    6.52667565524511e-06    5.80522007548186e-06    0.000997001608077217    0.00199668261668961
206.499999999957    -0.002787828215033    -0.000353139282729242    9.16744935300709e-06    3.7911092376743e-06    0.00118129725153029    0.00191478507531989
206.999999999957    -0.00268539596204068    0.000756559813868685    8.51482994810972e-06    4.29637739572043e-06    0.00114169981832586    0.00192976543749737
207.499999999956    -0.00207192600947844    0.00164158369997964    5.13217097618576e-06    6.723182927147e-06    0.000916129678283858    0.00200708392527771
207.999999999956    -0.00110750332606764    0.00215310975124492    1.59817785848113e-06    8.8591051975031e-06    0.000609601707043414    0.00205504831977186
208.499999999955    2.34434889639404e-05    0.00231032254099887    1.62782636192524e-07    9.65823136887904e-06    0.000402781626961461    0.00207861519416932
208.999999999955    0.00113499747427779    0.00207122790852181    1.60641246611321e-06    8.53373551309535e-06    0.000564086163184536    0.00206003652007816
209.499999999954    0.00204691118044655    0.00152673602033943    4.96734580877462e-06    6.40279848696387e-06    0.000881759847201914    0.0020178888996082
209.999999999954    0.00260123314156627    0.000644624501482268    8.04557259020025e-06    4.16242396837712e-06    0.0011309989979737    0.00193568675680386
210.499999999954    0.00266045543411048    -0.000412443140061759    8.48576864029658e-06    3.76543113637366e-06    0.00118648452303795    0.00189613337943027
210.999999999953    0.00221307363315427    -0.00134048991404115    5.92291246573755e-06    5.65456394264599e-06    0.00101253027607815    0.00196409030673234
211.499999999953    0.00137408722213264    -0.00195310164674871    2.3972296396548e-06    7.92833251292452e-06    0.000713522211025417    0.00202823235118465
211.999999999952    0.000318614697418666    -0.00221339832542664    3.02013671346229e-07    9.12818725870893e-06    0.00044777041654741    0.00205646665708625
212.499999999952    -0.000777691419962309    -0.00210332224316743    8.35546610702743e-07    8.63159304980276e-06    0.000480356811151617    0.00205125049450327
212.999999999951    -0.00173026405961221    -0.00166613299144461    3.59386262322984e-06    6.86949720455948e-06    0.000774628238088513    0.00202323949629779
213.499999999951    -0.00239060501491196    -0.000923768953236706    6.85139281129408e-06    4.63907768403832e-06    0.00106602086000785    0.00194569489002626
213.99999999995    -0.00261210955672147    6.05071115792157e-05    8.24071904933704e-06    3.49903551003669e-06    0.00119063122461214    0.00186959204092364
214.49999999995    -0.0023347214023446    0.00102080859913135    6.60868672876429e-06    4.75102456685075e-06    0.0010759938207064    0.00192586976994558
214.999999999949    -0.00163543369725037    0.00171902236615973    3.3209811124863e-06    6.93173167268533e-06    0.000803951325880048    0.0019941649323283
215.499999999949    -0.000673708433007833    0.00207544365939524    7.23516332087061e-07    8.40264592649122e-06    0.000519262245287669    0.00202365499608192
215.999999999949    0.000384971992438251    0.0021016440692032    3.46677654128863e-07    8.58374159169389e-06    0.000445504454710597    0.00204128239057631
216.499999999948    0.00137059943630917    0.00179111741929755    2.35879956999983e-06    7.2952408484304e-06    0.000693005595351731    0.00202166744018873
216.999999999948    0.00212913484781051    0.00119236274689822    5.53505395208873e-06    5.19281177408587e-06    0.00100091895372584    0.00194192761293906
217.499999999947    0.00251588132999097    0.000308669955831642    7.69982034313551e-06    3.56835138918174e-06    0.00117053896839805    0.00186361858961233
217.999999999947    0.00242014773339077    -0.000680981270426471    7.13011457388312e-06    3.98122662281436e-06    0.0011282728049752    0.00187549756921802
218.499999999946    0.00187034450314379    -0.0014644717435843    4.31909479240928e-06    5.93364794834492e-06    0.000906038758535803    0.00194652779599678
218.999999999946    0.00101197189792301    -0.00191757673131703    1.39242384084655e-06    7.67030907744325e-06    0.000606907504205252    0.00199830141794344
219.499999999945    3.594644734759e-06    -0.00206455294117085    1.74287606860955e-07    8.31983257389909e-06    0.000417462196360563    0.00201431222182706
219.999999999945    -0.000997348540273512    -0.00188361277608906    1.32087815132981e-06    7.55409801458452e-06    0.000571116485967705    0.00200152464994528
220.499999999944    -0.0018325338790594    -0.00141330924747604    4.12989509291453e-06    5.83078214417116e-06    0.000878472922186025    0.0019578914972924
220.999999999944    -0.00235812353278081    -0.000639432766515961    6.81130872069224e-06    3.9395783871737e-06    0.00111828535036349    0.00187901679723185
221.499999999944    -0.00244187062459921    0.000308741899643011    7.33969583516568e-06    3.43454108199229e-06    0.00117344096054515    0.00182735314632862
221.999999999943    -0.00206736871338849    0.00114942824977187    5.2782884190061e-06    4.94795379598289e-06    0.0010021352313478    0.00190440764927294
222.499999999943    -0.0013407609966288    0.00170361516964389    2.27724470576148e-06    6.79343365468744e-06    0.000692534949067861    0.00197259448657008
222.999999999942    -0.000411688314927844    0.001967009785584    3.38306544106762e-07    7.88253914646308e-06    0.000410876228879981    0.0020033501066663
223.499999999942    0.000578191584645918    0.00193862132625421    5.50709579610227e-07    7.70624821676621e-06    0.000465192509671931    0.00198695635839306
223.999999999941    0.00147243713506779    0.00159459966789941    2.75220351731519e-06    6.30537925912376e-06    0.00076428554911666    0.00193975028244845
224.499999999941    0.00212868945809945    0.00097796705544192    5.60551758100888e-06    4.40371364202967e-06    0.00103643560918426    0.00185668901017374
224.99999999994    0.00240816413025173    0.000114112828913009    7.10436358284356e-06    3.27318758658878e-06    0.0011424137186731    0.00180559293553842
225.49999999994    0.0022388766941534    -0.000769536298374937    6.07660716452116e-06    4.00170010265627e-06    0.00103152232787172    0.00184648693148359
225.999999999939    0.0016754580677006    -0.00144314746872525    3.37102479372336e-06    5.8200977753361e-06    0.000750909486622941    0.00193324161936578
226.499999999939    0.000841809274301102    -0.00184599317800364    9.18154782843635e-07    7.20628795458784e-06    0.000457724730099093    0.00194899901009515
226.999999999939    -0.000124195292719425    -0.00196520065093781    1.65851252185251e-07    7.56511880211757e-06    0.000387848915754043    0.00192434539614674
227.499999999938    -0.00106630257154482    -0.0017510278984132    1.49558587868577e-06    6.69164843138971e-06    0.000598819425705844    0.00190408763726052
227.999999999938    -0.00183488259978495    -0.00127742844150466    4.11259532495775e-06    5.06391749842826e-06    0.000863597805673548    0.00185259117866388
228.499999999937    -0.00229559006248051    -0.000527772932539677    6.33139346699935e-06    3.48480643598131e-06    0.0010303687359582    0.00179060385559168
228.999999999937    -0.00233785099352229    0.000363177954076885    6.51795744899108e-06    3.33597120330014e-06    0.00102587045043609    0.00178999245165243
229.499999999936    -0.001951990735735    0.00114533360057185    4.54278797658211e-06    4.71287268267344e-06    0.000855873906709891    0.00184420270742524
229.999999999936    -0.00123770090121174    0.00165956209821012    1.89113527164586e-06    6.33231861276425e-06    0.000599359450401429    0.00189160573454107
230.499999999935    -0.000339090166301924    0.00189184392205004    2.6688889636274e-07    7.23706471666253e-06    0.000389752171873454    0.00191258759048177
230.999999999935    0.000604812289654169    0.00183031217588518    5.7127694383501e-07    6.96503667634148e-06    0.000453297957328611    0.00190131376031099
231.499999999934    0.00144464702068199    0.00149420853512923    2.58298922586413e-06    5.74988725521828e-06    0.000704261465294514    0.00187542744694783
231.999999999934    0.00205734031142372    0.000907607472134785    5.10084409331448e-06    4.07061582915021e-06    0.000931769787182134    0.00180190579822457
232.499999999934    0.00231142586227473    8.05233462780428e-05    6.38649213672559e-06    3.13558161849647e-06    0.00102166658941804    0.00176892555219282
232.999999999933    0.00213540495039851    -0.000762746584201078    5.45899231449103e-06    3.80724185954565e-06    0.000948176150461813    0.00179595643261056
233.499999999933    0.00158332209981697    -0.00140002534098493    3.06269565653713e-06    5.35123863791041e-06    0.000745511089634696    0.00184151233569326
233.999999999932    0.000781051252778906    -0.00176282103971695    8.56778608708927e-07    6.63046783911071e-06    0.000496726835636478    0.00187694694145625
234.499999999932    -0.000134123042623282    -0.00185323505241044    1.57765224187261e-07    6.96773751196306e-06    0.000373866598701641    0.00187969607981725
234.999999999931    -0.00102077861770042    -0.00164263317950806    1.3160117208017e-06    6.2015387112007e-06    0.000523471808646192    0.00187170909833231
235.499999999931    -0.00173891019382522    -0.00118976146815338    3.63117680649821e-06    4.81671434674872e-06    0.000779338273350508    0.00184422937717796
235.99999999993    -0.00216840081312023    -0.000497187651604002    5.65652748742064e-06    3.36869105637826e-06    0.000977018628829658    0.00176677545134371
236.49999999993    -0.00221306754250607    0.000321455499668897    5.91367518473598e-06    3.1436022055353e-06    0.00100797184337765    0.00174363659266142
236.999999999929    -0.00186386828915433    0.00104474929029093    4.1984497105321e-06    4.32475466394333e-06    0.000851143179034536    0.00179812501911851
237.499999999929    -0.00120477938338186    0.00154901974109545    1.80313853716164e-06    5.8288702317263e-06    0.000592996774476618    0.00185186610569525
237.999999999929    -0.000357462792522277    0.00179785768975306    2.70371086016807e-07    6.71672818618473e-06    0.00037761281490302    0.00186666438161243
238.499999999928    0.000544570271549432    0.00175724849187859    4.60488036039064e-07    6.52420121795691e-06    0.000404884249364732    0.00185372030137972
238.999999999928    0.00135270875635151    0.00143943937677443    2.23282474568926e-06    5.38853405512165e-06    0.000634825776240395    0.00182113929607619
239.499999999927    0.00194501692094564    0.000882479530067864    4.52376075102512e-06    3.86705641525704e-06    0.000860621826507021    0.00175735206895722
239.999999999927    0.00220191157454357    0.000123990531111079    5.78152084522866e-06    2.98185948456531e-06    0.000965974255930107    0.00172234892886433
240.499999999926    0.00206294132494747    -0.000669159563298432    5.07109903283569e-06    3.4630677220139e-06    0.000902979580422327    0.00173645996235449
240.999999999926    0.00156175399834796    -0.0012945385764794    2.9356921644457e-06    4.86597985123063e-06    0.00070471030437326    0.0017860990244769
241.499999999925    0.000811207031911543    -0.00166501168025741    8.8046490727203e-07    6.05774448429455e-06    0.000471601588896066    0.00181258947059199
241.999999999925    -5.88854632132815e-05    -0.00177071021399555    1.22601896426373e-07    6.4761493799318e-06    0.000345158512351253    0.00182776768709364
242.499999999924    -0.000911265466216954    -0.00159235248951377    1.06482260515565e-06    5.8139425146098e-06    0.000484167176950325    0.00181062311477267
242.999999999924    -0.00161573182778378    -0.00119200994458127    3.13623350484618e-06    4.52356212881683e-06    0.00072501321748824    0.00176144100691343
243.499999999924    -0.00205991073357909    -0.000546911225604444    5.04895047103748e-06    3.23958557271879e-06    0.00089761809291209    0.00171478094345215
243.999999999923    -0.00213713709505305    0.000243985265966176    5.44860470756032e-06    2.92327395549776e-06    0.000938749031695115    0.00169226036575025
244.499999999923    -0.00182905692028439    0.000959714920444252    4.02237388372957e-06    3.93001381801476e-06    0.000822754316967916    0.00173463572241881
244.999999999922    -0.00121607634657663    0.00144992587830319    1.84333506963602e-06    5.28545517513225e-06    0.000603732878790652    0.00178414408682678
245.499999999922    -0.000419891756779369    0.00169387026249234    3.27683632979654e-07    6.1421571909536e-06    0.000389068818550638    0.00180913258905966
245.999999999921    0.000436012409156104    0.00168224180344879    3.25174030209748e-07    6.07523689209617e-06    0.000367514910271186    0.00180147145601188
246.499999999921    0.00121575732846279    0.00140135369349206    1.79171568752709e-06    5.11513222039396e-06    0.000560044467713164    0.00177520141001806
246.99999999992    0.00180159359582016    0.00089523065060193    3.84875770430936e-06    3.80227962993511e-06    0.000776542477788004    0.00173229377189839
247.49999999992    0.00207840663966892    0.000187116627340496    5.14060053368122e-06    2.86234633221542e-06    0.00090599468754589    0.00168146772195845
247.999999999919    0.00198168122736354    -0.000562659278807392    4.70947256591878e-06    3.19131859191985e-06    0.000884540603383312    0.00169550379766363
248.499999999919    0.00154158884390228    -0.00116202277596493    2.8927812402716e-06    4.3835355922818e-06    0.000718529802184732    0.0017416195509986
248.999999999919    0.000854746991306067    -0.00154617662078119    9.65567349504639e-07    5.52798536332277e-06    0.000484742127690451    0.00177124905664687
249.499999999918    3.6981252285181e-05    -0.00168126618511867    1.067588816836e-07    5.97656520427388e-06    0.000324640214180283    0.00177479836011035
249.999999999918    -0.00077823701637951    -0.00153053772790542    7.80514353033299e-07    5.47768294632806e-06    0.0004181644405853    0.00177063186738129
250.499999999917    -0.00145608798133489    -0.00115569413928844    2.53910720488742e-06    4.3502217857958e-06    0.000647236429366821    0.00173625828787371
250.999999999917    -0.00189623340633621    -0.00057198404955691    4.29290917745814e-06    3.13954442654401e-06    0.000834989847933933    0.00167701481018997
251.499999999916    -0.00200579970800728    0.000142704548189566    4.81678014574345e-06    2.71905195351735e-06    0.000890812930474951    0.00164276820198206
251.999999999916    -0.00175917007613235    0.000819928924852127    3.71177447101409e-06    3.51863870957406e-06    0.00078555401740084    0.0016871144797449
252.499999999915    -0.00121659161879562    0.00131381818189747    1.81671343931136e-06    4.72057163450996e-06    0.000580188135338546    0.00173044890690987
252.999999999915    -0.000482319516595789    0.00158205137615139    3.70794976755959e-07    5.57605792796771e-06    0.000371702650874006    0.00175304631176281
253.499999999914    0.000321998360010769    0.00159117663768863    2.17476172880549e-07    5.62641337583052e-06    0.000337332519972392    0.00175913907452038
253.999999999914    0.00106468737370548    0.0013431093696333    1.41954385055276e-06    4.79115593157877e-06    0.000534775323687335    0.00172835562104042
254.499999999914    0.00163533051180787    0.000902870139828357    3.22998969509938e-06    3.67125498067272e-06    0.000745442024740743    0.00168999422817921
254.999999999913    0.00193355684785609    0.000267094262061902    4.47920846836121e-06    2.76052740309051e-06    0.000860561668022712    0.00163987440319804
255.499999999913    0.00188977608848057    -0.000438476919145511    4.26528069753021e-06    2.88884040358103e-06    0.000833082848783535    0.00164212618119245
255.999999999912    0.00151394435621522    -0.00103216573626463    2.75346174572357e-06    3.92404145501833e-06    0.000679289505297739    0.00169076176556593
256.499999999912    0.000894082614534409    -0.00141056745508922    1.01332884264639e-06    4.95185916915139e-06    0.000462542020830226    0.00172109227637408
256.999999999911    0.000140208719598215    -0.0015690434844174    1.19632295672084e-07    5.44863453541523e-06    0.000316186354260764    0.00172821789118807
257.499999999911    -0.00063302604713572    -0.00147821163105659    5.69078342950797e-07    5.13475159272055e-06    0.000410312523082737    0.00171745217299625
257.99999999991    -0.00129889609031194    -0.00115594046936359    2.06514454871414e-06    4.22172634356434e-06    0.000614828020902187    0.00169868418926292
258.49999999991    -0.00175627450741256    -0.00063696397900676    3.70434026904168e-06    3.10195069743825e-06    0.000787299259274686    0.00164201936251864
258.999999999909    -0.0019109745317742    2.97121075007873e-05    4.36601994362398e-06    2.62235512211385e-06    0.000845101344534692    0.0016190961406852
259.499999999909    -0.00173012958843393    0.000676536092682617    3.57144830477542e-06    3.18020749187849e-06    0.000760328818341688    0.00165000194156741
259.999999999909    -0.00126146621270957    0.00116326020192622    1.91718251192978e-06    4.20287565165023e-06    0.000570863824499297    0.00168810584806309
260.499999999908    -0.000597542767859653    0.00145944092357278    4.93592253410915e-07    5.04822723589152e-06    0.000369506284100204    0.00170829137634437
260.999999999908    0.000161968573153217    0.0015376186401943    1.2864894585378e-07    5.25321221217423e-06    0.00032002363532166    0.00169968853896861
261.499999999907    0.000893828476628887    0.00134690035441133    1.01964255716153e-06    4.63265827096733e-06    0.000469801246836162    0.00167884415782226
261.999999999907    0.00147766700742647    0.000957131921501958    2.62315186516641e-06    3.62859775583316e-06    0.000663062651888733    0.00164696576791235
262.499999999906    0.00181976822885642    0.000387450720761831    3.9332606927601e-06    2.73434462405213e-06    0.000788482267400407    0.00160755297363206
262.999999999906    0.00185097463743138    -0.000265941777218214    4.04578253495453e-06    2.64435966583578e-06    0.000787194656066908    0.00160425516579059
263.499999999905    0.00156405539860958    -0.000860399497556866    2.88392683272332e-06    3.40288800454364e-06    0.000661556908212398    0.00163174774678794
263.999999999905    0.00102090289695417    -0.00127794674228286    1.2650426387791e-06    4.40022159154085e-06    0.000472016857505838    0.00166345234840962
264.499999999904    0.00031920821358991    -0.00149288442676461    2.0341850350721e-07    5.00593214121043e-06    0.000318629282841279    0.00166650179403868
264.999999999904    -0.000431487516084247    -0.00146582134745329    3.02999468736631e-07    4.92541873153695e-06    0.000341786471645789    0.00166636925946417
265.499999999904    -0.00110412098164773    -0.00119284681658719    1.47745935262921e-06    4.13182451625079e-06    0.00050830720092722    0.00164588608002152
265.999999999903    -0.00159829649344811    -0.000748773647633552    3.01464333069009e-06    3.1297147771193e-06    0.000678300560018606    0.00160282650393885
266.499999999903    -0.0018254974423657    -0.000142294097810382    3.91182699285456e-06    2.51204921186479e-06    0.000761174146152396    0.00157854413989382
266.999999999902    -0.00173117815299596    0.000513021288418732    3.52966963119705e-06    2.77774272549778e-06    0.000729857406475085    0.0015857338626412
267.499999999902    -0.00133548744254799    0.00103710585064454    2.15169467990256e-06    3.67320001818132e-06    0.000606768465478535    0.00161171072861733
267.999999999901    -0.000728560296667013    0.00135677909499763    7.18053773031829e-07    4.54024360475764e-06    0.00043272816773617    0.00164298329027871
268.499999999901    -1.37784736639468e-05    0.00146433963819012    9.48890850199965e-08    4.87819475740121e-06    0.000307732414092972    0.00165345220113145
268.9999999999    0.000695217751819227    0.00133175544979322    6.2282034407905e-07    4.49482098458164e-06    0.000373487110399367    0.00164962068565101
269.4999999999    0.00128614441680179    0.0010048181194067    1.96307432273649e-06    3.68463284641355e-06    0.000555793902328981    0.00163553458946166
269.999999999899    0.00166658685177772    0.000490912855419384    3.30476943888916e-06    2.76075524871325e-06    0.000726125129967829    0.00158737513433254
270.499999999899    0.00176026023982335    -0.000121477160897057    3.73636749273222e-06    2.46070125032123e-06    0.000798655984031453    0.00156395158163596
270.999999999899    0.00155061844901827    -0.000697111010288407    2.94876240379138e-06    2.98000678564889e-06    0.000737797282019622    0.00157925394569194
271.499999999898    0.00108962840619793    -0.00111866392190039    1.51494358650039e-06    3.8734513903067e-06    0.000572410274983729    0.00161927218840599
271.999999999898    0.000462296879529199    -0.00135621449165457    3.5978044791079e-07    4.55614724747599e-06    0.000382180641959213    0.00164828077101631
272.499999999897    -0.000231350687218858    -0.00138208487257583    1.53933317329745e-07    4.62625059579844e-06    0.000316875648879978    0.00164805703808924
272.999999999897    -0.000881144371840771    -0.00118164629383401    9.83663068676574e-07    4.06451825056165e-06    0.000455244620671028    0.001633471850639
273.499999999896    -0.00138588002261654    -0.000809831281128029    2.34333115035684e-06    3.19716314706265e-06    0.000650128997406842    0.0015941569694259
273.999999999896    -0.00166554961926554    -0.000289135396910907    3.38026319558666e-06    2.48489020499397e-06    0.000778593386403384    0.00154960992744856
274.499999999895    -0.00166428618859231    0.000293097521387215    3.37850102409361e-06    2.4978001235448e-06    0.000780161846384782    0.00155302735536161
274.999999999895    -0.00138356371999773    0.000810710548422616    2.35086759996505e-06    3.14337785236184e-06    0.000660771543478597    0.00157674546425165
275.499999999894    -0.000879099492786033    0.00117680479059118    9.99457999702548e-07    3.9743879160907e-06    0.000476069408265104    0.00160919806143692
275.999999999894    -0.000238578063443419    0.00135041375693641    1.62531993808984e-07    4.45578882572071e-06    0.000324980770896637    0.00162239684134234
276.499999999894    0.00043530182578086    0.00130681372236402    3.12693118770306e-07    4.3355948830216e-06    0.00035100632364981    0.00162105915316582
276.999999999893    0.00103295614008352    0.00105700711757881    1.34077933368801e-06    3.67718339119867e-06    0.000523240811053352    0.00159997479498472
277.499999999893    0.00146748357872874    0.000652152589829623    2.6332059632048e-06    2.85292023702045e-06    0.000692602273578619    0.00155808126764908
277.999999999892    0.00166096539166718    0.000107926807185473    3.35742594118662e-06    2.345900928428e-06    0.000773705311388338    0.00152782614610392
278.499999999892    0.00157035290923994    -0.00046444749983216    3.00175108390983e-06    2.60123102877209e-06    0.000731944550052443    0.00154451272208155
278.999999999891    0.00121270112580804    -0.000940271278809568    1.82719574388537e-06    3.35377327866127e-06    0.000597119521828993    0.00157151621083179
279.499999999891    0.000660389135668339    -0.0012364029037743    6.16302696609782e-07    4.06313282319174e-06    0.000424486614748928    0.00159199267672003
279.99999999989    1.09291533747646e-05    -0.00132678839229273    9.0549813489136e-08    4.33600914727092e-06    0.000300716423056086    0.00160488059037057
280.49999999989    -0.000631651416121    -0.00121020694498076    5.31555339166036e-07    4.04422321757787e-06    0.000364104144000546    0.00160612028438041
280.999999999889    -0.00117101498919029    -0.000922514482809909    1.67407754871536e-06    3.33196623314773e-06    0.000550273971587823    0.00157509785796112
281.499999999889    -0.00152698031358804    -0.000474978439711607    2.83955858185461e-06    2.60987321414212e-06    0.000712663808376131    0.00154410773456752
281.999999999889    -0.00162760176149827    8.20012364541018e-05    3.26427183024151e-06    2.29102567190317e-06    0.000784336876736793    0.00151139057464415
282.499999999888    -0.001452293512745    0.000602647090371425    2.64024758133198e-06    2.70243232738782e-06    0.000728759997647203    0.00152946030084297
282.999999999888    -0.00104709384007247    0.000993397120425334    1.41085580421461e-06    3.45303491663184e-06    0.000560758677415604    0.00157041302776132
283.499999999887    -0.000486640185473162    0.0012211278882625    3.67323666323768e-07    4.06155339119783e-06    0.000361254752503568    0.00160324672826904
283.999999999887    0.000145062698924399    0.00127462512676032    1.09133418436371e-07    4.17344540863593e-06    0.000296799986214858    0.00159648870802996
284.499999999886    0.000753819682232252    0.00112627011327145    7.56953803306646e-07    3.74328004304623e-06    0.000434407285834287    0.00157314833216634
284.999999999886    0.00124430145001208    0.000809538773883122    1.92381975286142e-06    3.04746688846947e-06    0.000612808007747341    0.00154664600411642
285.499999999885    0.00153578882032141    0.000337087620430489    2.9068664240852e-06    2.38474726847946e-06    0.000740418208488274    0.00150702329266404
285.999999999885    0.00156766639027035    -0.000211002821978043    3.02841284627507e-06    2.29973698809379e-06    0.000755536190457999    0.00150173725971326
286.499999999884    0.00133482613761201    -0.000702388492404289    2.20731794429237e-06    2.81437906762627e-06    0.000652347397205021    0.00152349252487969
286.999999999884    0.000888656047072098    -0.00105683781783345    1.01133213099282e-06    3.55285227100334e-06    0.000470768054348438    0.00156075177328119
287.499999999884    0.000306043888838011    -0.00124313250308032    1.88220914184804e-07    4.00135044154767e-06    0.000307502930538411    0.00156715411537376
287.999999999883    -0.00032143350132994    -0.00123146689691134    1.94341611030276e-07    3.98180040737429e-06    0.000301698716028178    0.00157012409993154
288.499999999883    -0.000891548603753078    -0.00102158150906797    1.01239761783656e-06    3.44967260288388e-06    0.000466410446905401    0.0015511427475298
288.999999999882    -0.00131980878344956    -0.000665315142033046    2.1588754294403e-06    2.75219912297601e-06    0.000645740044111939    0.00151972197613825
289.499999999882    -0.0015356050843849    -0.000183455603901546    2.91199253388304e-06    2.21237733528965e-06    0.000744251005168472    0.00147604924602358
289.999999999881    -0.00149552649926245    0.000340221274575279    2.74876506389743e-06    2.31804003103281e-06    0.000715657427755234    0.00148401129219396
290.499999999881    -0.00120673189343351    0.000793858160315877    1.79482185576184e-06    2.93188854927263e-06    0.000581910640160676    0.0015171281325493
290.99999999988    -0.000727599800690188    0.00109768546533377    6.90627531337035e-07    3.58481880589693e-06    0.000401529651922038    0.00154269420984585
291.49999999988    -0.000137890866327729    0.00123026190400911    9.27696739296853e-08    3.92605288498978e-06    0.000271580159277282    0.00155322520341825
291.999999999879    0.000470124227903906    0.00116852678959511    3.3886104540937e-07    3.73724743570719e-06    0.000343284511370855    0.0015400625239599
292.499999999879    0.00100168393510216    0.000934211152448652    1.27111842701801e-06    3.1675149816036e-06    0.000517443447321791    0.00151484801357897
292.999999999879    0.00138026655420286    0.000553236057310555    2.3416531131108e-06    2.4824089540044e-06    0.000660694598479324    0.00147524195266264
293.499999999878    0.00153363328018989    4.70050523494158e-05    2.86065955235084e-06    2.11065362680553e-06    0.000713181964329464    0.00145204826085746
293.999999999878    0.00142520857476192    -0.000470290724748205    2.4640588382075e-06    2.39666379001782e-06    0.000657905279377356    0.00147495438039067
294.499999999877    0.00108366001967591    -0.000871552545309528    1.44525110454873e-06    3.02277812833634e-06    0.000520511350793359    0.00150438502023279
294.999999999877    0.000579446826985279    -0.00111997814182373    4.58922106125255e-07    3.58227319031002e-06    0.000350946549807727    0.0015257529787443
295.499999999876    -9.65066585843642e-06    -0.00120743927022838    7.42237467514806e-08    3.8058007758373e-06    0.000272269372864392    0.00153228299753918
295.999999999876    -0.000596988124228279    -0.00111029024311282    4.99061703012067e-07    3.52187148930067e-06    0.00037771269841305    0.00151298614182323
296.499999999875    -0.00109143459320839    -0.000842416113569394    1.47938102063415e-06    2.93726805830771e-06    0.000536797493830015    0.00149251571177872
296.999999999875    -0.00141530399530225    -0.000430569847015854    2.43926916982639e-06    2.32073349345667e-06    0.000660442102464616    0.00146128132140852
297.499999999874    -0.00150775958360628    6.68686035296345e-05    2.75525448282271e-06    2.09625073172045e-06    0.000694201354699138    0.00144629848979471
297.999999999874    -0.00135017844853602    0.000548667769800378    2.21300580295558e-06    2.45126995430839e-06    0.000624518982949648    0.0014663674957836
298.499999999874    -0.000979711455902064    0.000912483452894243    1.1879316105949e-06    3.06176255835874e-06    0.000477595093954238    0.00149302930532289
298.999999999873    -0.000460915711389104    0.00113628879989489    3.16637910405203e-07    3.55426117093519e-06    0.000322791910369326    0.00150436329859799
299.499999999873    0.000128282849871931    0.00118919618340023    9.01162137220416e-08    3.68032891498529e-06    0.000271403250074087    0.00150537083549922
