#t    <phi>    <pi>    <phi^2>    <pi^2>    rms(phi)    rms(pi)
0    1    0.707107175690106    1.00000000000003    0.50000055791275    1.42926917174838e-07    5.58062866153146e-07
0.0707107    0.94916264090697    0.73049542512893    0.900909718893513    0.533623566134557    1.3899144345943e-07    5.10914191054232e-07
0.1414214    0.896761416724294    0.751189196406267    0.804181038525379    0.564285208797723    1.23878614205458e-07    4.79573290982173e-07
0.2121321    0.843017560717006    0.768312546614495    0.710678607677262    0.59030416928545    1.09317379334069e-07    4.46077282890275e-07
0.2828428    0.788214521455571    0.780993291637127    0.621282131833447    0.609950521582366    1.14597819567974e-07    4.1426910183098e-07
0.3535535    0.732695145025115    0.788437961799514    0.53684217554338    0.621634419606729    6.958384563804e-08    3.95691072985789e-07
0.424264200000001    0.676853148673103    0.790016531801801    0.458130184868702    0.62412612052027    9.40310910990234e-08    3.52866692725505e-07
0.494974900000001    0.621118613877527    0.785344262818193    0.385788332505145    0.616765611141564    6.35900008489044e-08    3.35778121523409e-07
0.5656856    0.565938243623189    0.774345119195568    0.3202860955953    0.599610363622104    1.55546525812942e-08    3.23834061652298e-07
0.6363963    0.511752215853229    0.757282371279907    0.261890330430696    0.573476589851394    7.442867384812e-08    2.73346874285635e-07
0.707106999999999    0.458970306500193    0.734747747950562    0.210653742248884    0.539854253118499    5.55767269275014e-08    2.74917595393802e-07
