#t    <EB>_U1_0    <(EB)^2>_U1_0
0    0    0
0.0707107    7.18784219398588e-17    5.65120947006651e-14
0.1414214    1.2762517218524e-15    4.99790346042632e-14
0.2121321    -4.14301157480994e-16    1.33098125475208e-13
0.2828428    -1.70187001259947e-15    9.74325242711458e-14
0.3535535    3.59316737389619e-15    2.82637672321794e-13
0.424264200000001    -3.17462777469953e-15    3.76743913426209e-13
0.494974900000001    -3.00200005543507e-16    2.2019338133785e-13
0.5656856    8.79263727561748e-16    1.12677715713745e-12
0.6363963    3.5564706868206e-16    4.01933620523627e-13
0.707106999999999    -4.51243784936197e-15    5.25050246233883e-13
