#t    <phi>    <pi>    <phi^2>    <pi^2>    rms(phi)    rms(pi)
0    0.999999999999995    -0.707107175689871    1.00000000000003    0.500000557912713    1.87304691820987e-07    7.78923888620124e-07
0.0707107    0.949162640906971    -0.730495425128876    0.900909718893518    0.53362356613455    1.48387601937196e-07    5.76474547493231e-07
0.1414214    0.896761416724291    -0.751189196406182    0.804181038525376    0.564285208797745    1.39866054757535e-07    6.16500539826897e-07
0.2121321    0.843017560717005    -0.768312546614405    0.710678607677266    0.590304169285467    1.30968826483583e-07    5.95261125812902e-07
0.2828428    0.788214521455571    -0.780993291637122    0.621282131833446    0.609950521582363    1.05661317291064e-07    4.20896072724185e-07
0.3535535    0.732695145025109    -0.788437961799428    0.536842175543383    0.621634419606723    1.32054091101769e-07    5.36095691454052e-07
0.424264200000001    0.676853148673105    -0.790016531801761    0.458130184868702    0.624126120520275    7.2734854676138e-08    4.37678620022985e-07
0.494974900000001    0.621118613877522    -0.785344262818155    0.385788332505145    0.616765611141553    1.01091882884604e-07    4.03235875495156e-07
0.5656856    0.565938243623183    -0.774345119195529    0.320286095595303    0.599610363622092    9.97758879773044e-08    3.92682381426427e-07
0.6363963    0.511752215853227    -0.757282371279903    0.261890330430695    0.573476589851396    8.42213061682279e-08    2.88381277056163e-07
0.707106999999999    0.45897030650019    -0.734747747950526    0.210653742248885    0.539854253118507    8.47747068308233e-08    3.71368701295816e-07
