#t    E^kin_cmplxscal0    E^grad_cmplxscal0    E^kin_U10    E^grad_U10    Vpot_term_0    E_tot
0    0.50000055791275    4.49031197568224e-13    5.50133581561166e-12    0    1.00000000000011    1.50000055791881
0.0707107    0.452339865131568    3.71107909440637e-12    8.30755071964154e-13    4.53892623556221e-28    0.811638321596825    1.26397818673293
0.1414214    0.40587874164639    1.919091773584e-12    1.44042734992963e-12    7.24279965536652e-27    0.646707142723785    1.05258588437353
0.2121321    0.361037173393441    4.609041022887e-13    1.94125235809057e-12    7.28639600898628e-27    0.505064083410119    0.866101256805962
0.2828428    0.318239748107326    1.77258498505358e-12    6.81608440968754e-14    1.40532788449607e-27    0.385991487335524    0.704231235444691
0.3535535    0.277893243001488    2.25767575734967e-13    1.07976722509149e-12    1.3290873750213e-26    0.288199521442163    0.566092764444956
0.424264200000001    0.240361472811259    6.19874517786904e-13    3.72332075244025e-13    3.2848471578767e-27    0.209883266287842    0.450244739100094
0.494974900000001    0.205940278058146    5.31919327697081e-13    1.95625949231413e-13    5.15327993444141e-27    0.148832637497108    0.354772915555982
0.5656856    0.174836186869832    6.24667770005783e-14    4.71140960798656e-13    8.47422569928857e-27    0.102583183031686    0.277419369902052
0.6363963    0.147152188059406    3.71810686339227e-13    4.47289604265754e-14    7.43365396275728e-28    0.0685865451731012    0.215738733232924
0.707106999999999    0.122883069751077    1.37102336757407e-13    1.57484516547316e-13    4.36174663685049e-27    0.0443749991234623    0.167258068874834
