#t    rel_diff_friedmann    LHS_friedmann    RHS_friedmann
0    0    1.36817778008269    1.36817778008269
0.0707107    -6.20446665661427e-06    1.60444773931854    1.60446764892707
0.1414214    -1.13127506374545e-05    1.85568198034428    1.85572396655428
0.2121321    -1.52320525686303e-05    2.11180790545828    2.1118722407763
0.2828428    -1.78468623590353e-05    2.35956130046058    2.35964552349521
0.3535535    -1.9061315135439e-05    2.5836655364057    2.58376403440919
0.424264200000001    -1.884654166472e-05    2.76884340261269    2.76894777082477
0.494974900000001    -1.72824560368327e-05    2.90231315454857    2.90241347448135
0.5656856    -1.45808785951774e-05    2.97612273531373    2.97620952554779
0.6363963    -1.10790632562246e-05    2.98859835704158    2.98866457951576
0.707106999999999    -7.20032988063314e-06    2.94442764721633    2.94447004922238
