#t    av|LHS-RHS|_over_av|LHS+RHS|    av|LHS|    av|RHS|
0    4.403173354405e-11    32.6385767592723    32.6385767595142
0.0707107    2.01433040616594e-10    15.1830758260438    15.1830758255412
0.1414214    8.13891180130252e-11    24.0097286663953    24.0097286652474
0.2121321    4.81732177201766e-11    31.328808596597    31.3288085963755
0.2828428    6.49099604214537e-10    8.60325472739722    8.60325472799248
0.3535535    4.42134976622563e-11    32.9923180684683    32.992318069047
0.424264200000001    1.14961666443864e-10    20.609337602955    20.6093376025419
0.494974900000001    1.15219404044074e-10    20.8520908164113    20.8520908157203
0.5656856    4.92191739550893e-11    32.2417806290856    32.2417806288011
0.6363963    5.05913362891008e-10    10.1683611790455    10.1683611795635
0.707106999999999    7.62159934321683e-11    26.5564875989468    26.5564875995817
