#t    <|E|>    <|B|>    <|E|^2>    <|B|^2>    rms(|E|)    rms(|B|)
0    10.169796699944    0    122.251907013592    0    4.33902547761588    0
0.0707107    4.66358918962578    9.72416596209692e-08    25.6921684588159    1.40372128201987e-14    1.98572513939403    6.76850977273307e-08
0.1414214    7.23346185367422    4.58300651233384e-07    61.8704917382955    3.11099047280222e-13    3.08990636585244    3.17898663663876e-07
0.2121321    9.87954924208647    5.40751084428185e-07    115.323374801564    4.32860660487978e-13    4.20926140489673    3.74765160037215e-07
0.2828428    2.17556960844935    2.81369822796077e-07    5.56420108060393    1.14721685699815e-13    0.911645742268046    1.88554258820953e-07
0.3535535    10.0783897335638    9.9841218338398e-07    120.069239367996    1.47793437755893e-12    4.30061620542827    6.93619124324988e-07
0.424264200000001    6.8769060379275    5.79181819498074e-07    55.7869915622137    4.92172855533664e-13    2.91464490251043    3.95880380287486e-07
0.494974900000001    5.74526396372113    8.32998778822477e-07    38.9916542267796    1.02713832253331e-12    2.44613904223511    5.77279271248825e-07
0.5656856    10.2097748225365    1.21528362286215e-06    123.144199074361    2.21494589378364e-12    4.34795321357772    8.59087661293471e-07
0.6363963    3.58875775679078    4.37578355929835e-07    15.0964290623204    2.50892550715143e-13    1.48904225104408    2.4375752939527e-07
0.707106999999999    7.56109121508206    1.11509794339899e-06    67.5451698776364    1.87075481455829e-12    3.22103547245995    7.92029918112719e-07
