1:binCentralValue 2:valuesAverage 3:multiplicity
0.707107 0 18
1.41421 0 62
2.12132 0 98
2.82843 0 210
3.53554 0 350
4.24264 0 450
4.94975 0 602
5.65686 0 762
6.36396 0 1142
7.07107 0 1250
7.77818 0 1458
8.48528 0 1814
9.19239 0 2178
9.8995 0 2498
10.6066 0 2622
11.3137 0 3338
12.0208 0 3722
12.7279 0 4170
13.435 0 4358
14.1421 0 5034
14.8492 0 5714
15.5564 0 5982
16.2635 0 6602
16.9706 0 7130
17.6777 0 8034
18.3848 0 8606
19.0919 0 9066
19.799 0 9962
20.5061 0 10550
21.2132 0 11226
21.9203 0 12146
22.6274 0 12303
23.3345 0 12584
24.0416 0 12120
24.7487 0 11180
25.4559 0 11096
26.163 0 10056
26.8701 0 9716
27.5772 0 8604
28.2843 0 8060
28.9914 0 7320
29.6985 0 6356
30.4056 0 5348
31.1127 0 4308
31.8198 0 3563
32.5269 0 2448
33.234 0 1868
33.9411 0 1358
34.6482 0 1062
35.3554 0 776
36.0625 0 432
36.7696 0 200
37.4767 0 168
38.1838 0 56
38.8909 0 7

0.707107 3.005938144433159e-28 18
1.41421 1.582121717399758e-27 62
2.12132 2.801685861789795e-27 98
2.82843 5.187722665823727e-27 210
3.53554 7.36667535051746e-27 350
4.24264 5.645203728362931e-27 450
4.94975 4.512415527827807e-27 602
5.65686 3.011202808893313e-27 762
6.36396 1.606230947527551e-27 1142
7.07107 6.730397671436224e-28 1250
7.77818 5.110677920872774e-28 1458
8.48528 4.14095757694176e-28 1814
9.19239 2.539047720168037e-28 2178
9.8995 8.609538231499328e-29 2498
10.6066 1.194402206394829e-29 2622
11.3137 3.522748637577251e-31 3338
12.0208 3.856615062387628e-40 3722
12.7279 1.87287107076972e-40 4170
13.435 7.586698328094467e-41 4358
14.1421 2.80748650655016e-41 5034
14.8492 7.815408330103853e-42 5714
15.5564 1.156956508492319e-42 5982
16.2635 1.468073219942038e-43 6602
16.9706 8.515975111987672e-44 7130
17.6777 1.09831431022626e-43 8034
18.3848 1.46470599520553e-43 8606
19.0919 2.006682047865101e-43 9066
19.799 2.924346907216525e-43 9962
20.5061 4.048233664457563e-43 10550
21.2132 5.172699138146462e-43 11226
21.9203 6.571623733168577e-43 12146
22.6274 7.333329826144553e-43 12303
23.3345 8.439513719027578e-43 12584
24.0416 8.662413674464625e-43 12120
24.7487 8.179605360123137e-43 11180
25.4559 7.962728139541708e-43 11096
26.163 6.899450801212342e-43 10056
26.8701 6.766214677106429e-43 9716
27.5772 6.402908998436557e-43 8604
28.2843 6.404220549502036e-43 8060
28.9914 6.437556007855194e-43 7320
29.6985 6.217136812735115e-43 6356
30.4056 5.805090775876219e-43 5348
31.1127 4.966827474486383e-43 4308
31.8198 4.346513301325406e-43 3563
32.5269 2.820726024782655e-43 2448
33.234 2.141635069474724e-43 1868
33.9411 1.44101757399754e-43 1358
34.6482 1.169363922764428e-43 1062
35.3554 7.821081359745772e-44 776
36.0625 5.053134532152228e-44 432
36.7696 2.167715895879191e-44 200
37.4767 1.964762169043035e-44 168
38.1838 7.542883025138824e-45 56
38.8909 8.223252414488402e-46 7

