#t    <|E|>    <|B|>    <|E|^2>    <|B|^2>    rms(|E|)    rms(|B|)
0    8.54970253267247    1.96226694683311    85.9443812505787    4.51878428031454    3.58426671069449    0.817491718417264
0.0707107    6.88728617957871    2.02921300464552    56.0409941666204    4.85842200434072    2.93364674887835    0.860648933141861
0.1414214    7.45624749174071    2.66990639181387    65.4264560085144    8.39065827820041    3.13541533938087    1.12350262000221
0.2121321    8.13254882967919    3.2675021037071    77.7180956197338    12.5651358156507    3.40290246005045    1.3742510025175
0.2828428    6.02933995174386    3.5131386969318    42.7025242876004    14.5211392887474    2.51983809676452    1.47614219669642
0.3535535    8.08113565458187    3.72294427532372    76.8711757788842    16.2778440733214    3.40094432637904    1.55484082663008
0.424264200000001    7.05461845293311    3.49227922475458    58.4599552541695    14.3416807070303    2.94827300935737    1.46480938124313
0.494974900000001    6.84565587541779    3.16430095183504    55.0281981990665    11.7873828664788    2.85748032966535    1.33213450998563
0.5656856    8.36105823603801    2.88349000577982    82.1704465242583    9.78608745858682    3.50187830997014    1.21308402229802
0.6363963    6.5057055489013    2.52303992155053    49.9478680590011    7.5017712410913    2.76109821810016    1.06585214516535
0.707106999999999    7.34023896305746    2.70083358783293    63.5071267452444    8.58084565559789    3.10290488259913    1.1341708806134
0.777817699999999    7.70908105733017    2.93557091619865    70.0191363619197    10.1707255233069    3.25410596223184    1.24625395456767
0.848528399999999    5.9587565305613    3.09637417083108    41.6873808357266    11.3200620611214    2.48608154436247    1.3162556952703
0.919239099999998    6.07205642899826    3.39997651804105    43.3551035875829    13.6219898445027    2.5466123204453    1.43601863541954
0.989949799999998    6.6993717909275    3.50080523723424    52.9392871803385    14.4462086008608    2.8386096574315    1.48005786772481
1.0606605    6.11265188632363    3.28629554165327    43.9544314806685    12.7356692214055    2.56708363659867    1.39137731558169
1.1313712    5.2849695457773    3.05280516080567    32.8130207557601    11.0117843485965    2.2095514603572    1.30083242531648
1.2020819    4.9986592469727    3.03771624301916    29.4065379070485    10.907135409907    2.10236620019035    1.2959226199139
1.2727926    4.94176475254145    3.19052901787502    28.763152717539    11.9943604235678    2.0837739436124    1.34717668093877
1.3435033    4.77284707267009    3.37961027158023    26.8505229179909    13.4309471606402    2.01753655205933    1.41745602149399
1.414214    4.5157446533409    3.54307269743976    24.0428939609665    14.7714019997099    1.91074440645253    1.48930784607041
1.4849247    4.30266658239332    3.66406556858605    21.823962828449    15.7970545245218    1.81962169398059    1.54002533538381
1.5556354    4.22294456452778    3.72612181900545    21.0088653709779    16.341609647513    1.78202260813468    1.56768167605688
1.6263461    4.273193678017    3.72090079425055    21.4945046449073    16.3077400553031    1.79842165107708    1.56927924049506
1.6970568    4.35443033016438    3.64377372155724    22.3102406007233    15.6544414691981    1.83007570894426    1.54186722362431
1.76776750000001    4.37795090266005    3.48565902036702    22.5395389348465    14.3462365297115    1.83659598952641    1.48203162025835
1.83847820000001    4.53344404082136    3.25741075567789    24.1175400662169    12.5396380845563    1.88823335288787    1.38885321519239
1.90918890000001    5.31194023488474    3.06047946286885    33.2264349846059    11.0467414009078    2.23824170402094    1.29622793453384
1.97989960000001    6.56282321741875    3.07763183709001    50.7007608707262    11.1526773513116    2.76226578873859    1.29647970544918
2.05061030000001    6.99130490573322    3.2944744006818    57.4366046924878    12.7626252664472    2.92545046233199    1.38168870940583
2.121321    5.83923813077384    3.36174916609943    40.297246329304    13.2696998138532    2.49008923161819    1.40297625000676
2.1920317    5.9227992840358    3.12845747027665    41.5195698392182    11.4974873275059    2.53771914920529    1.30776189888531
2.2627424    8.02208349580941    2.99763988012735    76.002242822499    10.6130325346879    3.41297805571048    1.27561266995824
2.3334531    7.30155223193348    3.03345980605236    62.7793732105732    10.8928248605217    3.07680162098899    1.30036397427276
2.4041638    6.59230870664131    2.86046464487421    51.2077415352356    9.64810062603506    2.78373983187669    1.21071988562992
2.4748745    8.7506212729256    2.92247099203695    90.2986088819926    10.0438959080638    3.70475859130046    1.22599315200632
2.5455852    6.9553874122303    3.07453475242247    57.1515466929241    11.110973827049    2.96211624328153    1.28771498523375
2.61629589999999    7.82327134018914    3.0341749068829    72.1763213943837    10.8538685239781    3.31251368784477    1.28360864690925
2.68700659999999    8.39801993615448    3.19698146706216    82.7981478199981    12.0608704572758    3.50305708945058    1.35653232786283
2.75771729999999    6.75724142031649    3.09080881076141    53.9971558407541    11.2399434181425    2.88735938676038    1.29878570729054
2.82842799999999    8.75467508095343    3.04165974409422    90.7203639722871    10.8992276508062    3.75180332629793    1.28356287417597
2.89913869999999    7.12179458413572    3.00726810229561    59.8892786217558    10.6934612295661    3.02808859235177    1.28444532405293
2.96984939999999    7.59032223678122    2.85195327049722    67.8743957173281    9.56482544447551    3.20334263842517    1.1963226936641
3.04056009999998    8.12066723980931    2.99048108763008    77.4021986393179    10.5300363336177    3.38481346895301    1.25978537781025
3.11127079999998    6.44395771959049    3.02494136187001    49.1965880005841    10.8173516916186    2.76983698233565    1.29115508319745
3.18198149999998    7.09484018376795    3.07476540168132    59.3429387182105    11.1470123645601    3.00103007065942    1.30108804051976
3.25269219999998    7.26316078314166    3.25843849794507    62.2067784072852    12.4620558321486    3.07461767469034    1.35817318014239
3.32340289999998    6.17625676990743    3.25294933008328    45.1374741274377    12.4077815891144    2.6441116541497    1.35133350621717
3.39411359999998    5.80162993615005    3.1268675321599    39.7231570159314    11.5057937138152    2.46256920712879    1.31472170064218
3.46482429999998    5.94317396604611    3.14031156711483    41.7310826388542    11.615273593462    2.53175153760513    1.32427974948907
