#t    E^kin_scal0    E^grad_scal0    E^kin_cmplxscal0    E^grad_cmplxscal0    E^kin_SU2matter    E^grad_SU2matter    E^kin_U10    E^grad_U10    E^kin_SU2    E^grad_SU2    Vpot_term_0    Vpot_term_1    Vpot_term_2    E_tot
0    2.95489131385008e-13    2.76651757152094e-13    5.45576514161132e-13    5.41418583487656e-13    0.500000557913355    6.37698720424335e-12    3.867497156276e-12    2.03345292614155e-13    1.21578533979094e-11    6.32644446548758e-13    1.00000000000018    0    0    1.50000055793843
0.0707107    2.08265595890565e-13    2.01088129714218e-13    3.9252989387847e-13    3.8792211129213e-13    0.452339865131045    9.07675406175163e-12    1.81208293945165e-12    1.57096849505324e-13    5.93646338051033e-12    4.53845365517301e-13    0.811638321596926    0    0    1.2639781867466
0.1414214    1.46864954023748e-13    1.47491259346738e-13    2.83437486125475e-13    2.77754995054999e-13    0.405878741645495    7.37473296202052e-12    1.52321492840067e-12    1.95345686258785e-13    3.50828359355486e-12    3.84543697455719e-13    0.646707142723903    0    0    1.05258588438324
0.2121321    1.04602845803414e-13    1.08601002788425e-13    2.05486418959336e-13    1.99440335360419e-13    0.361037173392647    3.42023407729754e-12    1.30823813166113e-12    2.11510455479577e-13    4.08434116546043e-12    3.44266413757402e-13    0.505064083410219    0    0    0.866101256812853
0.2828428    7.58043456106921e-14    7.99274101391396e-14    1.49629093338673e-13    1.44255452655285e-13    0.318239748106396    3.08760277588744e-12    5.23101170918274e-13    1.77882340487696e-13    2.84778281644672e-12    2.76066579236818e-13    0.385991487335592    0    0    0.70423123544935
0.3535535    5.60651153105469e-14    5.87132970772301e-14    1.0957571061952e-13    1.05541224591642e-13    0.277893243000513    2.44995122291476e-12    6.91292595809216e-13    1.46384557925743e-13    1.61908721288268e-12    2.12959938241153e-13    0.288199521442192    0    0    0.566092764448155
0.424264200000001    4.22614453476777e-14    4.31419535225936e-14    8.09125985706668e-14    7.8314687998364e-14    0.240361472810472    2.01627036203781e-12    3.90171899374704e-13    9.57188690507669e-14    1.14131181510681e-12    1.42358540739433e-13    0.209883266287816    0    0    0.450244739102318
0.494974900000001    3.23437592898587e-14    3.18705696003387e-14    6.04663012134229e-14    5.89803701195437e-14    0.205940278057431    1.10765014261628e-12    2.76083272703643e-13    5.91387569444993e-14    1.22989003919965e-12    9.68120325729049e-14    0.148832637497034    0    0    0.354772915557418
0.5656856    2.50385417416003e-14    2.38209833777295e-14    4.59038885456937e-14    4.50487974180392e-14    0.174836186869137    7.74044025700959e-13    3.14378293213809e-13    3.74408756749706e-14    8.94860207786064e-13    6.67209090506156e-14    0.102583183031584    0    0    0.277419369902948
0.6363963    1.95675167064319e-14    1.81148605242844e-14    3.54986547724692e-14    3.48551411885891e-14    0.147152188058792    9.69955586649061e-13    1.47989713630128e-13    2.22268741555981e-14    4.06423002475421e-13    4.33609855886749e-14    0.0685865451729861    0    0    0.215738733233476
0.707106999999999    1.54383604689588e-14    1.40616168402333e-14    2.79877273429953e-14    2.73047386822475e-14    0.12288306975055    5.26836116793778e-13    1.4806964244438e-13    2.00066167879329e-14    4.29420220567513e-13    3.69312387468227e-14    0.0443749991233456    0    0    0.167258068875142
0.777817699999999    1.23142411415224e-14    1.11487124974496e-14    2.24717974790651e-14    2.16700551887206e-14    0.101921087762106    2.76895548364077e-13    1.30551791457598e-13    1.89634792212802e-14    4.24144260988584e-13    3.39554536450191e-14    0.0276967535445114    0    0    0.129617841307569
0.848528399999999    9.94496635018087e-15    9.01803583027246e-15    1.83323299035467e-14    1.74479274111501e-14    0.0840708036110932    3.3657076222443e-13    6.31445741397961e-14    1.71466876487711e-14    2.49756674485803e-13    2.96975500577896e-14    0.0166068047943234    0    0    0.100677608406168
0.919239099999998    8.1365947837505e-15    7.43096075629186e-15    1.5158216251113e-14    1.42714175228775e-14    0.0690703493866983    2.7441537754096e-13    5.41590775707015e-14    1.7016552691781e-14    1.52494032589506e-13    2.70854384273089e-14    0.0095090234071084    0    0    0.0785793727943769
0.989949799999998    6.74007107497769e-15    6.23098762464159e-15    1.26818224642806e-14    1.18625447895016e-14    0.0566155672301155    1.6609497741244e-13    5.5312029265531e-14    1.50936885527907e-14    1.31067879188479e-13    2.38538387891957e-14    0.00515507841511565    0    0    0.0617706456456601
1.0606605    5.64600816191449e-15    5.3120537935811e-15    1.07268895034558e-14    1.00101864166978e-14    0.0463835561713457    1.17285758597101e-13    3.89109311567658e-14    1.12743296094592e-14    1.13178377267888e-13    1.97697359549441e-14    0.00261207359255135    0    0    0.0489956297642291
1.1313712    4.77890919395156e-15    4.59690359811915e-15    9.17042892095113e-15    8.55951190214082e-15    0.0380529496377272    9.35146402846668e-14    2.49020724364075e-14    8.35693408247728e-15    8.95930825091186e-14    1.68000509736049e-14    0.00121260909321338    0    0    0.0392655587312008
1.2020819    4.08885745535138e-15    4.02586108652628e-15    7.91903638395309e-15    7.40355979997426e-15    0.031319380319402    6.92743167954936e-14    1.9334139976581e-14    7.17119721557282e-15    6.84975933789136e-14    1.5337000024438e-14    0.000499305346757008    0    0    0.031818685666362
1.2727926    3.54177964801586e-15    3.55329122331713e-15    6.89774436561851e-15    6.47251970401286e-15    0.0259057024859302    4.77701991983328e-14    1.65380992228845e-14    6.8964596735269e-15    5.20848449491174e-14    1.46044599961452e-14    0.000172319159802846    0    0    0.0260780216458914
1.3435033    3.11074676290633e-15    3.14762377523126e-15    6.04745170907094e-15    5.72068164440007e-15    0.0215673927375183    3.18506706781557e-14    1.36142441620739e-14    6.81000494967461e-15    3.98513541713168e-14    1.40564736062128e-14    4.46093771669976e-05    0    0    0.0216120021148095
1.414214    2.77053590283767e-15    2.79116068085038e-15    5.32593803960057e-15    5.11380203518063e-15    0.0180940496625131    2.01518819753638e-14    1.08302795731025e-14    6.65387509520549e-15    3.11081742434722e-14    1.35226973933518e-14    6.64295060623977e-06    0    0    0.0181006926132176
1.4849247    2.4963037792162e-15    2.47755040899401e-15    4.70801169533172e-15    4.62024537962969e-15    0.0153080929213121    1.17066295292503e-14    8.79159874708717e-15    6.3637097376473e-15    2.52379587621895e-14    1.29184354917171e-14    2.14699704825011e-07    0    0    0.0153083076210963
1.5556354    2.26551533546351e-15    2.20692582033012e-15    4.1823065482719e-15    4.20789736957098e-15    0.0130617173004645    7.16486643109571e-15    7.61351912214993e-15    5.92212646142819e-15    2.15927344283561e-14    1.21089106812429e-14    1.45022395823864e-09    0    0    0.0130617187507557
1.6263461    2.06107448468815e-15    1.9803170665936e-15    3.74482375199946e-15    3.84644580641933e-15    0.0112329925473992    8.12273018886336e-15    7.04479232534088e-15    5.34483784963494e-15    1.93349470762455e-14    1.09610524255876e-14    1.11232080176671e-06    0    0    0.0112341048682634
1.6970568    1.87344296212959e-15    1.79544456246489e-15    3.39140554779341e-15    3.51246278235909e-15    0.00972180028038401    1.60656243885786e-14    6.64493439341604e-15    4.66255556764455e-15    1.75570884968369e-14    9.35766968904994e-15    1.09437032389607e-05    0    0    0.00973274398368783
1.76776750000001    1.70039008543534e-15    1.64532241852083e-15    3.11207874307638e-15    3.19382535531252e-15    0.00844611784880066    3.03166788490669e-14    6.127326991973e-15    3.89999469713327e-15    1.60795900232519e-14    7.27446947710578e-15    4.38782592901219e-05    0    0    0.00848999610816413
1.83847820000001    1.54438741441859e-15    1.51975393323876e-15    2.88942009601519e-15    2.89072557115895e-15    0.00733901649750928    4.50590379858391e-14    6.00781682371207e-15    3.12369538687677e-15    1.67194164034381e-14    4.92654425346422e-15    0.000117647091033434    0    0    0.00745666358862739
1.90918890000001    1.40885079155693e-15    1.40852127223318e-15    2.70128982905336e-15    2.6124042757365e-15    0.00634663078466756    4.96343697002728e-14    7.61158947290472e-15    2.53061336842207e-15    2.31073217667919e-14    2.92059536911784e-15    0.000250444451583992    0    0    0.00659707523634549
1.97989960000001    1.29490399181952e-15    1.30447499163019e-15    2.52638307320855e-15    2.37085255713522e-15    0.00542724874251173    3.89219075166818e-14    1.07150639816195e-14    2.35699917187361e-15    3.60453405952188e-14    1.93650155366109e-15    0.000458142534682868    0    0    0.00588539127729207
2.05061030000001    1.19995805104696e-15    1.20502708386842e-15    2.34994200128694e-15    2.17409608966623e-15    0.00455152304664832    2.68715020455978e-14    1.12294404145165e-14    2.49522305034717e-15    4.73097494867399e-14    1.98795918239538e-15    0.000751232429711816    0    0    0.00530275547645695
2.121321    1.1184468937639e-15    1.11150522531471e-15    2.1670913129635e-15    2.02176808447815e-15    0.00370356619639533    3.30069929931298e-14    7.30526183600434e-15    2.40558947460589e-15    4.56297465371252e-14    2.15208567284586e-15    0.00113145875842859    0    0    0.00483502495492085
2.1920317    1.04404401098811e-15    1.02691625297465e-15    1.98245778769331e-15    1.90456213316268e-15    0.0028823479846528    4.73199671114344e-14    6.99174932684254e-15    1.93613637120438e-15    3.46237332822508e-14    1.65076902621635e-15    0.00158853867747182    0    0    0.00447088666222311
2.2627424    9.72086784374306e-16    9.53368879519373e-16    1.80640855125796e-15    1.80743175277054e-15    0.00210241334994316    4.99209585080025e-14    1.19034150960472e-14    1.66220531127335e-15    2.87509332126672e-14    9.54094515362332e-16    0.00209781274265204    0    0    0.00420022609269393
2.3334531    9.00991543673255e-16    8.90431583570022e-16    1.64964409998924e-15    1.71486959638299e-15    0.00139264983812619    4.92606022536695e-14    9.15075846040329e-15    1.58774457520903e-15    3.27172909842704e-14    6.30203114047875e-16    0.00262001379027357    0    0    0.00401266362849826
2.4041638    8.32068496928177e-16    8.35107221590204e-16    1.51844078153528e-15    1.61590109204296e-15    0.000791932446223488    3.89578281084305e-14    6.94696550248199e-15    1.30888455932821e-15    4.43982242147899e-14    5.38072961426876e-16    0.00310431423464645    0    0    0.00389624668096689
2.4748745    7.6799984822075e-16    7.83233964178757e-16    1.41237564121163e-15    1.50679660157222e-15    0.000341227376195592    3.20515398368647e-14    1.13957782416145e-14    1.26755009703122e-15    4.29067950890429e-14    6.17306257579056e-16    0.00349518395493913    0    0    0.00383641133122743
2.5455852    7.10896131511365e-16    7.31423964783028e-16    1.32514702527006e-15    1.39069483540557e-15    7.31620338913931e-05    5.34454614288845e-14    6.70314873283324e-15    1.30317575707093e-15    2.33834807549067e-14    4.8709287696533e-16    0.00374233049533939    0    0    0.00381549252932026
2.61629589999999    6.60977816480059e-16    6.78466354694205e-16    1.24771154966442e-15    1.27474332883527e-15    1.69519684682907e-06    4.10390879076942e-14    7.85746230828387e-15    1.181604453907e-15    3.06169474115456e-14    3.64735468126955e-16    0.00381147302066203    0    0    0.00381316821759378
2.68700659999999    6.16498018120084e-16    6.25510387846447e-16    1.17204382995166e-15    1.16633801534356e-15    0.000115430912190104    2.52413513933564e-14    8.35485521819233e-15    1.21701788178861e-15    4.01729051971652e-14    5.81243924638626e-16    0.00369267925873306    0    0    0.00380811017100232
2.75771729999999    5.74791736070033e-16    5.75059949783087e-16    1.09379489725069e-15    1.07017310345056e-15    0.000377456948839852    3.84907435629725e-14    5.04368273901174e-15    1.04988323408633e-15    2.53211614630422e-14    4.00077924212975e-16    0.00340324163770606    0    0    0.00378069858661953
2.82842799999999    5.33736633449371e-16    5.29437064157225e-16    1.01291362454079e-15    9.87136615709658e-16    0.00073229999467637    3.42949766516308e-14    7.83583470266674e-15    9.41404360817387e-16    2.04341367422127e-14    2.47519288967347e-16    0.00298378856206307    0    0    0.00371608855680625
2.89913869999999    4.92772346290269e-16    4.89573107512337e-16    9.32402936085086e-16    9.15054974191851e-16    0.00111773386267667    2.66138727524109e-14    4.78037377678383e-15    8.53554138925674e-16    2.507816954771e-14    2.93140953601182e-16    0.0024888275240464    0    0    0.00360656138678352
2.96984939999999    4.52977950847282e-16    4.54700696674671e-16    8.56190145189639e-16    8.50473525672719e-16    0.00147733269538888    1.99238246048174e-14    5.00615602139562e-15    7.05464969321787e-16    2.56258016314505e-14    2.44502210189266e-16    0.00197493258298877    0    0    0.00345226527843177
3.04056009999998    4.16282350929715e-16    4.22970256573571e-16    7.8724514184175e-16    7.90415629127806e-16    0.00176980514401513    2.29288827267606e-14    5.27749552386613e-15    7.17966938843325e-16    1.6576818019932e-14    2.54862764960377e-16    0.00149030353068334    0    0    0.00326010867474665
3.11127079999998    3.84325012912934e-16    3.92539370702763e-16    7.26659998094896e-16    7.33371412948883e-16    0.00197298190098281    2.4300349989793e-14    3.10384503171222e-15    6.82473819198912e-16    1.12619223749351e-14    2.57146426143053e-16    0.00106833923610783    0    0    0.00304132113713249
3.18198149999998    3.57584044446825e-16    3.62515227306635e-16    6.73774478658915e-16    6.79329906536202e-16    0.00208264185703812    1.43517653275756e-14    3.46920310118891e-15    6.51657142356114e-16    1.48012189220495e-14    3.18878933912695e-16    0.00072596811445708    0    0    0.00280860997153086
3.25269219999998    3.35164496605585e-16    3.3329747201603e-16    6.26958951511895e-16    6.29144342765615e-16    0.00210796688003408    9.58405042592729e-15    3.37556186030299e-15    6.76235636131894e-16    1.52532859011593e-14    4.1342831201103e-16    0.000465799535522419    0    0    0.00257376641558772
3.32340289999998    3.15267870537481e-16    3.0622572866734e-16    5.84517359468362e-16    5.83717395775429e-16    0.00206584432630137    1.14761923207138e-14    2.27795557515271e-15    6.26184246960756e-16    1.07394487392258e-14    4.0380355395075e-16    0.000280337282444339    0    0    0.00234618160877303
3.39411359999998    2.96044945749651e-16    2.82780740418115e-16    5.4530425888326e-16    5.43412978558725e-16    0.00197574805050504    1.15419050806803e-14    1.86835545760649e-15    5.41168278006698e-16    6.82270803633813e-15    3.65605740355515e-16    0.000156555686081846    0    0    0.00213230373660969
3.46482429999998    2.76398229221737e-16    2.63766680308366e-16    5.08906148309953e-16    5.07872307410506e-16    0.00185608349523304    8.92113975445122e-15    1.83320422408737e-15    5.10247213084274e-16    5.15821996608732e-15    3.93356647440853e-16    7.97123391015528e-05    0    0    0.00193579583435297
