#t    <|E|>    <|B|>    <|E|^2>    <|B|^2>    rms(|E|)    rms(|B|)
0    15.9847246983301    3.65367539246114    270.174519953545    14.0587654788614    3.82924225822051    0.842271693330219
0.0707107    13.1933389010523    -nan    183.592760813812    14.0357513046306    3.08683810002903    0
0.1414214    11.935528976943    -nan    150.690856503171    16.5172562557243    2.86949552077122    0
0.2121321    15.1481204690597    -nan    242.637184743893    20.4517277210747    3.62927416968563    0
0.2828428    14.8081593533963    -nan    232.474178315549    22.536251991485    3.63216118584651    0
0.3535535    13.0526355959332    -nan    180.041184438196    23.6809723489561    3.10964442307723    0
0.424264200000001    12.7237610201615    -nan    171.004210577765    21.3297624329526    3.01829688393688    0
0.494974900000001    15.2172661015649    -nan    245.138476436364    19.2963219549884    3.68419446155177    0
0.5656856    14.8849681075676    -nan    233.893574835856    17.439139430231    3.5115949755848    0
0.6363963    11.3938185859961    -nan    137.171442567428    14.6347251708612    2.71151997905914    0
0.707106999999999    13.199658617982    -nan    184.178498200912    15.8398225404943    3.15396743319365    0
0.777817699999999    14.6677047036106    -nan    227.482246821036    18.2114049332957    3.51293119043276    0
0.848528399999999    12.4931936830082    -nan    164.886718255533    19.6060088457689    2.96763034328371    0
0.919239099999998    10.74520484838    -nan    122.073618605773    21.6822745401847    2.57180702466651    0
0.989949799999998    10.8829540924209    -nan    125.445408324601    22.8305711937005    2.64702069256376    0
1.0606605    10.9932137016841    -nan    127.848167104316    22.3322207562086    2.64526361888952    0
1.1313712    10.5648058696881    -nan    118.055221445994    22.1371302610448    2.53773489194564    0
1.2020819    9.93098571435484    -nan    104.182398528119    23.3270304831423    2.35752439423211    0
1.2727926    9.26112023838224    -nan    90.5862475094945    25.4001567873681    2.19497139838344    0
1.3435033    8.62256775615235    -nan    78.5963352611789    27.7227044128653    2.06098533515906    0
1.414214    8.08124933426234    -nan    69.059208454101    30.0199803061467    1.93716742993102    0
1.4849247    7.69916068279843    -nan    62.6498421660158    32.0682806487686    1.83650944633196    0
1.5556354    7.51079620150346    -nan    59.5833337144771    33.4135201094224    1.78080715799276    0
1.6263461    7.47352868852378    -nan    58.9932379190869    33.4434829863445    1.77189358057955    0
1.6970568    7.46861287360985    -nan    58.9475900620983    31.4181976622159    1.77972239583805    0
1.76776750000001    7.48116186531362    -nan    59.149209085829    26.759333755874    1.7836553004452    0
1.83847820000001    7.97001578980877    -nan    67.1177578853911    19.7769226172083    1.89647203923231    0
1.90918890000001    9.76503103069422    -nan    100.869066452645    12.749107462216    2.34802798582648    0
1.97989960000001    12.6997258117783    -nan    170.556722494329    9.1629972874059    3.04527286133447    0
2.05061030000001    15.129665992869    -nan    241.981014108035    10.1680601605436    3.61582923438859    0
2.121321    15.4072481011661    -nan    251.702564182965    11.8713234963074    3.78408114766032    0
2.1920317    13.9389535619191    -nan    205.608417136441    9.80287145153694    3.36362761540351    0
2.2627424    13.1762052056098    -nan    183.572142092922    6.09180831274722    3.15590850193449    0
2.3334531    14.5754669381768    -nan    224.459101398893    4.32354942669236    3.46624651936487    0
2.4041638    17.5660482173996    -nan    327.269912223134    3.96626428128975    4.32479620873924    0
2.4748745    17.9441783519675    -nan    339.987653846832    4.89145147717796    4.24194732636015    0
2.5455852    13.7369329247971    -nan    199.369303214356    4.15299024551232    3.2658807439924    0
2.61629589999999    16.3081906048756    -nan    281.238210224806    3.35035197607097    3.90910851983586    0
2.68700659999999    19.4026478340881    -nan    398.120859788318    5.76023391607221    4.65382818920884    0
2.75771729999999    15.9956347375136    -nan    271.085786386456    4.28319367811905    3.90198100078739    0
2.82842799999999    14.9624318260779    -nan    236.578793843385    2.86568576767418    3.56432710246336    0
2.89913869999999    17.2263232377374    -nan    314.183273839503    3.67251622267076    4.17577077298196    0
2.96984939999999    18.1151771161288    -nan    347.439391236137    3.31500650343718    4.39087113081435    0
3.04056009999998    15.1757639832957    -nan    243.12330638353    3.73793559274821    3.5804320838184    0
3.11127079999998    12.9925937224724    -nan    178.50380721766    4.0758242288287    3.11389074638633    0
3.18198149999998    15.4751376841341    -nan    253.184319806754    5.45462819032533    3.70194995426    0
3.25269219999998    16.3128557220216    -nan    281.09624865569    7.61889263385019    3.87130299100912    0
3.32340289999998    14.1836821391623    -nan    212.801160346268    8.00132920405921    3.40944589654643    0
3.39411359999998    11.7144218900577    -nan    145.057784105233    7.7731537491655    2.79823227895226    0
3.46482429999998    10.5420515736857    -nan    117.42178031547    8.95437537466343    2.50737490878822    0
