#t    <phi>    <pi>    <phi^2>    <pi^2>    rms(phi)    rms(pi)
0    -2.9778502051909e-23    -4.09454403213749e-23    3.57324442867679e-14    5.77975198080053e-13    1.89030273466363e-07    7.60246800769364e-07
0.0707107    -8.7019627915247e-18    -3.84298815082052e-16    3.03037800569691e-14    4.84977219380758e-13    1.74079809446613e-07    6.96403058135702e-07
0.1414214    -6.79568631648455e-17    -1.30164050098757e-15    2.60542136593075e-14    4.02798693667859e-13    1.61413176845348e-07    6.34664236953571e-07
0.2121321    -1.78845603668984e-16    -1.65647373148036e-15    2.26311398582041e-14    3.33711747454371e-13    1.50436497759699e-07    5.77677892475012e-07
0.2828428    -2.79323819146855e-16    -1.09038155370046e-15    1.97315754345675e-14    2.78777293268155e-13    1.40469126268257e-07    5.2799364888998e-07
0.3535535    -3.3479058014413e-16    -5.76172436470949e-16    1.71524689193496e-14    2.37169473860796e-13    1.30967434575736e-07    4.87000486509814e-07
0.424264200000001    -3.75834154485042e-16    -6.53561681519767e-16    1.48015552763424e-14    2.06412726285839e-13    1.21661642584433e-07    4.54326673535506e-07
0.494974900000001    -4.26703988061434e-16    -7.25345475936255e-16    1.26733729410381e-14    1.83211316456073e-13    1.1257607623753e-07    4.28031910558165e-07
0.5656856    -4.70121594955405e-16    -4.78424708419555e-16    1.08065265344918e-14    1.64411296150854e-13    1.03954444515335e-07    4.05476628365747e-07
0.6363963    -4.98297831203596e-16    -3.81618314179992e-16    9.24081851867411e-15    1.47717982283382e-13    9.61291762092764e-08    3.8434097138268e-07
0.707106999999999    -5.30888183821393e-16    -5.47081234240517e-16    7.98816435593061e-15    1.31985523447047e-13    8.93765313487305e-08    3.63298119245128e-07
0.777817699999999    -5.6920809208075e-16    -4.52198987837206e-16    7.02303329056053e-15    1.17088333382444e-13    8.38035398450479e-08    3.4218172566992e-07
0.848528399999999    -5.84010208521364e-16    7.83212490905213e-17    6.29022776924036e-15    1.03515008976421e-13    7.93109561740392e-08    3.21737484568431e-07
0.919239099999998    -5.59659409223038e-16    5.48117948077433e-16    5.72257655663958e-15    9.18787156032932e-14    7.5647713492475e-08    3.03115020418476e-07
0.989949799999998    -5.18555776192981e-16    5.25421161657778e-16    5.25953049451337e-15    8.25236646672627e-14    7.2522620571194e-08    2.87269324271254e-07
1.0606605    -4.93731196894504e-16    1.54135819461941e-16    4.85942764410971e-15    7.53431570386775e-14    6.97095950648812e-08    2.74487079912111e-07
1.1313712    -4.94552011835255e-16    -1.31900678716442e-16    4.50214608958179e-15    6.98333147763101e-14    6.70980334255915e-08    2.64259937895077e-07
1.2020819    -5.04642395527192e-16    -9.92631876604746e-17    4.18329267119557e-15    6.53168215697761e-14    6.46783786994972e-08    2.55571558608888e-07
1.2727926    -5.03389187224069e-16    1.51231731019923e-16    3.90429660394482e-15    6.12136320462357e-14    6.24843708774028e-08    2.47413888143402e-07
1.3435033    -4.84109529409804e-16    3.67966246487153e-16    3.66368629602953e-15    5.72320679772832e-14    6.05283924784851e-08    2.39232246942763e-07
1.414214    -4.56807243496578e-16    3.55942876740915e-16    3.45333087382876e-15    5.34038575547656e-14    5.87650480628474e-08    2.31092746651135e-07
1.4849247    -4.40682323808607e-16    5.1110837714341e-17    3.26045635448745e-15    4.99661893919111e-14    5.71004059047521e-08    2.23531182146722e-07
1.5556354    -4.55603765705473e-16    -5.106793048595e-16    3.073307942299e-15    4.71648510538989e-14    5.54374236621707e-08    2.17174701689444e-07
1.6263461    -5.16887345556234e-16    -1.24264352876414e-15    2.88678660211758e-15    4.50822676080722e-14    5.37288246858014e-08    2.12325852425163e-07
1.6970568    -6.325102418143e-16    -2.02382328279346e-15    2.70482322991858e-15    4.35715649544414e-14    5.20079150699062e-08    2.0873802948778e-07
1.76776750000001    -8.00506070801343e-16    -2.69332642030441e-15    2.53824864573456e-15    4.23178593873223e-14    5.03810345838051e-08    2.05713051086513e-07
1.83847820000001    -1.00648672059372e-15    -3.06849157516288e-15    2.39933519647803e-15    4.09833352245547e-14    4.89830092631928e-08    2.02443412400984e-07
1.90918890000001    -1.22451504600745e-15    -3.0238481434827e-15    2.29579002751877e-15    3.93556247202543e-14    4.79144031322395e-08    1.98382521206517e-07
1.97989960000001    -1.42515631391198e-15    -2.60252858515168e-15    2.22705579613288e-15    3.74253972339212e-14    4.71916920244748e-08    1.93456447899576e-07
2.05061030000001    -1.58938896069943e-15    -2.04668401374803e-15    2.18443417203857e-15    3.53616509556829e-14    4.67379307633379e-08    1.88046938171518e-07
2.121321    -1.71826018234284e-15    -1.63868430338761e-15    2.15459662246619e-15    3.34072627121357e-14    4.64176326676209e-08    1.82776537641284e-07
2.1920317    -1.82618726966536e-15    -1.43506907163091e-15    2.12451519944643e-15    3.17546597584346e-14    4.60924635862136e-08    1.78198371929809e-07
2.2627424    -1.92051226641028e-15    -1.20188497878693e-15    2.08544814343789e-15    3.04647804331308e-14    4.56667071665769e-08    1.74541629513222e-07
2.3334531    -1.9901393341007e-15    -7.25076808965767e-16    2.03442070768986e-15    2.94632542992823e-14    4.51045530705033e-08    1.71648636170761e-07
2.4041638    -2.02027309833498e-15    -1.36895071850029e-16    1.97310054629307e-15    2.86039316110069e-14    4.44195964219967e-08    1.69126968905042e-07
2.4748745    -2.0146755299067e-15    2.39584073279681e-16    1.90524909596084e-15    2.77557450584955e-14    4.36491591667106e-08    1.6660055539672e-07
2.5455852    -1.99403644066717e-15    2.97856569021593e-16    1.83438471264478e-15    2.68619910245603e-14    4.28297176344273e-08    1.63896281301805e-07
2.61629589999999    -1.97712487945449e-15    1.57004351597028e-16    1.76278356064081e-15    2.59433148670166e-14    4.19855160816299e-08    1.61069285920739e-07
2.68700659999999    -1.97442640795023e-15    -9.54846604333399e-17    1.69188635694396e-15    2.50523258102118e-14    4.11325462005935e-08    1.58279265256735e-07
2.75771729999999    -1.99137493441692e-15    -3.75857906045753e-16    1.62326600306134e-15    2.42162868374862e-14    4.02897754158712e-08    1.55615830934665e-07
2.82842799999999    -2.02463566987529e-15    -5.36384503171342e-16    1.55908512572681e-15    2.3407916143079e-14    3.94852520028277e-08    1.52996457942918e-07
2.89913869999999    -2.06420262756112e-15    -5.74652707369137e-16    1.50150417042571e-15    2.25624283785874e-14    3.87492473530223e-08    1.50207950450658e-07
2.96984939999999    -2.10682369757551e-15    -6.45754698579318e-16    1.45137572512987e-15    2.16270900131276e-14    3.80969254025816e-08    1.47061517784659e-07
3.04056009999998    -2.15679062696226e-15    -7.63754398962484e-16    1.40717491718011e-15    2.06085230599368e-14    3.75123302019496e-08    1.43556689359767e-07
3.11127079999998    -2.21231349836052e-15    -7.78968944347795e-16    1.36506973933088e-15    1.95850600588732e-14    3.69468501949878e-08    1.39946632895805e-07
3.18198149999998    -2.26345236390085e-15    -6.50900915699557e-16    1.32036875440173e-15    1.86737163036953e-14    3.63368787102266e-08    1.36651806807284e-07
3.25269219999998    -2.30381461604098e-15    -4.96862588881985e-16    1.26971985494527e-15    1.79692521067955e-14    3.56331286157316e-08    1.34049439039466e-07
3.32340289999998    -2.33494995716319e-15    -3.90013597484666e-16    1.21290238780887e-15    1.74898989826026e-14    3.4826748165869e-08    1.32249381785332e-07
3.39411359999998    -2.35878108610626e-15    -2.74536251410197e-16    1.15318053478048e-15    1.71614251173501e-14    3.39585119635781e-08    1.31001622575257e-07
3.46482429999998    -2.37180218745888e-15    -7.81649483506957e-17    1.09591351051307e-15    1.68504706199651e-14    3.31045844334749e-08    1.29809362605188e-07
