#t    <phi>    <pi>    <phi^2>    <pi^2>    rms(phi)    rms(pi)
0    0.707106781186547    -0.500000278955975    0.50000000000003    0.250000278956676    1.75825920764174e-07    7.88924093562175e-07
0.0707107    0.671159339834255    -0.516538268734211    0.45045485944678    0.266811783067234    1.65466459601515e-07    5.46135491234454e-07
0.1414214    0.634106078872217    -0.531170974732778    0.40209051926272    0.28214260439882    1.46784250306609e-07    5.00435030611221e-07
0.2121321    0.596103433842359    -0.5432790117818    0.355339303838666    0.295152084642955    1.2140371115471e-07    5.87374580458902e-07
0.2828428    0.557351833150954    -0.552245652577927    0.310641065916744    0.304975260791437    1.22896417962909e-07    4.66080576813366e-07
0.3535535    0.518093705589716    -0.557509829333565    0.268421087771698    0.310817209803689    1.21077393679523e-07    3.84824903299634e-07
0.424264200000001    0.478607451294188    -0.558626046887027    0.229065092434332    0.31206306026077    1.17195051616935e-07    3.77843358979444e-07
0.494974900000001    0.439197183793918    -0.55532225380527    0.19289416625252    0.308382805571553    1.03970284748405e-07    4.34196630234327e-07
0.5656856    0.400178769798644    -0.54754468476254    0.160143047797564    0.299805181811856    8.87580297820176e-08    3.83340214902755e-07
0.6363963    0.361863462116892    -0.535479500005838    0.130945165215231    0.286738294926582    8.82513762014179e-08    2.80944081942408e-07
0.707106999999999    0.324541016089328    -0.519545115038218    0.1053268711243    0.269927126560196    8.09120908985609e-08    3.47306570228119e-07
0.777817699999999    0.288464396810811    -0.500355449499344    0.0832117082274284    0.250355575843807    5.69152313800994e-08    3.42501794270585e-07
0.848528399999999    0.253837932828146    -0.478660811528498    0.0644336961424702    0.229116172493181    6.19238651558007e-08    2.46892476999598e-07
0.919239099999998    0.22081012382061    -0.455277512096612    0.0487571107816766    0.20727761302094    5.93718178562702e-08    2.426599307225e-07
0.989949799999998    0.189471468496238    -0.431018276893621    0.0358994373741239    0.185776755016424    5.37994049505783e-08    2.78371690692626e-07
1.0606605    0.159856888069314    -0.406633273470526    0.0255542246632077    0.165350619093436    4.91199402154427e-08    2.83406126301381e-07
1.1313712    0.131951766083232    -0.382767428119239    0.0174112685724866    0.146510904029086    5.11731870132804e-08    2.62917542658336e-07
1.2020819    0.105700381876132    -0.359935324180686    0.0111725707287626    0.129553437593122    5.0620379910716e-08    2.58654594489658e-07
1.2727926    0.081015551786769    -0.33851158857942    0.00656351963131713    0.114590095602631    4.97444230198028e-08    2.61292442131486e-07
1.3435033    0.0577885160127507    -0.318732799499423    0.00333951258295835    0.101590597476805    4.90828498086138e-08    2.56806051101546e-07
1.414214    0.0358984136863556    -0.300706480707216    0.00128869610519913    0.0904243875393825    4.90130370483595e-08    2.5162341169782e-07
1.4849247    0.0152209887162738    -0.284423262808381    0.000231678497503435    0.0808965924266235    4.99968367314031e-08    2.40656451238874e-07
1.5556354    -0.0043635883239909    -0.269769321334139    1.90409030639813e-05    0.0727754867331327    5.20727456469083e-08    2.25370087292709e-07
1.6263461    -0.0229637344953528    -0.256537393276543    0.000527333101976056    0.0658114341491621    5.47558341425982e-08    1.95574514992878e-07
1.6970568    -0.0406701785554269    -0.244435830560947    0.00165406342373363    0.0597488752620452    5.75784608192185e-08    1.58247092309006e-07
1.76776750000001    -0.0575502679104198    -0.233096198947314    0.00331203333656468    0.0543338379637045    5.98247039581209e-08    1.36282425888569e-07
1.83847820000001    -0.0736428013308939    -0.2220808669128    0.0054232621878655    0.0493199114487708    6.31406533826999e-08    1.73645454484544e-07
1.90918890000001    -0.0889534621384947    -0.210892844697678    0.0079127184264293    0.0444757919447441    6.84283828800562e-08    2.55571179750348e-07
1.97989960000001    -0.103451110202193    -0.198990764721593    0.010702132202073    0.0395973244445948    8.21924626671124e-08    3.32130950691353e-07
2.05061030000001    -0.117065408264596    -0.185812174039893    0.0137043098121669    0.0345261640215615    1.01900878426897e-07    3.60636058225726e-07
2.121321    -0.129686474531551    -0.170807950719928    0.0168185816764378    0.0291753560292477    1.235189926127e-07    3.25967466184586e-07
2.1920317    -0.14116741121633    -0.153489292964648    0.0199282379895406    0.0235589630548524    1.42339805744496e-07    2.54944447267619e-07
2.2627424    -0.151330574898024    -0.133486052728999    0.0229009428989894    0.0178185262732074    1.52017423126663e-07    1.95576227746846e-07
2.3334531    -0.159978233325169    -0.110611190837503    0.025593035137867    0.0122348355385128    1.5694533087268e-07    1.49703019329088e-07
2.4041638    -0.166907718708432    -0.0849214339691931    0.0278581865644775    0.00721164994740446    1.56114657943768e-07    1.42966089040503e-07
2.4748745    -0.171930335906119    -0.0567602541718761    0.0295600404048159    0.00322172645368345    1.58643449117858e-07    1.65753581988694e-07
2.5455852    -0.174892238643026    -0.0267681463983447    0.0305872951375952    0.000716533661623944    1.61023682701421e-07    1.43977489693401e-07
2.61629589999999    -0.175694519522327    0.00415122532901317    0.030868564190208    1.7232671754388e-05    1.63665999853475e-07    1.48820597682543e-07
2.68700659999999    -0.174309235821141    0.0349115891314816    0.0303837096925764    0.00121881905570914    1.61445652051116e-07    1.54121521389915e-07
2.75771729999999    -0.170788332651879    0.0643617174216636    0.029168654570035    0.00414243066948373    1.61513500345878e-07    1.32871278049018e-07
2.82842799999999    -0.165263525584776    0.091419222964898    0.0273120328887345    0.00835747432752912    1.56983196251363e-07    1.5290469435378e-07
2.89913869999999    -0.157936933831964    0.11519380968367    0.0249440750682644    0.0132696137894729    1.49571785351594e-07    1.88028377755621e-07
2.96984939999999    -0.149064102954763    0.135075842247058    0.0222201067897274    0.0182454831588058    1.38922432699942e-07    2.31425199158119e-07
3.04056009999998    -0.138932446935209    0.15077599842998    0.0193022248114202    0.0227334017026099    1.24878933360504e-07    2.29304012077891e-07
3.11127079999998    -0.127838685640881    0.162314911657304    0.0163427295464006    0.0263461305463501    1.12086949439264e-07    1.77763703934634e-07
3.18198149999998    -0.116068504497006    0.169973124462616    0.0134718977361826    0.0288908630396005    1.05402115722727e-07    1.28186685881775e-07
3.25269219999998    -0.103880675480661    0.174217963156452    0.0107911947383287    0.0303518986863966    1.01237030928557e-07    1.1764139715194e-07
3.32340289999998    -0.0914966549611108    0.17562442973166    0.00837163786908165    0.0308439403185954    9.53562111254284e-08    1.57292573976265e-07
3.39411359999998    -0.0790955797395888    0.174803439870362    0.00625611073434903    0.0305562425905579    8.59024548759914e-08    2.15810822270528e-07
3.46482429999998    -0.0668138335048736    0.172345157682488    0.00446408834762211    0.0297028533766682    7.16749500275238e-08    2.58197070808465e-07
