#t    <phi>    <pi>    <phi^2>    <pi^2>    rms(phi)    rms(pi)
0    -2.70901650611117e-23    -8.27180612553028e-25    3.63166149140023e-14    5.13177830242205e-13    1.90569186685577e-07    7.16364313908925e-07
0.0707107    8.18806959814577e-18    2.59215712755555e-16    3.077609048081e-14    4.41154735516197e-13    1.75431155958142e-07    6.64194802385714e-07
0.1414214    2.55722718866694e-17    1.44893700389192e-16    2.58278873350168e-14    3.85316398987438e-13    1.60710570078688e-07    6.20738591508083e-07
0.2121321    3.19833042049887e-17    1.87764929673153e-16    2.15862266745072e-14    3.38238393875782e-13    1.46922519289955e-07    5.81582662977312e-07
0.2828428    7.83232190211501e-17    1.25287151115924e-15    1.81405512609866e-14    2.94792438790443e-13    1.34686863728378e-07    5.42947915356936e-07
0.3535535    2.0318451969063e-16    2.05810478908717e-15    1.54848123284214e-14    2.53062188762972e-13    1.24437985874175e-07    5.03052868755334e-07
0.424264200000001    3.28647843443902e-16    1.23040149185842e-15    1.35054939157055e-14    2.13784950627581e-13    1.16213140030314e-07    4.62368846947522e-07
0.494974900000001    3.64383209335725e-16    -1.24698087801661e-16    1.20178068585613e-14    1.78966840951866e-13    1.0962575818922e-07    4.23044726892873e-07
0.5656856    3.40570063683681e-16    -3.06094727853492e-16    1.08235708299781e-14    1.50448548318612e-13    1.04036391853899e-07    3.87876975752121e-07
0.6363963    3.42242087748105e-16    3.84230898280485e-16    9.76340999538007e-15    1.28970359926754e-13    9.88099691092962e-08    3.59124435156889e-07
0.707106999999999    3.85826493648044e-16    7.40601046946707e-16    8.74554000321893e-15    1.13927826080478e-13    9.35175919451465e-08    3.37531963050136e-07
0.777817699999999    4.36985343665173e-16    6.97516130550603e-16    7.74667554827239e-15    1.03707575360159e-13    8.80152006659781e-08    3.22036605621409e-07
0.848528399999999    4.90928851150842e-16    9.00394569833479e-16    6.79165007711524e-15    9.63276512561672e-14    8.24114681164899e-08    3.10366962249797e-07
0.919239099999998    5.70474541219034e-16    1.34225917074239e-15    5.92412144858559e-15    9.00783128515943e-14    7.69683145754511e-08    3.00130493038602e-07
0.989949799999998    6.71489455621663e-16    1.40110322808305e-15    5.18076134695523e-15    8.39314599830081e-14    7.19775058400556e-08    2.89709268030914e-07
1.0606605    7.51370488846087e-16    7.4517449365683e-16    4.57697509485981e-15    7.76160351191007e-14    6.76533450382153e-08    2.78596545418461e-07
1.1313712    7.66743468321721e-16    -3.38321240839557e-16    4.10588924063911e-15    7.13980845590094e-14    6.40772131154212e-08    2.67204200114836e-07
1.2020819    7.05736293147391e-16    -1.33724298165816e-15    3.74672207101931e-15    6.57123846920939e-14    6.12104735402309e-08    2.56344269863974e-07
1.2727926    5.86915053626847e-16    -1.95067901302392e-15    3.47576785524482e-15    6.0831031552921e-14    5.89556431162006e-08    2.46639476874488e-07
1.3435033    4.38833726100013e-16    -2.18615367191635e-15    3.27384029872905e-15    5.67110942424077e-14    5.72174824571044e-08    2.38140912575743e-07
1.414214    2.82411845053349e-16    -2.22201311965634e-15    3.12735065915076e-15    5.30609072239874e-14    5.59227204197968e-08    2.30349532719273e-07
1.4849247    1.24600883636531e-16    -2.25556712961467e-15    3.02431531354954e-15    4.95529617433218e-14    5.49937752254702e-08    2.22604945460162e-07
1.5556354    -4.00047393027114e-17    -2.43426723126556e-15    2.94937229004794e-15    4.60447592036609e-14    5.43081236100819e-08    2.14580425956472e-07
1.6263461    -2.2521346695349e-16    -2.84964240240619e-15    2.88205160118331e-15    4.26778624605654e-14    5.36847427225214e-08    2.0658621072222e-07
1.6970568    -4.49511402029802e-16    -3.54208119068775e-15    2.80023889592869e-15    3.98009221134054e-14    5.29172835274893e-08    1.99501684487639e-07
1.76776750000001    -7.3211946538799e-16    -4.48830597354572e-15    2.68742218009058e-15    3.77620945908815e-14    5.18403528160311e-08    1.94324714307989e-07
1.83847820000001    -1.08770673832094e-15    -5.58009372803197e-15    2.539813679969e-15    3.66869865806321e-14    5.03965641682942e-08    1.91538472847186e-07
1.90918890000001    -1.52024128935873e-15    -6.62767094766905e-15    2.3691471225974e-15    3.63645540616514e-14    4.86738854273768e-08    1.90694924058432e-07
1.97989960000001    -2.01891216599049e-15    -7.41759576269361e-15    2.19899345130855e-15    3.63047853815068e-14    4.68934265255648e-08    1.90538146788266e-07
2.05061030000001    -2.55991006936763e-15    -7.81335010823268e-15    2.05570482209957e-15    3.59414993490038e-14    4.53398811434212e-08    1.8958243417839e-07
2.121321    -3.11488946542674e-15    -7.82804185776403e-15    1.95786428225826e-15    3.48789860014956e-14    4.42477601948195e-08    1.86759165776396e-07
2.1920317    -3.66104191708045e-15    -7.5880809345165e-15    1.90896146695644e-15    3.30600677161993e-14    4.36916635865061e-08    1.81824277026472e-07
2.2627424    -4.18465926665595e-15    -7.19997442462984e-15    1.89652305125053e-15    3.07744392124575e-14    4.35490878348849e-08    1.75426449580608e-07
2.3334531    -4.67583901709282e-15    -6.66336384327772e-15    1.89787996263677e-15    2.85071664279004e-14    4.35646641515432e-08    1.68840653954847e-07
2.4041638    -5.12290773812674e-15    -5.95677721135575e-15    1.88969156094082e-15    2.67061566901973e-14    4.34705827076288e-08    1.63420184463846e-07
2.4748745    -5.51690778978156e-15    -5.19725562762641e-15    1.85677747231066e-15    2.55844999894455e-14    4.30903408237929e-08    1.59951555132938e-07
2.5455852    -5.86210604934725e-15    -4.61153779287686e-15    1.7964483884027e-15    2.5050860475394e-14    4.23845300599484e-08    1.58274636235229e-07
2.61629589999999    -6.1752042221083e-15    -4.27629952442642e-15    1.71695907128796e-15    2.47915685073938e-14    4.14362048369288e-08    1.5745338518874e-07
2.68700659999999    -6.46795650806975e-15    -3.98716116247545e-15    1.6316127558428e-15    2.44494697475753e-14    4.03932266084644e-08    1.5636326214164e-07
2.75771729999999    -6.73496008917276e-15    -3.53531221552734e-15    1.55192254855884e-15    2.37994621630026e-14    3.93944481946225e-08    1.54270743055845e-07
2.82842799999999    -6.96655989348437e-15    -3.03169041446507e-15    1.48320555791521e-15    2.28321476266727e-14    3.85124078436438e-08    1.51103102637479e-07
2.89913869999999    -7.1690833882287e-15    -2.74760095738037e-15    1.42425214642554e-15    2.17151130690493e-14    3.77392653138013e-08    1.47360486797002e-07
2.96984939999999    -7.36114860336242e-15    -2.71139865392642e-15    1.37037762699108e-15    2.06696869378125e-14    3.70186118998407e-08    1.43769561930933e-07
3.04056009999998    -7.55333281918061e-15    -2.7148497959918e-15    1.3175358157244e-15    1.98405853821865e-14    3.62978761875174e-08    1.40856612845072e-07
3.11127079999998    -7.74351053342266e-15    -2.6594867824685e-15    1.2650182555759e-15    1.92286344065234e-14    3.55670951242274e-08    1.38667351624394e-07
3.18198149999998    -7.93052146806343e-15    -2.64861000116674e-15    1.2154499589115e-15    1.87132710301785e-14    3.48633039012575e-08    1.36796458397791e-07
3.25269219999998    -8.12093889330164e-15    -2.75305875741073e-15    1.17249657941938e-15    1.81402233447683e-14    3.42417373890302e-08    1.34685646394738e-07
3.32340289999998    -8.32030390204186e-15    -2.87479549746722e-15    1.13794092569043e-15    1.74184788096582e-14    3.37333799920844e-08    1.31979084743221e-07
3.39411359999998    -8.52441841474626e-15    -2.86930451746472e-15    1.10996980049889e-15    1.65725304157917e-14    3.33162092756487e-08    1.28734340468236e-07
3.46482429999998    -8.72225135739619e-15    -2.70422500885301e-15    1.08366699260522e-15    1.57255740344112e-14    3.29190976881984e-08    1.25401650844042e-07
