1:binCentralValue 2:valuesAverage 3:valuesAverage 4:multiplicity
0.707107 9.207976398920991e-16 2.579807054332113e-15 18
1.41421 6.692476188133274e-15 1.602945146487874e-14 62
2.12132 9.6234340699553e-15 4.171910427028858e-14 98
2.82843 1.755048044533332e-14 1.655124960071296e-13 210
3.53554 3.063902603400552e-14 4.649249130595029e-13 350
4.24264 3.956582060598804e-14 7.852155117289835e-13 450
4.94975 5.377164717636076e-14 1.26409739524593e-12 602
5.65686 2.918739975801655e-14 9.652772891731963e-13 762
6.36396 8.137383440080773e-46 1.40940264705795e-44 1142
7.07107 8.890198930253214e-46 1.248167952668473e-44 1250
7.77818 9.626152043269709e-46 1.431538424734835e-44 1458
8.48528 1.014354136072452e-45 1.690508897086469e-44 1814
9.19239 1.074784364681801e-45 1.850236426400688e-44 2178
9.8995 1.300653876667421e-45 1.890361894397251e-44 2498
10.6066 1.267951381939372e-45 2.190565646866095e-44 2622
11.3137 1.330201389450025e-45 2.085727938603672e-44 3338
12.0208 1.452890184227827e-45 2.334965154922301e-44 3722
12.7279 1.915558831045605e-45 2.756594797574439e-44 4170
13.435 1.834587454349856e-45 3.062556059982652e-44 4358
14.1421 2.184026814765632e-45 3.761930642598512e-44 5034
14.8492 1.947249761509815e-45 3.65424091644841e-44 5714
15.5564 2.125442609490588e-45 3.131578758934628e-44 5982
16.2635 2.090035972606562e-45 3.644134852082561e-44 6602
16.9706 2.003126946140561e-45 3.616231229438317e-44 7130
17.6777 2.692736821694216e-45 4.750119542628778e-44 8034
18.3848 3.041130287243319e-45 5.675546759120887e-44 8606
19.0919 3.089881492986154e-45 5.61130177958837e-44 9066
19.799 3.966966012800161e-45 6.659625416609599e-44 9962
20.5061 4.964770815868273e-45 7.385078229559681e-44 10550
21.2132 4.843138597043223e-45 7.927575802277169e-44 11226
21.9203 5.521942939466042e-45 7.826188353793706e-44 12146
22.6274 4.345956720117625e-45 7.805612170397839e-44 12303
23.3345 3.161624122281149e-45 5.152084523132286e-44 12584
24.0416 2.59369382884607e-45 4.678924862831329e-44 12120
24.7487 2.367560460082997e-45 4.174995869372227e-44 11180
25.4559 2.340372737771134e-45 4.010800052402937e-44 11096
26.163 2.190311758466919e-45 3.9312175809968e-44 10056
26.8701 2.128914835597592e-45 3.747875516155043e-44 9716
27.5772 1.804986334976439e-45 3.056344674227138e-44 8604
28.2843 1.697140691452514e-45 2.933853414005963e-44 8060
28.9914 1.615968901085525e-45 2.924676780887999e-44 7320
29.6985 1.457143624046104e-45 2.34976859636621e-44 6356
30.4056 1.162495834438022e-45 1.964323346153517e-44 5348
31.1127 8.518779851039515e-46 1.492970980018114e-44 4308
31.8198 6.730068335723726e-46 1.094463705134457e-44 3563
32.5269 4.016951455461663e-46 7.075019452031424e-45 2448
33.234 3.41390375583119e-46 5.746385351171996e-45 1868
33.9411 2.519473063441732e-46 3.832975972317445e-45 1358
34.6482 2.009955474904602e-46 3.369597439464307e-45 1062
35.3554 1.458682570551889e-46 2.668211770323457e-45 776
36.0625 8.805447430899324e-47 1.566621069253737e-45 432
36.7696 4.243705368756274e-47 6.890589660288198e-46 200
37.4767 3.798124289688724e-47 5.021595340507257e-46 168
38.1838 1.004792809496114e-47 1.727995534813828e-46 56
38.8909 6.780360416175924e-49 1.591536006631361e-47 7

0.707107 2.506104507403603e-16 2.557820023210868e-16 18
1.41421 1.951603358682559e-15 3.757663540849508e-15 62
2.12132 1.715382548146238e-15 1.159028634083928e-14 98
2.82843 4.152832184886284e-15 3.825712596156391e-14 210
3.53554 6.836615738747152e-15 1.124791672533038e-13 350
4.24264 8.619646138385059e-15 1.806940064029837e-13 450
4.94975 1.187042547002879e-14 2.884921389837931e-13 602
5.65686 6.701027773037445e-15 2.100937262377966e-13 762
6.36396 3.748848288541269e-46 1.995371795504229e-44 1142
7.07107 2.840770209004231e-46 2.273053632628528e-44 1250
7.77818 3.48530413248181e-46 2.352807272503793e-44 1458
8.48528 5.117018204054309e-46 2.564059903058452e-44 1814
9.19239 7.505427323456602e-46 2.478883036395875e-44 2178
9.8995 8.552518905832367e-46 3.340762474814359e-44 2498
10.6066 7.743961540970524e-46 4.640019663921151e-44 2622
11.3137 6.950101897578759e-46 7.481640617218184e-44 3338
12.0208 6.887049576241568e-46 1.108756387375069e-43 3722
12.7279 7.149109087658262e-46 1.47874060961361e-43 4170
13.435 9.67806901554307e-46 1.439060996781297e-43 4358
14.1421 1.316437612174242e-45 1.523126340371362e-43 5034
14.8492 1.590704527201465e-45 1.487308553684628e-43 5714
15.5564 1.6220991345338e-45 1.603230982272744e-43 5982
16.2635 1.759799457966556e-45 1.928100647201236e-43 6602
16.9706 1.665067694589569e-45 2.593992868091804e-43 7130
17.6777 2.042926270203969e-45 3.409177256805814e-43 8034
18.3848 2.134463871140737e-45 4.068959002387764e-43 8606
19.0919 2.142172806693541e-45 4.707278963625062e-43 9066
19.799 2.55805622661278e-45 5.566362663774278e-43 9962
20.5061 3.03603816819365e-45 6.599831991799199e-43 10550
21.2132 2.929957584360888e-45 6.864748589287036e-43 11226
21.9203 3.478169462482084e-45 7.81363056575542e-43 12146
22.6274 3.236978304119441e-45 7.715964009458984e-43 12303
23.3345 2.983527881767179e-45 7.674461773120734e-43 12584
24.0416 2.7962752123953e-45 7.848527631606328e-43 12120
24.7487 2.578931320852922e-45 7.978066454268563e-43 11180
25.4559 2.491880943256281e-45 8.484286627386453e-43 11096
26.163 2.13368388000539e-45 8.640471949794718e-43 10056
26.8701 2.076008312148205e-45 9.225418066407469e-43 9716
27.5772 1.878036110176978e-45 8.177237901337801e-43 8604
28.2843 1.818695947104648e-45 8.047849464303003e-43 8060
28.9914 1.755988571752115e-45 7.21055277448341e-43 7320
29.6985 1.560022806300626e-45 6.519085837637862e-43 6356
30.4056 1.387894381226943e-45 5.840292379692933e-43 5348
31.1127 1.136070727849233e-45 4.618896411170249e-43 4308
31.8198 9.305441134167669e-46 3.794792006150106e-43 3563
32.5269 6.188337675306196e-46 2.98023726277802e-43 2448
33.234 4.471005557675847e-46 2.580374199342769e-43 1868
33.9411 3.143120692475578e-46 2.083212387064134e-43 1358
34.6482 2.359821430638598e-46 1.823263254195904e-43 1062
35.3554 1.808218660590405e-46 1.264380017389547e-43 776
36.0625 1.068682687116695e-46 7.285360111438716e-44 432
36.7696 4.791670414754526e-47 3.620358845447516e-44 200
37.4767 4.471314506482074e-47 3.579442738796006e-44 168
38.1838 1.971389437445482e-47 1.113245272365852e-44 56
38.8909 1.694022433837074e-48 7.912831129618443e-46 7

0.707107 1.268322676775378e-16 9.48376695700846e-17 18
1.41421 3.719313998831688e-16 2.31696907848603e-15 62
2.12132 7.861333749689976e-16 3.679565240685224e-15 98
2.82843 1.92844662700676e-15 1.323470861632917e-14 210
3.53554 3.546418847290594e-15 3.996008269326733e-14 350
4.24264 3.849632384485573e-15 7.64814562924956e-14 450
4.94975 5.12933757000269e-15 1.262194515621482e-13 602
5.65686 3.126324155144997e-15 8.65906579998336e-14 762
6.36396 3.021247591969058e-46 1.050003042743435e-44 1142
7.07107 2.820939221620074e-46 1.129664743008961e-44 1250
7.77818 2.427567306841234e-46 1.716858347553961e-44 1458
8.48528 3.124899097543168e-46 2.15198135690459e-44 1814
9.19239 4.899903108348861e-46 1.983797929749155e-44 2178
9.8995 4.826505358837454e-46 2.764625814280299e-44 2498
10.6066 4.077928887290239e-46 4.666367813835722e-44 2622
11.3137 4.876931957055866e-46 5.710002081791988e-44 3338
12.0208 5.885897720065931e-46 6.816468112806633e-44 3722
12.7279 7.554929758060311e-46 8.879054987495047e-44 4170
13.435 6.82691784886624e-46 1.176580895823635e-43 4358
14.1421 8.162020203073715e-46 1.419837337580529e-43 5034
14.8492 1.049687419114296e-45 1.378065230501444e-43 5714
15.5564 1.211408645711347e-45 1.441040092370723e-43 5982
16.2635 1.258466794757818e-45 1.754733323576942e-43 6602
16.9706 1.246162230194746e-45 2.106073373282951e-43 7130
17.6777 1.563550072538506e-45 2.725822905139667e-43 8034
18.3848 1.493399045170584e-45 3.523364402360791e-43 8606
19.0919 1.537726201800916e-45 3.92237750434046e-43 9066
19.799 1.760429850378595e-45 4.802279775607754e-43 9962
20.5061 1.986096067779645e-45 5.690278267857834e-43 10550
21.2132 2.179829182484175e-45 5.712286205461063e-43 11226
21.9203 2.432445006750148e-45 6.775875662786873e-43 12146
22.6274 2.383024744768078e-45 6.432581850426442e-43 12303
23.3345 2.221333906879646e-45 6.718559190098565e-43 12584
24.0416 2.172784025942255e-45 6.563983801260542e-43 12120
24.7487 2.036162795429911e-45 6.733162069199861e-43 11180
25.4559 1.950083161035604e-45 7.271989876807256e-43 11096
26.163 1.75764542870713e-45 7.149224635414959e-43 10056
26.8701 1.75568816538985e-45 7.144058702839105e-43 9716
27.5772 1.62114015530215e-45 6.55523939255644e-43 8604
28.2843 1.576644810865295e-45 6.20447078605802e-43 8060
28.9914 1.433973739974932e-45 5.774317290368068e-43 7320
29.6985 1.340822427258074e-45 5.304243857758661e-43 6356
30.4056 1.075482629872354e-45 4.842543179808268e-43 5348
31.1127 8.700779404064937e-46 4.110514521957354e-43 4308
31.8198 7.188518993243302e-46 3.364182630201832e-43 3563
32.5269 4.68076497471563e-46 2.72622569753327e-43 2448
33.234 4.023847957398609e-46 2.062198204389143e-43 1868
33.9411 3.025589971891926e-46 1.598008067415856e-43 1358
34.6482 2.409929246717669e-46 1.271813515315663e-43 1062
35.3554 1.878983558110533e-46 9.259379798791576e-44 776
36.0625 9.796579499640906e-47 5.391576335088825e-44 432
36.7696 3.97273133855884e-47 2.132426779484689e-44 200
37.4767 4.663863735440348e-47 2.713186023527863e-44 168
38.1838 1.486079271144097e-47 6.980350110346711e-45 56
38.8909 1.41153530605136e-48 4.225317738804662e-46 7

0.707107 6.445688652301666e-17 6.604432304062499e-17 18
1.41421 3.951668335440659e-16 7.417044858747353e-16 62
2.12132 4.991767964594964e-16 2.604195657500743e-15 98
2.82843 9.928130247635933e-16 1.043892269308136e-14 210
3.53554 2.218019842273067e-15 2.438561207658052e-14 350
4.24264 2.492651483462382e-15 4.741591426110881e-14 450
4.94975 3.16202640555498e-15 8.192687840220426e-14 602
5.65686 2.001783934597994e-15 5.475659736483206e-14 762
6.36396 2.525029946756283e-46 9.889718266225687e-45 1142
7.07107 2.089685924308673e-46 1.123061918094511e-44 1250
7.77818 2.418289548086292e-46 1.238010492808056e-44 1458
8.48528 2.79380509423117e-46 1.956054649780562e-44 1814
9.19239 4.186863879587108e-46 1.988429209644497e-44 2178
9.8995 4.206250490740515e-46 2.866668582094809e-44 2498
10.6066 3.602460312439259e-46 4.054591589730051e-44 2622
11.3137 4.541543779397585e-46 4.795544267728626e-44 3338
12.0208 5.122228053181686e-46 6.30603661115707e-44 3722
12.7279 6.242573636588439e-46 8.607821633644935e-44 4170
13.435 6.882067842396458e-46 9.289456575423297e-44 4358
14.1421 7.900302999982038e-46 1.243211169854078e-43 5034
14.8492 8.671018397222919e-46 1.32303639662206e-43 5714
15.5564 1.068314917513039e-45 1.430149150767681e-43 5982
16.2635 1.129101050269285e-45 1.626389539229935e-43 6602
16.9706 1.145880669076422e-45 1.936120768115523e-43 7130
17.6777 1.345713476111104e-45 2.686774460637904e-43 8034
18.3848 1.282238087273587e-45 3.247921060545237e-43 8606
19.0919 1.413343771294654e-45 3.636274314999208e-43 9066
19.799 1.619702258200749e-45 4.253723349935563e-43 9962
20.5061 1.84578356847151e-45 4.957214131268708e-43 10550
21.2132 2.028207443739649e-45 5.146640014383628e-43 11226
21.9203 2.312982048153101e-45 5.90541266773922e-43 12146
22.6274 2.187225661917812e-45 5.881551463597456e-43 12303
23.3345 2.038971500008654e-45 6.224036742628344e-43 12584
24.0416 1.933592836706278e-45 6.347212268954948e-43 12120
24.7487 1.840673622718743e-45 6.281838768681708e-43 11180
25.4559 1.777327715128343e-45 6.698665678029861e-43 11096
26.163 1.640192241793482e-45 6.561901733911513e-43 10056
26.8701 1.599612102175069e-45 6.691904212118907e-43 9716
27.5772 1.45931698070712e-45 6.144914570859336e-43 8604
28.2843 1.387404611307521e-45 6.136121259432473e-43 8060
28.9914 1.305908965903188e-45 5.533852257373565e-43 7320
29.6985 1.205799583732079e-45 5.119147349673772e-43 6356
30.4056 1.016703974174296e-45 4.574959334064393e-43 5348
31.1127 7.986061329676879e-46 3.874783704452869e-43 4308
31.8198 6.325622974160166e-46 3.331891351201598e-43 3563
32.5269 4.726794217199526e-46 2.467139329172746e-43 2448
33.234 3.612177089180404e-46 2.008134323720388e-43 1868
33.9411 2.713707857905171e-46 1.646644590779045e-43 1358
34.6482 1.965515580117613e-46 1.296765198096841e-43 1062
35.3554 1.481900408654066e-46 1.062648113994446e-43 776
36.0625 7.886006610106343e-47 5.076462815772431e-44 432
36.7696 3.630920622301779e-47 2.317028867683748e-44 200
37.4767 4.662515513127201e-47 2.394616371436765e-44 168
38.1838 1.081414832885145e-47 9.448481783492052e-45 56
38.8909 3.498230386430598e-49 6.658594101499496e-46 7

0.707107 3.405775665211438e-17 4.484622533230439e-17 18
1.41421 3.448877517393202e-16 5.652484500865375e-16 62
2.12132 3.447975220954459e-16 1.610364500379813e-15 98
2.82843 8.643327933881885e-16 6.001620715544812e-15 210
3.53554 1.417740246486603e-15 1.797651140559116e-14 350
4.24264 1.757174575942423e-15 3.208252680022696e-14 450
4.94975 2.145428678954393e-15 5.738450325226799e-14 602
5.65686 1.346617326826157e-15 3.888424529279326e-14 762
6.36396 2.115909065410346e-46 8.211089061835284e-45 1142
7.07107 2.049935814058441e-46 8.779166341231453e-45 1250
7.77818 2.151872140946791e-46 1.1062830510487e-44 1458
8.48528 2.324925571786106e-46 1.701051830061584e-44 1814
9.19239 3.381346799672662e-46 1.761418912527333e-44 2178
9.8995 3.5162521808356e-46 2.702814008776957e-44 2498
10.6066 3.564368250199534e-46 3.259989467090839e-44 2622
11.3137 3.966922834174257e-46 4.40192617052493e-44 3338
12.0208 4.60527038641376e-46 5.796742396855646e-44 3722
12.7279 5.605767831681202e-46 7.85142966441301e-44 4170
13.435 5.589283670952262e-46 8.68566746507598e-44 4358
14.1421 7.244792965809718e-46 1.105212040123141e-43 5034
14.8492 7.417096504476125e-46 1.230398755568884e-43 5714
15.5564 9.175919972260596e-46 1.383714686297182e-43 5982
16.2635 9.933943258913055e-46 1.512793034953497e-43 6602
16.9706 9.903938710561226e-46 1.858050193047421e-43 7130
17.6777 1.225980880378946e-45 2.478139479971214e-43 8034
18.3848 1.18552797022646e-45 2.919891639559864e-43 8606
19.0919 1.293639365411373e-45 3.230545674090669e-43 9066
19.799 1.488102336831149e-45 3.700454181422131e-43 9962
20.5061 1.802912018006717e-45 4.248116058111477e-43 10550
21.2132 1.761508709809397e-45 4.798651190332061e-43 11226
21.9203 2.144925617834712e-45 5.282277970670097e-43 12146
22.6274 1.945450486614282e-45 5.320817888210378e-43 12303
23.3345 1.846194890392968e-45 5.67276952700099e-43 12584
24.0416 1.768945355889555e-45 5.695936979900523e-43 12120
24.7487 1.704051786356203e-45 5.66578893657153e-43 11180
25.4559 1.640195205324897e-45 6.1123588966203e-43 11096
26.163 1.503537360429319e-45 5.981128602766752e-43 10056
26.8701 1.482928487968919e-45 6.051201271886849e-43 9716
27.5772 1.345182937054176e-45 5.607949426002975e-43 8604
28.2843 1.300511415192033e-45 5.504190537409475e-43 8060
28.9914 1.18099717092999e-45 5.242297898344501e-43 7320
29.6985 1.077739005116678e-45 4.778554477962616e-43 6356
30.4056 9.114154866409262e-46 4.178704974224303e-43 5348
31.1127 7.278891756712006e-46 3.541943146270737e-43 4308
31.8198 5.837414017006746e-46 3.022337894319342e-43 3563
32.5269 4.23926375240857e-46 2.21963078091953e-43 2448
33.234 3.181218416290233e-46 1.862949183102022e-43 1868
33.9411 2.559373832483056e-46 1.422999843583657e-43 1358
34.6482 1.990629849623135e-46 1.077218586773752e-43 1062
35.3554 1.542614233231122e-46 8.253978389064454e-44 776
36.0625 7.771470919049747e-47 4.631225783819386e-44 432
36.7696 3.348860793521187e-47 1.937012320716426e-44 200
37.4767 3.773057544531101e-47 1.993428485342423e-44 168
38.1838 1.367832685740223e-47 6.173079594089948e-45 56
38.8909 7.997535240795023e-49 4.672683061881575e-46 7

