1:binCentralValue 2:valuesAverage 3:valuesAverage 4:multiplicity
0.707107 1.54107310926143e-15 2.844564047724184e-15 18
1.41421 6.414837306298131e-15 2.188694764534317e-14 62
2.12132 7.262005695116639e-15 4.548505836480112e-14 98
2.82843 2.034439939590006e-14 1.699382793505341e-13 210
3.53554 3.308528473255252e-14 4.07222828360026e-13 350
4.24264 3.870511022667662e-14 7.267496938061134e-13 450
4.94975 5.033419867122278e-14 1.200495744141096e-12 602
5.65686 2.8086087702635e-14 8.005865093732253e-13 762
6.36396 7.349417334463629e-46 1.067528823958102e-44 1142
7.07107 8.154923089210255e-46 1.254050855912905e-44 1250
7.77818 8.779543668627167e-46 1.395139478502319e-44 1458
8.48528 9.917241383109803e-46 1.675793087301758e-44 1814
9.19239 1.094424353035122e-45 1.85600184979402e-44 2178
9.8995 1.098572421916813e-45 1.760152298316337e-44 2498
10.6066 1.225874957840645e-45 1.842033612339299e-44 2622
11.3137 1.259658107121757e-45 1.838223049519855e-44 3338
12.0208 1.46558596913681e-45 2.023991702134901e-44 3722
12.7279 1.694028605510454e-45 2.527072529548482e-44 4170
13.435 1.858101133154837e-45 2.945652805740039e-44 4358
14.1421 2.062927290528019e-45 3.12467952808051e-44 5034
14.8492 2.16044615567594e-45 3.428772671458964e-44 5714
15.5564 2.137913111226461e-45 3.234645742467669e-44 5982
16.2635 2.312128062945583e-45 3.664334203795218e-44 6602
16.9706 2.082960674873372e-45 3.341745789184641e-44 7130
17.6777 2.724171893769421e-45 4.290780557145545e-44 8034
18.3848 2.844232678858943e-45 4.943337797829494e-44 8606
19.0919 3.30027903473047e-45 5.249987672091664e-44 9066
19.799 4.082940643911602e-45 6.360870221726642e-44 9962
20.5061 4.60355707415984e-45 7.839798667178193e-44 10550
21.2132 4.563677116541775e-45 7.263963608256192e-44 11226
21.9203 4.920703032611705e-45 8.164703451054835e-44 12146
22.6274 4.413546820960367e-45 7.00531278133129e-44 12303
23.3345 3.029303839275862e-45 4.915166825821861e-44 12584
24.0416 2.612534464405649e-45 4.170833539510504e-44 12120
24.7487 2.394984485305081e-45 3.749245620216432e-44 11180
25.4559 2.378526751277268e-45 3.64517937077546e-44 11096
26.163 2.108945447068363e-45 3.37892797243129e-44 10056
26.8701 2.111916540606179e-45 3.248654918850867e-44 9716
27.5772 1.755831964892807e-45 2.866416974181693e-44 8604
28.2843 1.853820070913095e-45 2.806663089802445e-44 8060
28.9914 1.602724063841065e-45 2.495103618528703e-44 7320
29.6985 1.442461184260463e-45 2.235563143570016e-44 6356
30.4056 1.165516383479505e-45 1.771824948880272e-44 5348
31.1127 8.739161228589293e-46 1.31395988513971e-44 4308
31.8198 6.411658327295401e-46 9.708290189212088e-45 3563
32.5269 4.030453564094428e-46 6.394578629496726e-45 2448
33.234 3.309964564309069e-46 5.057304769943074e-45 1868
33.9411 2.583277414963491e-46 3.726060556673085e-45 1358
34.6482 2.048392632994356e-46 3.063911919625679e-45 1062
35.3554 1.612766751390272e-46 2.366512636714138e-45 776
36.0625 1.025131188376628e-46 1.375557635658279e-45 432
36.7696 4.046512444604531e-47 5.649658043569969e-46 200
37.4767 4.160471335642763e-47 5.564276028290787e-46 168
38.1838 1.469084509268202e-47 2.107696780315959e-46 56
38.8909 1.264940188852612e-48 9.184559034529581e-48 7

0.707107 4.221311494736798e-16 3.37258379047475e-16 18
1.41421 1.980381134331996e-15 3.591466662532972e-15 62
2.12132 2.029734359130805e-15 9.292199018548359e-15 98
2.82843 4.250141500223728e-15 4.162835496028426e-14 210
3.53554 7.292061564069711e-15 8.653939024213376e-14 350
4.24264 8.451365820727453e-15 1.647454784426649e-13 450
4.94975 1.114243354510346e-14 2.740784018467016e-13 602
5.65686 6.05333971603374e-15 1.871974355597024e-13 762
6.36396 2.026114219800649e-27 6.967266623190205e-26 1142
7.07107 1.075511855592427e-27 5.462544121536036e-26 1250
7.77818 6.309318468392122e-28 4.15601330437259e-26 1458
8.48528 4.005718042445921e-28 3.606737603313231e-26 1814
9.19239 2.156760814838844e-28 2.474759835305417e-26 2178
9.8995 9.261966589689333e-29 1.285101277796994e-26 2498
10.6066 2.347119312407111e-29 3.671930569909223e-27 2622
11.3137 1.047243035649989e-30 1.493602826529374e-28 3338
12.0208 7.81718593885747e-41 5.095707428209045e-39 3722
12.7279 4.060075114856289e-41 2.646377338507798e-39 4170
13.435 1.711682782390439e-41 1.239359268586824e-39 4358
14.1421 6.660436969968465e-42 5.85243215041137e-40 5034
14.8492 1.946138660850032e-42 1.893873850660081e-40 5714
15.5564 3.217609320180404e-43 3.78179772828051e-41 5982
16.2635 2.495364789040686e-44 3.402396646118071e-42 6602
16.9706 1.93510154664089e-45 2.738097351175653e-43 7130
17.6777 2.269179478232765e-45 3.507159161038528e-43 8034
18.3848 2.348420800136369e-45 4.42586441797658e-43 8606
19.0919 2.610868020174297e-45 4.910361947367791e-43 9066
19.799 2.997479454969944e-45 5.981457684627704e-43 9962
20.5061 3.221392096451229e-45 6.815116406044545e-43 10550
21.2132 3.409531912654411e-45 7.584157684498498e-43 11226
21.9203 3.828901842475699e-45 8.015514532008824e-43 12146
22.6274 3.575965312885617e-45 8.233723930124957e-43 12303
23.3345 3.460863918722123e-45 8.276728183285393e-43 12584
24.0416 3.293850165500941e-45 8.410632442129132e-43 12120
24.7487 3.039046595975332e-45 8.425335026487447e-43 11180
25.4559 2.828850810999717e-45 9.312602320388173e-43 11096
26.163 2.521565080639029e-45 9.197256576671252e-43 10056
26.8701 2.413764552830681e-45 9.68736798512608e-43 9716
27.5772 2.175907723270886e-45 8.763349323429207e-43 8604
28.2843 2.119006841590115e-45 8.683869797238524e-43 8060
28.9914 1.996728360916596e-45 7.73037519013756e-43 7320
29.6985 1.80903098750422e-45 6.905020529880996e-43 6356
30.4056 1.560676322803089e-45 5.901215151704048e-43 5348
31.1127 1.300135594683025e-45 4.840050897306718e-43 4308
31.8198 1.011375270842283e-45 4.272674966973482e-43 3563
32.5269 6.989896193974196e-46 3.114493847031337e-43 2448
33.234 5.261292826529685e-46 2.693235379511019e-43 1868
33.9411 3.580040947086271e-46 2.131166528765709e-43 1358
34.6482 2.884256259211043e-46 1.849172622480926e-43 1062
35.3554 1.982007850046078e-46 1.379844753521934e-43 776
36.0625 1.103247072276256e-46 8.162017995421089e-44 432
36.7696 4.951325619117246e-47 3.714257743080978e-44 200
37.4767 4.27402986628091e-47 3.283212763304903e-44 168
38.1838 1.355825563867874e-47 1.178486586096999e-44 56
38.8909 1.898389079169278e-48 1.326459699050453e-45 7

0.707107 1.345939216739351e-16 1.742685447619943e-16 18
1.41421 3.888888743743293e-16 2.498530744392095e-15 62
2.12132 5.922698489067458e-16 4.426250555605965e-15 98
2.82843 2.100605076656689e-15 1.420575368242617e-14 210
3.53554 3.000777313098339e-15 3.873271525884346e-14 350
4.24264 3.727778105115019e-15 7.013309038575941e-14 450
4.94975 4.854698172055903e-15 1.193694981546564e-13 602
5.65686 2.589981853833428e-15 8.235053039887592e-14 762
6.36396 2.042601788515855e-27 7.187772618524645e-26 1142
7.07107 1.282620617735202e-27 4.686933265201624e-26 1250
7.77818 8.954988946609209e-28 4.120795343474355e-26 1458
8.48528 6.331521328604611e-28 3.90590744514464e-26 1814
9.19239 3.336565769613758e-28 2.916389948814952e-26 2178
9.8995 1.22906044667632e-28 1.615478550318173e-26 2498
10.6066 2.516373762759844e-29 4.078835959546683e-27 2622
11.3137 9.485177450297895e-31 1.114966319713412e-28 3338
12.0208 1.065373897956765e-40 7.379583110623255e-39 3722
12.7279 5.357091226745018e-41 4.193898150474799e-39 4170
13.435 2.56691864675778e-41 2.074203234695757e-39 4358
14.1421 1.060934554492678e-41 9.692744741786957e-40 5034
14.8492 3.126836996771577e-42 3.343668837278042e-40 5714
15.5564 5.164189934617527e-43 6.621029839784096e-41 5982
16.2635 3.6803870557529e-44 5.781681323297362e-42 6602
16.9706 2.230978503491952e-45 2.566229114790983e-43 7130
17.6777 2.608136006664052e-45 3.164195147925366e-43 8034
18.3848 2.619027935861245e-45 3.904098975981895e-43 8606
19.0919 2.73063114629367e-45 4.496852777840113e-43 9066
19.799 2.995329342087807e-45 5.619008411037058e-43 9962
20.5061 3.276577401933013e-45 6.275499541103973e-43 10550
21.2132 3.551167173247289e-45 6.729234503593497e-43 11226
21.9203 3.950828487538261e-45 7.088573196977522e-43 12146
22.6274 3.8249114027368e-45 7.411983975753531e-43 12303
23.3345 3.683914831588007e-45 7.596051426003796e-43 12584
24.0416 3.445825095412464e-45 7.683857121218098e-43 12120
24.7487 3.132557057978711e-45 7.625844271125659e-43 11180
25.4559 3.04485783481008e-45 8.158513648235805e-43 11096
26.163 2.69667485933266e-45 7.867900844011642e-43 10056
26.8701 2.687188493613364e-45 8.055947045110946e-43 9716
27.5772 2.444399451629176e-45 7.219152521973768e-43 8604
28.2843 2.3527519786851e-45 7.1847944875497e-43 8060
28.9914 2.185846884015774e-45 6.582746013122626e-43 7320
29.6985 1.896857991053862e-45 5.938329092581833e-43 6356
30.4056 1.624606805983772e-45 5.466360750624793e-43 5348
31.1127 1.284693020380804e-45 4.555472346883899e-43 4308
31.8198 1.038500257096861e-45 3.990057910650197e-43 3563
32.5269 6.8969227589249e-46 2.872168161439451e-43 2448
33.234 5.367673182055731e-46 2.273814375004707e-43 1868
33.9411 3.77733676864442e-46 1.681111107969395e-43 1358
34.6482 3.326117228196049e-46 1.481499178050862e-43 1062
35.3554 2.490771250653884e-46 1.03868148875612e-43 776
36.0625 1.420335992539662e-46 5.931111835064043e-44 432
36.7696 6.94973578662593e-47 2.886288158762949e-44 200
37.4767 6.477657954968484e-47 2.219339914216085e-44 168
38.1838 1.965075458872986e-47 6.930284812980648e-45 56
38.8909 2.420053650997592e-48 1.170220102732937e-45 7

0.707107 2.982955476518188e-17 1.220870475517428e-16 18
1.41421 3.682941722200168e-16 9.410700128516536e-16 62
2.12132 5.76962473118308e-16 2.060290975313658e-15 98
2.82843 1.09112382481422e-15 1.092892173617716e-14 210
3.53554 1.706282701970587e-15 2.709894558661774e-14 350
4.24264 2.357318027756797e-15 4.437613586257215e-14 450
4.94975 3.022464492801287e-15 7.690494207390192e-14 602
5.65686 1.68982808582104e-15 5.06342092237087e-14 762
6.36396 2.191386294342165e-27 8.781475783147908e-26 1142
7.07107 1.567923651630484e-27 7.412839033328962e-26 1250
7.77818 1.696912631488903e-27 5.264380781994028e-26 1458
8.48528 1.391445649139916e-27 5.905257915340559e-26 1814
9.19239 5.999715424447015e-28 6.651562544585408e-26 2178
9.8995 1.877897518201786e-28 3.865478947211674e-26 2498
10.6066 7.540739974509793e-29 5.737656622876854e-27 2622
11.3137 3.105353395869407e-30 1.043063646896079e-28 3338
12.0208 3.520223673597301e-40 2.710500262246194e-38 3722
12.7279 2.049228028265058e-40 1.568909221571224e-38 4170
13.435 9.040028844442611e-41 1.050888424175923e-38 4358
14.1421 3.045503874528724e-41 6.798257209072298e-39 5034
14.8492 8.786661311639923e-42 2.474803260948786e-39 5714
15.5564 2.012007087114833e-42 3.409301998421621e-40 5982
16.2635 1.964504761570076e-43 1.537196999158926e-41 6602
16.9706 3.669038226846173e-45 2.696988179739449e-43 7130
17.6777 3.554563313360253e-45 3.265610605238596e-43 8034
18.3848 3.691792042061865e-45 3.817184172659828e-43 8606
19.0919 3.871731719219978e-45 4.424814593432573e-43 9066
19.799 4.183952254361416e-45 5.22465872684254e-43 9962
20.5061 4.535459656562424e-45 5.650580008127044e-43 10550
21.2132 4.888241950288379e-45 6.126397817630741e-43 11226
21.9203 5.205873922656866e-45 6.74845210922011e-43 12146
22.6274 5.113907391204239e-45 6.85265687654544e-43 12303
23.3345 4.879339766238512e-45 7.206141648611131e-43 12584
24.0416 4.579287170059605e-45 7.404495742712356e-43 12120
24.7487 4.095838263006431e-45 7.174125279035872e-43 11180
25.4559 4.055085296328797e-45 7.542725785597681e-43 11096
26.163 3.538737338224186e-45 7.183572123463365e-43 10056
26.8701 3.372683605616937e-45 7.437289474299324e-43 9716
27.5772 2.908353924794221e-45 7.008302576369759e-43 8604
28.2843 2.775567255122596e-45 6.808102113451533e-43 8060
28.9914 2.514667315017639e-45 6.373276510307715e-43 7320
29.6985 2.282582775342031e-45 5.658385446420922e-43 6356
30.4056 1.911576122782411e-45 5.086141915369607e-43 5348
31.1127 1.474546629151382e-45 4.367687121427652e-43 4308
31.8198 1.208069113531882e-45 3.751787207454658e-43 3563
32.5269 8.005341383247316e-46 2.615742778818657e-43 2448
33.234 6.223294092730353e-46 2.037112694023997e-43 1868
33.9411 4.442909915344457e-46 1.519265301187326e-43 1358
34.6482 3.712211395347842e-46 1.340591721737926e-43 1062
35.3554 2.650335326644061e-46 1.019918836824354e-43 776
36.0625 1.491930182104512e-46 5.639656446379868e-44 432
36.7696 6.559926824701344e-47 2.803575973133259e-44 200
37.4767 5.741147932181305e-47 2.459969766208808e-44 168
38.1838 1.514193424454848e-47 7.808729244144089e-45 56
38.8909 1.99077196281728e-48 8.17135705315653e-46 7

0.707107 3.165153583217216e-17 5.391424090012229e-17 18
1.41421 4.140719422367657e-16 4.729473323944819e-16 62
2.12132 2.703058293609168e-16 1.843687699333557e-15 98
2.82843 8.885072370399346e-16 6.72720437835848e-15 210
3.53554 1.262838406122468e-15 1.797863073174319e-14 350
4.24264 1.611491459095289e-15 3.085790853570804e-14 450
4.94975 2.065346586314698e-15 5.359635819068724e-14 602
5.65686 1.232239832681959e-15 3.310357452597618e-14 762
6.36396 1.751732054994024e-27 7.854166193421414e-26 1142
7.07107 1.165145258810959e-27 6.380601600284752e-26 1250
7.77818 7.914914687044454e-28 6.218023205647041e-26 1458
8.48528 9.69697558888064e-28 3.625023306037018e-26 1814
9.19239 4.741994493080429e-28 3.254026692593322e-26 2178
9.8995 1.097805488916127e-28 1.695078425695389e-26 2498
10.6066 2.1745365592975e-29 2.952548233606528e-27 2622
11.3137 4.34118608024728e-31 1.938836867115694e-28 3338
12.0208 3.39491669110482e-40 2.921761062220944e-38 3722
12.7279 1.487619517635116e-40 1.677209367104143e-38 4170
13.435 6.240724602517127e-41 6.719134525210969e-39 4358
14.1421 2.385984949094817e-41 2.79309466357333e-39 5034
14.8492 7.404426114630739e-42 9.214800531008204e-40 5714
15.5564 1.472983747798876e-42 1.538416938235409e-40 5982
16.2635 1.132477412831844e-43 1.534450218852418e-41 6602
16.9706 3.700459517116008e-45 2.761502830005532e-43 7130
17.6777 3.861691895430318e-45 3.174437526112756e-43 8034
18.3848 4.074604892263608e-45 3.680590593141803e-43 8606
19.0919 4.282900041625259e-45 4.063073532293639e-43 9066
19.799 4.704233582059949e-45 4.792887236936508e-43 9962
20.5061 5.130240676275738e-45 5.243846647282885e-43 10550
21.2132 5.308066782325658e-45 5.787889191311269e-43 11226
21.9203 5.857748708274409e-45 6.482980076187735e-43 12146
22.6274 5.588435036475288e-45 6.654197228850854e-43 12303
23.3345 5.441523991519879e-45 7.002290112257776e-43 12584
24.0416 5.04343169765258e-45 7.129510384384685e-43 12120
24.7487 4.527830905865807e-45 6.917012240897442e-43 11180
25.4559 4.456077815794451e-45 7.364726989124842e-43 11096
26.163 3.957438419319258e-45 7.14020495781346e-43 10056
26.8701 3.780738086133512e-45 7.217299272616278e-43 9716
27.5772 3.311360408566199e-45 6.596316332593287e-43 8604
28.2843 3.178572028267679e-45 6.513324729474315e-43 8060
28.9914 2.796013534867579e-45 6.173086405520062e-43 7320
29.6985 2.49614259220877e-45 5.694061503678334e-43 6356
30.4056 2.072769516108483e-45 4.971140827602265e-43 5348
31.1127 1.641554917842113e-45 4.146241579323216e-43 4308
31.8198 1.353081563911067e-45 3.629580753656778e-43 3563
32.5269 8.957306006635493e-46 2.578386063811242e-43 2448
33.234 6.994278004948324e-46 2.076877528825179e-43 1868
33.9411 4.844922409276881e-46 1.526815227266657e-43 1358
34.6482 3.912164618458661e-46 1.327421384247697e-43 1062
35.3554 2.954094620148512e-46 9.604630383701759e-44 776
36.0625 1.619400859795554e-46 5.809893446296751e-44 432
36.7696 8.627710886420411e-47 2.646586860617698e-44 200
37.4767 6.926925241007094e-47 2.31715520639356e-44 168
38.1838 2.166954762264775e-47 6.768168793967071e-45 56
38.8909 2.094261490163119e-48 1.126402480402226e-45 7

