1:binCentralValue 2:valuesAverage 3:valuesAverage 4:multiplicity
0.707107 4.291679307831431 0.002061720133176851 18
1.41421 12.70418850729005 0.03353846745597205 62
2.12132 18.35226729332961 0.1851554980206752 98
2.82843 38.49748894237062 0.9641130248943688 210
3.53554 75.70636053400777 2.71491915030043 350
4.24264 89.39430493336425 5.403050873557715 450
4.94975 139.0275247442214 12.22649546402783 602
5.65686 77.25932103927244 8.056576422050675 762
6.36396 2.00725792732782e-12 1.24839938230769e-31 1142
7.07107 1.5583858266324e-12 1.490214095896611e-31 1250
7.77818 1.185378400868011e-12 2.023210934871037e-31 1458
8.48528 8.851971224899881e-13 2.316881241250444e-31 1814
9.19239 5.430140461400891e-13 3.252447849086357e-31 2178
9.8995 2.462054852319336e-13 3.388758846752543e-31 2498
10.6066 6.509632782643379e-14 3.625886954463983e-31 2622
11.3137 2.585139042960321e-15 3.794242354740486e-31 3338
12.0208 6.140174507614117e-21 4.499567496667793e-31 3722
12.7279 6.887053689598983e-21 6.354492664249043e-31 4170
13.435 6.846034723225141e-21 7.269339972498688e-31 4358
14.1421 7.633062563470657e-21 7.866726514277039e-31 5034
14.8492 8.374966208755436e-21 9.051203370719515e-31 5714
15.5564 8.897274901826963e-21 1.048116284199913e-30 5982
16.2635 9.366366856319348e-21 1.099965767642311e-30 6602
16.9706 9.825713079627899e-21 1.153988703231308e-30 7130
17.6777 1.111775232631733e-20 1.647517196765461e-30 8034
18.3848 1.128355521232024e-20 1.994635235060349e-30 8606
19.0919 1.236825092118941e-20 2.132317577183592e-30 9066
19.799 1.299510838206494e-20 2.411288343322197e-30 9962
20.5061 1.385182963439063e-20 2.849505657191515e-30 10550
21.2132 1.464414658965721e-20 2.892370688384123e-30 11226
21.9203 1.55479808052442e-20 3.025956209460106e-30 12146
22.6274 1.601166081852069e-20 2.692837395614693e-30 12303
23.3345 1.593422946341884e-20 2.432884833576127e-30 12584
24.0416 1.469022912011455e-20 2.242631248862819e-30 12120
24.7487 1.335750825296329e-20 2.119576327812052e-30 11180
25.4559 1.275232335958583e-20 2.241045574167495e-30 11096
26.163 1.163880978485067e-20 2.035063969811539e-30 10056
26.8701 1.120934751219154e-20 2.153756152687406e-30 9716
27.5772 9.880031013897465e-21 1.803769198629194e-30 8604
28.2843 9.11863470558228e-21 1.956689784809348e-30 8060
28.9914 7.988802817074397e-21 1.711639264980708e-30 7320
29.6985 6.815834886665854e-21 1.488458129394335e-30 6356
30.4056 5.827567737952489e-21 1.290291387924846e-30 5348
31.1127 4.912553337129332e-21 9.676461017663491e-31 4308
31.8198 3.757317989341866e-21 7.845337881233599e-31 3563
32.5269 2.606851545293778e-21 5.349940471263353e-31 2448
33.234 1.961615862927726e-21 4.47229167495708e-31 1868
33.9411 1.339191293607301e-21 3.124681067332103e-31 1358
34.6482 1.039581799916299e-21 2.709679876503012e-31 1062
35.3554 7.573744126901853e-22 1.915934620746964e-31 776
36.0625 4.252945967642911e-22 1.063853920782459e-31 432
36.7696 1.86354524071807e-22 4.988502536671853e-32 200
37.4767 2.31762050133272e-22 4.681400832055474e-32 168
38.1838 4.648971931261461e-23 1.17196908816562e-32 56
38.8909 3.979974986161075e-24 1.483758569194223e-33 7

0.707107 1.504527122543506 0.0172272942120095 18
1.41421 5.36234960325768 0.7738854240617175 62
2.12132 9.143075371761965 2.270115584939079 98
2.82843 24.71461878747132 4.610312195247508 210
3.53554 54.96330635538091 5.989908061798126 350
4.24264 80.39424834433996 5.740208300989179 450
4.94975 120.6035471144099 15.27430929747078 602
5.65686 67.7943801008456 15.4453217948058 762
6.36396 3.281810583185164e-11 7.373265736604767e-12 1142
7.07107 2.384471328122465e-11 4.771534245160939e-12 1250
7.77818 1.940894349759885e-11 3.293376578778605e-12 1458
8.48528 1.507240706774013e-11 2.260454235747259e-12 1814
9.19239 9.709286791253558e-12 1.242336817891605e-12 2178
9.8995 4.8369304989909e-12 6.667818051268843e-13 2498
10.6066 1.356035081500144e-12 1.995510289565121e-13 2622
11.3137 6.226970250007828e-14 9.348935564226632e-15 3338
12.0208 1.378591449153675e-17 3.106108936250094e-19 3722
12.7279 1.648803290797142e-17 3.886806768910243e-19 4170
13.435 1.865534727356284e-17 4.554498259950621e-19 4358
14.1421 2.128498228551401e-17 5.641219246860563e-19 5034
14.8492 2.671686064667553e-17 6.725237241267305e-19 5714
15.5564 2.596184557447429e-17 7.4050999771955e-19 5982
16.2635 3.044866300864416e-17 8.832675769202632e-19 6602
16.9706 3.613801951078844e-17 1.002472900715426e-18 7130
17.6777 3.782982619342255e-17 1.17774588761719e-18 8034
18.3848 4.295417908758361e-17 1.32754750941611e-18 8606
19.0919 4.984242221334507e-17 1.479412198890276e-18 9066
19.799 7.074995313955793e-17 1.69621700684534e-18 9962
20.5061 6.86699729600611e-17 1.912824655297737e-18 10550
21.2132 7.920435060826703e-17 2.118842268203478e-18 11226
21.9203 8.733296051163718e-17 2.368963941950787e-18 12146
22.6274 9.149743374255345e-17 2.529128603660883e-18 12303
23.3345 9.743385784040512e-17 2.70258283789794e-18 12584
24.0416 1.001086022870247e-16 2.768006371984823e-18 12120
24.7487 9.633313195302055e-17 2.678970456470144e-18 11180
25.4559 9.951751748005004e-17 2.705113114335766e-18 11096
26.163 9.015732677886476e-17 2.632370049072478e-18 10056
26.8701 8.867912420786306e-17 2.563958456760068e-18 9716
27.5772 7.546386758716574e-17 2.379782359771432e-18 8604
28.2843 7.30677398303643e-17 2.260821032670497e-18 8060
28.9914 6.879518603275351e-17 2.106085270298514e-18 7320
29.6985 6.13455724258763e-17 1.92649093870748e-18 6356
30.4056 5.539012698733125e-17 1.688341495557424e-18 5348
31.1127 4.709799595049252e-17 1.396865706363583e-18 4308
31.8198 4.05708602587732e-17 1.151228853485597e-18 3563
32.5269 2.966775061234757e-17 8.605452281185804e-19 2448
33.234 2.427050573475684e-17 6.369973530952413e-19 1868
33.9411 1.870743711099443e-17 4.898034091810193e-19 1358
34.6482 1.382181404553813e-17 3.81689246954202e-19 1062
35.3554 1.231572869204622e-17 2.863155035195024e-19 776
36.0625 6.491618805764201e-18 1.669232316536189e-19 432
36.7696 3.203991975671418e-18 8.092321111807287e-20 200
37.4767 2.556429741077243e-18 6.410421007324339e-20 168
38.1838 7.786136510493695e-19 1.901900442249322e-20 56
38.8909 2.408233305447852e-19 2.940703660960789e-21 7

0.707107 0.378068584191254 0.04500478335303643 18
1.41421 1.921535096156598 0.6706568961416182 62
2.12132 4.774226713753174 0.4774748243567605 98
2.82843 9.511959139418586 5.569401609159997 210
3.53554 17.12812041393039 13.7373708408864 350
4.24264 34.7331716537443 11.98761116272619 450
4.94975 48.33672499269222 33.22269564031487 602
5.65686 20.91941349320209 26.78441081643442 762
6.36396 1.00530104342553e-11 9.950922300324372e-12 1142
7.07107 7.59983523848077e-12 8.356308781218679e-12 1250
7.77818 6.58995508163496e-12 6.628579405835416e-12 1458
8.48528 5.909626711567811e-12 4.811178237592029e-12 1814
9.19239 4.166486141758256e-12 3.1553702615301e-12 2178
9.8995 2.079028621161935e-12 2.020830589723813e-12 2498
10.6066 6.082156710478849e-13 6.463458930310333e-13 2622
11.3137 2.966621268343794e-14 2.424886390796685e-14 3338
12.0208 1.316419483645161e-17 4.906516200523904e-19 3722
12.7279 1.488059036390792e-17 5.822811758010004e-19 4170
13.435 1.574884375167518e-17 6.724262660259676e-19 4358
14.1421 1.795860153316886e-17 8.344823065571025e-19 5034
14.8492 2.07688210752671e-17 1.035151171549679e-18 5714
15.5564 2.133460155763491e-17 1.155874518366447e-18 5982
16.2635 2.391498517916336e-17 1.322488256110875e-18 6602
16.9706 2.752514015572463e-17 1.48380201027742e-18 7130
17.6777 2.897679710471827e-17 1.772328387307195e-18 8034
18.3848 3.13415707717982e-17 1.985760891302094e-18 8606
19.0919 3.277203300629924e-17 2.168777809022871e-18 9066
19.799 4.209725565410882e-17 2.505247761678173e-18 9962
20.5061 4.116585985091471e-17 2.81004028850248e-18 10550
21.2132 4.272933243228582e-17 3.115850906520511e-18 11226
21.9203 4.554236091451963e-17 3.456778165504377e-18 12146
22.6274 4.74305306848891e-17 3.615342736056566e-18 12303
23.3345 4.805455810840609e-17 3.856741514608396e-18 12584
24.0416 4.651068027132522e-17 3.854385708170514e-18 12120
24.7487 4.200861862989545e-17 3.700933658400122e-18 11180
25.4559 4.243216731179934e-17 3.742263255008725e-18 11096
26.163 3.810526926085056e-17 3.49541057056935e-18 10056
26.8701 3.726594189191036e-17 3.44383336749478e-18 9716
27.5772 3.2809978537164e-17 3.119241613013654e-18 8604
28.2843 3.010407811619839e-17 2.987189594056676e-18 8060
28.9914 2.723878687626191e-17 2.804024158579964e-18 7320
29.6985 2.365556728284564e-17 2.528309930933882e-18 6356
30.4056 1.98613797290114e-17 2.204905754719047e-18 5348
31.1127 1.638760313333197e-17 1.89898022334147e-18 4308
31.8198 1.347955602308639e-17 1.567617499122373e-18 3563
32.5269 9.297244306204295e-18 1.107098948724678e-18 2448
33.234 7.249045055281882e-18 8.762572251128031e-19 1868
33.9411 5.177602258382099e-18 6.206478727047367e-19 1358
34.6482 4.173506983674774e-18 5.050707023224607e-19 1062
35.3554 3.285719176113978e-18 3.814366298813815e-19 776
36.0625 1.758106101312798e-18 2.214474615031675e-19 432
36.7696 7.410413537241802e-19 1.078123097287413e-19 200
37.4767 7.194574187308923e-19 9.095309287123006e-20 168
38.1838 2.380001263325466e-19 2.84718786493825e-20 56
38.8909 5.675791425587909e-20 3.476698225156199e-21 7

0.707107 1.268621137471088 0.03162212265321793 18
1.41421 5.260573786842648 0.2411368603487313 62
2.12132 7.037471352666193 2.470436684382029 98
2.82843 19.78417313026671 2.328526332120705 210
3.53554 41.2689634664362 12.00017206987713 350
4.24264 57.80997540926373 9.594805128786881 450
4.94975 54.57501952898494 33.88738334281012 602
5.65686 27.37001020352168 22.97340334247603 762
6.36396 2.080123467277843e-10 9.413013489719197e-11 1142
7.07107 1.594658266020892e-10 6.097114959943045e-11 1250
7.77818 1.343157910210068e-10 4.243811039612104e-11 1458
8.48528 1.045204284905945e-10 3.711182061843649e-11 1814
9.19239 6.432813548558569e-11 2.566174591591154e-11 2178
9.8995 2.994573618438068e-11 1.403834932025565e-11 2498
10.6066 7.717959464247327e-12 3.875575825460494e-12 2622
11.3137 2.735135900346739e-13 1.485968753619042e-13 3338
12.0208 1.470414113363252e-17 4.262778515721213e-19 3722
12.7279 1.706180410845058e-17 5.077469827110231e-19 4170
13.435 1.89155769009615e-17 5.631553429138637e-19 4358
14.1421 2.495362682756762e-17 7.321962156487121e-19 5034
14.8492 3.153307983060959e-17 9.164079982182859e-19 5714
15.5564 3.153288683580653e-17 9.831465441739242e-19 5982
16.2635 3.967619242602775e-17 1.169505074171176e-18 6602
16.9706 4.383239662024576e-17 1.352873347873618e-18 7130
17.6777 5.130463998300628e-17 1.566127223563394e-18 8034
18.3848 5.78218496822051e-17 1.766756095170186e-18 8606
19.0919 6.448893678086701e-17 1.967243542823989e-18 9066
19.799 9.625926462109871e-17 2.271949005134374e-18 9962
20.5061 8.371145409924142e-17 2.53292349102445e-18 10550
21.2132 8.955491805608094e-17 2.872425347814793e-18 11226
21.9203 1.032315235059917e-16 3.218788487880334e-18 12146
22.6274 1.077244821028755e-16 3.334904987899143e-18 12303
23.3345 1.090545611693898e-16 3.59155824759738e-18 12584
24.0416 1.140022928462124e-16 3.57773870393769e-18 12120
24.7487 1.023097695675251e-16 3.424115438551708e-18 11180
25.4559 1.047399868528923e-16 3.551350591197433e-18 11096
26.163 9.958066880886241e-17 3.341984839197346e-18 10056
26.8701 1.02020311811236e-16 3.253633830923077e-18 9716
27.5772 9.549484424196138e-17 3.021638668774662e-18 8604
28.2843 8.702752739347348e-17 2.930601685681257e-18 8060
28.9914 8.13389920012077e-17 2.785280007344046e-18 7320
29.6985 6.99237347146313e-17 2.475703756944369e-18 6356
30.4056 6.399469899650815e-17 2.139021057885628e-18 5348
31.1127 5.054731826317134e-17 1.798565454917228e-18 4308
31.8198 4.306605670151721e-17 1.466415032571599e-18 3563
32.5269 2.991368670005561e-17 1.086398976465352e-18 2448
33.234 2.306263717057226e-17 8.403447098653758e-19 1868
33.9411 1.875248448593512e-17 6.23521821765607e-19 1358
34.6482 1.468241022207507e-17 4.950910871563824e-19 1062
35.3554 1.179126609335383e-17 3.879391019572829e-19 776
36.0625 6.527770927939684e-18 2.009031191662159e-19 432
36.7696 3.606476275386772e-18 1.053052914052517e-19 200
37.4767 2.736882219128886e-18 8.450266858428311e-20 168
38.1838 1.16297566002078e-18 3.231822369803771e-20 56
38.8909 2.032386165880904e-19 2.810895682973799e-21 7

0.707107 1.427515487585735 0.01500917401036487 18
1.41421 9.423095772252596 0.7576410782893289 62
2.12132 19.94457065283403 0.3085041660293534 98
2.82843 45.13205760805106 4.45411144954426 210
3.53554 73.32102495446405 7.965019291274029 350
4.24264 112.8507118978516 10.33769858957899 450
4.94975 159.2596472894475 31.83968710709905 602
5.65686 83.40848656595504 11.39644000359501 762
6.36396 4.958357780290584e-10 1.119125823368536e-10 1142
7.07107 2.944972260649385e-10 9.499978673418538e-11 1250
7.77818 2.241571227302644e-10 6.886011905528823e-11 1458
8.48528 1.735785158638563e-10 4.822422799132414e-11 1814
9.19239 1.005549359535277e-10 2.944135541523392e-11 2178
9.8995 4.116802383217585e-11 1.388212600607709e-11 2498
10.6066 9.799739972543859e-12 3.311887995242999e-12 2622
11.3137 3.536090481001105e-13 1.203211992600715e-13 3338
12.0208 3.419715143389423e-17 5.090628773477086e-19 3722
12.7279 3.854827555852743e-17 6.416828546444138e-19 4170
13.435 4.216074789467555e-17 7.200907308590162e-19 4358
14.1421 4.867432425207815e-17 8.925827158991687e-19 5034
14.8492 6.261247866923104e-17 1.097861201364185e-18 5714
15.5564 6.842744437472582e-17 1.20750675368908e-18 5982
16.2635 8.167287880946228e-17 1.429499687734072e-18 6602
16.9706 9.056901016954567e-17 1.655616066961542e-18 7130
17.6777 1.031824102550571e-16 1.983435535911744e-18 8034
18.3848 1.226041706819356e-16 2.243453399271577e-18 8606
19.0919 1.323649873589795e-16 2.450881949816866e-18 9066
19.799 1.531595047327759e-16 2.906395338565671e-18 9962
20.5061 1.730369047252589e-16 3.245742273771363e-18 10550
21.2132 1.933326747928382e-16 3.542864597677718e-18 11226
21.9203 2.231262162325302e-16 4.03019226188644e-18 12146
22.6274 2.407930686189932e-16 4.277347139021828e-18 12303
23.3345 2.531043570721905e-16 4.661815664054629e-18 12584
24.0416 2.667868549007318e-16 4.615212641171585e-18 12120
24.7487 2.452480158161368e-16 4.485887186761263e-18 11180
25.4559 2.524996251301248e-16 4.666521734451249e-18 11096
26.163 2.358406809400415e-16 4.412211237237367e-18 10056
26.8701 2.320715435361324e-16 4.495712723937131e-18 9716
27.5772 2.122031764310928e-16 4.108119029797717e-18 8604
28.2843 2.03320419837062e-16 3.90445553685446e-18 8060
28.9914 1.982614631800424e-16 3.684347228728426e-18 7320
29.6985 1.713876952772369e-16 3.386973232531951e-18 6356
30.4056 1.599771573997976e-16 2.871203028358497e-18 5348
31.1127 1.265207536719269e-16 2.366337719487547e-18 4308
31.8198 1.086068422175878e-16 2.071639390975879e-18 3563
32.5269 7.72491556270229e-17 1.475088733227792e-18 2448
33.234 6.027387683819898e-17 1.190188786719746e-18 1868
33.9411 4.858457188490658e-17 9.24073412844525e-19 1358
34.6482 3.617320148069458e-17 7.325241949405162e-19 1062
35.3554 2.477907317833175e-17 5.420911195961923e-19 776
36.0625 1.437160341467687e-17 3.406267383326345e-19 432
36.7696 7.067438747076434e-18 1.374474471709421e-19 200
37.4767 6.618564947935012e-18 1.064128841546668e-19 168
38.1838 2.260720364528637e-18 3.304711322702515e-20 56
38.8909 3.138272367377839e-19 8.014327415492683e-21 7

