#t    rel_diff_friedmann    LHS_friedmann    RHS_friedmann
0    0    1.3681880506134    1.3681880506134
0.0707107    -6.20435206829752e-06    1.6044597662787    1.60447967566876
0.1414214    -1.13123739003741e-05    1.85569609719112    1.85573808232226
0.2121321    -1.52318778388016e-05    2.11182445091463    2.11188878599868
0.2828428    -1.78467205184615e-05    2.35958055277448    2.35966477582692
0.3535535    -1.90611406611755e-05    2.5836875493333    2.58378604727439
0.424264200000001    -1.88464055818294e-05    2.76886801202527    2.76897238041136
0.494974900000001    -1.72824159952592e-05    2.90233999739716    2.90244031802533
0.5656856    -1.45809806552965e-05    2.97615127390717    2.97623806558099
0.6363963    -1.10790847962699e-05    2.98862788339847    2.98869410665565
0.707106999999999    -7.20045356401475e-06    2.94445742759936    2.94449983076264
