#t    <phi>    <pi>    <phi^2>    <pi^2>    rms(phi)    rms(pi)
0    -1.15805285757424e-23    -1.6130021944784e-23    3.59146646951655e-14    5.90978262770017e-13    1.89511647914226e-07    7.68751105865882e-07
0.0707107    -7.44462551297725e-24    6.61744490042422e-23    3.09293936246996e-14    4.9137967015324e-13    1.75867545683391e-07    7.00984785964175e-07
0.1414214    -5.54211010410529e-23    -3.72231275648862e-24    2.68580128956053e-14    4.083661396112e-13    1.63884144735253e-07    6.39035319533435e-07
0.2121321    2.83309359799412e-23    2.31610571514848e-23    2.3388713407566e-14    3.42055417425787e-13    1.52933689576777e-07    5.84855039668624e-07
0.2828428    -3.55687663397802e-23    -4.05318500150984e-23    2.03200638892576e-14    2.90578393176083e-13    1.42548461546443e-07    5.39053237793897e-07
0.3535535    -2.02659250075492e-23    -3.72231275648862e-24    1.75564740439774e-14    2.50829633978031e-13    1.32500845446274e-07    5.00828946825192e-07
0.424264200000001    1.96455395481344e-23    1.6130021944784e-23    1.50762630399273e-14    2.19472890115202e-13    1.2278543496656e-07    4.68479337981092e-07
0.494974900000001    2.37814426108995e-23    -3.47415857272272e-23    1.28918415663074e-14    1.93730614800731e-13    1.13542245733944e-07    4.40148400883987e-07
0.5656856    3.10192729707385e-24    -4.17726209339279e-23    1.10174573695992e-14    1.71741601230107e-13    1.04964076567172e-07    4.14417182595156e-07
0.6363963    -1.13737334226041e-23    -2.58493941422821e-23    9.45164236691273e-15    1.52515178127269e-13    9.72195575330022e-08    3.90531916912394e-07
0.707106999999999    -2.48154183765908e-23    2.72969602142499e-23    8.17371910158868e-15    1.35648113141298e-13    9.0408622938239e-08    3.68304375674927e-07
