#t    av|LHS-RHS|_over_av|LHS+RHS|    av|LHS|    av|RHS|
0    1.31109069117511e-15    21.8990968002542    21.8990967991671
0.0707107    1.30570056769604e-15    10.389176920066    10.3891769198475
0.1414214    1.24293937299061e-15    16.4840680683194    16.4840680700451
0.2121321    1.24018141530683e-15    21.037407628825    21.0374076295822
0.2828428    1.17503204972203e-15    6.58958039162129    6.58958039089462
0.3535535    1.13754317454227e-15    22.2470591367595    22.2470591355615
0.424264200000001    1.21478315906686e-15    13.8425624000602    13.84256239985
0.494974900000001    1.22441021972375e-15    14.5360852091174    14.5360852110933
0.5656856    1.28231602878631e-15    21.6782348163034    21.6782348171385
0.6363963    1.30918498073942e-15    7.37737437362258    7.37737437388826
0.707106999999999    1.32144389176798e-15    18.1289082431077    18.1289082417405
