#t    <phi>    <pi>    <phi^2>    <pi^2>    rms(phi)    rms(pi)
0    1.00000000000002    0.70710717569052    1.00000000000006    0.500000557913355    1.12501299906829e-07    5.75887092961486e-07
0.0707107    0.949162643390241    0.730495369871713    0.900909723607556    0.533623485404295    7.72171758720885e-08    5.33513735916816e-07
0.1414214    0.896761423164306    0.751189149165711    0.804181050075678    0.564285137824559    8.17603295200362e-08    5.04139415912185e-07
0.2121321    0.843017568444082    0.768312569509901    0.710678620705383    0.590304204467137    1.05508810603627e-07    4.80176430964587e-07
0.2828428    0.788214523431879    0.78099343706258    0.621282134948956    0.609950748735033    1.09489723634652e-07    4.59769974968266e-07
0.3535535    0.73269513197153    0.788438241836276    0.536842156414785    0.621634861190074    8.89751741418268e-08    4.4275414529034e-07
0.424264200000001    0.676853111189771    0.790016941739002    0.458130134127282    0.624126768234809    9.71586720753095e-08    4.03168689691568e-07
0.494974900000001    0.621118543123622    0.785344792379716    0.385788244612017    0.616766442918075    7.80219900197313e-08    3.68694529351701e-07
0.5656856    0.565938131605629    0.774345753035946    0.320285968805276    0.599611345244918    7.76435213193244e-08    3.33560164193039e-07
0.6363963    0.511752056345565    0.757283073010299    0.261890167173916    0.573477652668016    4.50017647513126e-08    3.07373727777261e-07
0.707106999999999    0.458970096200413    0.734748478208158    0.210653549206225    0.539855326229292    9.32662829546926e-08    2.95682721659539e-07
