#t    <phi>    <pi>    <phi^2>    <pi^2>    rms(phi)    rms(pi)
0    0.707106781186549    -0.500000278955979    0.500000000000029    0.250000278956662    1.62893449077805e-07    7.78333726191107e-07
0.0707107    0.671159341652085    -0.516538228671912    0.450454861886886    0.266811741679848    1.60365510056269e-07    5.75881289496947e-07
0.1414214    0.634106083465539    -0.531170943257909    0.402090525088017    0.28214257096178    1.08445700123123e-07    5.3179401351194e-07
0.2121321    0.596103439125015    -0.543279031902175    0.355339310136684    0.295152106504938    1.15540778483391e-07    6.11314042685445e-07
0.2828428    0.557351834024576    -0.55224576176549    0.310641066890571    0.304975381388217    1.1014341843172e-07    5.20539017808328e-07
0.3535535    0.51809369519385    -0.557510039303504    0.268421076999634    0.310817443924393    1.28057043018876e-07    4.46095767399929e-07
0.424264200000001    0.478607422651036    -0.558626351353681    0.229065065016684    0.312063400426905    1.29240376982367e-07    4.22758713568228e-07
0.494974900000001    0.439197130639474    -0.555322641157843    0.19289411956196    0.30838323578275    1.13598990981491e-07    4.77527216878997e-07
0.5656856    0.400178686652199    -0.547545142863593    0.160142981250691    0.299805683473688    1.13790754432714e-07    4.17993325974322e-07
0.6363963    0.36186334485012    -0.535480001270416    0.130945080346131    0.28673883176066    1.16184726720906e-07    3.08332586070937e-07
0.707106999999999    0.324540862723065    -0.519545631958806    0.105326771577043    0.269927663687628    1.08973417416756e-07    3.90878042992801e-07
