#t    <phi>    <pi>    <phi^2>    <pi^2>    rms(phi)    rms(pi)
0    -2.9778502051909e-23    -4.09454403213749e-23    3.57324442867679e-14    5.77975198080053e-13    1.89030273466363e-07    7.60246800769364e-07
0.0707107    -1.7342354394154e-17    -6.3394293021577e-16    3.03037746122434e-14    4.84979979348872e-13    1.74079793808022e-07    6.96405039721046e-07
0.1414214    -1.06999220217858e-16    -1.95830041892452e-15    2.60542374264358e-14    4.0280357263294e-13    1.61413250467351e-07    6.34668080679138e-07
0.2121321    -2.85444042058761e-16    -2.9232999487318e-15    2.26312618395869e-14    3.33715682437338e-13    1.50436903183982e-07    5.77681298327493e-07
0.2828428    -4.95512058540495e-16    -2.88862317384634e-15    1.97318286481716e-14    2.78778683920735e-13    1.4047002757945e-07    5.27994965810031e-07
0.3535535    -6.87882583453375e-16    -2.57233271226791e-15    1.71528315467712e-14    2.37169072404257e-13    1.30968818986701e-07    4.87000074337014e-07
0.424264200000001    -8.63870831076228e-16    -2.42554518352064e-15    1.48019829921258e-14    2.06411758314477e-13    1.21663400380418e-07    4.5432560825302e-07
0.494974900000001    -1.02933716594512e-15    -2.21271581522902e-15    1.26738170676012e-14    1.83210745889037e-13    1.12578048782173e-07    4.28031244057063e-07
0.5656856    -1.17071204765993e-15    -1.77036503234934e-15    1.08069394433049e-14    1.64411806272883e-13    1.03956430504827e-07    4.0547725740525e-07
0.6363963    -1.28551501633525e-15    -1.56577165429671e-15    9.24117443328434e-15    1.47719177089806e-13    9.61310274223902e-08    3.84342525736883e-07
0.707106999999999    -1.40344076573767e-15    -1.80541618008105e-15    7.98846822213566e-15    1.31986120094927e-13    8.93782312542359e-08    3.6329894039885e-07
