#t    <phi>    <pi>    <phi^2>    <pi^2>    rms(phi)    rms(pi)
0    0.70710678118655    -0.500000278955979    0.500000000000029    0.250000278956658    1.58616800405725e-07    7.75726160065865e-07
0.0707107    0.671159341639405    -0.516538228952941    0.450454861869868    0.266811741970172    1.68149286707749e-07    5.74729099626204e-07
0.1414214    0.634106083467684    -0.531170942296792    0.402090525090741    0.282142569940761    1.28547042648724e-07    5.47299475227629e-07
0.2121321    0.596103439265334    -0.543279028728787    0.355339310303977    0.295152103056873    1.31524882603554e-07    6.14811929302593e-07
0.2828428    0.557351834565314    -0.552245752620076    0.310641067493339    0.304975371287173    1.30610059211002e-07    5.08634797715381e-07
0.3535535    0.518093696713369    -0.557510021003976    0.268421078574143    0.310817423520036    1.35661319913945e-07    4.26826671576617e-07
0.424264200000001    0.478607425611343    -0.558626330639692    0.229065067850332    0.312063377284133    1.22774899508697e-07    4.08529409311921e-07
0.494974900000001    0.439197134899619    -0.555322625773755    0.19289412330405    0.30838321869647    1.26469722740086e-07    4.60142512591435e-07
0.5656856    0.400178691778622    -0.547545133540319    0.160142985353662    0.299805673263849    1.09032687043045e-07    4.03197322273212e-07
0.6363963    0.361863350455799    -0.535479996854234    0.13094508440311    0.286738827031112    1.14929799774895e-07    3.1836752011111e-07
0.707106999999999    0.324540868513667    -0.519545630767056    0.105326775335617    0.26992766244929    1.08075667661995e-07    3.89386040611567e-07
