#t    <phi>    <pi>    <phi^2>    <pi^2>    rms(phi)    rms(pi)
0    0.707106781186547    -0.500000278955975    0.50000000000003    0.250000278956676    1.75825920764174e-07    7.88924093562175e-07
0.0707107    0.671159341540936    -0.516538230370008    0.450454861737689    0.266811743434105    1.59929405066233e-07    5.69930258777648e-07
0.1414214    0.634106083384257    -0.531170940360536    0.40209052498494    0.282142567883803    1.32395817322342e-07    5.53905161432484e-07
0.2121321    0.596103439347058    -0.543279027213337    0.355339310401409    0.295152101410269    1.31093252283481e-07    6.31919212737387e-07
0.2828428    0.557351834531481    -0.552245758197909    0.310641067455623    0.30497537744785    1.25399288729381e-07    5.16257473749007e-07
0.3535535    0.518093696005491    -0.557510033694307    0.268421077840645    0.31081743767002    1.22108419079649e-07    4.39244013991564e-07
0.424264200000001    0.478607423967638    -0.558626342871949    0.229065066276953    0.31206339095066    1.22446681443263e-07    4.14397931103731e-07
0.494974900000001    0.439197132627199    -0.555322630748453    0.192894121307968    0.308383224221598    1.23567832320953e-07    4.65002526003808e-07
0.5656856    0.400178689402126    -0.547545132368924    0.160142983451615    0.299805671981071    1.09287419298488e-07    4.10586149131825e-07
0.6363963    0.361863348200389    -0.53547999555241    0.130945082770809    0.286738825636907    1.15103774428254e-07    3.14022979023647e-07
0.707106999999999    0.324540866256618    -0.519545632047712    0.10532677387061    0.269927663779995    1.1613446646807e-07    3.71944741625778e-07
