1:binCentralValue 2:valuesAverage 3:valuesAverage 4:multiplicity
0.707107 111421.8842413084 12025.95547189974 18
1.41421 305562.8951593167 46973.24712045799 62
2.12132 556520.4282147876 122591.2808983258 98
2.82843 1590160.908254714 246446.585829883 210
3.53554 2308359.307761562 387300.4270949124 350
4.24264 2829565.911976334 426244.7945552717 450
4.94975 2770591.60451583 532066.6800993175 602
5.65686 3460186.993946631 643330.8865735494 762
6.36396 5064172.092903638 892876.5536401976 1142
7.07107 4855861.545120236 976213.446859836 1250
7.77818 5165774.393087079 1064317.714424983 1458
8.48528 4619812.290353334 1159153.483561828 1814
9.19239 3965206.611098804 1010408.338123334 2178
9.8995 2410016.721172411 687140.7370925992 2498
10.6066 782549.7313895919 238072.3006117983 2622
11.3137 134995.1039942715 34022.26368611587 3338
12.0208 92478.10079857704 20366.60606932532 3722
12.7279 80828.47190690985 18742.55724343665 4170
13.435 64158.10706028576 16399.61336042361 4358
14.1421 56664.09376790071 14924.88941444625 5034
14.8492 48570.83313085751 12336.63640746681 5714
15.5564 34972.7726971873 9674.73819742563 5982
16.2635 25780.3780282468 7621.636792140996 6602
16.9706 18783.82510057915 5926.861877012865 7130
17.6777 13997.1131308261 4243.324254237772 8034
18.3848 9360.210024111833 2842.380466051151 8606
19.0919 6228.904182512962 1914.593172544748 9066
19.799 4494.587074490007 1359.851518099095 9962
20.5061 3416.119680445588 1004.247106986524 10550
21.2132 2713.48371770206 832.8674082903234 11226
21.9203 2249.774105870099 691.3670825301645 12146
22.6274 1786.062440562776 567.7766298887402 12303
23.3345 1379.327645449994 446.9668500855153 12584
24.0416 1017.143980254187 337.5550709310352 12120
24.7487 699.3395803081328 235.2388187290323 11180
25.4559 507.9348063992355 174.7715977285373 11096
26.163 358.0017310659088 123.483308414827 10056
26.8701 272.3019796238919 94.92386177235181 9716
27.5772 189.5806282359106 65.57878438010513 8604
28.2843 144.9685340792118 48.77018458616658 8060
28.9914 103.8007419558656 38.90922969092703 7320
29.6985 74.91820005021809 27.90162442381691 6356
30.4056 52.28676556089254 20.13735997799087 5348
31.1127 35.63390624264984 13.82651650196139 4308
31.8198 24.47836527805811 9.38047094974266 3563
32.5269 13.3991071508863 5.38552288415143 2448
33.234 8.5861884641979 3.41399452067829 1868
33.9411 5.310246998680756 2.096882780538625 1358
34.6482 3.575290737879762 1.469958238906055 1062
35.3554 2.180450901668112 0.9670785370604963 776
36.0625 1.137813850419637 0.4926092004601333 432
36.7696 0.5605016917025865 0.1627904030383264 200
37.4767 0.4030267556954436 0.1770638023986103 168
38.1838 0.1325355435961899 0.0557396272603659 56
38.8909 0.00822796109860505 0.007812400305613511 7

0.707107 55919.86180290623 13191.77144800457 18
1.41421 287037.9331585661 48220.21051803538 62
2.12132 699826.4988075135 122464.4088787873 98
2.82843 1702051.752643045 259677.4331450315 210
3.53554 2521026.726442387 383499.7707717345 350
4.24264 2576578.875121135 465139.4054103522 450
4.94975 3555775.634470876 532884.5277876923 602
5.65686 3412780.738825592 592320.765466475 762
6.36396 5422095.068964669 865994.5453592201 1142
7.07107 5000749.159354616 925518.3412599569 1250
7.77818 4953154.275955766 1018769.811232067 1458
8.48528 5001935.561002075 1111323.654436646 1814
9.19239 4079479.882104292 1025477.247067091 2178
9.8995 2419126.940814885 688878.5604616335 2498
10.6066 763696.8819923154 251883.8999296629 2622
11.3137 138887.9265401139 33920.03827305065 3338
12.0208 98763.07220593058 20933.70361005627 3722
12.7279 83244.10753915559 18291.42029367703 4170
13.435 67771.47614557217 15663.08443812573 4358
14.1421 58605.97775407576 14223.61441913026 5034
14.8492 48883.74177663952 11810.43792378142 5714
15.5564 36039.30525395274 9288.485979965553 5982
16.2635 26112.12300113917 7522.511883420931 6602
16.9706 19344.92202291841 5595.704143758578 7130
17.6777 13529.62649783847 4033.665863644896 8034
18.3848 9411.571055009994 2741.24171395435 8606
19.0919 6241.443696423613 1853.840265480205 9066
19.799 4654.856608707943 1318.004794855977 9962
20.5061 3579.245246454622 955.9512600942941 10550
21.2132 2806.869249879003 745.7467258766396 11226
21.9203 2295.611119440415 632.5970212144344 12146
22.6274 1820.904043560494 517.6295823449157 12303
23.3345 1371.5075728261 410.3540471026865 12584
24.0416 989.3185855264539 296.0568488878104 12120
24.7487 696.7407283062142 212.6585466269684 11180
25.4559 524.1105781103249 155.183945394132 11096
26.163 356.9941176906864 110.1540538711186 10056
26.8701 257.0902161120595 79.8935534077262 9716
27.5772 185.2871222370649 57.64694277701793 8604
28.2843 139.3758981472882 43.5151605451818 8060
28.9914 103.410720288168 31.89698944861486 7320
29.6985 71.33245838452208 23.227177763005 6356
30.4056 51.33784919825739 16.82868780410236 5348
31.1127 33.91686558038509 11.11420532889012 4308
31.8198 24.05380654705394 8.148031152846075 3563
32.5269 13.83743868212973 4.296938255524649 2448
33.234 8.131070992004098 2.623381490917333 1868
33.9411 5.016209597026976 1.769136322443972 1358
34.6482 3.336985572725709 1.087276250025741 1062
35.3554 2.242897904695504 0.7560202856348304 776
36.0625 1.097079490066406 0.2930443789382713 432
36.7696 0.53588961881729 0.1379478158289417 200
37.4767 0.3827995639903863 0.1176636058811276 168
38.1838 0.141810843484862 0.06158253491368581 56
38.8909 0.006876230171730449 0.001296071328281313 7

