1:binCentralValue 2:valuesAverage 3:valuesAverage 4:multiplicity
0.707107 1.54107310926143e-15 2.844564047724184e-15 18
1.41421 6.414837306298131e-15 2.188694764534317e-14 62
2.12132 7.262005695116639e-15 4.548505836480112e-14 98
2.82843 2.034439939590006e-14 1.699382793505341e-13 210
3.53554 3.308528473255252e-14 4.07222828360026e-13 350
4.24264 3.870511022667663e-14 7.267496938061131e-13 450
4.94975 5.033419867122277e-14 1.200495744141096e-12 602
5.65686 2.8086087702635e-14 8.005865093732253e-13 762
6.36396 7.349417334463629e-46 1.067528823958102e-44 1142
7.07107 8.154923089210253e-46 1.254050855912905e-44 1250
7.77818 8.779543668627164e-46 1.395139478502319e-44 1458
8.48528 9.917241383109803e-46 1.675793087301758e-44 1814
9.19239 1.094424353035122e-45 1.85600184979402e-44 2178
9.8995 1.098572421916813e-45 1.760152298316337e-44 2498
10.6066 1.225874957840645e-45 1.8420336123393e-44 2622
11.3137 1.259658107121757e-45 1.838223049519854e-44 3338
12.0208 1.46558596913681e-45 2.023991702134903e-44 3722
12.7279 1.694028605510455e-45 2.527072529548481e-44 4170
13.435 1.858101133154836e-45 2.945652805740037e-44 4358
14.1421 2.06292729052802e-45 3.124679528080509e-44 5034
14.8492 2.160446155675941e-45 3.428772671458961e-44 5714
15.5564 2.13791311122646e-45 3.234645742467666e-44 5982
16.2635 2.312128062945584e-45 3.664334203795217e-44 6602
16.9706 2.082960674873375e-45 3.341745789184644e-44 7130
17.6777 2.72417189376942e-45 4.290780557145541e-44 8034
18.3848 2.844232678858938e-45 4.943337797829494e-44 8606
19.0919 3.300279034730468e-45 5.249987672091662e-44 9066
19.799 4.082940643911603e-45 6.360870221726645e-44 9962
20.5061 4.603557074159845e-45 7.839798667178207e-44 10550
21.2132 4.563677116541771e-45 7.263963608256184e-44 11226
21.9203 4.920703032611709e-45 8.16470345105483e-44 12146
22.6274 4.413546820960376e-45 7.005312781331294e-44 12303
23.3345 3.029303839275863e-45 4.915166825821871e-44 12584
24.0416 2.61253446440565e-45 4.170833539510507e-44 12120
24.7487 2.394984485305086e-45 3.749245620216441e-44 11180
25.4559 2.378526751277264e-45 3.645179370775464e-44 11096
26.163 2.108945447068365e-45 3.378927972431284e-44 10056
26.8701 2.111916540606177e-45 3.248654918850867e-44 9716
27.5772 1.755831964892807e-45 2.866416974181691e-44 8604
28.2843 1.853820070913093e-45 2.806663089802442e-44 8060
28.9914 1.602724063841062e-45 2.495103618528699e-44 7320
29.6985 1.442461184260461e-45 2.235563143570017e-44 6356
30.4056 1.165516383479506e-45 1.771824948880272e-44 5348
31.1127 8.739161228589297e-46 1.313959885139709e-44 4308
31.8198 6.4116583272954e-46 9.708290189212102e-45 3563
32.5269 4.030453564094427e-46 6.394578629496725e-45 2448
33.234 3.309964564309071e-46 5.057304769943075e-45 1868
33.9411 2.583277414963492e-46 3.726060556673086e-45 1358
34.6482 2.048392632994356e-46 3.063911919625681e-45 1062
35.3554 1.612766751390272e-46 2.366512636714138e-45 776
36.0625 1.025131188376628e-46 1.375557635658278e-45 432
36.7696 4.04651244460453e-47 5.649658043569969e-46 200
37.4767 4.160471335642763e-47 5.564276028290789e-46 168
38.1838 1.469084509268202e-47 2.107696780315959e-46 56
38.8909 1.264940188852612e-48 9.184559034529581e-48 7

0.707107 4.221353279220952e-16 3.372647147414194e-16 18
1.41421 1.98061593587831e-15 3.590978629047593e-15 62
2.12132 2.029923168334445e-15 9.291341136300087e-15 98
2.82843 4.25021880307645e-15 4.162809304612878e-14 210
3.53554 7.292064355761017e-15 8.653927872466529e-14 350
4.24264 8.451696286897852e-15 1.647460292015759e-13 450
4.94975 1.114248297809098e-14 2.740876220301173e-13 602
5.65686 6.05314590678749e-15 1.871948513195457e-13 762
6.36396 8.312096957753082e-22 3.677975279727095e-20 1142
7.07107 5.144827821928768e-22 2.330254175264542e-20 1250
7.77818 2.98889404255895e-22 1.64186371523784e-20 1458
8.48528 1.809554659797043e-22 1.36510242387381e-20 1814
9.19239 8.213459465866462e-23 8.402109545964539e-21 2178
9.8995 2.476567086457659e-23 3.148681232205292e-21 2498
10.6066 3.90911923165199e-24 5.499972516182071e-22 2622
11.3137 5.580936781190086e-26 7.867145624217257e-24 3338
12.0208 8.003624806215883e-30 5.606708614475445e-28 3722
12.7279 3.697029740392534e-30 2.766509329765465e-28 4170
13.435 1.515750795133399e-30 1.192209458202146e-28 4358
14.1421 5.659568481410376e-31 5.044181746592713e-29 5034
14.8492 1.533016171357987e-31 1.595972425405827e-29 5714
15.5564 2.407482041499422e-32 2.947507823110809e-30 5982
16.2635 1.773321475922646e-33 2.522761125558835e-31 6602
16.9706 3.982531781200915e-36 8.509867344450263e-34 7130
17.6777 4.898551791456563e-38 5.833315683364523e-36 8034
18.3848 1.604562611983011e-38 2.040402626020083e-36 8606
19.0919 4.258859651623116e-39 5.80819567060017e-37 9066
19.799 9.214506463967653e-40 1.362570585041159e-37 9962
20.5061 1.271407878130543e-40 1.997387729036181e-38 10550
21.2132 9.031772928283072e-42 1.489968389170545e-39 11226
21.9203 1.736373589290653e-43 2.848848696976815e-41 12146
22.6274 4.000310790076064e-45 8.917202944610895e-43 12303
23.3345 3.552026024177239e-45 8.514839711411572e-43 12584
24.0416 3.339806103825267e-45 8.182703195119148e-43 12120
24.7487 3.040662870583073e-45 8.482238491029208e-43 11180
25.4559 2.908980111641549e-45 9.30121976334001e-43 11096
26.163 2.531115132402391e-45 9.205198054677617e-43 10056
26.8701 2.426149900377976e-45 9.633777624856288e-43 9716
27.5772 2.134314978256438e-45 8.718666015865153e-43 8604
28.2843 2.124812318037001e-45 8.710484546314931e-43 8060
28.9914 2.000715709896717e-45 7.848052708360444e-43 7320
29.6985 1.840924965444221e-45 6.856288330203244e-43 6356
30.4056 1.570400264478983e-45 6.027741591594808e-43 5348
31.1127 1.261603479630679e-45 4.990170177495683e-43 4308
31.8198 1.023868346888924e-45 4.276901237810559e-43 3563
32.5269 6.984031033518008e-46 3.138933369848646e-43 2448
33.234 5.048583722325837e-46 2.714879476502456e-43 1868
33.9411 3.695587912268661e-46 2.0968855863642e-43 1358
34.6482 2.621589778387493e-46 1.977865136191905e-43 1062
35.3554 2.061430078333403e-46 1.346754704875256e-43 776
36.0625 1.103870560462167e-46 8.710535843406196e-44 432
36.7696 5.795387591868806e-47 3.358056407220503e-44 200
37.4767 4.645152187958472e-47 3.997252937651374e-44 168
38.1838 1.53453023596367e-47 1.183998194274709e-44 56
38.8909 1.996869301372568e-48 1.214404675681834e-45 7

