1:binCentralValue 2:valuesAverage 3:valuesAverage 4:multiplicity
0.707107 107814.3661251373 16484.50115043132 18
1.41421 1531668.920968816 148677.3065436666 62
2.12132 3223306.896006656 527108.0795394912 98
2.82843 9803621.266326917 1969769.189759112 210
3.53554 21840541.10126176 5547260.968498392 350
4.24264 34289547.06324238 10675718.4181972 450
4.94975 59381375.42895462 19934465.20940555 602
5.65686 35886192.51788316 13024048.46614977 762
6.36396 2.007257961955952e-12 2.358292511939046e-25 1142
7.07107 1.558385808709192e-12 2.860555760976472e-25 1250
7.77818 1.185378418270558e-12 3.70997272778492e-25 1458
8.48528 8.851971461930503e-13 4.596827200982312e-25 1814
9.19239 5.430140720675436e-13 5.901114521588838e-25 2178
9.8995 2.462054861112639e-13 7.258760907483628e-25 2498
10.6066 6.509633676993075e-14 7.319875155171747e-25 2622
11.3137 2.585139926850985e-15 7.585449592563853e-25 3338
12.0208 6.141667434822346e-21 9.249621114924188e-25 3722
12.7279 6.890175317908763e-21 1.30840781226368e-24 4170
13.435 6.847433859344932e-21 1.618538294478538e-24 4358
14.1421 7.632274225633833e-21 1.542466562791962e-24 5034
14.8492 8.377146899729724e-21 1.805558227140458e-24 5714
15.5564 8.897293659144286e-21 2.107697141154795e-24 5982
16.2635 9.370378616557402e-21 2.281232565759323e-24 6602
16.9706 9.825366012276467e-21 2.357482442215176e-24 7130
17.6777 1.111699055780641e-20 3.398955549075901e-24 8034
18.3848 1.128772408477665e-20 3.901778956636256e-24 8606
19.0919 1.23730117362384e-20 4.512515461917803e-24 9066
19.799 1.30003335752321e-20 4.927462358729958e-24 9962
20.5061 1.385025337902873e-20 5.777595591875407e-24 10550
21.2132 1.465046446279946e-20 5.981514760500816e-24 11226
21.9203 1.555647280105213e-20 6.467052385772233e-24 12146
22.6274 1.601725014129467e-20 5.81969310237988e-24 12303
23.3345 1.593174040738667e-20 5.123405422815167e-24 12584
24.0416 1.469328598376524e-20 4.922136868012468e-24 12120
24.7487 1.336114496603877e-20 4.725909206830963e-24 11180
25.4559 1.275625679900009e-20 5.009137128947926e-24 11096
26.163 1.163753931517316e-20 4.626097237557556e-24 10056
26.8701 1.120716831205296e-20 4.711719702996169e-24 9716
27.5772 9.882874417315462e-21 4.142024811285716e-24 8604
28.2843 9.12138017226385e-21 4.400088525577299e-24 8060
28.9914 7.993034515837475e-21 3.894497164580605e-24 7320
29.6985 6.816932653430885e-21 3.444891956914576e-24 6356
30.4056 5.831011138142996e-21 2.893736103760716e-24 5348
31.1127 4.914178734095569e-21 2.283289899468761e-24 4308
31.8198 3.758514684886234e-21 1.778287805629782e-24 3563
32.5269 2.608008205278088e-21 1.270764310882912e-24 2448
33.234 1.960491912774675e-21 1.036337404368199e-24 1868
33.9411 1.340078413124687e-21 7.834183825800792e-25 1358
34.6482 1.039515917596398e-21 6.599388693944103e-25 1062
35.3554 7.570369894755393e-22 5.043282781191479e-25 776
36.0625 4.25283580891595e-22 2.436332813230694e-25 432
36.7696 1.862538337283122e-22 1.339519155580823e-25 200
37.4767 2.317724266370268e-22 1.065289429980878e-25 168
38.1838 4.659594858035172e-23 2.813304187537944e-26 56
38.8909 3.982420579515727e-24 2.91857492820328e-27 7

0.707107 219650.5695060453 16233.08823162132 18
1.41421 1364366.586085128 129525.2164228455 62
2.12132 3343137.759665058 431971.5000583903 98
2.82843 11729447.36430918 1856784.78326304 210
3.53554 22058790.24611389 5082773.265793365 350
4.24264 37234192.02493736 10695719.80568059 450
4.94975 59298671.0994907 18993009.68621649 602
5.65686 35937955.42653653 12263778.7659636 762
6.36396 0.600052804637181 0.5478791230055452 1142
7.07107 0.3615300007606662 0.2625528882255047 1250
7.77818 0.182214038403703 0.1375202827223003 1458
8.48528 0.07190128617907038 0.05951659941514099 1814
9.19239 0.02281496534258005 0.01527256372036716 2178
9.8995 0.008931541481431673 0.001296766827735154 2498
10.6066 0.001658252127059905 0.0007949196308368775 2622
11.3137 3.746969232075234e-05 8.191388138463083e-05 3338
12.0208 1.440930076399827e-06 7.205286204441817e-07 3722
12.7279 9.076344370623659e-07 4.828897057181108e-07 4170
13.435 4.812624347420429e-07 2.666348535966416e-07 4358
14.1421 2.347780435169703e-07 1.452501738036915e-07 5034
14.8492 8.776829268899978e-08 5.495443124400746e-08 5714
15.5564 1.637267316170708e-08 1.212461274056189e-08 5982
16.2635 1.313019010616191e-09 9.730618911473255e-10 6602
16.9706 4.63724340665867e-12 3.498608936039739e-12 7130
17.6777 5.902818645927525e-15 4.008796357883524e-15 8034
18.3848 2.205231826667342e-15 1.599388744097256e-15 8606
19.0919 7.341720288008838e-16 5.167422266449457e-16 9066
19.799 2.332394625466604e-16 1.359071648917256e-16 9962
20.5061 9.287703173721388e-17 2.266824498799249e-17 10550
21.2132 8.173115784731501e-17 3.817732504359494e-18 11226
21.9203 8.655318953954614e-17 2.609904340576394e-18 12146
22.6274 9.480449110177371e-17 2.695171617713487e-18 12303
23.3345 9.78066332270654e-17 2.93877609998535e-18 12584
24.0416 1.016629235847014e-16 2.913734549002482e-18 12120
24.7487 9.771558065908276e-17 2.860142696134049e-18 11180
25.4559 9.851902678961865e-17 2.945837318716338e-18 11096
26.163 9.130347011583142e-17 2.745200854337892e-18 10056
26.8701 8.853365165447417e-17 2.782724082305107e-18 9716
27.5772 7.664931053230351e-17 2.540662631023468e-18 8604
28.2843 7.367913726463433e-17 2.431795969451211e-18 8060
28.9914 6.878330311569492e-17 2.307178737586942e-18 7320
29.6985 6.363471158991085e-17 2.037214115714689e-18 6356
30.4056 5.674618982995658e-17 1.781057264615004e-18 5348
31.1127 4.77498108840307e-17 1.459955303338429e-18 4308
31.8198 4.082644106810805e-17 1.28146341801704e-18 3563
32.5269 2.96456265638117e-17 8.887866020836639e-19 2448
33.234 2.436394053438078e-17 7.196955313461276e-19 1868
33.9411 1.863409502596832e-17 5.092398165861954e-19 1358
34.6482 1.488504921001909e-17 4.365407574987881e-19 1062
35.3554 1.115336009724358e-17 3.049272803103578e-19 776
36.0625 5.421805664653007e-18 1.768384161415862e-19 432
36.7696 3.316416793641826e-18 9.879747747442446e-20 200
37.4767 2.695220607789034e-18 7.313171614472086e-20 168
38.1838 9.820030640636725e-19 2.912667988152671e-20 56
38.8909 1.332278518015422e-19 2.39137870832966e-21 7

