#t    <EB>_U1_0    <(EB)^2>_U1_0
0    0.000432339468110859    165.558333095449
0.0707107    -0.11095009473602    67.7041596441641
0.1414214    0.15296740138112    98.8778286835022
0.2121321    -0.103068771982671    150.060621404913
0.2828428    0.00757549499417397    49.3251823361019
0.3535535    0.091893076080715    152.585424946442
0.424264200000001    -0.149958870838714    93.2078292523155
0.494974900000001    0.135757243746262    77.9521447446082
0.5656856    -0.0540891251793033    160.682951906263
0.6363963    -0.075028663812347    58.8003581269286
0.707106999999999    0.148367928847395    111.317404376211
