#t    <phi>    <pi>    <phi^2>    <pi^2>    rms(phi)    rms(pi)
0    1    0.707107175690106    1.00000000000003    0.50000055791275    1.42926917174838e-07    5.58062866153146e-07
0.0707107    0.949162640906971    0.730495425128922    0.900909718893514    0.533623566134547    1.37268084316165e-07    5.12869994896447e-07
0.1414214    0.896761416724295    0.751189196406272    0.804181038525381    0.56428520879773    1.25945887302222e-07    4.78400580754806e-07
0.2121321    0.843017560717006    0.768312546614539    0.710678607677262    0.590304169285514    1.03718128645679e-07    4.41569564783494e-07
0.2828428    0.788214521455566    0.780993291637214    0.621282131833438    0.6099505215825    1.01948536428032e-07    4.12308431576655e-07
0.3535535    0.732695145025102    0.788437961799651    0.536842175543362    0.621634419606942    8.3844994315654e-08    3.92470269623352e-07
0.424264200000001    0.676853148673079    0.790016531801987    0.458130184868668    0.624126120520564    8.00875369443239e-08    3.51890676128052e-07
0.494974900000001    0.621118613877488    0.785344262818421    0.385788332505097    0.61676561114192    6.36120539052298e-08    3.32923420182612e-07
0.5656856    0.565938243623132    0.774345119195831    0.320286095595236    0.599610363622508    2.37851141065185e-08    3.1923265362498e-07
0.6363963    0.511752215853153    0.757282371280193    0.261890330430618    0.573476589851827    7.56474829966252e-08    2.73647515040766e-07
0.707106999999999    0.458970306500096    0.734747747950862    0.210653742248795    0.539854253118931    5.08230143169755e-08    2.59924249047993e-07
