#t    <|E|>    <|B|>    <|E|^2>    <|B|^2>    rms(|E|)    rms(|B|)
0    11.8442014484067    1.68367135493849    165.584730233607    3.32680650860736    5.02987298877086    0.701467944504213
0.0707107    7.87264578042281    1.62838389919698    73.0789288357199    3.13046064005553    3.33172286538223    0.691972916299164
0.1414214    9.66688165863148    1.60357228986202    110.100397336222    3.02536698494001    4.08066126188341    0.673738002584589
0.2121321    11.710593965303    1.62822007880745    161.913527226214    3.11643722680444    4.9775010001026    0.682155848595259
0.2828428    6.94126015199173    1.5691577878764    56.7077432228683    2.90066565317302    2.92004293208851    0.662124980588918
0.3535535    11.9300365923138    1.60461147428955    167.905845541281    3.02206863784405    5.05767460868477    0.668797917477592
0.424264200000001    9.42475170159369    1.59622405668649    104.74597612808    3.00775172462238    3.98999141495147    0.678100645536999
0.494974900000001    8.68764425317953    1.5836482850673    88.829456900826    2.95231522080637    3.65435277867678    0.666613328706958
0.5656856    11.9380754675949    1.65157295147735    168.209437821386    3.2034383066598    5.06870712819295    0.689742772784322
0.6363963    7.27514517993869    1.63054230081023    62.3141079682331    3.13513068520566    3.06371842359052    0.690262624277267
0.707106999999999    9.72617518794247    1.68321350577276    111.463079017965    3.33014329199299    4.10665255791345    0.704936582947135
