#t    <phi>    <pi>    <phi^2>    <pi^2>    rms(phi)    rms(pi)
0    1    -0.707107175689876    1.00000000000003    0.50000055791279    1.65932308519781e-07    8.23014925587892e-07
0.0707107    0.949162640906973    -0.730495425128864    0.90090971889351    0.533623566134553    1.07220321339069e-07    5.94045085571314e-07
0.1414214    0.896761416724294    -0.751189196406181    0.804181038525381    0.564285208797706    1.36732981215421e-07    5.85135215495228e-07
0.2121321    0.843017560717003    -0.76831254661445    0.710678607677265    0.590304169285502    1.36868366360833e-07    5.65671985820685e-07
0.2828428    0.788214521455556    -0.780993291637211    0.621282131833436    0.609950521582503    1.57330278391887e-07    4.20711494590496e-07
0.3535535    0.732695145025093    -0.788437961799576    0.536842175543361    0.621634419606946    1.36445385627844e-07    5.25259670987777e-07
0.424264200000001    0.676853148673075    -0.790016531801956    0.458130184868668    0.624126120520564    1.11937098031564e-07    4.1588714008556e-07
0.494974900000001    0.621118613877486    -0.785344262818379    0.385788332505095    0.616765611141927    7.01367142549147e-08    4.27881368522893e-07
0.5656856    0.565938243623123    -0.774345119195788    0.320286095595235    0.599610363622522    9.64868987781503e-08    4.27530851472692e-07
0.6363963    0.511752215853147    -0.757282371280189    0.261890330430616    0.573476589851828    9.929883404746e-08    2.85667196337596e-07
0.707106999999999    0.458970306500093    -0.734747747950817    0.210653742248795    0.539854253118927    7.74965346946712e-08    3.61121362347308e-07
