#t    rel_diff_friedmann    LHS_friedmann    RHS_friedmann
0    -8.11461084066898e-17    1.36817778008641    1.36817778008641
0.0707107    -6.20446665645894e-06    1.60444773932292    1.60446764893145
0.1414214    -1.13127506368247e-05    1.85568198034945    1.85572396655944
0.2121321    -1.52320525682709e-05    2.11180790546438    2.11187224078239
0.2828428    -1.78468623607696e-05    2.35956130046766    2.3596455235023
0.3535535    -1.9061315134348e-05    2.58366553641379    2.58376403441728
0.424264200000001    -1.88465416640168e-05    2.76884340262175    2.76894777083382
0.494974900000001    -1.72824560383041e-05    2.90231315455843    2.90241347449121
0.5656856    -1.45808785963945e-05    2.97612273532419    2.97620952555825
0.6363963    -1.10790632590078e-05    2.98859835705238    2.98866457952657
0.707106999999999    -7.20032988354759e-06    2.9444276472272    2.94447004923326
