1:binCentralValue 2:valuesAverage 3:valuesAverage 4:multiplicity
0.707107 7.22181212146697 0.001460701000404181 18
1.41421 26.93509715528542 0.02384011138759978 62
2.12132 43.86357435345167 0.13223331057437 98
2.82843 91.01588855663107 0.6931400942025533 210
3.53554 134.4516011831549 1.968881879861747 350
4.24264 178.4194990638939 3.957229151194033 450
4.94975 240.2900692783114 9.044077613158814 602
5.65686 132.529198209589 6.005898421911523 762
6.36396 1.290124330668175e-12 8.431485410169339e-32 1142
7.07107 9.287212471543367e-13 1.067625059741523e-31 1250
7.77818 7.270020608909733e-13 1.457493589673771e-31 1458
8.48528 4.928767212240156e-13 1.57018628840575e-31 1814
9.19239 3.092833771165306e-13 2.171016001431184e-31 2178
9.8995 1.415991870853951e-13 2.531228617512953e-31 2498
10.6066 3.622212924598319e-14 2.601207569913946e-31 2622
11.3137 1.737843283576869e-15 2.776985416496807e-31 3338
12.0208 1.547520112382985e-20 3.318065537422611e-31 3722
12.7279 1.629627781997609e-20 4.905517361700677e-31 4170
13.435 1.727104708879007e-20 5.52980820728734e-31 4358
14.1421 1.923120808171868e-20 5.77011901086193e-31 5034
14.8492 2.165153196841117e-20 6.577712112035289e-31 5714
15.5564 2.276626362143371e-20 7.424559698000375e-31 5982
16.2635 2.308850549856689e-20 8.584301863943618e-31 6602
16.9706 2.556846571038615e-20 8.498597688225558e-31 7130
17.6777 2.766800397880274e-20 1.241177354975616e-30 8034
18.3848 2.970414746651237e-20 1.45606479909782e-30 8606
19.0919 3.099536437666654e-20 1.499379134601739e-30 9066
19.799 3.377748196445989e-20 1.775065172070502e-30 9962
20.5061 3.476017805780748e-20 2.025191113332571e-30 10550
21.2132 3.659787878651668e-20 2.192492982072616e-30 11226
21.9203 4.054598307267516e-20 2.156243829838205e-30 12146
22.6274 4.03585135463563e-20 1.942435353409978e-30 12303
23.3345 4.143000064461236e-20 1.777559272037636e-30 12584
24.0416 3.782390060762597e-20 1.670450588681413e-30 12120
24.7487 3.41856905535363e-20 1.571035193099745e-30 11180
25.4559 3.300011158762766e-20 1.62104299880423e-30 11096
26.163 2.927507247195793e-20 1.517158569519241e-30 10056
26.8701 2.815101003764901e-20 1.551191356351004e-30 9716
27.5772 2.436144433597787e-20 1.396004971546918e-30 8604
28.2843 2.354743037195322e-20 1.385655623532932e-30 8060
28.9914 2.095700493255903e-20 1.303187083580942e-30 7320
29.6985 1.793178674385179e-20 1.118447271241814e-30 6356
30.4056 1.488418832717313e-20 9.127745407455227e-31 5348
31.1127 1.187973051541659e-20 7.039844108082457e-31 4308
31.8198 9.669258232646289e-21 5.758467919344407e-31 3563
32.5269 6.633638444148661e-21 3.784404727589575e-31 2448
33.234 5.041903430210841e-21 3.23297507099435e-31 1868
33.9411 3.742262362559765e-21 2.453694252238878e-31 1358
34.6482 2.909687482426953e-21 2.07719384774772e-31 1062
35.3554 2.149179437650172e-21 1.554179328704969e-31 776
36.0625 1.031652503476573e-21 8.879419514881324e-32 432
36.7696 5.161703520162686e-22 3.608984754874352e-32 200
37.4767 4.582242520642845e-22 3.015660545218503e-32 168
38.1838 1.713222735918066e-22 9.922519449935095e-33 56
38.8909 1.653132205815191e-23 1.116938106038941e-33 7

0.707107 2.506404144169014 0.0006956681482158802 18
1.41421 10.33231186179738 0.0300205826576207 62
2.12132 20.34178056665935 0.129811816639055 98
2.82843 51.46041836472534 0.6567885916023062 210
3.53554 87.51164809029176 1.876767569992999 350
4.24264 136.5091860244145 3.863142340708923 450
4.94975 203.3951470917036 9.256871934502515 602
5.65686 118.6760849825998 6.122789855406391 762
6.36396 4.668283196024467e-11 6.574428207977276e-12 1142
7.07107 3.507460957137273e-11 5.150649569006428e-12 1250
7.77818 2.768993909860637e-11 4.711307644936512e-12 1458
8.48528 2.193093706136063e-11 3.684347280615938e-12 1814
9.19239 1.464816949632251e-11 2.562484419990565e-12 2178
9.8995 7.585053718975401e-12 1.379700180344567e-12 2498
10.6066 2.040204159557796e-12 4.001273529837431e-13 2622
11.3137 9.28576068604989e-14 1.584596540964509e-14 3338
12.0208 4.415105650502262e-17 3.270447871519709e-19 3722
12.7279 8.081612241089043e-17 4.270043581676875e-19 4170
13.435 6.78544765278614e-17 5.174595670627955e-19 4358
14.1421 8.872221654239084e-17 6.724271859435771e-19 5034
14.8492 9.786485215040386e-17 8.102289716247576e-19 5714
15.5564 1.01110279553034e-16 9.054732380878393e-19 5982
16.2635 1.181159954357305e-16 1.091400205880117e-18 6602
16.9706 1.300329911066413e-16 1.246583826544838e-18 7130
17.6777 1.607931312861701e-16 1.529022235380146e-18 8034
18.3848 1.73840928819698e-16 1.74696424384482e-18 8606
19.0919 1.896055275253645e-16 1.909223892447793e-18 9066
19.799 2.315744012513802e-16 2.226722674468214e-18 9962
20.5061 2.595304665261875e-16 2.476401784274629e-18 10550
21.2132 3.039267163941159e-16 2.752543463085504e-18 11226
21.9203 3.359918829463284e-16 3.13079271809949e-18 12146
22.6274 3.49363033116909e-16 3.319051065706301e-18 12303
23.3345 3.811808215744736e-16 3.564346502792597e-18 12584
24.0416 3.820840873887421e-16 3.586310491417931e-18 12120
24.7487 3.570373116383808e-16 3.439661943493588e-18 11180
25.4559 3.710035577163803e-16 3.599809815739238e-18 11096
26.163 3.306928024827696e-16 3.402053661664993e-18 10056
26.8701 3.41536135697455e-16 3.367401141437867e-18 9716
27.5772 2.938464687807411e-16 3.10904109942114e-18 8604
28.2843 2.797831588376885e-16 3.08831751729278e-18 8060
28.9914 2.642977487334172e-16 2.805702132758491e-18 7320
29.6985 2.424841015962875e-16 2.483955313149877e-18 6356
30.4056 2.095343270706633e-16 2.206927371385193e-18 5348
31.1127 1.756771632896412e-16 1.806652094372135e-18 4308
31.8198 1.547520216098495e-16 1.570610952514259e-18 3563
32.5269 1.141615722981335e-16 1.125659346305479e-18 2448
33.234 9.147343818601702e-17 9.339593760884744e-19 1868
33.9411 6.708725033231278e-17 6.715187834905554e-19 1358
34.6482 5.442121859430707e-17 5.395694921910717e-19 1062
35.3554 4.258747933039485e-17 4.161471943454867e-19 776
36.0625 2.654471813039505e-17 2.348534792471085e-19 432
36.7696 1.340194574679074e-17 1.148478214744665e-19 200
37.4767 1.038290842602373e-17 9.242826102762058e-20 168
38.1838 2.708855888097056e-18 3.677201008207559e-20 56
38.8909 5.59252958674567e-19 3.20102763826447e-21 7

