1:binCentralValue 2:valuesAverage 3:valuesAverage 4:multiplicity
0.707107 4.418904189351398e-16 2.682464511621195e-15 18
1.41421 2.998245026900709e-15 3.122738823449192e-14 62
2.12132 4.427698479804391e-15 6.445220292179802e-14 98
2.82843 1.437205289624708e-14 2.213732785379001e-13 210
3.53554 2.597154665143962e-14 4.933842214660485e-13 350
4.24264 3.233720190769531e-14 8.48453910066895e-13 450
4.94975 4.377734621314311e-14 1.362188530309974e-12 602
5.65686 2.496096720966562e-14 8.909759109530985e-13 762
6.36396 3.280160831566122e-33 4.046195842105705e-33 1142
7.07107 1.278124005764554e-32 3.903487957570339e-33 1250
7.77818 4.172573907374739e-33 5.566042637749697e-33 1458
8.48528 2.36013532991548e-32 1.501895125868312e-32 1814
9.19239 6.814315747962958e-33 8.909692917674522e-33 2178
9.8995 8.10777029716795e-33 4.947784099324025e-33 2498
10.6066 1.127755445624262e-32 5.486519969341717e-33 2622
11.3137 1.030835624822767e-32 9.517022032621021e-33 3338
12.0208 1.410027230072485e-32 1.475895485258942e-32 3722
12.7279 1.274435093524796e-32 1.055510187918001e-32 4170
13.435 1.097648684572486e-32 1.534715043842941e-32 4358
14.1421 3.325263572804108e-32 1.82611840067633e-32 5034
14.8492 1.644712705613497e-32 1.685347875481738e-32 5714
15.5564 1.999927939859104e-32 2.002774374077495e-32 5982
16.2635 2.299432958023884e-32 1.957970238042157e-32 6602
16.9706 1.805395812980943e-32 1.821270593752497e-32 7130
17.6777 2.462684506101746e-32 2.243044507764546e-32 8034
18.3848 2.947975172152888e-32 2.319716177227072e-32 8606
19.0919 2.545033378232766e-32 2.681228394539549e-32 9066
19.799 5.530275934816637e-32 3.055453106701044e-32 9962
20.5061 3.7890696862723e-32 2.746469534929178e-32 10550
21.2132 3.701484708083694e-32 3.808690146609157e-32 11226
21.9203 4.622744528715919e-32 4.498428137959721e-32 12146
22.6274 3.59827150166672e-32 3.237232295306074e-32 12303
23.3345 3.830620725235369e-32 3.510171723994756e-32 12584
24.0416 3.652395231996765e-32 2.909256337376736e-32 12120
24.7487 3.098948885426665e-32 2.697110950042473e-32 11180
25.4559 3.111194583442716e-32 2.716009568257559e-32 11096
26.163 2.431204446499662e-32 2.28128237405907e-32 10056
26.8701 2.786329705640261e-32 2.264473454010317e-32 9716
27.5772 2.501109594652111e-32 1.92472960207832e-32 8604
28.2843 1.883523973276794e-32 1.876442758536139e-32 8060
28.9914 2.080432988935647e-32 1.81163911489099e-32 7320
29.6985 1.543630241297427e-32 1.52546248057861e-32 6356
30.4056 2.243873772420826e-32 1.285545941644511e-32 5348
31.1127 1.088979515025979e-32 8.813372394958962e-33 4308
31.8198 1.157437903940587e-32 8.292058964955867e-33 3563
32.5269 5.905698227182063e-33 5.379666199003654e-33 2448
33.234 4.451802385709806e-33 3.641853001016906e-33 1868
33.9411 3.650910260601492e-33 3.105447679939131e-33 1358
34.6482 2.697419036487467e-33 2.298331968896987e-33 1062
35.3554 2.149890259247086e-33 1.689291712237669e-33 776
36.0625 1.168514081140873e-33 1.011768201590003e-33 432
36.7696 9.340226370966324e-34 7.998681790682829e-34 200
37.4767 7.30257514461884e-34 6.288172180103352e-34 168
38.1838 3.376687226332053e-34 2.630796766692098e-34 56
38.8909 1.627063419679004e-34 9.570915018173428e-35 7

0.707107 6.818930301565891e-17 6.655972771963636e-16 18
1.41421 6.810032924559071e-16 6.709136106608849e-15 62
2.12132 8.732862919605167e-16 1.28047270601263e-14 98
2.82843 2.996902450071401e-15 4.164261067131369e-14 210
3.53554 5.833885146909672e-15 9.350145721207913e-14 350
4.24264 7.193855902971775e-15 1.700529216398021e-13 450
4.94975 9.588345083562519e-15 2.944334199242589e-13 602
5.65686 5.275915010770464e-15 1.996272058725061e-13 762
6.36396 1.515365652075161e-27 7.743445872646714e-26 1142
7.07107 6.490226863736332e-28 4.66119814499037e-26 1250
7.77818 3.954641553533754e-28 2.784659353991852e-26 1458
8.48528 2.943363487566723e-28 2.221314924482382e-26 1814
9.19239 1.944426541384829e-28 1.965060846351302e-26 2178
9.8995 9.636062490361919e-29 1.372871043070842e-26 2498
10.6066 2.799474207470851e-29 4.886790901925111e-27 2622
11.3137 1.589869732114638e-30 2.910921380267168e-28 3338
12.0208 2.096790097979555e-32 1.425562900367049e-30 3722
12.7279 3.326159792788238e-32 1.539268269944082e-30 4170
13.435 2.424321800131567e-32 1.62833373911812e-30 4358
14.1421 3.758622878794365e-32 2.62245881332887e-30 5034
14.8492 3.398824975081785e-32 2.227158263203704e-30 5714
15.5564 3.399364535317284e-32 2.576876005865177e-30 5982
16.2635 3.679523824397008e-32 3.204368285311341e-30 6602
16.9706 4.622538300040865e-32 3.942801943655547e-30 7130
17.6777 4.311301192438873e-32 4.940056513485858e-30 8034
18.3848 4.774469238303749e-32 5.92486289760294e-30 8606
19.0919 5.114381003770487e-32 6.586098139057149e-30 9066
19.799 5.798588904658171e-32 7.752000064390079e-30 9962
20.5061 5.953531023700078e-32 9.566319959497406e-30 10550
21.2132 6.829890152622342e-32 1.040352195434095e-29 11226
21.9203 7.218317839315464e-32 1.199608253091706e-29 12146
22.6274 7.460436047206807e-32 1.277657488247084e-29 12303
23.3345 7.782369084829879e-32 1.452297169180995e-29 12584
24.0416 7.636417669629955e-32 1.497246210934962e-29 12120
24.7487 6.989223748636184e-32 1.488755515552e-29 11180
25.4559 7.232326526478538e-32 1.63994548199182e-29 11096
26.163 6.378795546305397e-32 1.5732254939241e-29 10056
26.8701 6.40359031422314e-32 1.65150882901688e-29 9716
27.5772 5.666422161208203e-32 1.54570982177287e-29 8604
28.2843 5.425629210812285e-32 1.541921770789481e-29 8060
28.9914 5.155696459607732e-32 1.515268564390243e-29 7320
29.6985 4.380395649983073e-32 1.340943915269538e-29 6356
30.4056 3.969148152569269e-32 1.17660102051923e-29 5348
31.1127 3.262895961035583e-32 9.978019019163159e-30 4308
31.8198 2.834003453459627e-32 9.29004270960172e-30 3563
32.5269 1.769670249643223e-32 6.621448604051365e-30 2448
33.234 1.359104154512665e-32 5.543822297694836e-30 1868
33.9411 9.846902892769749e-33 4.329026184741455e-30 1358
34.6482 7.712098461490731e-33 3.53971782405208e-30 1062
35.3554 5.866641674630957e-33 2.628126914094223e-30 776
36.0625 3.304963447390971e-33 1.708178292680942e-30 432
36.7696 1.550900606759479e-33 7.975520426875136e-31 200
37.4767 1.493342049901403e-33 6.516386421175306e-31 168
38.1838 5.758446934134324e-34 2.278249135968094e-31 56
38.8909 9.048007704130028e-35 5.058577729700229e-32 7

